idx,y_true,y_pred,p_yes,lp_yes,lp_no,mode,raw_text
0,1,0,0.34864513533394575,-1.7265689373016357,-1.1015689373016357,base,no
1,1,0,0.34864513533394575,-1.835444688796997,-1.210444688796997,base,no
2,1,1,0.5312093733737563,-1.3423140048980713,-1.4673140048980713,base,Yes
3,1,0,0.22270012850745968,-2.0185129642486572,-0.7685129046440125,base,no
4,1,0,0.29421497216298875,-1.9299585819244385,-1.0549585819244385,base,no
5,1,0,0.32082130082460697,-1.7220159769058228,-0.9720159769058228,base,no
6,1,0,0.2689414213699951,-1.993442416191101,-0.9934424161911011,base,no
7,1,0,0.29421497216298875,-1.9786776304244995,-1.1036776304244995,base,no
8,1,0,0.4073334000459302,-1.5511300563812256,-1.1761300563812256,base,no
9,1,0,0.37754066879814546,-1.6171183586120605,-1.1171183586120605,base,No
10,1,0,0.24508501313237172,-2.1366164684295654,-1.0116164684295654,base,no
11,1,0,0.22270013882530884,-1.9882086515426636,-0.7382086515426636,base,no
12,1,0,0.32082130082460697,-1.7233961820602417,-0.9733961820602417,base,no
13,1,0,0.2227001594610082,-2.2817916870117188,-1.0317918062210083,base,no
14,1,0,0.37754066879814546,-1.4488393068313599,-0.9488393068313599,base,no
15,1,0,0.16451644651115205,-2.5494961738586426,-0.924496054649353,base,no
16,1,0,0.20181322226037882,-2.0308454036712646,-0.6558454036712646,base,No
17,1,0,0.2689414096510108,-1.712857723236084,-0.7128576636314392,base,no
18,1,0,0.37754066879814546,-1.6920177936553955,-1.1920177936553955,base,No
19,1,0,0.2689414213699951,-1.8476381301879883,-0.8476381301879883,base,no
20,1,0,0.29421497216298875,-1.7705965042114258,-0.8955965042114258,base,no
21,1,0,0.24508499107646636,-2.1639466285705566,-1.038946509361267,base,no
22,1,1,0.6224593312018546,-1.245988368988037,-1.745988368988037,base,Yes
23,1,0,0.32082130082460697,-1.950301170349121,-1.200301170349121,base,no
24,1,1,0.8175744850834649,-0.9732465147972107,-2.4732465744018555,base,Yes
25,1,0,0.29421497216298875,-1.8859741687774658,-1.0109741687774658,base,no
26,1,0,0.5,-1.2564797401428223,-1.2564797401428223,base,no
27,1,0,0.1480472055495773,-2.372875213623047,-0.6228752732276917,base,no
28,1,1,0.6224593312018546,-1.269388198852539,-1.769388198852539,base,Yes
29,1,0,0.5,-1.4149044752120972,-1.4149044752120972,base,no
30,1,0,0.22270012850745968,-1.9952161312103271,-0.7452160716056824,base,No
31,1,0,0.32082130082460697,-1.804298996925354,-1.054298996925354,base,no
32,1,0,0.2689414213699951,-1.9496586322784424,-0.9496586322784424,base,no
33,1,1,0.6513548646660542,-1.1069422960281372,-1.7319422960281372,base,Yes
34,1,1,0.5312093733737563,-1.367271065711975,-1.492271065711975,base,Yes
35,1,0,0.1645164628965632,-2.4314985275268555,-0.8064985275268555,base,no
36,1,0,0.20181323186177208,-2.0242457389831543,-0.6492457985877991,base,no
37,1,1,0.6224593312018546,-1.197627067565918,-1.697627067565918,base,Yes
38,1,0,0.20181324146316565,-2.149200916290283,-0.7742010354995728,base,no
39,1,0,0.10669059394565118,-2.9284355640411377,-0.8034355640411377,base,no
40,1,0,0.4378234991142019,-1.5524628162384033,-1.3024628162384033,base,no
41,1,0,0.22270013882530884,-2.073305368423462,-0.8233053684234619,base,no
42,1,0,0.1645164628965632,-2.354186773300171,-0.7291867733001709,base,no
43,1,0,0.37754066879814546,-1.7594482898712158,-1.2594482898712158,base,no
44,1,0,0.4378234991142019,-1.4344356060028076,-1.1844356060028076,base,No
45,1,0,0.32082130082460697,-1.8300195932388306,-1.0800195932388306,base,no
46,1,0,0.22270011818961086,-2.0668392181396484,-0.8168390989303589,base,no
47,1,0,0.2689414213699951,-1.9374791383743286,-0.9374791383743286,base,no
48,1,0,0.29421497216298875,-1.7086443901062012,-0.8336443901062012,base,No
49,1,0,0.2689414330889798,-1.9032657146453857,-0.9032657742500305,base,no
50,1,0,0.32082130082460697,-1.6181838512420654,-0.8681838512420654,base,No
51,1,1,0.5926665999540697,-1.2068159580230713,-1.5818159580230713,base,Yes
52,1,0,0.34864513533394575,-1.617711067199707,-0.992711067199707,base,no
53,1,1,0.5621765008857981,-0.9945143461227417,-1.2445143461227417,base,Yes
54,1,1,0.679178699175393,-1.1031453609466553,-1.8531453609466553,base,Yes
55,1,0,0.34864513533394575,-1.6479581594467163,-1.0229581594467163,base,no
56,1,0,0.11920292202211755,-2.757951259613037,-0.7579512596130371,base,no
57,1,0,0.1824255415859996,-2.5062832832336426,-1.0062834024429321,base,no
58,1,0,0.24508501313237172,-2.203550338745117,-1.0785503387451172,base,no
59,1,0,0.2689414213699951,-2.1428537368774414,-1.1428537368774414,base,no
60,1,0,0.3208213138121609,-1.6151421070098877,-0.8651421666145325,base,No
61,1,0,0.2942149597859341,-1.6481964588165283,-0.7731963992118835,base,no
62,1,0,0.2689414213699951,-1.8528684377670288,-0.8528684377670288,base,no
63,1,0,0.46879062662624377,-1.486896276473999,-1.361896276473999,base,no
64,1,0,0.22270011818961086,-2.064683437347412,-0.8146833181381226,base,no
65,1,0,0.4378234991142019,-1.4639312028884888,-1.2139312028884888,base,No
66,1,0,0.24508501313237172,-1.8281710147857666,-0.7031710147857666,base,no
67,1,0,0.22270012850745968,-2.15435528755188,-0.9043552279472351,base,no
68,1,0,0.4378234991142019,-1.2647844552993774,-1.0147844552993774,base,No
69,1,1,0.867035752930664,-0.729267418384552,-2.6042673587799072,base,Yes
70,1,0,0.18242553269617778,-2.348721742630005,-0.8487218022346497,base,no
71,1,0,0.18242551491653522,-2.4783432483673096,-0.9783431887626648,base,No
72,1,1,0.7981867777396212,-0.9792799949645996,-2.3542799949645996,base,Yes
73,1,0,0.32082130082460697,-1.7886250019073486,-1.0386250019073486,base,No
74,1,0,0.1824255415859996,-2.092076301574707,-0.5920764207839966,base,no
75,1,0,0.34864513533394575,-1.8186460733413696,-1.1936460733413696,base,no
76,1,0,0.18242553269617778,-2.225140333175659,-0.725140392780304,base,no
77,1,0,0.4073334000459302,-1.4924297332763672,-1.1174297332763672,base,no
78,1,1,0.5621765008857981,-1.3283764123916626,-1.5783764123916626,base,Yes
79,1,0,0.4073334000459302,-1.5194963216781616,-1.1444963216781616,base,no
80,1,0,0.34864513533394575,-1.7978078126907349,-1.1728078126907349,base,no
81,1,0,0.34864513533394575,-1.7591240406036377,-1.1341240406036377,base,no
82,1,0,0.29421497216298875,-1.952004075050354,-1.077004075050354,base,no
83,1,0,0.2689414213699951,-2.0418779850006104,-1.0418779850006104,base,no
84,1,0,0.32082130082460697,-1.9470996856689453,-1.1970996856689453,base,no
85,1,0,0.22270013882530884,-2.1094813346862793,-0.8594813346862793,base,no
86,1,0,0.20181321265898594,-2.163770914077759,-0.788770854473114,base,no
87,1,0,0.2689414330889798,-1.922003984451294,-0.9220040440559387,base,no
88,1,0,0.46879062662624377,-1.6252830028533936,-1.5002830028533936,base,no
89,1,0,0.37754066879814546,-1.589190125465393,-1.089190125465393,base,no
90,1,0,0.3208213138121609,-1.6463489532470703,-0.8963490128517151,base,no
91,1,0,0.1645164792819756,-2.22267484664917,-0.5976749658584595,base,No
92,1,0,0.3775406547908327,-1.4736876487731934,-0.9736875891685486,base,No
93,1,0,0.14804719051380197,-2.415032148361206,-0.6650320887565613,base,no
94,1,0,0.22270011818961086,-2.2039361000061035,-0.953935980796814,base,no
95,1,0,0.32082130082460697,-1.4300607442855835,-0.6800607442855835,base,No
96,1,0,0.18242552380635632,-2.0430121421813965,-0.5430121421813965,base,No
97,1,0,0.3208213138121609,-1.5653603076934814,-0.8153603672981262,base,No
98,1,0,0.2689414330889798,-1.9120151996612549,-0.9120152592658997,base,no
99,1,0,0.29421497216298875,-1.9099633693695068,-1.0349633693695068,base,no
100,1,0,0.32082130082460697,-1.9174871444702148,-1.1674871444702148,base,no
101,1,0,0.24508501313237172,-2.126791000366211,-1.001791000366211,base,no
102,1,0,0.1480472055495773,-2.5316145420074463,-0.7816146016120911,base,no
103,1,0,0.2689414213699951,-1.9379949569702148,-0.9379949569702148,base,No
104,1,0,0.24508501313237172,-1.8216248750686646,-0.6966248750686646,base,No
105,1,0,0.4073334000459302,-1.6408835649490356,-1.2658835649490356,base,no
106,1,0,0.1824255415859996,-2.4541754722595215,-0.954175591468811,base,no
107,1,0,0.22270012850745968,-2.0393993854522705,-0.7893993258476257,base,no
108,1,0,0.29421497216298875,-1.8937277793884277,-1.0187277793884277,base,no
109,1,0,0.1480472055495773,-2.407921075820923,-0.6579211354255676,base,no
110,1,0,0.5,-1.4421182870864868,-1.4421182870864868,base,no
111,1,0,0.5,-1.485486388206482,-1.485486388206482,base,no
112,1,0,0.18242551491653522,-2.450164318084717,-0.950164258480072,base,no
113,1,0,0.32082130082460697,-1.6539483070373535,-0.9039483070373535,base,no
114,1,0,0.18242552380635632,-2.2205514907836914,-0.7205514907836914,base,no
115,1,0,0.29421497216298875,-1.9618654251098633,-1.0868654251098633,base,no
116,1,1,0.9465966702001757,-0.6119301319122314,-3.4869301319122314,base,Yes
117,1,1,0.5621765008857981,-1.2361174821853638,-1.4861174821853638,base,Yes
118,1,0,0.29421497216298875,-1.7538357973098755,-0.8788357973098755,base,No
119,1,0,0.34864513533394575,-1.682012915611267,-1.057012915611267,base,no
120,1,0,0.29421497216298875,-1.8580451011657715,-0.9830451011657715,base,no
121,1,0,0.20181322226037882,-2.133991241455078,-0.7589912414550781,base,no
122,1,0,0.20181322226037882,-2.3262548446655273,-0.9512548446655273,base,no
123,1,0,0.20181320305759334,-2.1964845657348633,-0.8214844465255737,base,no
124,1,0,0.1329642264548166,-2.6691107749938965,-0.7941106557846069,base,no
125,1,1,0.8807970904940926,-0.891898512840271,-2.8918986320495605,base,Yes
126,1,0,0.16451647108926923,-2.5157999992370605,-0.8908000588417053,base,no
127,1,0,0.29421497216298875,-1.8357231616973877,-0.9607231616973877,base,no
128,1,0,0.24508501313237172,-1.9612292051315308,-0.8362292051315308,base,no
129,1,0,0.4378234991142019,-1.3018734455108643,-1.0518734455108643,base,No
130,1,0,0.20181321265898594,-2.3095357418060303,-0.9345356822013855,base,no
131,1,1,0.5926665999540697,-1.2375679016113281,-1.6125679016113281,base,Yes
132,1,0,0.37754066879814546,-1.499914526939392,-0.9999145269393921,base,no
133,1,0,0.24508501313237172,-1.9282177686691284,-0.8032177686691284,base,no
134,1,0,0.5,-1.3825258016586304,-1.3825258016586304,base,no
135,1,0,0.2689414213699951,-2.0866189002990723,-1.0866189002990723,base,no
136,1,0,0.29421497216298875,-1.89597487449646,-1.02097487449646,base,no
137,1,0,0.37754066879814546,-1.521808385848999,-1.021808385848999,base,No
138,1,0,0.2689414213699951,-2.0054469108581543,-1.0054469108581543,base,no
139,1,0,0.2942149597859341,-1.6135749816894531,-0.7385749220848083,base,no
140,1,1,0.5621765008857981,-1.4187891483306885,-1.6687891483306885,base,Yes
141,1,0,0.34864513533394575,-1.804426908493042,-1.179426908493042,base,no
142,1,0,0.1480471829959148,-2.3595786094665527,-0.6095784902572632,base,no
143,1,0,0.294214996917099,-2.024578094482422,-1.1495782136917114,base,no
144,1,0,0.32082130082460697,-1.8250197172164917,-1.0750197172164917,base,no
145,1,0,0.34864513533394575,-1.5984643697738647,-0.9734643697738647,base,no
146,1,0,0.32082130082460697,-1.6719515323638916,-0.9219515323638916,base,no
147,1,0,0.34864513533394575,-1.7634714841842651,-1.1384714841842651,base,no
148,1,0,0.32082130082460697,-1.6504265069961548,-0.9004265069961548,base,no
149,1,0,0.2689414213699951,-1.9685492515563965,-0.9685492515563965,base,no
150,1,0,0.34864513533394575,-1.814704179763794,-1.189704179763794,base,no
151,1,0,0.46879062662624377,-1.4557162523269653,-1.3307162523269653,base,No
152,1,0,0.2689414213699951,-1.9364031553268433,-0.9364031553268433,base,no
153,1,1,0.679178699175393,-1.0645160675048828,-1.8145160675048828,base,Yes
154,1,0,0.29421497216298875,-1.9541339874267578,-1.0791339874267578,base,no
155,1,1,0.6224593312018546,-1.1804254055023193,-1.6804254055023193,base,yes
156,1,0,0.37754066879814546,-1.4446722269058228,-0.9446722269058228,base,no
157,1,0,0.34864513533394575,-1.8275189399719238,-1.2025189399719238,base,no
158,1,0,0.4378234991142019,-1.4587920904159546,-1.2087920904159546,base,no
159,1,0,0.2689414213699951,-1.9117859601974487,-0.9117859601974487,base,no
160,1,1,0.5312093733737563,-1.1616647243499756,-1.2866647243499756,base,yes
161,1,0,0.2689414213699951,-1.821347951889038,-0.8213479518890381,base,no
162,1,0,0.34864513533394575,-1.7281533479690552,-1.1031533479690552,base,no
163,1,0,0.34864513533394575,-1.704938530921936,-1.079938530921936,base,no
164,1,0,0.4378234991142019,-1.5328567028045654,-1.2828567028045654,base,No
165,1,0,0.22270014914315833,-2.008204698562622,-0.7582047581672668,base,no
166,1,0,0.16451647108926923,-2.2925326824188232,-0.667532742023468,base,no
167,1,0,0.32082130082460697,-1.8525491952896118,-1.1025491952896118,base,no
168,1,0,0.24508501313237172,-2.1608011722564697,-1.0358011722564697,base,no
169,1,0,0.29421497216298875,-1.9337968826293945,-1.0587968826293945,base,no
170,1,0,0.4073334000459302,-1.604935884475708,-1.229935884475708,base,No
171,1,0,0.18242551491653522,-2.242953062057495,-0.7429530024528503,base,no
172,1,0,0.37754066879814546,-1.7776931524276733,-1.2776931524276733,base,no
173,1,0,0.29421497216298875,-1.9714088439941406,-1.0964088439941406,base,no
174,1,0,0.29421497216298875,-2.056630849838257,-1.1816308498382568,base,no
175,1,0,0.32082130082460697,-1.7591285705566406,-1.0091285705566406,base,no
176,1,0,0.29421497216298875,-1.6033052206039429,-0.7283052206039429,base,no
177,1,1,0.679178699175393,-1.1943269968032837,-1.9443269968032837,base,Yes
178,1,0,0.32082130082460697,-1.9086229801177979,-1.1586229801177979,base,no
179,1,1,0.6224593312018546,-0.9874677658081055,-1.4874677658081055,base,yes
180,1,1,0.5312093733737563,-1.274890422821045,-1.399890422821045,base,Yes
181,1,1,0.6224593312018546,-0.8747704029083252,-1.3747704029083252,base,Yes
182,1,0,0.34864513533394575,-1.7728729248046875,-1.1478729248046875,base,No
183,1,0,0.3486451488696663,-1.4580469131469727,-0.8330469727516174,base,no
184,1,0,0.0850990357257195,-2.9391074180603027,-0.5641072988510132,base,no
185,1,0,0.24508499107646636,-2.109269142150879,-0.9842690229415894,base,No
186,1,0,0.3486451488696663,-1.6122729778289795,-0.9872730374336243,base,no
187,1,0,0.32082130082460697,-1.5241543054580688,-0.7741543054580688,base,no
188,1,0,0.37754066879814546,-1.7497764825820923,-1.2497764825820923,base,no
189,1,0,0.22270013882530884,-2.284954071044922,-1.0349540710449219,base,no
190,1,0,0.2689414213699951,-2.042491912841797,-1.0424919128417969,base,no
191,1,0,0.20181320305759334,-2.0597071647644043,-0.6847070455551147,base,no
192,1,0,0.29421497216298875,-1.9454972743988037,-1.0704972743988037,base,no
193,1,0,0.18242553269617778,-2.145663022994995,-0.6456630825996399,base,no
194,1,0,0.1824255415859996,-2.376429557800293,-0.8764296770095825,base,no
195,1,0,0.1480472055495773,-2.343216896057129,-0.5932169556617737,base,no
196,1,0,0.4073334000459302,-1.6278584003448486,-1.2528584003448486,base,no
197,1,0,0.37754066879814546,-1.649223804473877,-1.149223804473877,base,No
198,1,0,0.32082130082460697,-1.7798337936401367,-1.0298337936401367,base,no
199,1,1,0.7057850278370112,-1.0037763118743896,-1.8787763118743896,base,Yes
200,1,1,0.5926665999540697,-1.2232162952423096,-1.5982162952423096,base,Yes
201,1,0,0.16451645470385742,-2.3830533027648926,-0.7580532431602478,base,no
202,1,0,0.32082130082460697,-1.938186764717102,-1.188186764717102,base,no
203,1,1,0.5312093733737563,-1.4000657796859741,-1.5250657796859741,base,Yes
204,1,0,0.4378234991142019,-1.5289032459259033,-1.2789032459259033,base,no
205,1,0,0.2689414213699951,-1.754199504852295,-0.7541995048522949,base,no
206,1,0,0.29421497216298875,-1.923882007598877,-1.048882007598877,base,no
207,1,1,0.5312093733737563,-1.4004067182540894,-1.5254067182540894,base,Yes
208,1,0,0.3486451488696663,-1.558279275894165,-0.9332793354988098,base,No
209,1,1,0.5926665999540697,-1.1853160858154297,-1.5603160858154297,base,Yes
210,1,0,0.10669059962643358,-2.722858190536499,-0.5978582501411438,base,No
211,1,1,0.6513548646660542,-1.0263588428497314,-1.6513588428497314,base,yes
212,1,0,0.20181323186177208,-2.152164936065674,-0.7771649956703186,base,no
213,1,0,0.4073334000459302,-1.5467753410339355,-1.1717753410339355,base,No
214,1,0,0.24508500210441886,-1.9565708637237549,-0.8315708041191101,base,no
215,1,0,0.37754066879814546,-1.7721493244171143,-1.2721493244171143,base,no
216,1,0,0.29421497216298875,-2.081036329269409,-1.2060363292694092,base,no
217,1,0,0.34864513533394575,-1.773481845855713,-1.148481845855713,base,no
218,1,0,0.24508501313237172,-1.9656665325164795,-0.8406665325164795,base,no
219,1,0,0.20181321265898594,-2.302564859390259,-0.927564799785614,base,no
220,1,1,0.8670357735451834,-0.8301719427108765,-2.705172061920166,base,Yes
221,1,0,0.22270014914315833,-2.1513173580169678,-0.9013174176216125,base,no
222,1,0,0.29421497216298875,-1.8944014310836792,-1.0194014310836792,base,no
223,1,0,0.37754066879814546,-1.4405019283294678,-0.9405019283294678,base,no
224,1,0,0.24508501313237172,-2.0731451511383057,-0.9481451511383057,base,no
225,1,0,0.1824255415859996,-2.1208271980285645,-0.620827317237854,base,no
226,1,0,0.37754066879814546,-1.7205702066421509,-1.2205702066421509,base,no
227,1,1,0.5621765008857981,-1.3387954235076904,-1.5887954235076904,base,Yes
228,1,0,0.20181320305759334,-2.115239143371582,-0.7402390241622925,base,no
229,1,0,0.34864513533394575,-1.7830740213394165,-1.1580740213394165,base,no
230,1,0,0.46879062662624377,-1.6283502578735352,-1.5033502578735352,base,no
231,1,0,0.37754066879814546,-1.4558111429214478,-0.9558111429214478,base,no
232,1,0,0.2942149474088797,-2.0604939460754395,-1.18549382686615,base,no
233,1,0,0.32082130082460697,-1.859639286994934,-1.109639286994934,base,no
234,1,0,0.20181321265898594,-2.1904666423797607,-0.815466582775116,base,no
235,1,1,0.679178699175393,-1.1781623363494873,-1.9281623363494873,base,Yes
236,1,0,0.34864513533394575,-1.448740839958191,-0.8237408399581909,base,no
237,1,0,0.22270013882530884,-2.1052868366241455,-0.8552868366241455,base,no
238,1,0,0.16451645470385742,-2.301661729812622,-0.6766616702079773,base,no
239,1,0,0.1645164792819756,-2.321626663208008,-0.6966267824172974,base,no
240,1,0,0.18242550602671442,-2.075023651123047,-0.5750235319137573,base,no
241,1,0,0.46879062662624377,-1.4933236837387085,-1.3683236837387085,base,no
242,1,0,0.24508501313237172,-2.056945562362671,-0.9319455623626709,base,no
243,1,0,0.4378234991142019,-1.5851702690124512,-1.3351702690124512,base,no
244,1,0,0.4073334000459302,-1.7077451944351196,-1.3327451944351196,base,no
245,1,0,0.37754066879814546,-1.6766908168792725,-1.1766908168792725,base,No
246,1,0,0.37754066879814546,-1.7376123666763306,-1.2376123666763306,base,no
247,1,0,0.20181322226037882,-2.1914350986480713,-0.8164350986480713,base,no
248,1,0,0.3486451217982255,-1.5545933246612549,-0.9295932650566101,base,no
249,1,0,0.34864513533394575,-1.816697597503662,-1.191697597503662,base,no
250,1,0,0.20181324146316565,-2.244319438934326,-0.8693195581436157,base,no
251,1,0,0.22270013882530884,-1.8978489637374878,-0.6478489637374878,base,no
252,1,0,0.37754066879814546,-1.6772921085357666,-1.1772921085357666,base,no
253,1,0,0.24508500210441886,-2.001762628555298,-0.8767625689506531,base,no
254,1,0,0.20181324146316565,-2.1311278343200684,-0.7561279535293579,base,no
255,1,0,0.34864513533394575,-1.4471898078918457,-0.8221898078918457,base,no
256,1,0,0.24508500210441886,-1.9411036968231201,-0.8161036372184753,base,no
257,1,1,0.7057850278370112,-1.0912245512008667,-1.9662245512008667,base,Yes
258,1,0,0.34864513533394575,-1.7296116352081299,-1.1046116352081299,base,no
259,1,0,0.4378234991142019,-1.2275495529174805,-0.9775495529174805,base,No
260,1,1,0.5926665999540697,-1.2128478288650513,-1.5878478288650513,base,Yes
261,1,0,0.20181321265898594,-2.2564475536346436,-0.8814474940299988,base,no
262,1,0,0.4378234991142019,-1.5166361331939697,-1.2666361331939697,base,No
263,1,0,0.4073334000459302,-1.5648621320724487,-1.1898621320724487,base,no
264,1,1,0.5926665999540697,-1.263390302658081,-1.638390302658081,base,Yes
265,1,0,0.3775406547908327,-1.3780417442321777,-0.878041684627533,base,no
266,1,0,0.4073334000459302,-1.535306453704834,-1.160306453704834,base,no
267,1,0,0.22270012850745968,-1.9614112377166748,-0.71141117811203,base,no
268,1,0,0.4073334000459302,-1.5792545080184937,-1.2042545080184937,base,no
269,1,0,0.24508499107646636,-2.016171455383301,-0.8911713361740112,base,no
270,1,0,0.34864513533394575,-1.5738403797149658,-0.9488403797149658,base,no
271,1,1,0.798186768138228,-0.904741108417511,-2.279741048812866,base,Yes
272,1,0,0.20181321265898594,-2.3011794090270996,-0.9261793494224548,base,no
273,1,1,0.5621765008857981,-1.3384233713150024,-1.5884233713150024,base,Yes
274,1,0,0.24508500210441886,-2.0725631713867188,-0.947563111782074,base,no
275,1,0,0.3486451488696663,-1.5162544250488281,-0.8912544846534729,base,no
276,1,0,0.32082130082460697,-1.933412790298462,-1.183412790298462,base,No
277,1,1,0.7772998611746911,-0.9562022686004639,-2.206202268600464,base,Yes
278,1,0,0.1329642264548166,-2.4502649307250977,-0.5752648115158081,base,no
279,1,1,0.8354835371034369,-0.8073487281799316,-2.4323487281799316,base,Yes
280,1,0,0.20181322226037882,-2.3366878032684326,-0.9616878032684326,base,no
281,1,0,0.24508501313237172,-1.9728248119354248,-0.8478248119354248,base,no
282,1,0,0.1480472055495773,-2.373080015182495,-0.6230800747871399,base,no
283,1,0,0.20181321265898594,-2.114039897918701,-0.7390398383140564,base,no
284,1,1,0.8807970842359877,-0.7441756129264832,-2.744175672531128,base,Yes
285,1,0,0.24508501313237172,-2.250595808029175,-1.1255958080291748,base,no
286,1,0,0.34864513533394575,-1.7519091367721558,-1.1269091367721558,base,no
287,1,0,0.4073334000459302,-1.6015448570251465,-1.2265448570251465,base,No
288,1,0,0.1645164792819756,-2.590151786804199,-0.9651519060134888,base,no
289,1,0,0.34864513533394575,-1.720661997795105,-1.095661997795105,base,no
290,1,1,0.5621765008857981,-1.1539993286132812,-1.4039993286132812,base,Yes
291,1,0,0.16451645470385742,-2.210257053375244,-0.5852569937705994,base,no
292,1,0,0.16451645470385742,-2.2594056129455566,-0.6344055533409119,base,no
293,1,0,0.24508501313237172,-2.000507354736328,-0.8755073547363281,base,no
294,1,0,0.5,-1.3828078508377075,-1.3828078508377075,base,No
295,1,0,0.1329642333263228,-2.6206600666046143,-0.7456600069999695,base,No
296,1,0,0.4073334000459302,-1.5229097604751587,-1.1479097604751587,base,no
297,1,0,0.2689414213699951,-2.1043710708618164,-1.1043710708618164,base,no
298,1,1,0.679178699175393,-1.0652860403060913,-1.8152860403060913,base,Yes
299,1,0,0.18242550602671442,-2.050210475921631,-0.5502103567123413,base,No
300,1,0,0.22270013882530884,-2.112187385559082,-0.862187385559082,base,no
301,1,0,0.20181323186177208,-2.135664224624634,-0.7606642842292786,base,no
302,1,1,0.679178699175393,-1.0262579917907715,-1.7762579917907715,base,Yes
303,1,0,0.24508501313237172,-1.989137053489685,-0.8641370534896851,base,no
304,1,0,0.37754066879814546,-1.7842680215835571,-1.2842680215835571,base,no
305,1,0,0.4378234991142019,-1.611130714416504,-1.361130714416504,base,No
306,1,0,0.37754066879814546,-1.679307460784912,-1.179307460784912,base,no
307,1,0,0.1824255415859996,-2.296807289123535,-0.7968074083328247,base,No
308,1,0,0.1329642333263228,-2.657583236694336,-0.7825831770896912,base,no
309,1,1,0.5926665999540697,-1.2368208169937134,-1.6118208169937134,base,yes
310,1,0,0.16451647108926923,-2.3548007011413574,-0.7298007607460022,base,no
311,1,0,0.29421497216298875,-1.8099982738494873,-0.9349982738494873,base,no
312,1,0,0.2227001594610082,-2.287601947784424,-1.0376020669937134,base,no
313,1,0,0.29421497216298875,-1.9405008554458618,-1.0655008554458618,base,no
314,1,0,0.3208212878370535,-1.500458002090454,-0.7504579424858093,base,no
315,1,0,0.32082130082460697,-1.7865922451019287,-1.0365922451019287,base,no
316,1,0,0.4073334000459302,-1.5011987686157227,-1.1261987686157227,base,no
317,1,0,0.34864513533394575,-1.7210036516189575,-1.0960036516189575,base,no
318,1,0,0.3208213138121609,-1.599794864654541,-0.8497949242591858,base,No
319,1,0,0.4073334000459302,-1.6587111949920654,-1.2837111949920654,base,No
320,1,0,0.2689414330889798,-1.841505527496338,-0.8415055871009827,base,no
321,1,0,0.34864513533394575,-1.8597986698150635,-1.2347986698150635,base,no
322,1,0,0.22270013882530884,-2.281888961791992,-1.0318889617919922,base,no
323,1,1,0.5312093733737563,-1.3540071249008179,-1.4790071249008179,base,Yes
324,1,0,0.37754066879814546,-1.667488694190979,-1.167488694190979,base,no
325,1,1,0.6513548646660542,-0.9349067211151123,-1.5599067211151123,base,yes
326,1,0,0.24508503518827837,-2.1956639289855957,-1.0706640481948853,base,no
327,1,1,0.679178699175393,-1.131005048751831,-1.881005048751831,base,yes
328,1,0,0.32082130082460697,-1.6583722829818726,-0.9083722829818726,base,no
329,1,0,0.5,-1.3296105861663818,-1.3296105861663818,base,No
330,1,0,0.29421497216298875,-1.9706408977508545,-1.0956408977508545,base,no
331,1,0,0.20181323186177208,-2.3651161193847656,-0.9901161789894104,base,No
332,1,0,0.37754066879814546,-1.7087187767028809,-1.2087187767028809,base,no
333,1,0,0.18242553269617778,-2.2192800045013428,-0.7192800641059875,base,no
334,1,0,0.2689414213699951,-2.0657639503479004,-1.0657639503479004,base,No
335,1,0,0.46879062662624377,-1.358449101448059,-1.233449101448059,base,no
336,1,0,0.24508499107646636,-2.0223217010498047,-0.8973215818405151,base,no
337,1,0,0.34864513533394575,-1.7689197063446045,-1.1439197063446045,base,no
338,1,0,0.37754066879814546,-1.5726568698883057,-1.0726568698883057,base,no
339,1,0,0.3208213138121609,-1.6079864501953125,-0.8579865097999573,base,no
340,1,0,0.4378234991142019,-1.5426651239395142,-1.2926651239395142,base,no
341,1,0,0.18242552380635632,-2.356541633605957,-0.856541633605957,base,no
342,1,0,0.24508503518827837,-2.1603546142578125,-1.035354733467102,base,No
343,1,0,0.4073334000459302,-1.5943632125854492,-1.2193632125854492,base,no
344,1,0,0.37754066879814546,-1.66921067237854,-1.16921067237854,base,No
345,1,0,0.1480471980316895,-2.54582142829895,-0.7958214282989502,base,no
346,1,0,0.18242552380635632,-2.425255298614502,-0.925255298614502,base,no
347,1,0,0.29421497216298875,-1.7801557779312134,-0.9051557779312134,base,no
348,1,0,0.5,-1.356672763824463,-1.356672763824463,base,no
349,1,0,0.22270014914315833,-2.139744758605957,-0.8897448182106018,base,no
350,1,0,0.34864513533394575,-1.731667399406433,-1.106667399406433,base,no
351,1,0,0.29421497216298875,-1.9773364067077637,-1.1023364067077637,base,no
352,1,0,0.29421497216298875,-1.8431988954544067,-0.9681988954544067,base,no
353,1,0,0.32082130082460697,-1.855838656425476,-1.105838656425476,base,no
354,1,0,0.34864513533394575,-1.7136850357055664,-1.0886850357055664,base,no
355,1,1,0.5926665999540697,-1.0872397422790527,-1.4622397422790527,base,yes
356,1,0,0.32082130082460697,-1.7048894166946411,-0.9548894166946411,base,no
357,1,0,0.09534947004048376,-3.070852279663086,-0.8208523392677307,base,no
358,1,0,0.10669059394565118,-3.0135326385498047,-0.8885326385498047,base,no
359,1,0,0.2689414448079646,-2.076587677001953,-1.0765877962112427,base,no
360,1,0,0.4073334000459302,-1.6293433904647827,-1.2543433904647827,base,no
361,1,0,0.46879062662624377,-1.2684017419815063,-1.1434017419815063,base,no
362,1,0,0.37754066879814546,-1.6275386810302734,-1.1275386810302734,base,no
363,1,0,0.24508501313237172,-1.8473141193389893,-0.7223141193389893,base,no
364,1,1,0.5926665999540697,-1.2372783422470093,-1.6122783422470093,base,Yes
365,1,1,0.9046505351008906,-0.8681893348693848,-3.1181893348693848,base,Yes
366,1,0,0.37754066879814546,-1.6812466382980347,-1.1812466382980347,base,no
367,1,0,0.32082130082460697,-1.8446576595306396,-1.0946576595306396,base,no
368,1,0,0.24508499107646636,-2.20363712310791,-1.0786370038986206,base,no
369,1,0,0.46879062662624377,-1.469643235206604,-1.344643235206604,base,no
370,1,0,0.14804719051380197,-2.502389430999756,-0.7523893713951111,base,no
371,1,0,0.4073334000459302,-1.643190860748291,-1.268190860748291,base,No
372,1,0,0.22270012850745968,-2.1857473850250244,-0.9357473254203796,base,No
373,1,0,0.24508499107646636,-2.0954055786132812,-0.9704054594039917,base,no
374,1,0,0.2689414213699951,-1.7667402029037476,-0.7667402029037476,base,no
375,1,0,0.34864513533394575,-1.7648218870162964,-1.1398218870162964,base,No
376,1,0,0.32082130082460697,-1.9384911060333252,-1.1884911060333252,base,no
377,1,0,0.24508500210441886,-1.7420499324798584,-0.6170498728752136,base,no
378,1,0,0.26894139793202687,-2.0719823837280273,-1.0719822645187378,base,no
379,1,0,0.29421497216298875,-1.650076985359192,-0.7750769853591919,base,no
380,1,0,0.2689414213699951,-1.9453667402267456,-0.9453667402267456,base,no
381,1,0,0.32082130082460697,-1.545215129852295,-0.7952151298522949,base,no
382,1,0,0.1824255415859996,-2.2019357681274414,-0.701935887336731,base,no
383,1,1,0.5926665999540697,-1.2237473726272583,-1.5987473726272583,base,Yes
384,1,0,0.16451645470385742,-2.2950198650360107,-0.670019805431366,base,no
385,1,0,0.22270012850745968,-1.8536670207977295,-0.6036669611930847,base,no
386,1,0,0.20181320305759334,-2.3631935119628906,-0.9881933927536011,base,No
387,1,0,0.22270013882530884,-1.966350793838501,-0.716350793838501,base,No
388,1,0,0.32082130082460697,-1.828071117401123,-1.078071117401123,base,No
389,1,0,0.34864513533394575,-1.7207199335098267,-1.0957199335098267,base,no
390,1,0,0.24508502416032488,-1.900395393371582,-0.7753954529762268,base,no
391,1,0,0.22270014914315833,-2.2406399250030518,-0.9906399846076965,base,no
392,1,0,0.4378234991142019,-1.4419968128204346,-1.1919968128204346,base,no
393,1,0,0.4378234991142019,-1.2921509742736816,-1.0421509742736816,base,no
394,1,0,0.37754066879814546,-1.7223080396652222,-1.2223080396652222,base,no
395,1,0,0.37754066879814546,-1.6059166193008423,-1.1059166193008423,base,no
396,1,0,0.4073334000459302,-1.4188824892044067,-1.0438824892044067,base,No
397,1,0,0.3486451488696663,-1.544921875,-0.9199219346046448,base,no
398,1,0,0.29421497216298875,-1.9277849197387695,-1.0527849197387695,base,no
399,1,1,0.5926665999540697,-1.1482758522033691,-1.5232758522033691,base,Yes
400,1,0,0.32082130082460697,-1.890876054763794,-1.140876054763794,base,no
401,1,0,0.5,-1.4320248365402222,-1.4320248365402222,base,no
402,1,0,0.18242552380635632,-2.3616480827331543,-0.8616480827331543,base,no
403,1,0,0.37754066879814546,-1.5960991382598877,-1.0960991382598877,base,no
404,1,0,0.29421497216298875,-2.0337886810302734,-1.1587886810302734,base,no
405,1,0,0.2689414213699951,-1.9047192335128784,-0.9047192335128784,base,no
406,1,0,0.32082130082460697,-1.9419331550598145,-1.1919331550598145,base,no
407,1,1,0.7549149868676283,-0.9755699634552002,-2.1005699634552,base,yes
408,1,0,0.22270012850745968,-2.1035356521606445,-0.8535355925559998,base,no
409,1,0,0.14804721306746543,-2.6214632987976074,-0.871463418006897,base,no
410,1,0,0.29421497216298875,-1.9525718688964844,-1.0775718688964844,base,no
411,1,0,0.4378234991142019,-1.5009995698928833,-1.2509995698928833,base,no
412,1,0,0.29421497216298875,-2.0046050548553467,-1.1296050548553467,base,no
413,1,0,0.20181320305759334,-2.013127326965332,-0.6381272077560425,base,no
414,1,1,0.5312093733737563,-1.3266913890838623,-1.4516913890838623,base,Yes
415,1,1,0.5312093733737563,-1.38617742061615,-1.51117742061615,base,Yes
416,1,0,0.34864513533394575,-1.8787128925323486,-1.2537128925323486,base,no
417,1,0,0.18242551491653522,-2.4865756034851074,-0.9865755438804626,base,no
418,1,0,0.46879062662624377,-1.4139387607574463,-1.2889387607574463,base,no
419,1,0,0.1645164628965632,-2.3367648124694824,-0.7117648124694824,base,No
420,1,0,0.34864513533394575,-1.7161990404129028,-1.0911990404129028,base,no
421,1,0,0.22270014914315833,-1.928518295288086,-0.6785183548927307,base,no
422,1,0,0.1645164628965632,-2.398090362548828,-0.7730903625488281,base,no
423,1,0,0.20181321265898594,-2.2775461673736572,-0.9025461077690125,base,No
424,1,0,0.18242552380635632,-2.385014295578003,-0.8850142955780029,base,No
425,1,0,0.22270012850745968,-2.076838254928589,-0.8268381953239441,base,no
426,1,0,0.29421497216298875,-1.9499433040618896,-1.0749433040618896,base,no
427,1,1,0.5621765008857981,-1.3223991394042969,-1.5723991394042969,base,Yes
428,1,0,0.32082130082460697,-1.8356075286865234,-1.0856075286865234,base,no
429,1,0,0.24508500210441886,-1.8717219829559326,-0.7467219233512878,base,no
430,1,0,0.4073334000459302,-1.6743215322494507,-1.2993215322494507,base,no
431,1,0,0.22270012850745968,-1.9350483417510986,-0.6850482821464539,base,no
432,1,1,0.7057850278370112,-1.0865801572799683,-1.9615801572799683,base,Yes
433,1,0,0.20181322226037882,-1.9691450595855713,-0.5941450595855713,base,no
434,1,0,0.46879062662624377,-1.2020773887634277,-1.0770773887634277,base,No
435,1,1,0.5312093733737563,-1.1497788429260254,-1.2747788429260254,base,Yes
436,1,0,0.3486451488696663,-1.5530366897583008,-0.9280367493629456,base,No
437,1,0,0.2942149845400438,-1.7342274188995361,-0.8592274785041809,base,no
438,1,0,0.18242552380635632,-2.2240378856658936,-0.7240378856658936,base,no
439,1,0,0.37754066879814546,-1.6542855501174927,-1.1542855501174927,base,no
440,1,0,0.46879062662624377,-1.4115840196609497,-1.2865840196609497,base,No
441,1,0,0.1645164628965632,-2.4214048385620117,-0.7964048385620117,base,no
442,1,0,0.24508501313237172,-2.156646966934204,-1.031646966934204,base,no
443,1,0,0.29421497216298875,-1.917137622833252,-1.042137622833252,base,no
444,1,0,0.37754066879814546,-1.7085180282592773,-1.2085180282592773,base,no
445,1,0,0.46879062662624377,-1.3095784187316895,-1.1845784187316895,base,No
446,1,0,0.37754066879814546,-1.6936153173446655,-1.1936153173446655,base,no
447,1,0,0.2689414213699951,-1.8565222024917603,-0.8565222024917603,base,no
448,1,0,0.24508501313237172,-2.116323471069336,-0.9913234710693359,base,No
449,1,0,0.14804719051380197,-2.3621490001678467,-0.6121489405632019,base,no
450,1,0,0.34864513533394575,-1.7457743883132935,-1.1207743883132935,base,no
451,1,0,0.18242553269617778,-2.1398355960845947,-0.6398356556892395,base,No
452,1,0,0.2689414213699951,-1.8619260787963867,-0.8619260787963867,base,no
453,1,0,0.4073334000459302,-1.6734435558319092,-1.2984435558319092,base,no
454,1,0,0.29421497216298875,-1.6814570426940918,-0.8064570426940918,base,no
455,1,0,0.4378234991142019,-1.661379337310791,-1.411379337310791,base,no
456,1,0,0.2942149597859341,-1.7856016159057617,-0.9106015563011169,base,no
457,1,0,0.24508501313237172,-2.002002239227295,-0.8770022392272949,base,no
458,1,0,0.11920293453832885,-2.616720676422119,-0.6167207956314087,base,no
459,1,1,0.798186768138228,-0.864495575428009,-2.2394955158233643,base,yes
460,1,0,0.34864513533394575,-1.4210314750671387,-0.7960314750671387,base,no
461,1,0,0.4378234991142019,-1.2274314165115356,-0.9774314165115356,base,no
462,1,0,0.18242550602671442,-2.332599639892578,-0.8325995206832886,base,no
463,1,0,0.2689414213699951,-1.8320821523666382,-0.8320821523666382,base,no
464,1,0,0.4378234991142019,-1.511208176612854,-1.261208176612854,base,no
465,1,0,0.2689414213699951,-2.0570321083068848,-1.0570321083068848,base,no
466,1,0,0.20181321265898594,-2.3179800510406494,-0.9429799914360046,base,no
467,1,0,0.22270013882530884,-2.191283702850342,-0.9412837028503418,base,no
468,1,0,0.18242552380635632,-2.2103145122528076,-0.7103145122528076,base,no
469,1,0,0.32082130082460697,-1.78131902217865,-1.03131902217865,base,no
470,1,0,0.10669059394565118,-2.6524250507354736,-0.5274250507354736,base,no
471,1,0,0.09534946232842245,-2.6357953548431396,-0.38579532504081726,base,no
472,1,0,0.4073334000459302,-1.6505056619644165,-1.2755056619644165,base,no
473,1,0,0.22270014914315833,-1.942969560623169,-0.6929696202278137,base,No
474,1,0,0.5,-1.410131573677063,-1.410131573677063,base,No
475,1,0,0.29421497216298875,-1.956642508506775,-1.081642508506775,base,no
476,1,0,0.34864513533394575,-1.822292447090149,-1.197292447090149,base,no
477,1,0,0.37754066879814546,-1.6962783336639404,-1.1962783336639404,base,no
478,1,0,0.24508501313237172,-1.8802769184112549,-0.7552769184112549,base,No
479,1,0,0.32082130082460697,-1.8542633056640625,-1.1042633056640625,base,No
480,1,1,0.8670357666736773,-0.8458694815635681,-2.720869541168213,base,yes
481,1,1,0.5621765008857981,-1.3223991394042969,-1.5723991394042969,base,Yes
482,1,0,0.37754066879814546,-1.6230559349060059,-1.1230559349060059,base,no
483,1,0,0.13296425394084313,-2.4349770545959473,-0.5599771738052368,base,no
484,1,1,0.5312093733737563,-1.3161711692810059,-1.4411711692810059,base,yes
485,1,0,0.13296424019782924,-2.503817558288574,-0.6288175582885742,base,no
486,1,0,0.29421497216298875,-1.9496562480926514,-1.0746562480926514,base,no
487,1,0,0.29421497216298875,-1.9056960344314575,-1.0306960344314575,base,no
488,1,1,0.5312093733737563,-1.3806196451187134,-1.5056196451187134,base,Yes
489,1,0,0.4378234991142019,-1.5707099437713623,-1.3207099437713623,base,no
490,1,0,0.32082130082460697,-1.8797633647918701,-1.1297633647918701,base,no
491,1,0,0.24508501313237172,-2.173370361328125,-1.048370361328125,base,no
492,1,1,0.6224593312018546,-1.0452860593795776,-1.5452860593795776,base,Yes
493,1,0,0.4073334000459302,-1.5843193531036377,-1.2093193531036377,base,no
494,1,0,0.32082130082460697,-1.9250235557556152,-1.1750235557556152,base,no
495,1,0,0.32082130082460697,-1.860600471496582,-1.110600471496582,base,No
496,1,0,0.20181320305759334,-2.255140781402588,-0.8801406621932983,base,no
497,1,0,0.32082130082460697,-1.7702674865722656,-1.0202674865722656,base,no
498,1,1,0.6513548646660542,-0.8180011510848999,-1.4430011510849,base,Yes
499,1,0,0.29421497216298875,-2.0030527114868164,-1.1280527114868164,base,no
500,1,0,0.2689414330889798,-1.7862350940704346,-0.7862351536750793,base,No
501,1,0,0.4073334000459302,-1.7040150165557861,-1.3290150165557861,base,no
502,1,0,0.4073334000459302,-1.5816837549209595,-1.2066837549209595,base,no
503,1,0,0.24508501313237172,-2.115708112716675,-0.9907081127166748,base,no
504,1,0,0.3208212878370535,-1.6569411754608154,-0.9069411158561707,base,no
505,1,0,0.4073334000459302,-1.5902681350708008,-1.2152681350708008,base,no
506,1,0,0.2689414213699951,-1.9498772621154785,-0.9498772621154785,base,no
507,1,0,0.4073334000459302,-1.6092877388000488,-1.2342877388000488,base,no
508,1,0,0.29421497216298875,-1.9523643255233765,-1.0773643255233765,base,No
509,1,0,0.46879062662624377,-1.5517277717590332,-1.4267277717590332,base,no
510,1,0,0.29421497216298875,-1.8896493911743164,-1.0146493911743164,base,no
511,1,0,0.18242553269617778,-2.2592923641204834,-0.7592924237251282,base,no
512,1,0,0.20181323186177208,-2.0506606101989746,-0.6756606698036194,base,no
513,1,0,0.13296424706933604,-2.559415102005005,-0.6844151616096497,base,no
514,1,0,0.4378234991142019,-1.5893487930297852,-1.3393487930297852,base,no
515,1,0,0.24508501313237172,-1.9884496927261353,-0.8634496927261353,base,no
516,1,0,0.22270013882530884,-1.9819215536117554,-0.7319215536117554,base,no
517,1,0,0.20181323186177208,-2.203437328338623,-0.8284373879432678,base,No
518,1,0,0.14804719051380197,-2.601022243499756,-0.8510221838951111,base,no
519,1,0,0.09534945975773548,-2.6515238285064697,-0.40152376890182495,base,No
520,1,0,0.24508501313237172,-1.848950743675232,-0.7239507436752319,base,no
521,1,0,0.22270011818961086,-2.1994152069091797,-0.9494150876998901,base,no
522,1,0,0.18242551491653522,-2.131528377532959,-0.6315283179283142,base,No
523,1,1,0.7310585786300049,-1.0108988285064697,-2.0108988285064697,base,Yes
524,1,0,0.09534945975773548,-2.7704715728759766,-0.5204715132713318,base,No
525,1,0,0.29421497216298875,-1.7751628160476685,-0.9001628160476685,base,no
526,1,1,0.5621765008857981,-1.2927265167236328,-1.5427265167236328,base,Yes
527,1,0,0.46879062662624377,-1.4647077322006226,-1.3397077322006226,base,no
528,1,0,0.5,-1.4616179466247559,-1.4616179466247559,base,no
529,1,0,0.1329642333263228,-2.5865976810455322,-0.7115976214408875,base,no
530,1,0,0.46879062662624377,-1.4555270671844482,-1.3305270671844482,base,no
531,1,1,0.7057850278370112,-1.0522518157958984,-1.9272518157958984,base,Yes
532,1,0,0.24508502416032488,-2.123501777648926,-0.9985018372535706,base,no
533,1,0,0.2689414213699951,-1.7742010354995728,-0.7742010354995728,base,no
534,1,0,0.4073334000459302,-1.590471625328064,-1.215471625328064,base,No
535,1,0,0.3208213138121609,-1.7077968120574951,-0.9577968716621399,base,No
536,1,0,0.24508501313237172,-1.8876354694366455,-0.7626354694366455,base,no
537,1,1,0.5621765008857981,-1.0352349281311035,-1.2852349281311035,base,yes
538,1,0,0.4073334000459302,-1.5902302265167236,-1.2152302265167236,base,no
539,1,0,0.22270012850745968,-2.163663864135742,-0.9136638045310974,base,no
540,1,0,0.2227001594610082,-2.2623538970947266,-1.0123540163040161,base,no
541,1,0,0.29421497216298875,-2.088286876678467,-1.2132868766784668,base,no
542,1,1,0.6513548646660542,-1.2482874393463135,-1.8732874393463135,base,Yes
543,1,0,0.24508501313237172,-1.9185847043991089,-0.7935847043991089,base,no
544,1,1,0.5312093733737563,-1.4411368370056152,-1.5661368370056152,base,Yes
545,1,0,0.32082130082460697,-1.6837756633758545,-0.9337756633758545,base,no
546,1,0,0.5,-1.1806107759475708,-1.1806107759475708,base,no
547,1,0,0.2942149845400438,-1.785879135131836,-0.9108791947364807,base,no
548,1,0,0.24508500210441886,-1.9720423221588135,-0.8470422625541687,base,no
549,1,0,0.24508501313237172,-2.133164882659912,-1.008164882659912,base,no
550,1,0,0.14804721306746543,-2.3515191078186035,-0.6015192270278931,base,no
551,1,0,0.4073334000459302,-1.4829542636871338,-1.1079542636871338,base,No
552,1,0,0.5,-1.379828691482544,-1.379828691482544,base,No
553,1,0,0.10669059394565118,-2.8574392795562744,-0.7324392795562744,base,no
554,1,1,0.7057850278370112,-1.0333571434020996,-1.9083571434020996,base,Yes
555,1,0,0.46879062662624377,-1.3938353061676025,-1.2688353061676025,base,No
556,1,0,0.24508501313237172,-2.1891913414001465,-1.0641913414001465,base,no
557,1,0,0.16451645470385742,-2.511603355407715,-0.8866032958030701,base,no
558,1,0,0.24508501313237172,-1.978492259979248,-0.853492259979248,base,no
559,1,0,0.16451644651115205,-2.393179416656494,-0.7681792974472046,base,no
560,1,0,0.37754066879814546,-1.520565152168274,-1.020565152168274,base,no
561,1,0,0.37754066879814546,-1.5424319505691528,-1.0424319505691528,base,no
562,1,0,0.29421497216298875,-1.7158738374710083,-0.8408738374710083,base,no
563,1,0,0.2689414330889798,-1.9426190853118896,-0.9426191449165344,base,no
564,1,0,0.29421497216298875,-1.9301527738571167,-1.0551527738571167,base,no
565,1,0,0.2689414213699951,-1.926666498184204,-0.9266664981842041,base,no
566,1,0,0.24508501313237172,-1.8510081768035889,-0.7260081768035889,base,no
567,1,0,0.2689414213699951,-2.1769015789031982,-1.1769015789031982,base,no
568,1,1,0.7310585669110203,-0.8005931973457336,-1.8005931377410889,base,Yes
569,1,1,0.7057850278370112,-1.1045349836349487,-1.9795349836349487,base,Yes
570,1,0,0.34864513533394575,-1.7971019744873047,-1.1721019744873047,base,no
571,1,0,0.4378234991142019,-1.2988989353179932,-1.0488989353179932,base,no
572,1,0,0.29421497216298875,-1.765039086341858,-0.8900390863418579,base,no
573,1,1,0.8175744584140004,-0.960145115852356,-2.4601449966430664,base,Yes
574,1,0,0.22270011818961086,-2.0771913528442383,-0.8271912336349487,base,no
575,1,0,0.3486451217982255,-1.5358786582946777,-0.910878598690033,base,no
576,1,0,0.18242552380635632,-2.265474796295166,-0.765474796295166,base,no
577,1,0,0.2689414096510108,-1.9684908390045166,-0.9684907793998718,base,no
578,1,0,0.29421497216298875,-1.9571515321731567,-1.0821515321731567,base,no
579,1,0,0.37754066879814546,-1.5465378761291504,-1.0465378761291504,base,no
580,1,0,0.34864513533394575,-1.7340760231018066,-1.1090760231018066,base,no
581,1,0,0.3486451488696663,-1.5932204723358154,-0.9682205319404602,base,no
582,1,1,0.6224593312018546,-1.2062073945999146,-1.7062073945999146,base,Yes
583,1,0,0.37754066879814546,-1.7171028852462769,-1.2171028852462769,base,No
584,1,0,0.24508501313237172,-1.9311432838439941,-0.8061432838439941,base,no
585,1,0,0.32082130082460697,-1.6948106288909912,-0.9448106288909912,base,no
586,1,0,0.4073334000459302,-1.499961018562317,-1.124961018562317,base,no
587,1,0,0.4378234991142019,-1.6170876026153564,-1.3670876026153564,base,no
588,1,0,0.40733341443526055,-1.3082606792449951,-0.9332607388496399,base,no
589,1,0,0.2689414213699951,-1.7813122272491455,-0.7813122272491455,base,no
590,1,0,0.20181320305759334,-2.158076763153076,-0.7830766439437866,base,no
591,1,0,0.24508501313237172,-2.0918774604797363,-0.9668774604797363,base,no
592,1,1,0.5621765008857981,-1.3547656536102295,-1.6047656536102295,base,yes
593,1,0,0.18242552380635632,-2.353753089904785,-0.8537530899047852,base,no
594,1,0,0.4073334000459302,-1.5434256792068481,-1.1684256792068481,base,no
595,1,0,0.34864513533394575,-1.6612266302108765,-1.0362266302108765,base,no
596,1,1,0.6224593312018546,-1.139216423034668,-1.639216423034668,base,Yes
597,1,1,0.679178699175393,-1.042107105255127,-1.792107105255127,base,Yes
598,1,0,0.29421497216298875,-1.9485220909118652,-1.0735220909118652,base,no
599,1,0,0.2689414213699951,-2.019691228866577,-1.0196912288665771,base,No
600,1,0,0.46879062662624377,-1.4427345991134644,-1.3177345991134644,base,no
601,1,0,0.37754066879814546,-1.6090582609176636,-1.1090582609176636,base,no
602,1,0,0.20181322226037882,-2.087265968322754,-0.7122659683227539,base,no
603,1,0,0.29421497216298875,-1.8727014064788818,-0.9977014064788818,base,no
604,1,0,0.22270011818961086,-2.07364559173584,-0.8236454725265503,base,no
605,1,0,0.20181324146316565,-2.176992893218994,-0.8019930124282837,base,no
606,1,0,0.2227001594610082,-2.265531539916992,-1.0155316591262817,base,no
607,1,0,0.1645164628965632,-2.3217613697052,-0.6967613697052002,base,no
608,1,0,0.29421497216298875,-1.7644942998886108,-0.8894942998886108,base,no
609,1,0,0.32082130082460697,-1.802417516708374,-1.052417516708374,base,no
610,1,0,0.4378234991142019,-1.5791943073272705,-1.3291943073272705,base,No
611,1,0,0.18242553269617778,-2.376405954360962,-0.8764060139656067,base,no
612,1,0,0.37754066879814546,-1.6101763248443604,-1.1101763248443604,base,no
613,1,0,0.20181324146316565,-2.369528293609619,-0.9945284128189087,base,no
614,1,0,0.22270014914315833,-2.103513479232788,-0.8535135388374329,base,no
615,1,0,0.4073334000459302,-1.4971672296524048,-1.1221672296524048,base,no
616,1,0,0.24508500210441886,-2.0262107849121094,-0.9012107253074646,base,no
617,1,0,0.37754066879814546,-1.82293701171875,-1.32293701171875,base,no
618,1,0,0.2689414330889798,-1.8082242012023926,-0.8082242608070374,base,no
619,1,0,0.2689414096510108,-1.741680383682251,-0.7416803240776062,base,no
620,1,0,0.18242550602671442,-2.1417346000671387,-0.6417344808578491,base,no
621,1,0,0.4378234991142019,-1.3077943325042725,-1.0577943325042725,base,no
622,1,1,0.5312093733737563,-1.2703192234039307,-1.3953192234039307,base,yes
623,1,1,0.5621765008857981,-1.1979742050170898,-1.4479742050170898,base,yes
624,1,0,0.32082130082460697,-1.6972020864486694,-0.9472020864486694,base,no
625,1,0,0.2689414330889798,-1.777909517288208,-0.7779095768928528,base,no
626,1,0,0.2689414213699951,-2.018467903137207,-1.018467903137207,base,no
627,1,0,0.5,-1.4102672338485718,-1.4102672338485718,base,no
628,1,0,0.22270011818961086,-2.2510628700256348,-1.0010627508163452,base,no
629,1,0,0.4378234991142019,-1.5756672620773315,-1.3256672620773315,base,no
630,1,0,0.22270014914315833,-1.9383158683776855,-0.6883159279823303,base,no
631,1,0,0.20181323186177208,-2.143721342086792,-0.7687214016914368,base,no
632,1,0,0.24508501313237172,-2.149392604827881,-1.0243926048278809,base,no
633,1,0,0.46879062662624377,-1.4235286712646484,-1.2985286712646484,base,No
634,1,1,0.5621765008857981,-1.2784441709518433,-1.5284441709518433,base,yes
635,1,0,0.20181322226037882,-1.8789807558059692,-0.5039807558059692,base,no
636,1,0,0.37754066879814546,-1.6280319690704346,-1.1280319690704346,base,no
637,1,0,0.29421497216298875,-1.7980023622512817,-0.9230023622512817,base,no
638,1,0,0.32082130082460697,-1.7811920642852783,-1.0311920642852783,base,no
639,1,0,0.2942149845400438,-1.8373830318450928,-0.9623830914497375,base,no
640,1,0,0.29421497216298875,-1.831067442893982,-0.9560674428939819,base,no
641,1,0,0.2689414213699951,-2.008173942565918,-1.008173942565918,base,No
642,1,0,0.46879062662624377,-1.5116981267929077,-1.3866981267929077,base,no
643,1,0,0.46879062662624377,-1.3322232961654663,-1.2072232961654663,base,no
644,1,0,0.2689414213699951,-1.961112141609192,-0.9611121416091919,base,no
645,1,0,0.2689414213699951,-2.020482301712036,-1.0204823017120361,base,no
646,1,0,0.4073334000459302,-1.515539526939392,-1.140539526939392,base,no
647,1,0,0.4073334000459302,-1.6204534769058228,-1.2454534769058228,base,no
648,1,0,0.4378234991142019,-1.548052430152893,-1.298052430152893,base,no
649,1,0,0.2942149597859341,-1.652442216873169,-0.7774421572685242,base,no
650,1,0,0.2689414213699951,-2.022265672683716,-1.0222656726837158,base,No
651,1,0,0.3208213138121609,-1.7145576477050781,-0.9645577073097229,base,no
652,1,0,0.32082130082460697,-1.6191470623016357,-0.8691470623016357,base,no
653,1,0,0.5,-1.5362327098846436,-1.5362327098846436,base,no
654,1,0,0.20181323186177208,-2.091078042984009,-0.7160781025886536,base,no
655,1,0,0.14804719051380197,-2.4541802406311035,-0.7041801810264587,base,no
656,1,1,0.7772998818103892,-0.838159441947937,-2.0881595611572266,base,Yes
657,1,0,0.2689414213699951,-1.913258671760559,-0.9132586717605591,base,no
658,1,0,0.32082130082460697,-1.9463696479797363,-1.1963696479797363,base,no
659,1,0,0.16451644651115205,-2.400383472442627,-0.7753833532333374,base,no
660,1,0,0.5,-1.0240569114685059,-1.0240569114685059,base,No
661,1,0,0.2689414213699951,-2.0189688205718994,-1.0189688205718994,base,no
662,1,1,0.5312093733737563,-1.4228156805038452,-1.5478156805038452,base,Yes
663,1,0,0.32082130082460697,-1.7731263637542725,-1.0231263637542725,base,no
664,1,0,0.22270011818961086,-2.1954784393310547,-0.9454783201217651,base,no
665,1,1,0.5621765008857981,-1.2479840517044067,-1.4979840517044067,base,Yes
666,1,0,0.32082130082460697,-1.7739040851593018,-1.0239040851593018,base,no
667,1,0,0.34864513533394575,-1.5282752513885498,-0.9032752513885498,base,no
668,1,0,0.5,-1.375504970550537,-1.375504970550537,base,no
669,1,0,0.4378234991142019,-1.4123144149780273,-1.1623144149780273,base,no
670,1,0,0.24508501313237172,-2.1787445545196533,-1.0537445545196533,base,no
671,1,1,0.7310585786300049,-0.7292726039886475,-1.7292726039886475,base,Yes
672,1,0,0.22270014914315833,-2.00837779045105,-0.7583778500556946,base,No
673,1,0,0.18242551491653522,-2.4872334003448486,-0.9872333407402039,base,no
674,1,0,0.37754066879814546,-1.5644619464874268,-1.0644619464874268,base,No
675,1,0,0.46879062662624377,-1.4491595029830933,-1.3241595029830933,base,no
676,1,1,0.5621765008857981,-1.1701478958129883,-1.4201478958129883,base,yes
677,1,0,0.2689414213699951,-2.023359537124634,-1.0233595371246338,base,no
678,1,1,0.7310585903489892,-0.6189414858818054,-1.6189415454864502,base,Yes
679,1,1,0.5621765008857981,-1.0032086372375488,-1.2532086372375488,base,yes
680,1,0,0.09534945461636171,-2.853060245513916,-0.6030601263046265,base,no
681,1,0,0.13296424706933604,-2.6292002201080322,-0.754200279712677,base,no
682,1,1,0.5312093733737563,-1.296650767326355,-1.421650767326355,base,Yes
683,1,0,0.2689414213699951,-1.7421514987945557,-0.7421514987945557,base,no
684,1,0,0.26894139793202687,-2.0923423767089844,-1.0923422574996948,base,no
685,1,0,0.34864513533394575,-1.6114026308059692,-0.9864026308059692,base,no
686,1,0,0.4073334000459302,-1.619736909866333,-1.244736909866333,base,no
687,1,1,0.7057850278370112,-1.0743787288665771,-1.9493787288665771,base,Yes
688,1,0,0.20181323186177208,-2.1658685207366943,-0.7908685803413391,base,no
689,1,0,0.37754066879814546,-1.7082252502441406,-1.2082252502441406,base,no
690,1,0,0.2689414213699951,-2.07832670211792,-1.07832670211792,base,no
691,1,0,0.4378234991142019,-1.4912108182907104,-1.2412108182907104,base,no
692,1,0,0.3486451488696663,-1.4236223697662354,-0.7986224293708801,base,no
693,1,0,0.29421497216298875,-1.9301527738571167,-1.0551527738571167,base,no
694,1,1,0.6513548646660542,-1.0785011053085327,-1.7035011053085327,base,Yes
695,1,0,0.20181322226037882,-2.130932092666626,-0.755932092666626,base,no
696,1,0,0.37754066879814546,-1.6872529983520508,-1.1872529983520508,base,no
697,1,1,0.5312093733737563,-1.424004316329956,-1.549004316329956,base,Yes
698,1,0,0.32082130082460697,-1.7852532863616943,-1.0352532863616943,base,no
699,1,0,0.22270013882530884,-2.185882329940796,-0.9358823299407959,base,no
700,1,0,0.34864513533394575,-1.6099475622177124,-0.9849475622177124,base,no
701,1,1,0.679178699175393,-1.0801055431365967,-1.8301055431365967,base,Yes
702,1,0,0.46879062662624377,-1.1886310577392578,-1.0636310577392578,base,no
703,1,0,0.46879062662624377,-1.5316060781478882,-1.4066060781478882,base,no
704,1,1,0.7310585669110203,-0.9198413491249084,-1.9198412895202637,base,Yes
705,1,0,0.3208213138121609,-1.645108938217163,-0.8951089978218079,base,no
706,1,1,0.9046505248181417,-0.7235594987869263,-2.9735593795776367,base,Yes
707,1,0,0.40733341443526055,-1.3094687461853027,-0.9344688057899475,base,no
708,1,0,0.32082130082460697,-1.6629866361618042,-0.9129866361618042,base,no
709,1,0,0.32082130082460697,-1.7639143466949463,-1.0139143466949463,base,No
710,1,0,0.1480472055495773,-2.5484635829925537,-0.7984636425971985,base,no
711,1,0,0.13296424019782924,-2.4734227657318115,-0.5984227657318115,base,No
712,1,0,0.29421497216298875,-1.9190044403076172,-1.0440044403076172,base,no
713,1,0,0.2689414213699951,-1.881453514099121,-0.8814535140991211,base,no
714,1,0,0.46879062662624377,-1.4837400913238525,-1.3587400913238525,base,no
715,1,1,0.5312093733737563,-1.3711321353912354,-1.4961321353912354,base,Yes
716,1,0,0.29421497216298875,-1.9896762371063232,-1.1146762371063232,base,No
717,1,0,0.37754066879814546,-1.643606185913086,-1.143606185913086,base,no
718,1,0,0.22270011818961086,-2.3254971504211426,-1.075497031211853,base,no
719,1,0,0.3486451488696663,-1.6077618598937988,-0.9827619194984436,base,no
720,1,1,0.5621765008857981,-1.2566046714782715,-1.5066046714782715,base,Yes
721,1,0,0.37754066879814546,-1.7381023168563843,-1.2381023168563843,base,no
722,1,0,0.18242551936144574,-1.989066481590271,-0.4890664517879486,base,no
723,1,0,0.22270012850745968,-1.9502594470977783,-0.7002593874931335,base,no
724,1,0,0.1645164628965632,-2.3917484283447266,-0.7667484283447266,base,no
725,1,1,0.679178699175393,-1.0924766063690186,-1.8424766063690186,base,Yes
726,1,0,0.37754066879814546,-1.628861665725708,-1.128861665725708,base,No
727,1,0,0.4073334000459302,-1.6655219793319702,-1.2905219793319702,base,no
728,1,0,0.37754066879814546,-1.728063702583313,-1.228063702583313,base,no
729,1,0,0.18242551491653522,-2.220309019088745,-0.7203089594841003,base,no
730,1,0,0.32082130082460697,-1.7347404956817627,-0.9847404956817627,base,no
731,1,0,0.37754066879814546,-1.497949481010437,-0.997949481010437,base,no
732,1,0,0.5,-1.3374911546707153,-1.3374911546707153,base,no
733,1,0,0.1645164628965632,-2.466233491897583,-0.841233491897583,base,no
734,1,0,0.24508501313237172,-1.895991563796997,-0.7709915637969971,base,no
735,1,0,0.20181322226037882,-1.9544295072555542,-0.5794295072555542,base,no
736,1,0,0.32082130082460697,-1.859343409538269,-1.109343409538269,base,no
737,1,0,0.34864513533394575,-1.6962199211120605,-1.0712199211120605,base,no
738,1,0,0.18242552380635632,-2.167067050933838,-0.6670670509338379,base,no
739,1,0,0.11920291576401235,-2.6963276863098145,-0.6963276267051697,base,no
740,1,0,0.20181322226037882,-2.096057176589966,-0.7210571765899658,base,no
741,1,0,0.37754066879814546,-1.6631526947021484,-1.1631526947021484,base,No
742,1,1,0.5312093733737563,-1.3168963193893433,-1.4418963193893433,base,Yes
743,1,0,0.16451645880021026,-2.084645986557007,-0.45964595675468445,base,no
744,1,0,0.29421497216298875,-1.9139474630355835,-1.0389474630355835,base,No
745,1,0,0.34864513533394575,-1.7458062171936035,-1.1208062171936035,base,no
746,1,0,0.37754066879814546,-1.6763875484466553,-1.1763875484466553,base,No
747,1,0,0.3208212878370535,-1.5620019435882568,-0.8120018839836121,base,no
748,1,0,0.29421497216298875,-1.9884819984436035,-1.1134819984436035,base,no
749,1,0,0.16451645470385742,-2.3472628593444824,-0.7222627997398376,base,No
750,1,0,0.2227001594610082,-2.0333147048950195,-0.7833148241043091,base,no
751,1,1,0.8933094003735664,-0.8155236840248108,-2.940523624420166,base,Yes
752,1,0,0.20181324146316565,-2.256136894226074,-0.8811370134353638,base,no
753,1,0,0.32082130082460697,-1.8542991876602173,-1.1042991876602173,base,No
754,1,0,0.46879062662624377,-1.443899393081665,-1.318899393081665,base,No
755,1,0,0.37754066879814546,-1.6749064922332764,-1.1749064922332764,base,no
756,1,0,0.29421497216298875,-1.8546345233917236,-0.9796345233917236,base,no
757,1,0,0.3208213138121609,-1.4946916103363037,-0.7446916699409485,base,No
758,1,0,0.2689414096510108,-1.6622467041015625,-0.6622466444969177,base,No
759,1,0,0.32082130082460697,-1.7801095247268677,-1.0301095247268677,base,no
760,1,0,0.32082130082460697,-1.608038067817688,-0.858038067817688,base,no
761,1,0,0.1480471980316895,-2.6426899433135986,-0.8926899433135986,base,no
762,1,0,0.2942149597859341,-1.6676573753356934,-0.7926573157310486,base,no
763,1,0,0.22270011818961086,-2.184885025024414,-0.9348849058151245,base,no
764,1,0,0.2689414330889798,-1.892822265625,-0.8928223252296448,base,no
765,1,0,0.18242552380635632,-2.103041648864746,-0.6030416488647461,base,no
766,1,1,0.5312093733737563,-1.3290767669677734,-1.4540767669677734,base,Yes
767,1,0,0.24508499107646636,-2.1122446060180664,-0.9872444868087769,base,no
768,1,0,0.37754066879814546,-1.5286126136779785,-1.0286126136779785,base,no
769,1,1,0.8519528019683106,-0.8589828014373779,-2.608982801437378,base,Yes
770,1,0,0.4073334000459302,-1.5345067977905273,-1.1595067977905273,base,no
771,1,1,0.5621765008857981,-1.0606834888458252,-1.3106834888458252,base,yes
772,1,0,0.4378234991142019,-1.3418132066726685,-1.0918132066726685,base,No
773,1,0,0.20181321265898594,-2.354792833328247,-0.9797927737236023,base,no
774,1,0,0.34864513533394575,-1.6395587921142578,-1.0145587921142578,base,no
775,1,0,0.20181321265898594,-2.2015981674194336,-0.8265981078147888,base,no
776,1,1,0.7772998818103892,-0.9362858533859253,-2.186285972595215,base,Yes
777,1,0,0.34864513533394575,-1.7724109888076782,-1.1474109888076782,base,no
778,1,0,0.37754066879814546,-1.2965590953826904,-0.7965590953826904,base,no
779,1,1,0.5312093733737563,-1.4175549745559692,-1.5425549745559692,base,yes
780,1,0,0.1480471829959148,-2.3703737258911133,-0.6203736066818237,base,No
781,1,0,0.24508501313237172,-2.005667209625244,-0.8806672096252441,base,no
782,1,0,0.34864513533394575,-1.4499810934066772,-0.8249810934066772,base,No
783,1,0,0.2689414213699951,-2.021805763244629,-1.021805763244629,base,No
784,1,0,0.11920292202211755,-2.6133644580841064,-0.6133644580841064,base,no
785,1,0,0.1645164628965632,-2.498788595199585,-0.873788595199585,base,No
786,1,0,0.37754066879814546,-1.4065089225769043,-0.9065089225769043,base,no
787,1,0,0.29421497216298875,-1.8956971168518066,-1.0206971168518066,base,no
788,1,0,0.20181323186177208,-2.148346424102783,-0.773346483707428,base,no
789,1,0,0.46879062662624377,-1.5853601694107056,-1.4603601694107056,base,no
790,1,0,0.22270013882530884,-2.1260855197906494,-0.8760855197906494,base,no
791,1,0,0.2942149845400438,-1.8503270149230957,-0.9753270745277405,base,no
792,1,0,0.29421497216298875,-1.9111676216125488,-1.0361676216125488,base,no
793,1,0,0.4073334000459302,-1.2702314853668213,-0.8952314853668213,base,no
794,1,0,0.2689414096510108,-1.9287469387054443,-0.9287468791007996,base,no
795,1,0,0.46879062662624377,-1.2695667743682861,-1.1445667743682861,base,No
796,1,0,0.22270013882530884,-2.236571788787842,-0.9865717887878418,base,no
797,1,1,0.7310585786300049,-0.9494935274124146,-1.9494935274124146,base,Yes
798,1,0,0.29421497216298875,-1.807026743888855,-0.932026743888855,base,no
799,1,0,0.22270014914315833,-1.925337791442871,-0.6753378510475159,base,no
800,1,1,0.6513548646660542,-1.1661486625671387,-1.7911486625671387,base,Yes
801,1,0,0.24508501313237172,-2.168006181716919,-1.043006181716919,base,no
802,1,0,0.32082130082460697,-1.9518780708312988,-1.2018780708312988,base,no
803,1,0,0.2942149597859341,-1.74896240234375,-0.8739623427391052,base,no
804,1,0,0.16451645470385742,-2.2836780548095703,-0.6586779952049255,base,no
805,1,0,0.20181323186177208,-2.074129104614258,-0.6991291642189026,base,no
806,1,1,0.5926665999540697,-1.2384113073349,-1.6134113073349,base,Yes
807,1,0,0.14804721306746543,-2.403140068054199,-0.6531401872634888,base,no
808,1,0,0.2942149845400438,-1.7322008609771729,-0.8572009205818176,base,no
809,1,0,0.1329642333263228,-2.7258331775665283,-0.8508331179618835,base,no
810,1,0,0.4073334000459302,-1.5537532567977905,-1.1787532567977905,base,No
811,1,0,0.1066905825840872,-2.6974563598632812,-0.5724562406539917,base,no
812,1,0,0.24508501313237172,-2.1161673069000244,-0.9911673069000244,base,no
813,1,0,0.2689414330889798,-1.8105809688568115,-0.8105810284614563,base,no
814,1,0,0.20181321265898594,-2.3573663234710693,-0.9823662638664246,base,no
815,1,0,0.34864513533394575,-1.7873988151550293,-1.1623988151550293,base,no
816,1,0,0.1480471980316895,-2.3103866577148438,-0.5603866577148438,base,No
817,1,1,0.5312093733737563,-1.3435012102127075,-1.4685012102127075,base,Yes
818,1,0,0.18242552380635632,-2.208385467529297,-0.7083854675292969,base,no
819,1,0,0.24508502416032488,-1.9856531620025635,-0.8606532216072083,base,no
820,1,1,0.679178699175393,-1.0489331483840942,-1.7989331483840942,base,yes
821,1,0,0.4378234991142019,-1.4933662414550781,-1.2433662414550781,base,no
822,1,0,0.18242553269617778,-2.3103952407836914,-0.8103953003883362,base,no
823,1,0,0.32082130082460697,-1.7425365447998047,-0.9925365447998047,base,No
824,1,0,0.29421497216298875,-1.9404138326644897,-1.0654138326644897,base,no
825,1,0,0.2689414213699951,-1.9457426071166992,-0.9457426071166992,base,no
826,1,0,0.32082130082460697,-1.848734736442566,-1.098734736442566,base,no
827,1,0,0.1329642333263228,-2.6078104972839355,-0.7328104376792908,base,no
828,1,0,0.2689414213699951,-1.7840279340744019,-0.7840279340744019,base,no
829,1,0,0.34864513533394575,-1.7350878715515137,-1.1100878715515137,base,no
830,1,1,0.8807970654616711,-0.7595115900039673,-2.7595114707946777,base,Yes
831,1,0,0.32082130082460697,-1.8452279567718506,-1.0952279567718506,base,no
832,1,0,0.20181321265898594,-2.0836286544799805,-0.7086285948753357,base,no
833,1,0,0.37754066879814546,-1.708675503730774,-1.208675503730774,base,No
834,1,0,0.29421497216298875,-1.737058401107788,-0.8620584011077881,base,No
835,1,0,0.10669060530721626,-2.767993927001953,-0.6429940462112427,base,no
836,1,0,0.34864513533394575,-1.825305700302124,-1.200305700302124,base,no
837,1,0,0.22270013882530884,-1.8365973234176636,-0.5865973234176636,base,No
838,1,0,0.20181323186177208,-2.1792051792144775,-0.8042052388191223,base,no
839,1,1,0.5621765008857981,-1.2222448587417603,-1.4722448587417603,base,Yes
840,1,0,0.37754066879814546,-1.7406688928604126,-1.2406688928604126,base,no
841,1,0,0.1329642333263228,-2.6294445991516113,-0.7544445395469666,base,no
842,1,0,0.24508503518827837,-2.1417760848999023,-1.016776204109192,base,no
843,1,0,0.4378234991142019,-1.5297762155532837,-1.2797762155532837,base,no
844,1,0,0.2689414213699951,-1.9021273851394653,-0.9021273851394653,base,No
845,1,0,0.22270011818961086,-2.164186477661133,-0.9141863584518433,base,no
846,1,0,0.1329642333263228,-2.5865461826324463,-0.7115461230278015,base,no
847,1,0,0.37754066879814546,-1.7188421487808228,-1.2188421487808228,base,no
848,1,1,0.6224593312018546,-1.1974678039550781,-1.6974678039550781,base,Yes
849,1,0,0.18242552380635632,-2.354278326034546,-0.8542783260345459,base,no
850,1,0,0.11920291576401235,-2.817521095275879,-0.8175210356712341,base,no
851,1,0,0.29421497216298875,-1.9181079864501953,-1.0431079864501953,base,No
852,1,1,0.5312093733737563,-1.2358287572860718,-1.3608287572860718,base,Yes
853,1,0,0.24508501313237172,-2.1028378009796143,-0.9778378009796143,base,no
854,1,0,0.4378234991142019,-1.3835875988006592,-1.1335875988006592,base,no
855,1,0,0.4378234991142019,-1.5500245094299316,-1.3000245094299316,base,no
856,1,0,0.16451647108926923,-2.567469835281372,-0.9424698948860168,base,no
857,1,0,0.32082130082460697,-1.8056604862213135,-1.0556604862213135,base,no
858,1,0,0.22270012850745968,-1.7102599143981934,-0.4602598547935486,base,No
859,1,1,0.679178699175393,-1.1062790155410767,-1.8562790155410767,base,Yes
860,1,0,0.34864513533394575,-1.7413095235824585,-1.1163095235824585,base,no
861,1,0,0.34864513533394575,-1.6181279420852661,-0.9931279420852661,base,No
862,1,1,0.5312093733737563,-1.3731045722961426,-1.4981045722961426,base,Yes
863,1,0,0.2689414096510108,-1.7982349395751953,-0.7982348799705505,base,no
864,1,0,0.1480471829959148,-2.3259925842285156,-0.5759924650192261,base,no
865,1,1,0.5312093733737563,-1.4399373531341553,-1.5649373531341553,base,Yes
866,1,0,0.46879062662624377,-1.5589027404785156,-1.4339027404785156,base,no
867,1,0,0.32082130082460697,-1.7576225996017456,-1.0076225996017456,base,no
868,1,0,0.46879062662624377,-1.5416873693466187,-1.4166873693466187,base,no
869,1,0,0.22270013882530884,-2.083831787109375,-0.833831787109375,base,no
870,1,0,0.16451645470385742,-2.4138078689575195,-0.7888078093528748,base,no
871,1,1,0.6513548646660542,-1.0880510807037354,-1.7130510807037354,base,Yes
872,1,0,0.13296424019782924,-2.4804656505584717,-0.6054656505584717,base,no
873,1,0,0.24508501313237172,-1.9528837203979492,-0.8278837203979492,base,no
874,1,0,0.20181321265898594,-2.1775622367858887,-0.8025621771812439,base,no
875,1,0,0.46879062662624377,-1.44655179977417,-1.32155179977417,base,No
876,1,0,0.34864513533394575,-1.6852662563323975,-1.0602662563323975,base,No
877,1,0,0.24508501313237172,-1.7725988626480103,-0.6475988626480103,base,No
878,1,0,0.2942149845400438,-1.8688149452209473,-0.993815004825592,base,no
879,1,0,0.5,-1.5487374067306519,-1.5487374067306519,base,no
880,1,0,0.32082130082460697,-1.828037142753601,-1.078037142753601,base,no
881,1,0,0.18242552380635632,-2.0210378170013428,-0.5210378170013428,base,No
882,1,0,0.24508501313237172,-2.130160093307495,-1.0051600933074951,base,no
883,1,1,0.5926665999540697,-1.2679781913757324,-1.6429781913757324,base,Yes
884,1,0,0.24508500210441886,-2.0562355518341064,-0.9312354922294617,base,no
885,1,1,0.5926665999540697,-1.1519243717193604,-1.5269243717193604,base,Yes
886,1,0,0.2689414213699951,-1.7662427425384521,-0.7662427425384521,base,no
887,1,0,0.20181323186177208,-2.1034862995147705,-0.7284863591194153,base,no
888,1,0,0.46879062662624377,-1.4983103275299072,-1.3733103275299072,base,no
889,1,0,0.5,-1.4009758234024048,-1.4009758234024048,base,no
890,1,0,0.37754066879814546,-1.6557115316390991,-1.1557115316390991,base,no
891,1,0,0.32082130082460697,-1.6549513339996338,-0.9049513339996338,base,no
892,1,0,0.14804721306746543,-2.328108310699463,-0.5781084299087524,base,no
893,1,1,0.5312093733737563,-1.4142215251922607,-1.5392215251922607,base,Yes
894,1,0,0.37754066879814546,-1.699703574180603,-1.199703574180603,base,no
895,1,0,0.2689414330889798,-1.8383545875549316,-0.8383546471595764,base,no
896,1,0,0.37754066879814546,-1.4527020454406738,-0.9527020454406738,base,No
897,1,0,0.1329642333263228,-2.5541603565216064,-0.6791602969169617,base,no
898,1,0,0.32082130082460697,-1.7826730012893677,-1.0326730012893677,base,no
899,1,0,0.29421497216298875,-1.899860143661499,-1.024860143661499,base,no
900,1,1,0.679178699175393,-1.0093574523925781,-1.7593574523925781,base,Yes
901,1,0,0.46879062662624377,-1.4855260848999023,-1.3605260848999023,base,no
902,1,0,0.1480471829959148,-2.549442768096924,-0.7994426488876343,base,no
903,1,1,0.7057850278370112,-0.6655963659286499,-1.54059636592865,base,Yes
904,1,0,0.18242552380635632,-2.417073965072632,-0.9170739650726318,base,no
905,1,0,0.2942149597859341,-1.6769917011260986,-0.8019916415214539,base,No
906,1,1,0.6224593312018546,-1.164885401725769,-1.664885401725769,base,yes
907,1,0,0.2689414096510108,-1.8940587043762207,-0.8940586447715759,base,no
908,1,1,0.6224593312018546,-1.2068111896514893,-1.7068111896514893,base,Yes
909,1,0,0.34864513533394575,-1.6527349948883057,-1.0277349948883057,base,no
910,1,1,0.7057850278370112,-1.138378620147705,-2.013378620147705,base,Yes
911,1,0,0.2689414213699951,-1.921738624572754,-0.9217386245727539,base,no
912,1,0,0.32082130082460697,-1.8234914541244507,-1.0734914541244507,base,no
913,1,0,0.4073334000459302,-1.5454868078231812,-1.1704868078231812,base,no
914,1,0,0.2689414213699951,-1.8613860607147217,-0.8613860607147217,base,no
915,1,0,0.1480472055495773,-2.397397756576538,-0.6473978161811829,base,no
916,1,0,0.14804721306746543,-2.577519416809082,-0.8275195360183716,base,no
917,1,0,0.5,-1.443109154701233,-1.443109154701233,base,no
918,1,0,0.37754066879814546,-1.5926833152770996,-1.0926833152770996,base,No
919,1,0,0.32082130082460697,-1.8199763298034668,-1.0699763298034668,base,no
920,1,1,0.5312093733737563,-1.3482738733291626,-1.4732738733291626,base,Yes
921,1,0,0.11920293453832885,-2.5375442504882812,-0.5375443696975708,base,no
922,1,0,0.46879062662624377,-1.4063209295272827,-1.2813209295272827,base,no
923,1,0,0.24508501313237172,-2.077518939971924,-0.9525189399719238,base,no
924,1,0,0.32082130082460697,-1.8792310953140259,-1.1292310953140259,base,no
925,1,0,0.20181323186177208,-2.1676478385925293,-0.7926478981971741,base,no
926,1,0,0.32082130082460697,-1.7420250177383423,-0.9920250177383423,base,no
927,1,0,0.46879062662624377,-1.4087377786636353,-1.2837377786636353,base,no
928,1,0,0.4073334000459302,-1.7030444145202637,-1.3280444145202637,base,no
929,1,0,0.24508500210441886,-1.8903098106384277,-0.765309751033783,base,No
930,1,0,0.1480471980316895,-2.543250322341919,-0.793250322341919,base,no
931,1,0,0.24508501313237172,-2.222764492034912,-1.097764492034912,base,no
932,1,0,0.24508503518827837,-2.077878952026367,-0.9528790712356567,base,no
933,1,0,0.18242552380635632,-2.512695550918579,-1.012695550918579,base,no
934,1,0,0.4378234991142019,-1.456761360168457,-1.206761360168457,base,no
935,1,0,0.24508501313237172,-1.9509716033935547,-0.8259716033935547,base,no
936,1,0,0.37754066879814546,-1.5156017541885376,-1.0156017541885376,base,no
937,1,0,0.1066905911052601,-2.6240029335021973,-0.4990029036998749,base,no
938,1,0,0.29421497216298875,-1.7468016147613525,-0.8718016147613525,base,no
939,1,0,0.14804721306746543,-2.3366570472717285,-0.5866571664810181,base,no
940,1,0,0.3486451217982255,-1.4353759288787842,-0.8103758692741394,base,No
941,1,0,0.4073334000459302,-1.5864793062210083,-1.2114793062210083,base,no
942,1,1,0.6513548646660542,-1.092852234840393,-1.717852234840393,base,Yes
943,1,0,0.1066905825840872,-2.8258910179138184,-0.7008908987045288,base,no
944,1,0,0.2689414096510108,-1.8610568046569824,-0.8610567450523376,base,no
945,1,0,0.46879062662624377,-1.5123475790023804,-1.3873475790023804,base,no
946,1,0,0.22270013882530884,-2.14263916015625,-0.89263916015625,base,no
947,1,0,0.18242552380635632,-2.4651618003845215,-0.9651618003845215,base,no
948,1,0,0.34864513533394575,-1.8087611198425293,-1.1837611198425293,base,no
949,1,0,0.32082130082460697,-1.7662439346313477,-1.0162439346313477,base,no
950,1,0,0.4378234991142019,-1.5955685377120972,-1.3455685377120972,base,no
951,1,0,0.4378234991142019,-1.474188208580017,-1.224188208580017,base,no
952,1,1,0.5926665999540697,-1.2244198322296143,-1.5994198322296143,base,Yes
953,1,1,0.679178699175393,-1.2340213060379028,-1.9840213060379028,base,Yes
954,1,0,0.29421497216298875,-1.9587130546569824,-1.0837130546569824,base,no
955,1,0,0.20181321265898594,-2.028162717819214,-0.6531626582145691,base,no
956,1,0,0.20181320305759334,-2.248322010040283,-0.8733218908309937,base,no
957,1,0,0.16451647108926923,-2.4688639640808105,-0.8438640236854553,base,no
958,1,0,0.32082130082460697,-1.8255332708358765,-1.0755332708358765,base,no
959,1,0,0.4378234991142019,-1.460337519645691,-1.210337519645691,base,no
960,1,0,0.20181323186177208,-2.23034930229187,-0.8553493618965149,base,no
961,1,0,0.37754066879814546,-1.833587408065796,-1.333587408065796,base,no
962,1,0,0.32082130082460697,-1.6676639318466187,-0.9176639318466187,base,no
963,1,0,0.3208212878370535,-1.48588228225708,-0.7358822226524353,base,No
964,1,0,0.1645164792819756,-2.2927393913269043,-0.6677395105361938,base,no
965,1,0,0.34864513533394575,-1.5303614139556885,-0.9053614139556885,base,No
966,1,0,0.37754066879814546,-1.6536097526550293,-1.1536097526550293,base,no
967,1,0,0.2942149845400438,-1.6592040061950684,-0.7842040657997131,base,No
968,1,0,0.32082130082460697,-1.7359731197357178,-0.9859731197357178,base,no
969,1,0,0.37754066879814546,-1.7364476919174194,-1.2364476919174194,base,no
970,1,0,0.2689414213699951,-1.9788562059402466,-0.9788562059402466,base,no
971,1,0,0.4073334000459302,-1.664328932762146,-1.289328932762146,base,no
972,1,0,0.34864513533394575,-1.5523910522460938,-0.9273910522460938,base,No
973,1,0,0.18242553269617778,-2.34201979637146,-0.8420198559761047,base,no
974,1,0,0.4073334000459302,-1.6890662908554077,-1.3140662908554077,base,no
975,1,0,0.32082130082460697,-1.823167324066162,-1.073167324066162,base,no
976,1,0,0.32082130082460697,-1.829791784286499,-1.079791784286499,base,no
977,1,0,0.20181320305759334,-2.019056797027588,-0.6440566778182983,base,no
978,1,0,0.32082130082460697,-1.7017334699630737,-0.9517334699630737,base,no
979,1,0,0.4073334000459302,-1.6055406332015991,-1.2305406332015991,base,no
980,1,0,0.29421497216298875,-1.8951767683029175,-1.0201767683029175,base,no
981,1,0,0.20181324146316565,-2.036351203918457,-0.6613513231277466,base,no
982,1,0,0.20181320305759334,-2.2407822608947754,-0.8657821416854858,base,no
983,1,0,0.32082130082460697,-1.814462661743164,-1.064462661743164,base,no
984,1,1,0.5926665999540697,-1.2351322174072266,-1.6101322174072266,base,Yes
985,1,0,0.20181320305759334,-2.257504463195801,-0.8825043439865112,base,no
986,1,0,0.5,-1.096815586090088,-1.096815586090088,base,no
987,1,1,0.9626731147976793,-0.7189115881919861,-3.968911647796631,base,Yes
988,1,0,0.11920292202211755,-2.575545310974121,-0.5755453109741211,base,no
989,1,0,0.24508501313237172,-1.785067081451416,-0.660067081451416,base,No
990,1,0,0.22270011818961086,-2.2018470764160156,-0.9518469572067261,base,no
991,1,0,0.22270013882530884,-2.1063051223754883,-0.8563051223754883,base,no
992,1,0,0.37754066879814546,-1.55332350730896,-1.05332350730896,base,no
993,1,0,0.5,-1.2381463050842285,-1.2381463050842285,base,no
994,1,0,0.24508501313237172,-1.6949939727783203,-0.5699939727783203,base,no
995,1,0,0.24508500210441886,-1.9452004432678223,-0.8202003836631775,base,no
996,1,0,0.24508499107646636,-2.1609930992126465,-1.035992980003357,base,no
997,1,0,0.2227001594610082,-2.117645263671875,-0.8676453828811646,base,no
998,1,0,0.2689414330889798,-1.688544750213623,-0.6885448098182678,base,No
999,1,0,0.16451645470385742,-2.555820941925049,-0.930820882320404,base,no
1000,1,0,0.29421497216298875,-1.860846757888794,-0.985846757888794,base,no
1001,1,1,0.7057850278370112,-0.7280287742614746,-1.6030287742614746,base,Yes
1002,1,0,0.32082130082460697,-1.9528985023498535,-1.2028985023498535,base,no
1003,1,0,0.37754066879814546,-1.6482226848602295,-1.1482226848602295,base,no
1004,1,1,0.5926665999540697,-1.2253503799438477,-1.6003503799438477,base,Yes
1005,1,0,0.32082130082460697,-1.8836150169372559,-1.1336150169372559,base,No
1006,1,0,0.37754066879814546,-1.469468593597412,-0.9694685935974121,base,no
1007,1,0,0.09534947004048376,-2.954604387283325,-0.70460444688797,base,no
1008,1,0,0.4073334000459302,-1.4321402311325073,-1.0571402311325073,base,No
1009,1,1,0.6513548646660542,-1.115999460220337,-1.740999460220337,base,Yes
1010,1,0,0.32082130082460697,-1.93453049659729,-1.18453049659729,base,no
1011,1,0,0.24508501313237172,-1.8732048273086548,-0.7482048273086548,base,no
1012,1,0,0.24508501313237172,-2.0173301696777344,-0.8923301696777344,base,no
1013,1,0,0.2227001594610082,-2.1601767539978027,-0.9101768732070923,base,no
1014,1,0,0.5,-1.3120485544204712,-1.3120485544204712,base,No
1015,1,0,0.4073334000459302,-1.4300436973571777,-1.0550436973571777,base,No
1016,1,0,0.32082130082460697,-1.8067598342895508,-1.0567598342895508,base,no
1017,1,1,0.7057850278370112,-1.0376653671264648,-1.9126653671264648,base,yes
1018,1,0,0.20181321265898594,-2.028411626815796,-0.6534115672111511,base,No
1019,1,0,0.29421497216298875,-1.7659608125686646,-0.8909608125686646,base,no
1020,1,0,0.32082130082460697,-1.7977622747421265,-1.0477622747421265,base,no
1021,1,1,0.7549150089235336,-1.0204194784164429,-2.1454195976257324,base,Yes
1022,1,1,0.5312093733737563,-1.3902429342269897,-1.5152429342269897,base,Yes
1023,1,0,0.20181322226037882,-2.1252431869506836,-0.7502431869506836,base,no
1024,1,0,0.34864513533394575,-1.8494572639465332,-1.2244572639465332,base,no
1025,1,0,0.4378234991142019,-1.4973158836364746,-1.2473158836364746,base,no
1026,1,0,0.46879062662624377,-1.3783999681472778,-1.2533999681472778,base,no
1027,1,0,0.18242551491653522,-2.2722902297973633,-0.7722901701927185,base,no
1028,1,1,0.5312093733737563,-1.272911548614502,-1.397911548614502,base,yes
1029,1,0,0.20181323186177208,-2.0458438396453857,-0.6708438992500305,base,no
1030,1,0,0.4378234991142019,-1.6868633031845093,-1.4368633031845093,base,no
1031,1,0,0.1645164792819756,-2.60087251663208,-0.9758726358413696,base,no
1032,1,0,0.11920292828022305,-2.683626890182495,-0.6836269497871399,base,no
1033,1,0,0.32082130082460697,-1.777440071105957,-1.027440071105957,base,no
1034,1,0,0.18242550602671442,-2.105966091156006,-0.6059659719467163,base,No
1035,1,0,0.24508499107646636,-2.1833810806274414,-1.0583809614181519,base,no
1036,1,1,0.5312093733737563,-1.3388546705245972,-1.4638546705245972,base,Yes
1037,1,1,0.9399133498259924,-0.7310419082641602,-3.48104190826416,base,Yes
1038,1,1,0.5621765008857981,-1.3360390663146973,-1.5860390663146973,base,Yes
1039,1,1,0.7310585669110203,-0.9608035683631897,-1.960803508758545,base,yes
1040,1,0,0.1645164628965632,-2.5573647022247314,-0.9323647022247314,base,no
1041,1,0,0.20181323186177208,-2.039694309234619,-0.6646943688392639,base,No
1042,1,0,0.2689414213699951,-1.7975457906723022,-0.7975457906723022,base,no
1043,1,1,0.7057850278370112,-0.9669978618621826,-1.8419978618621826,base,yes
1044,1,1,0.7310585551920353,-1.0524402856826782,-2.0524401664733887,base,Yes
1045,1,0,0.18242552380635632,-2.3404839038848877,-0.8404839038848877,base,no
1046,1,0,0.24508501313237172,-2.1791696548461914,-1.0541696548461914,base,No
1047,1,0,0.20181323186177208,-2.035477876663208,-0.6604779362678528,base,no
1048,1,0,0.32082130082460697,-1.8518351316452026,-1.1018351316452026,base,No
1049,1,0,0.46879062662624377,-1.4802452325820923,-1.3552452325820923,base,no
1050,1,1,0.679178699175393,-1.1159119606018066,-1.8659119606018066,base,Yes
1051,1,0,0.3208213138121609,-1.6474919319152832,-0.897491991519928,base,no
1052,1,0,0.29421497216298875,-1.7684217691421509,-0.8934217691421509,base,no
1053,1,0,0.32082130082460697,-1.8012504577636719,-1.0512504577636719,base,No
1054,1,0,0.5,-1.4789276123046875,-1.4789276123046875,base,no
1055,1,0,0.2689414213699951,-1.922868013381958,-0.922868013381958,base,no
1056,1,0,0.14804721306746543,-2.2804293632507324,-0.530429482460022,base,no
1057,1,0,0.5,-1.3167624473571777,-1.3167624473571777,base,no
1058,1,0,0.16451645470385742,-2.5199906826019287,-0.8949906229972839,base,no
1059,1,0,0.29421497216298875,-2.168665647506714,-1.2936656475067139,base,no
1060,1,0,0.34864513533394575,-1.6344473361968994,-1.0094473361968994,base,no
1061,1,0,0.24508499107646636,-2.026287078857422,-0.9012869596481323,base,no
1062,1,0,0.22270012850745968,-2.0417675971984863,-0.7917675375938416,base,no
1063,1,0,0.20181323186177208,-2.096001386642456,-0.7210014462471008,base,no
1064,1,0,0.29421497216298875,-1.918073296546936,-1.043073296546936,base,No
1065,1,0,0.29421497216298875,-1.7554494142532349,-0.8804494142532349,base,no
1066,1,0,0.24508502416032488,-2.048917055130005,-0.9239171147346497,base,no
1067,1,0,0.1329642264548166,-2.389735698699951,-0.5147355794906616,base,no
1068,1,0,0.2227001594610082,-2.1768369674682617,-0.9268370866775513,base,no
1069,1,0,0.34864513533394575,-1.570218563079834,-0.945218563079834,base,no
1070,1,0,0.20181320305759334,-2.0950279235839844,-0.7200278043746948,base,no
1071,1,0,0.24508500210441886,-2.0591323375701904,-0.9341322779655457,base,no
1072,1,0,0.5,-1.387711763381958,-1.387711763381958,base,no
1073,1,0,0.22270013882530884,-2.2227299213409424,-0.9727299213409424,base,no
1074,1,0,0.4073334000459302,-1.7390861511230469,-1.3640861511230469,base,no
1075,1,0,0.34864513533394575,-1.7542245388031006,-1.1292245388031006,base,no
1076,1,0,0.34864513533394575,-1.7697293758392334,-1.1447293758392334,base,no
1077,1,0,0.5,-1.3565486669540405,-1.3565486669540405,base,no
1078,1,0,0.24508501313237172,-2.1187312602996826,-0.9937312602996826,base,no
1079,1,0,0.1645164792819756,-2.287879467010498,-0.6628795862197876,base,No
1080,1,0,0.1480471829959148,-2.4875855445861816,-0.7375854253768921,base,no
1081,1,0,0.22270012850745968,-2.0798463821411133,-0.8298463225364685,base,no
1082,1,0,0.20181324146316565,-2.104339122772217,-0.7293392419815063,base,no
1083,1,0,0.16451647108926923,-2.220518112182617,-0.595518171787262,base,no
1084,1,0,0.2689414213699951,-1.9010355472564697,-0.9010355472564697,base,no
1085,1,0,0.14804721306746543,-2.531121253967285,-0.7811213731765747,base,no
1086,1,0,0.4378234991142019,-1.6655185222625732,-1.4155185222625732,base,No
1087,1,0,0.29421497216298875,-1.695005178451538,-0.8200051784515381,base,No
1088,1,0,0.2689414213699951,-1.9857414960861206,-0.9857414960861206,base,no
1089,1,0,0.20181324146316565,-2.2362523078918457,-0.8612524271011353,base,no
1090,1,0,0.37754066879814546,-1.622749924659729,-1.122749924659729,base,No
1091,1,0,0.32082130082460697,-1.808394193649292,-1.058394193649292,base,no
1092,1,0,0.22270011818961086,-2.210057258605957,-0.9600571393966675,base,No
1093,1,0,0.20181322226037882,-2.3984835147857666,-1.0234835147857666,base,no
1094,1,0,0.29421497216298875,-1.9509656429290771,-1.0759656429290771,base,No
1095,1,0,0.11920291576401235,-2.6476523876190186,-0.6476523280143738,base,no
1096,1,0,0.29421497216298875,-1.932411789894104,-1.057411789894104,base,no
1097,1,0,0.32082130082460697,-1.6621495485305786,-0.9121495485305786,base,no
1098,1,0,0.1645164628965632,-2.3044469356536865,-0.6794469356536865,base,no
1099,1,0,0.46879062662624377,-1.6187329292297363,-1.4937329292297363,base,no
1100,1,1,0.5621765008857981,-1.2877802848815918,-1.5377802848815918,base,Yes
1101,1,0,0.37754066879814546,-1.8377796411514282,-1.3377796411514282,base,no
1102,1,1,0.9149009549929797,-0.5117216110229492,-2.886721611022949,base,Yes
1103,1,1,0.5926665999540697,-1.3330847024917603,-1.7080847024917603,base,Yes
1104,1,0,0.4073334000459302,-1.6330927610397339,-1.2580927610397339,base,no
1105,1,1,0.5312093733737563,-1.289611577987671,-1.414611577987671,base,yes
1106,1,0,0.37754066879814546,-1.6871018409729004,-1.1871018409729004,base,no
1107,1,0,0.34864513533394575,-1.738627552986145,-1.113627552986145,base,no
1108,1,0,0.4378234991142019,-1.4711625576019287,-1.2211625576019287,base,No
1109,1,0,0.1824255415859996,-2.3725967407226562,-0.8725968599319458,base,No
1110,1,0,0.24508502416032488,-1.9778563976287842,-0.852856457233429,base,no
1111,1,1,0.6224593312018546,-1.1754627227783203,-1.6754627227783203,base,Yes
1112,1,0,0.11920292828022305,-2.597226858139038,-0.5972269177436829,base,no
1113,1,1,0.7310585786300049,-1.0065701007843018,-2.0065701007843018,base,Yes
1114,1,0,0.18242552380635632,-2.116267442703247,-0.6162674427032471,base,no
1115,1,0,0.14804721306746543,-2.248530864715576,-0.4985309839248657,base,no
1116,1,0,0.37754066879814546,-1.536281704902649,-1.036281704902649,base,no
1117,1,0,0.32082130082460697,-1.856839895248413,-1.106839895248413,base,No
1118,1,0,0.4073334000459302,-1.5534546375274658,-1.1784546375274658,base,No
1119,1,0,0.4073334000459302,-1.5699490308761597,-1.1949490308761597,base,no
1120,1,0,0.2689414096510108,-1.9311282634735107,-0.931128203868866,base,No
1121,1,0,0.24508501313237172,-1.91587233543396,-0.79087233543396,base,no
1122,1,0,0.29421497216298875,-1.8216160535812378,-0.9466160535812378,base,no
1123,1,0,0.2689414213699951,-2.0465314388275146,-1.0465314388275146,base,no
1124,1,0,0.32082130082460697,-1.6728274822235107,-0.9228274822235107,base,no
1125,1,1,0.5621765008857981,-1.1812009811401367,-1.4312009811401367,base,yes
1126,1,0,0.5,-1.4290522336959839,-1.4290522336959839,base,no
1127,1,0,0.20181323186177208,-2.033356189727783,-0.658356249332428,base,no
1128,1,0,0.37754066879814546,-1.6698565483093262,-1.1698565483093262,base,no
1129,1,0,0.18242553269617778,-2.3364779949188232,-0.836478054523468,base,no
1130,1,0,0.37754066879814546,-1.4041860103607178,-0.9041860103607178,base,No
1131,1,0,0.20181324146316565,-2.2658743858337402,-0.8908745050430298,base,No
1132,1,0,0.08509904500702024,-2.8633975982666016,-0.48839759826660156,base,no
1133,1,0,0.22270013882530884,-2.0189731121063232,-0.7689731121063232,base,no
1134,1,0,0.2689414330889798,-1.9172983169555664,-0.9172983765602112,base,no
1135,1,0,0.22270012850745968,-2.0520641803741455,-0.8020641207695007,base,no
1136,1,0,0.2227001594610082,-2.128298282623291,-0.8782984018325806,base,no
1137,1,0,0.18242552380635632,-2.123009204864502,-0.623009204864502,base,no
1138,1,0,0.5,-1.3949449062347412,-1.3949449062347412,base,no
1139,1,0,0.37754066879814546,-1.5491691827774048,-1.0491691827774048,base,No
1140,1,0,0.4378234991142019,-1.3703855276107788,-1.1203855276107788,base,No
1141,1,1,0.5312093733737563,-1.3371859788894653,-1.4621859788894653,base,Yes
1142,1,0,0.26894139793202687,-2.076585292816162,-1.0765851736068726,base,no
1143,1,0,0.29421497216298875,-1.758561611175537,-0.8835616111755371,base,no
1144,1,1,0.5312093733737563,-1.3483847379684448,-1.4733847379684448,base,Yes
1145,1,0,0.20181321265898594,-1.9181327819824219,-0.5431327223777771,base,No
1146,1,1,0.9626731126558706,-0.5214722156524658,-3.771472215652466,base,Yes
1147,1,0,0.1329642264548166,-2.452389717102051,-0.5773895978927612,base,no
1148,1,0,0.24508501313237172,-1.9191025495529175,-0.7941025495529175,base,no
1149,1,0,0.1480471980316895,-2.3371100425720215,-0.5871100425720215,base,no
1150,1,1,0.8519528019683106,-0.885840654373169,-2.635840654373169,base,Yes
1151,1,0,0.16451645470385742,-2.48150372505188,-0.8565036654472351,base,no
1152,1,0,0.22270014914315833,-1.8958992958068848,-0.6458993554115295,base,no
1153,1,1,0.6513548646660542,-1.1000769138336182,-1.7250769138336182,base,yes
1154,1,0,0.09534947518185825,-2.8036255836486816,-0.5536257028579712,base,no
1155,1,0,0.34864513533394575,-1.7138773202896118,-1.0888773202896118,base,no
1156,1,0,0.37754066879814546,-1.7314233779907227,-1.2314233779907227,base,no
1157,1,1,0.5621765008857981,-1.0865063667297363,-1.3365063667297363,base,yes
1158,1,0,0.1824255415859996,-2.2231082916259766,-0.7231084108352661,base,no
1159,1,1,0.8807970904940926,-0.6799496412277222,-2.6799497604370117,base,Yes
1160,1,0,0.32082130082460697,-1.7522423267364502,-1.0022423267364502,base,no
1161,1,0,0.3775406547908327,-1.3040964603424072,-0.8040964007377625,base,no
1162,1,0,0.29421497216298875,-1.948103904724121,-1.073103904724121,base,No
1163,1,0,0.13296424019782924,-2.7053027153015137,-0.8303027153015137,base,no
1164,1,0,0.20181322226037882,-2.0897903442382812,-0.7147903442382812,base,no
1165,1,0,0.2942149597859341,-1.7819147109985352,-0.9069146513938904,base,no
1166,1,0,0.37754066879814546,-1.68814218044281,-1.18814218044281,base,no
1167,1,1,0.5926665999540697,-1.2536382675170898,-1.6286382675170898,base,yes
1168,1,1,0.5926665999540697,-1.2302137613296509,-1.6052137613296509,base,Yes
1169,1,0,0.5,-1.3254570960998535,-1.3254570960998535,base,No
1170,1,0,0.24508501313237172,-2.0939149856567383,-0.9689149856567383,base,no
1171,1,1,0.6224593312018546,-1.1313378810882568,-1.6313378810882568,base,Yes
1172,1,0,0.16451645880021026,-2.0998318195343018,-0.47483178973197937,base,no
1173,1,0,0.37754066879814546,-1.7325282096862793,-1.2325282096862793,base,no
1174,1,0,0.37754066879814546,-1.6417266130447388,-1.1417266130447388,base,no
1175,1,0,0.34864513533394575,-1.7747670412063599,-1.1497670412063599,base,no
1176,1,0,0.2689414330889798,-1.7867975234985352,-0.7867975831031799,base,no
1177,1,0,0.3208212878370535,-1.4588727951049805,-0.7088727355003357,base,no
1178,1,0,0.37754066879814546,-1.507616639137268,-1.007616639137268,base,no
1179,1,0,0.29421497216298875,-1.9369041919708252,-1.0619041919708252,base,no
1180,1,1,0.9669140216112958,-0.545792818069458,-3.920792818069458,base,Yes
1181,1,0,0.22270014914315833,-2.150740623474121,-0.9007406830787659,base,no
1182,1,0,0.37754066879814546,-1.6774919033050537,-1.1774919033050537,base,no
1183,1,0,0.2689414213699951,-1.9579228162765503,-0.9579228162765503,base,no
1184,1,0,0.4378234991142019,-1.400229811668396,-1.150229811668396,base,no
1185,1,0,0.34864513533394575,-1.5648744106292725,-0.9398744106292725,base,No
1186,1,0,0.34864513533394575,-1.747994303703308,-1.122994303703308,base,no
1187,1,0,0.32082130082460697,-1.765109658241272,-1.015109658241272,base,no
1188,1,0,0.26894139793202687,-2.086484909057617,-1.0864847898483276,base,no
1189,1,0,0.5,-1.440337061882019,-1.440337061882019,base,no
1190,1,1,0.6224593312018546,-1.2124412059783936,-1.7124412059783936,base,Yes
1191,1,0,0.37754066879814546,-1.7249456644058228,-1.2249456644058228,base,No
1192,1,0,0.32082130082460697,-1.9119312763214111,-1.1619312763214111,base,no
1193,1,0,0.29421497216298875,-1.9733352661132812,-1.0983352661132812,base,no
1194,1,0,0.16451645470385742,-2.5239641666412354,-0.8989641070365906,base,no
1195,1,0,0.4378234991142019,-1.6048221588134766,-1.3548221588134766,base,no
1196,1,0,0.2689414213699951,-1.691201090812683,-0.6912010908126831,base,no
1197,1,0,0.2689414213699951,-1.9821056127548218,-0.9821056127548218,base,no
1198,1,1,0.6224593312018546,-1.2623156309127808,-1.7623156309127808,base,Yes
1199,1,0,0.2689414448079646,-2.0182857513427734,-1.018285870552063,base,no
1200,1,0,0.37754066879814546,-1.737186312675476,-1.237186312675476,base,No
1201,1,1,0.5312093733737563,-1.1325366497039795,-1.2575366497039795,base,Yes
1202,1,0,0.18242550602671442,-2.070183277130127,-0.5701831579208374,base,No
1203,1,0,0.46879062662624377,-1.3120362758636475,-1.1870362758636475,base,no
1204,1,0,0.24508500210441886,-1.7860279083251953,-0.6610278487205505,base,no
1205,1,0,0.3208212878370535,-1.471327304840088,-0.7213272452354431,base,no
1206,1,0,0.11920293453832885,-2.7931418418884277,-0.7931419610977173,base,no
1207,1,0,0.32082130082460697,-1.890323281288147,-1.140323281288147,base,No
1208,1,0,0.4378234991142019,-1.2835711240768433,-1.0335711240768433,base,No
1209,1,0,0.20181321265898594,-2.146134853363037,-0.7711347937583923,base,no
1210,1,0,0.2689414213699951,-2.0935158729553223,-1.0935158729553223,base,No
1211,1,1,0.6513548646660542,-1.1080385446548462,-1.7330385446548462,base,Yes
1212,1,0,0.2689414096510108,-1.796168565750122,-0.7961685061454773,base,no
1213,1,0,0.4378234991142019,-1.3891571760177612,-1.1391571760177612,base,No
1214,1,0,0.37754066879814546,-1.57494056224823,-1.07494056224823,base,no
1215,1,0,0.2689414213699951,-1.658993124961853,-0.658993124961853,base,No
1216,1,0,0.5,-1.3816992044448853,-1.3816992044448853,base,no
1217,1,0,0.5,-1.4343429803848267,-1.4343429803848267,base,no
1218,1,1,0.5926665999540697,-1.2497035264968872,-1.6247035264968872,base,Yes
1219,1,0,0.0850990542883219,-3.215974807739258,-0.8409749269485474,base,No
1220,1,0,0.2689414213699951,-2.0157248973846436,-1.0157248973846436,base,no
1221,1,0,0.2689414213699951,-1.7853899002075195,-0.7853899002075195,base,No
1222,1,0,0.20181320305759334,-2.1148834228515625,-0.739883303642273,base,no
1223,1,1,0.8175744761936437,-0.7126710414886475,-2.2126710414886475,base,Yes
1224,1,0,0.24508501313237172,-1.9929064512252808,-0.8679064512252808,base,no
1225,1,0,0.29421497216298875,-1.9609854221343994,-1.0859854221343994,base,no
1226,1,0,0.2227001594610082,-2.0999703407287598,-0.8499704599380493,base,no
1227,1,0,0.3775406828054583,-1.4577610492706299,-0.9577611088752747,base,no
1228,1,0,0.20181321265898594,-2.1223268508911133,-0.7473267912864685,base,no
1229,1,1,0.6224593312018546,-1.1525933742523193,-1.6525933742523193,base,Yes
1230,1,0,0.29421497216298875,-1.8899195194244385,-1.0149195194244385,base,no
1231,1,0,0.24508501313237172,-1.9885573387145996,-0.8635573387145996,base,no
1232,1,0,0.32082130082460697,-1.6456687450408936,-0.8956687450408936,base,No
1233,1,0,0.24508499107646636,-2.037339210510254,-0.9123390913009644,base,no
1234,1,0,0.4378234991142019,-1.380277395248413,-1.130277395248413,base,no
1235,1,1,0.5312093733737563,-1.3286770582199097,-1.4536770582199097,base,yes
1236,1,0,0.4073334000459302,-1.6706656217575073,-1.2956656217575073,base,no
1237,1,0,0.22270013882530884,-2.181504726409912,-0.9315047264099121,base,no
1238,1,0,0.37754066879814546,-1.716908574104309,-1.216908574104309,base,no
1239,1,0,0.46879062662624377,-1.4686559438705444,-1.3436559438705444,base,no
1240,1,0,0.29421497216298875,-1.7307003736495972,-0.8557003736495972,base,no
1241,1,0,0.29421497216298875,-1.7888473272323608,-0.9138473272323608,base,no
1242,1,0,0.29421497216298875,-1.8640501499176025,-0.9890501499176025,base,no
1243,1,0,0.34864513533394575,-1.557608962059021,-0.932608962059021,base,No
1244,1,1,0.5312093733737563,-1.3780015707015991,-1.5030015707015991,base,Yes
1245,1,0,0.4378234991142019,-1.609507441520691,-1.359507441520691,base,no
1246,1,0,0.32082130082460697,-1.8129866123199463,-1.0629866123199463,base,no
1247,1,0,0.4378234991142019,-1.5711755752563477,-1.3211755752563477,base,no
1248,1,0,0.4378234991142019,-1.6028673648834229,-1.3528673648834229,base,no
1249,1,1,0.5621765008857981,-1.3320624828338623,-1.5820624828338623,base,Yes
1250,1,0,0.46879062662624377,-1.4924602508544922,-1.3674602508544922,base,no
1251,1,0,0.11920291576401235,-2.71038556098938,-0.7103855013847351,base,no
1252,1,0,0.32082130082460697,-1.842045545578003,-1.092045545578003,base,no
1253,1,0,0.29421497216298875,-1.856001377105713,-0.9810013771057129,base,no
1254,1,0,0.37754066879814546,-1.7167967557907104,-1.2167967557907104,base,no
1255,1,0,0.10669058826486906,-2.561251163482666,-0.43625110387802124,base,No
1256,1,0,0.24508499107646636,-2.113781452178955,-0.9887813329696655,base,No
1257,1,1,0.6224593312018546,-1.2196024656295776,-1.7196024656295776,base,Yes
1258,1,0,0.34864513533394575,-1.818163514137268,-1.193163514137268,base,no
1259,1,0,0.24508500210441886,-2.116503953933716,-0.991503894329071,base,No
1260,1,0,0.26894139793202687,-2.001262664794922,-1.0012625455856323,base,no
1261,1,0,0.32082130082460697,-1.804074764251709,-1.054074764251709,base,no
1262,1,0,0.4073334000459302,-1.6115937232971191,-1.2365937232971191,base,no
1263,1,0,0.4073334000459302,-1.647425651550293,-1.272425651550293,base,No
1264,1,0,0.46879062662624377,-1.3966848850250244,-1.2716848850250244,base,no
1265,1,0,0.34864513533394575,-1.4341206550598145,-0.8091206550598145,base,no
1266,1,0,0.4073334000459302,-1.6439675092697144,-1.2689675092697144,base,No
1267,1,0,0.09534945975773548,-2.592526435852051,-0.342526376247406,base,No
1268,1,0,0.4073334000459302,-1.5887606143951416,-1.2137606143951416,base,no
1269,1,1,0.6224593312018546,-1.1798350811004639,-1.6798350811004639,base,Yes
1270,1,0,0.26894139793202687,-2.048715114593506,-1.0487149953842163,base,no
1271,1,0,0.24508500210441886,-1.9681439399719238,-0.843143880367279,base,no
1272,1,0,0.34864513533394575,-1.872066855430603,-1.247066855430603,base,no
1273,1,0,0.22270013882530884,-1.9339491128921509,-0.6839491128921509,base,no
1274,1,0,0.24508501313237172,-1.8814082145690918,-0.7564082145690918,base,no
1275,1,0,0.24508501313237172,-2.139862298965454,-1.014862298965454,base,no
1276,1,0,0.2689414213699951,-1.69930100440979,-0.69930100440979,base,No
1277,1,0,0.2942149474088797,-2.0308213233947754,-1.1558212041854858,base,no
1278,1,0,0.37754066879814546,-1.7261989116668701,-1.2261989116668701,base,no
1279,1,0,0.20181324146316565,-2.3503189086914062,-0.9753190279006958,base,no
1280,1,0,0.4073334000459302,-1.682979702949524,-1.307979702949524,base,no
1281,1,0,0.2689414213699951,-1.6574440002441406,-0.6574440002441406,base,no
1282,1,0,0.24508501313237172,-1.7531933784484863,-0.6281933784484863,base,no
1283,1,0,0.2689414213699951,-1.8362189531326294,-0.8362189531326294,base,no
1284,1,0,0.2689414213699951,-2.101797580718994,-1.1017975807189941,base,no
1285,1,0,0.13296425394084313,-2.474277973175049,-0.5992780923843384,base,no
1286,1,0,0.32082130082460697,-1.6750153303146362,-0.9250153303146362,base,no
1287,1,0,0.29421497216298875,-1.6564955711364746,-0.7814955711364746,base,No
1288,1,0,0.29421497216298875,-1.755098581314087,-0.8800985813140869,base,no
1289,1,0,0.24508503518827837,-2.0022635459899902,-0.8772636651992798,base,no
1290,1,1,0.7057850278370112,-1.0588222742080688,-1.9338222742080688,base,Yes
1291,1,0,0.32082130082460697,-1.8506821393966675,-1.1006821393966675,base,no
1292,1,1,0.5621765008857981,-1.319980263710022,-1.569980263710022,base,Yes
1293,1,0,0.3775406547908327,-1.482541799545288,-0.9825417399406433,base,No
1294,1,0,0.2689414213699951,-1.9149788618087769,-0.9149788618087769,base,no
1295,1,0,0.3775406828054583,-1.495452642440796,-0.9954527020454407,base,no
1296,1,0,0.46879062662624377,-1.196020483970642,-1.071020483970642,base,no
1297,1,0,0.1480471829959148,-2.5574302673339844,-0.8074301481246948,base,no
1298,1,0,0.34864513533394575,-1.5750678777694702,-0.9500678777694702,base,no
1299,1,0,0.32082130082460697,-1.7496849298477173,-0.9996849298477173,base,no
1300,1,0,0.1480471980316895,-2.255708932876587,-0.5057089328765869,base,No
1301,1,0,0.32082130082460697,-1.9153623580932617,-1.1653623580932617,base,no
1302,1,0,0.32082130082460697,-1.9159880876541138,-1.1659880876541138,base,no
1303,1,0,0.32082130082460697,-1.7764415740966797,-1.0264415740966797,base,no
1304,1,0,0.32082130082460697,-1.9488213062286377,-1.1988213062286377,base,no
1305,1,0,0.22270012850745968,-2.2260665893554688,-0.976066529750824,base,no
1306,1,0,0.1645164628965632,-2.3641140460968018,-0.7391140460968018,base,no
1307,1,0,0.2689414213699951,-1.8440240621566772,-0.8440240621566772,base,no
1308,1,1,0.5621765008857981,-1.3265633583068848,-1.5765633583068848,base,Yes
1309,1,0,0.32082130082460697,-1.8904991149902344,-1.1404991149902344,base,No
1310,1,0,0.24508501313237172,-2.203176736831665,-1.078176736831665,base,no
1311,1,0,0.46879062662624377,-1.51637864112854,-1.39137864112854,base,no
1312,1,0,0.3208212878370535,-1.5154004096984863,-0.7654003500938416,base,No
1313,1,0,0.29421497216298875,-1.8575819730758667,-0.9825819730758667,base,no
1314,1,0,0.2689414213699951,-1.942623257637024,-0.9426232576370239,base,no
1315,1,0,0.29421497216298875,-1.85923433303833,-0.9842343330383301,base,no
1316,1,0,0.34864513533394575,-1.7471330165863037,-1.1221330165863037,base,no
1317,1,1,0.7981867777396212,-1.0116081237792969,-2.386608123779297,base,Yes
1318,1,0,0.24508502416032488,-1.963240146636963,-0.8382402062416077,base,no
1319,1,0,0.5,-1.4084205627441406,-1.4084205627441406,base,no
1320,1,0,0.24508499107646636,-2.0652518272399902,-0.9402517080307007,base,no
1321,1,0,0.1480471829959148,-2.4624381065368652,-0.7124379873275757,base,no
1322,1,0,0.34864513533394575,-1.6521992683410645,-1.0271992683410645,base,no
1323,1,0,0.4378234991142019,-1.6062407493591309,-1.3562407493591309,base,no
1324,1,0,0.24508502416032488,-1.881582260131836,-0.7565823197364807,base,no
1325,1,0,0.24508501313237172,-2.194502115249634,-1.0695021152496338,base,no
1326,1,0,0.24508499107646636,-2.0212349891662598,-0.8962348699569702,base,no
1327,1,0,0.37754066879814546,-1.510707974433899,-1.010707974433899,base,no
1328,1,0,0.34864513533394575,-1.4861606359481812,-0.8611606359481812,base,No
1329,1,0,0.22270011818961086,-2.1161303520202637,-0.8661302328109741,base,No
1330,1,1,0.5926665999540697,-1.2814010381698608,-1.6564010381698608,base,Yes
1331,1,0,0.22270012850745968,-1.9200174808502197,-0.670017421245575,base,no
1332,1,0,0.4378234991142019,-1.4403852224349976,-1.1903852224349976,base,no
1333,1,0,0.1066905825840872,-2.702852249145508,-0.5778521299362183,base,no
1334,1,1,0.5312093733737563,-1.2919867038726807,-1.4169867038726807,base,Yes
1335,1,0,0.29421497216298875,-1.8651175498962402,-0.9901175498962402,base,no
1336,1,1,0.7057850154599563,-0.8058808445930481,-1.6808807849884033,base,Yes
1337,1,0,0.32082130082460697,-1.9134457111358643,-1.1634457111358643,base,no
1338,1,0,0.32082130082460697,-1.9105966091156006,-1.1605966091156006,base,no
1339,1,0,0.2689414213699951,-1.8298519849777222,-0.8298519849777222,base,no
1340,1,0,0.20181322226037882,-2.0942962169647217,-0.7192962169647217,base,no
1341,1,0,0.22270012850745968,-2.1918227672576904,-0.9418227076530457,base,no
1342,1,0,0.16451644651115205,-2.5243334770202637,-0.8993333578109741,base,no
1343,1,0,0.4073334000459302,-1.6527377367019653,-1.2777377367019653,base,no
1344,1,0,0.14804719051380197,-2.3470113277435303,-0.5970112681388855,base,no
1345,1,0,0.32082130082460697,-1.668116569519043,-0.918116569519043,base,no
1346,1,1,0.5312093733737563,-1.2548686265945435,-1.3798686265945435,base,yes
1347,1,0,0.2689414213699951,-2.0738468170166016,-1.0738468170166016,base,no
1348,1,0,0.46879062662624377,-1.2673109769821167,-1.1423109769821167,base,No
1349,1,0,0.1824255415859996,-2.2527213096618652,-0.7527214288711548,base,No
1350,1,0,0.4073334000459302,-1.611396074295044,-1.236396074295044,base,No
1351,1,0,0.29421497216298875,-1.9365818500518799,-1.0615818500518799,base,No
1352,1,0,0.32082130082460697,-1.8908056020736694,-1.1408056020736694,base,no
1353,1,0,0.16451644651115205,-2.274303913116455,-0.6493037939071655,base,no
1354,1,0,0.32082130082460697,-1.7204698324203491,-0.9704698324203491,base,no
1355,1,0,0.24508501313237172,-2.1813197135925293,-1.0563197135925293,base,no
1356,1,0,0.32082130082460697,-1.8898319005966187,-1.1398319005966187,base,no
1357,1,0,0.16451647108926923,-2.299312114715576,-0.674312174320221,base,no
1358,1,0,0.20181322226037882,-1.9970091581344604,-0.6220091581344604,base,no
1359,1,0,0.32082130082460697,-1.8051061630249023,-1.0551061630249023,base,no
1360,1,0,0.4073334000459302,-1.6331530809402466,-1.2581530809402466,base,no
1361,1,0,0.2689414096510108,-1.8264501094818115,-0.8264500498771667,base,no
1362,1,0,0.34864513533394575,-1.552258014678955,-0.9272580146789551,base,No
1363,1,0,0.2689414213699951,-1.896182656288147,-0.896182656288147,base,no
1364,1,0,0.32082130082460697,-1.7987407445907593,-1.0487407445907593,base,no
1365,1,0,0.24508500210441886,-2.066446542739868,-0.9414464831352234,base,no
1366,1,0,0.4378234991142019,-1.550589680671692,-1.300589680671692,base,no
1367,1,0,0.24508501313237172,-2.04516863822937,-0.9201686382293701,base,no
1368,1,1,0.7057850278370112,-1.065657377243042,-1.940657377243042,base,Yes
1369,1,1,0.5312093733737563,-1.3339872360229492,-1.4589872360229492,base,yes
1370,1,1,0.7772998508568416,-0.848457396030426,-2.0984573364257812,base,Yes
1371,1,0,0.4073334000459302,-1.5318304300308228,-1.1568304300308228,base,No
1372,1,1,0.5926665999540697,-1.350754737854004,-1.725754737854004,base,Yes
1373,1,0,0.2942149597859341,-1.6841375827789307,-0.8091375231742859,base,no
1374,1,0,0.4378234991142019,-1.5813442468643188,-1.3313442468643188,base,no
1375,1,0,0.34864513533394575,-1.5479426383972168,-0.9229426383972168,base,No
1376,1,0,0.2689414213699951,-2.02439546585083,-1.02439546585083,base,No
1377,1,0,0.46879062662624377,-1.4806673526763916,-1.3556673526763916,base,No
1378,1,0,0.22270013882530884,-1.9705312252044678,-0.7205312252044678,base,no
1379,1,0,0.18242551491653522,-2.3499693870544434,-0.8499693274497986,base,no
1380,1,0,0.34864513533394575,-1.7931137084960938,-1.1681137084960938,base,no
1381,1,0,0.22270013882530884,-2.131730556488037,-0.8817305564880371,base,no
1382,1,0,0.29421497216298875,-2.010770320892334,-1.135770320892334,base,no
1383,1,0,0.2689414213699951,-1.783333420753479,-0.783333420753479,base,no
1384,1,0,0.4378234991142019,-1.6700495481491089,-1.4200495481491089,base,no
1385,1,1,0.5312093733737563,-1.3791438341140747,-1.5041438341140747,base,Yes
1386,1,0,0.4378234991142019,-1.4644509553909302,-1.2144509553909302,base,no
1387,1,0,0.2689414213699951,-1.6735988855361938,-0.6735988855361938,base,no
1388,1,0,0.2689414330889798,-1.830996036529541,-0.8309960961341858,base,no
1389,1,1,0.7549149648117217,-0.9110385179519653,-2.036038398742676,base,Yes
1390,1,0,0.20181324146316565,-2.2000064849853516,-0.8250066041946411,base,no
1391,1,0,0.22270013882530884,-1.9418259859085083,-0.6918259859085083,base,no
1392,1,1,0.7772998405389918,-0.8419228792190552,-2.0919227600097656,base,yes
1393,1,0,0.5,-1.4740707874298096,-1.4740707874298096,base,no
1394,1,0,0.37754066879814546,-1.4925785064697266,-0.9925785064697266,base,No
1395,1,0,0.1329642333263228,-2.4603538513183594,-0.5853537917137146,base,no
1396,1,0,0.22270013882530884,-2.2284233570098877,-0.9784233570098877,base,no
1397,1,0,0.20181321265898594,-2.3145105838775635,-0.9395105242729187,base,no
1398,1,0,0.5,-1.2122633457183838,-1.2122633457183838,base,no
1399,1,0,0.3775406547908327,-1.3784098625183105,-0.8784098029136658,base,No
1400,1,0,0.22270013882530884,-2.1398322582244873,-0.8898322582244873,base,no
1401,1,0,0.22270012850745968,-1.832672357559204,-0.5826722979545593,base,no
1402,1,1,0.8807970654616711,-0.745641827583313,-2.7456417083740234,base,Yes
1403,1,1,0.5926665999540697,-1.1495567560195923,-1.5245567560195923,base,yes
1404,1,0,0.29421497216298875,-2.01167368888855,-1.1366736888885498,base,no
1405,1,0,0.29421497216298875,-2.0033762454986572,-1.1283762454986572,base,no
1406,1,1,0.7549150089235336,-0.9831289052963257,-2.1081290245056152,base,Yes
1407,1,0,0.22270012850745968,-1.8822753429412842,-0.6322752833366394,base,no
1408,1,1,0.679178699175393,-1.1188063621520996,-1.8688063621520996,base,Yes
1409,1,0,0.32082130082460697,-1.7183747291564941,-0.9683747291564941,base,No
1410,1,0,0.37754066879814546,-1.7433103322982788,-1.2433103322982788,base,no
1411,1,0,0.18242553269617778,-2.4130961894989014,-0.9130962491035461,base,no
1412,1,0,0.37754066879814546,-1.7599759101867676,-1.2599759101867676,base,no
1413,1,0,0.2689414330889798,-1.9580461978912354,-0.9580462574958801,base,no
1414,1,0,0.37754066879814546,-1.6949514150619507,-1.1949514150619507,base,no
1415,1,0,0.24508501313237172,-2.209899663925171,-1.084899663925171,base,No
1416,1,1,0.5621765008857981,-1.2656636238098145,-1.5156636238098145,base,Yes
1417,1,0,0.18242550602671442,-2.2268805503845215,-0.7268804311752319,base,no
1418,1,1,0.7310585786300049,-1.0243382453918457,-2.0243382453918457,base,Yes
1419,1,0,0.34864513533394575,-1.803800344467163,-1.178800344467163,base,no
1420,1,0,0.18242551491653522,-2.276905059814453,-0.7769050002098083,base,no
1421,1,0,0.5,-1.4910244941711426,-1.4910244941711426,base,no
1422,1,0,0.26894139793202687,-2.131282329559326,-1.1312822103500366,base,no
1423,1,0,0.24508499107646636,-2.00709867477417,-0.8820985555648804,base,no
1424,1,1,0.835483553488848,-0.856953501701355,-2.4819536209106445,base,yes
1425,1,1,0.5926665999540697,-1.1772115230560303,-1.5522115230560303,base,Yes
1426,1,0,0.2689414213699951,-1.993161916732788,-0.9931619167327881,base,no
1427,1,0,0.29421497216298875,-1.9997658729553223,-1.1247658729553223,base,No
1428,1,0,0.46879062662624377,-1.3860764503479004,-1.2610764503479004,base,no
1429,1,0,0.18242553269617778,-2.2005019187927246,-0.7005019783973694,base,no
1430,1,0,0.294214996917099,-2.0297646522521973,-1.1547647714614868,base,no
1431,1,0,0.2942149597859341,-1.7825138568878174,-0.9075137972831726,base,No
1432,1,0,0.46879062662624377,-1.4507558345794678,-1.3257558345794678,base,no
1433,1,0,0.37754066879814546,-1.74824857711792,-1.24824857711792,base,no
1434,1,0,0.24508501313237172,-2.1261403560638428,-1.0011403560638428,base,no
1435,1,0,0.34864513533394575,-1.639940619468689,-1.014940619468689,base,no
1436,1,0,0.29421497216298875,-1.8500704765319824,-0.9750704765319824,base,no
1437,1,0,0.37754066879814546,-1.770044207572937,-1.270044207572937,base,no
1438,1,0,0.34864513533394575,-1.8207361698150635,-1.1957361698150635,base,no
1439,1,0,0.24508501313237172,-1.8755083084106445,-0.7505083084106445,base,no
1440,1,0,0.3208212878370535,-1.6645293235778809,-0.9145292639732361,base,no
1441,1,0,0.24508501313237172,-1.8690143823623657,-0.7440143823623657,base,No
1442,1,0,0.4073334000459302,-1.5283432006835938,-1.1533432006835938,base,no
1443,1,0,0.4378234991142019,-1.5205754041671753,-1.2705754041671753,base,no
1444,1,0,0.14804719051380197,-2.3941798210144043,-0.6441797614097595,base,no
1445,1,0,0.2689414213699951,-1.974568486213684,-0.9745684862136841,base,no
1446,1,0,0.2689414330889798,-1.9331855773925781,-0.9331856369972229,base,no
1447,1,0,0.34864513533394575,-1.6757655143737793,-1.0507655143737793,base,no
1448,1,1,0.5621765008857981,-1.2708466053009033,-1.5208466053009033,base,Yes
1449,1,1,0.679178699175393,-1.1776714324951172,-1.9276714324951172,base,Yes
1450,1,0,0.2689414213699951,-2.054932117462158,-1.0549321174621582,base,No
1451,1,0,0.37754066879814546,-1.6201753616333008,-1.1201753616333008,base,no
1452,1,0,0.4073334000459302,-1.534924030303955,-1.159924030303955,base,no
1453,1,0,0.34864513533394575,-1.8460075855255127,-1.2210075855255127,base,no
1454,1,0,0.20181320305759334,-2.3363194465637207,-0.9613193273544312,base,no
1455,1,1,0.5312093733737563,-1.3548474311828613,-1.4798474311828613,base,Yes
1456,1,0,0.22270011818961086,-2.2022228240966797,-0.9522227048873901,base,No
1457,1,0,0.24508499107646636,-2.1685972213745117,-1.0435971021652222,base,no
1458,1,0,0.20181324146316565,-2.0199074745178223,-0.6449075937271118,base,no
1459,1,0,0.46879062662624377,-1.384576439857483,-1.259576439857483,base,no
1460,1,0,0.20181322226037882,-2.309999942779541,-0.934999942779541,base,no
1461,1,0,0.24508500210441886,-1.8645200729370117,-0.7395200133323669,base,no
1462,1,0,0.1480471829959148,-2.619868278503418,-0.8698681592941284,base,No
1463,1,0,0.34864513533394575,-1.7351144552230835,-1.1101144552230835,base,No
1464,1,0,0.37754066879814546,-1.6973228454589844,-1.1973228454589844,base,no
1465,1,0,0.29421497216298875,-1.8194321393966675,-0.9444321393966675,base,no
1466,1,0,0.24508502416032488,-1.9638960361480713,-0.8388960957527161,base,no
1467,1,0,0.32082130082460697,-1.9571850299835205,-1.2071850299835205,base,no
1468,1,0,0.37754066879814546,-1.5974831581115723,-1.0974831581115723,base,no
1469,1,0,0.22270013882530884,-1.9909254312515259,-0.7409254312515259,base,no
1470,1,0,0.4378234991142019,-1.5678386688232422,-1.3178386688232422,base,no
1471,1,1,0.679178699175393,-1.0070143938064575,-1.7570143938064575,base,Yes
1472,1,1,0.8354835452961425,-0.8050059676170349,-2.4300060272216797,base,Yes
1473,1,0,0.4073334000459302,-1.3681046962738037,-0.9931046962738037,base,no
1474,1,0,0.11920292202211755,-2.5173754692077637,-0.5173754692077637,base,no
1475,1,0,0.29421497216298875,-1.7770367860794067,-0.9020367860794067,base,no
1476,1,0,0.2689414448079646,-2.1424965858459473,-1.1424967050552368,base,no
1477,1,0,0.37754066879814546,-1.654914379119873,-1.154914379119873,base,no
1478,1,1,0.5621765008857981,-1.3866047859191895,-1.6366047859191895,base,Yes
1479,1,1,0.7549150089235336,-0.9328597784042358,-2.0578598976135254,base,Yes
1480,1,1,0.5926665999540697,-1.1577272415161133,-1.5327272415161133,base,Yes
1481,1,0,0.34864513533394575,-1.6391021013259888,-1.0141021013259888,base,no
1482,1,0,0.20181322226037882,-2.3096001148223877,-0.9346001148223877,base,no
1483,1,1,0.679178699175393,-1.0167304277420044,-1.7667304277420044,base,Yes
1484,1,1,0.5926665999540697,-1.2578532695770264,-1.6328532695770264,base,Yes
1485,1,0,0.29421497216298875,-1.8319071531295776,-0.9569071531295776,base,no
1486,1,0,0.24508501313237172,-1.9700596332550049,-0.8450596332550049,base,no
1487,1,0,0.14804719051380197,-2.449444055557251,-0.6994439959526062,base,no
1488,1,1,0.6513548646660542,-0.9279823303222656,-1.5529823303222656,base,Yes
1489,1,0,0.2689414330889798,-1.9351255893707275,-0.9351256489753723,base,no
1490,1,0,0.22270012850745968,-2.0286450386047363,-0.7786449790000916,base,no
1491,1,0,0.4073334000459302,-1.5229097604751587,-1.1479097604751587,base,no
1492,1,1,0.6224593312018546,-1.2193235158920288,-1.7193235158920288,base,Yes
1493,1,0,0.22270013882530884,-2.198396921157837,-0.9483969211578369,base,no
1494,1,0,0.37754066879814546,-1.5893592834472656,-1.0893592834472656,base,no
1495,1,0,0.20181321265898594,-2.055363178253174,-0.680363118648529,base,no
1496,1,0,0.34864513533394575,-1.7940109968185425,-1.1690109968185425,base,no
1497,1,0,0.2689414330889798,-1.756253957748413,-0.7562540173530579,base,no
1498,1,0,0.29421497216298875,-1.9850629568099976,-1.1100629568099976,base,no
1499,1,0,0.46879062662624377,-1.4136736392974854,-1.2886736392974854,base,no
1500,1,0,0.24508501313237172,-1.892862319946289,-0.7678623199462891,base,No
1501,1,0,0.32082130082460697,-1.6513315439224243,-0.9013315439224243,base,no
1502,1,0,0.22270013882530884,-2.0379903316497803,-0.7879903316497803,base,no
1503,1,0,0.37754066879814546,-1.6364010572433472,-1.1364010572433472,base,no
1504,1,1,0.5312093733737563,-1.2918719053268433,-1.4168719053268433,base,yes
1505,1,0,0.24508501313237172,-2.15726375579834,-1.0322637557983398,base,No
1506,1,0,0.20181323186177208,-2.0829319953918457,-0.7079320549964905,base,no
1507,1,0,0.46879062662624377,-1.4804788827896118,-1.3554788827896118,base,no
1508,1,0,0.2689414213699951,-1.979167103767395,-0.979167103767395,base,no
1509,1,0,0.20181322226037882,-2.2588300704956055,-0.8838300704956055,base,no
1510,1,0,0.4378234991142019,-1.352246642112732,-1.102246642112732,base,no
1511,1,0,0.29421497216298875,-1.919290542602539,-1.044290542602539,base,no
1512,1,0,0.34864513533394575,-1.8366318941116333,-1.2116318941116333,base,no
1513,1,1,0.7310585786300049,-0.9851975440979004,-1.9851975440979004,base,Yes
1514,1,0,0.22270014914315833,-1.9855616092681885,-0.7355616688728333,base,no
1515,1,0,0.2689414330889798,-1.8287882804870605,-0.8287883400917053,base,no
1516,1,0,0.2689414096510108,-1.9276974201202393,-0.9276973605155945,base,no
1517,1,0,0.3486451217982255,-1.6228926181793213,-0.9978925585746765,base,no
1518,1,0,0.20181322226037882,-1.9316896200180054,-0.5566896200180054,base,no
1519,1,0,0.24508500210441886,-1.9456658363342285,-0.8206657767295837,base,no
1520,1,0,0.4378234991142019,-1.3180108070373535,-1.0680108070373535,base,No
1521,1,0,0.46879062662624377,-1.5316832065582275,-1.4066832065582275,base,no
1522,1,0,0.37754066879814546,-1.4674233198165894,-0.9674233198165894,base,No
1523,1,1,0.6513548646660542,-1.1162809133529663,-1.7412809133529663,base,Yes
1524,1,0,0.0953494648991095,-2.959998846054077,-0.7099988460540771,base,no
1525,1,0,0.24508499107646636,-2.1198573112487793,-0.9948571920394897,base,no
1526,1,0,0.24508503518827837,-2.116767406463623,-0.9917675256729126,base,no
1527,1,0,0.1824255415859996,-2.2961854934692383,-0.7961856126785278,base,no
1528,1,1,0.5312093733737563,-1.2295377254486084,-1.3545377254486084,base,yes
1529,1,0,0.4378234991142019,-1.340991735458374,-1.090991735458374,base,no
1530,1,0,0.29421497216298875,-1.8362668752670288,-0.9612668752670288,base,No
1531,1,1,0.6513548646660542,-1.1771316528320312,-1.8021316528320312,base,Yes
1532,1,0,0.20181322226037882,-2.19931960105896,-0.82431960105896,base,no
1533,1,0,0.20181321265898594,-2.125746250152588,-0.7507461905479431,base,no
1534,1,0,0.34864513533394575,-1.8221107721328735,-1.1971107721328735,base,no
1535,1,0,0.34864513533394575,-1.7444484233856201,-1.1194484233856201,base,no
1536,1,0,0.4378234991142019,-1.420562744140625,-1.170562744140625,base,no
1537,1,0,0.24508501313237172,-1.8191274404525757,-0.6941274404525757,base,no
1538,1,0,0.37754066879814546,-1.6978965997695923,-1.1978965997695923,base,no
1539,1,0,0.32082130082460697,-1.7611526250839233,-1.0111526250839233,base,no
1540,1,0,0.3208212878370535,-1.6642391681671143,-0.9142391085624695,base,no
1541,1,0,0.46879062662624377,-1.600921392440796,-1.475921392440796,base,no
1542,1,0,0.34864513533394575,-1.664675235748291,-1.039675235748291,base,no
1543,1,0,0.46879062662624377,-1.4854990243911743,-1.3604990243911743,base,no
1544,1,0,0.34864513533394575,-1.8585036993026733,-1.2335036993026733,base,no
1545,1,0,0.20181321265898594,-2.3123600482940674,-0.9373599886894226,base,No
1546,1,0,0.37754066879814546,-1.672461748123169,-1.172461748123169,base,no
1547,1,0,0.46879062662624377,-1.475408673286438,-1.350408673286438,base,no
1548,1,0,0.22270013882530884,-1.9443364143371582,-0.6943364143371582,base,no
1549,1,0,0.37754066879814546,-1.596252202987671,-1.096252202987671,base,no
1550,1,0,0.4073334000459302,-1.5294944047927856,-1.1544944047927856,base,no
1551,1,0,0.22270013882530884,-2.2875001430511475,-1.0375001430511475,base,no
1552,1,0,0.13296424706933604,-2.6784369945526123,-0.8034370541572571,base,no
1553,1,1,0.6224593312018546,-1.2365705966949463,-1.7365705966949463,base,Yes
1554,1,0,0.2689414213699951,-2.07196307182312,-1.0719630718231201,base,no
1555,1,0,0.2942149597859341,-1.753023624420166,-0.8780235648155212,base,no
1556,1,0,0.24508501313237172,-2.115358829498291,-0.990358829498291,base,no
1557,1,0,0.37754066879814546,-1.6652588844299316,-1.1652588844299316,base,No
1558,1,0,0.29421497216298875,-1.8301016092300415,-0.9551016092300415,base,no
1559,1,0,0.24508501313237172,-1.9437767267227173,-0.8187767267227173,base,no
1560,1,1,0.7549150089235336,-0.9923099279403687,-2.117310047149658,base,Yes
1561,1,0,0.18242552380635632,-2.2448346614837646,-0.7448346614837646,base,no
1562,1,0,0.34864513533394575,-1.8339482545852661,-1.2089482545852661,base,no
1563,1,1,0.6513548646660542,-1.1392390727996826,-1.7642390727996826,base,Yes
1564,1,0,0.22270012850745968,-2.032179832458496,-0.7821797728538513,base,no
1565,1,0,0.20181322226037882,-2.148012399673462,-0.7730123996734619,base,no
1566,1,0,0.2689414213699951,-2.175527811050415,-1.175527811050415,base,no
1567,1,0,0.46879062662624377,-1.4114742279052734,-1.2864742279052734,base,no
1568,1,0,0.20181324146316565,-2.3297181129455566,-0.9547182321548462,base,no
1569,1,0,0.1480471980316895,-2.3781609535217285,-0.6281609535217285,base,no
1570,1,0,0.32082130082460697,-1.8370078802108765,-1.0870078802108765,base,no
1571,1,0,0.2689414213699951,-1.705150842666626,-0.705150842666626,base,no
1572,1,0,0.11920292828022305,-2.629711389541626,-0.6297114491462708,base,no
1573,1,0,0.24508500210441886,-2.025897264480591,-0.900897204875946,base,no
1574,1,0,0.2942149597859341,-1.783909559249878,-0.9089094996452332,base,no
1575,1,0,0.18242553269617778,-2.4017274379730225,-0.9017274975776672,base,no
1576,1,0,0.22270014914315833,-2.1507797241210938,-0.9007797837257385,base,no
1577,1,0,0.22270012850745968,-2.0680060386657715,-0.8180059790611267,base,no
1578,1,0,0.18242553269617778,-2.2369959354400635,-0.7369959950447083,base,no
1579,1,0,0.294214996917099,-2.056358814239502,-1.1813589334487915,base,no
1580,1,0,0.4073334000459302,-1.6331487894058228,-1.2581487894058228,base,no
1581,1,1,0.7310585903489892,-0.9193994402885437,-1.9193994998931885,base,yes
1582,1,0,0.37754066879814546,-1.6018671989440918,-1.1018671989440918,base,no
1583,1,0,0.4073334000459302,-1.5327341556549072,-1.1577341556549072,base,no
1584,1,0,0.4378234991142019,-1.5388286113739014,-1.2888286113739014,base,no
1585,1,0,0.2689414096510108,-1.825549840927124,-0.8255497813224792,base,no
1586,1,0,0.4378234991142019,-1.4681134223937988,-1.2181134223937988,base,no
1587,1,1,0.5926665999540697,-1.255719542503357,-1.630719542503357,base,Yes
1588,1,0,0.24508499107646636,-2.2316699028015137,-1.1066697835922241,base,no
1589,1,0,0.3486451217982255,-1.5641369819641113,-0.9391369223594666,base,no
1590,1,0,0.2689414330889798,-1.7473845481872559,-0.7473846077919006,base,no
1591,1,1,0.7057850278370112,-0.9282959699630737,-1.8032959699630737,base,Yes
1592,1,0,0.22270014914315833,-2.1370131969451904,-0.8870132565498352,base,no
1593,1,0,0.4378234991142019,-1.5745702981948853,-1.3245702981948853,base,no
1594,1,0,0.29421497216298875,-1.9619007110595703,-1.0869007110595703,base,No
1595,1,0,0.46879062662624377,-1.4211275577545166,-1.2961275577545166,base,no
1596,1,0,0.4073334000459302,-1.5140091180801392,-1.1390091180801392,base,no
1597,1,0,0.2689414213699951,-2.006190061569214,-1.0061900615692139,base,no
1598,1,0,0.32082130082460697,-1.9068732261657715,-1.1568732261657715,base,no
1599,1,0,0.22270014914315833,-2.136751651763916,-0.8867517113685608,base,no
1600,1,0,0.22270014914315833,-2.0033247470855713,-0.7533248066902161,base,no
1601,1,0,0.2689414213699951,-1.8630167245864868,-0.8630167245864868,base,no
1602,1,0,0.24508501313237172,-2.0816991329193115,-0.9566991329193115,base,no
1603,1,0,0.32082130082460697,-1.8400269746780396,-1.0900269746780396,base,no
1604,1,1,0.798186768138228,-0.9076460003852844,-2.2826459407806396,base,Yes
1605,1,1,0.5312093733737563,-1.4721697568893433,-1.5971697568893433,base,Yes
1606,1,0,0.11920291576401235,-2.5586671829223633,-0.5586671233177185,base,no
1607,1,0,0.294214996917099,-2.0158824920654297,-1.1408826112747192,base,no
1608,1,0,0.5,-1.3929880857467651,-1.3929880857467651,base,no
1609,1,0,0.20181323186177208,-2.1035656929016113,-0.7285657525062561,base,no
1610,1,0,0.2689414448079646,-2.1018881797790527,-1.1018882989883423,base,no
1611,1,0,0.24508499107646636,-2.121514320373535,-0.9965142011642456,base,no
1612,1,0,0.24508501313237172,-1.9084006547927856,-0.7834006547927856,base,no
1613,1,0,0.2689414330889798,-1.8606412410736084,-0.8606413006782532,base,no
1614,1,0,0.4073334000459302,-1.6338919401168823,-1.2588919401168823,base,no
1615,1,0,0.20181323186177208,-2.1988463401794434,-0.8238463997840881,base,no
1616,1,0,0.4073334000459302,-1.6187785863876343,-1.2437785863876343,base,No
1617,1,0,0.29421497216298875,-1.7094801664352417,-0.8344801664352417,base,no
1618,1,0,0.34864513533394575,-1.7718807458877563,-1.1468807458877563,base,no
1619,1,1,0.9241418158002492,-0.6973913311958313,-3.1973912715911865,base,Yes
1620,1,0,0.2689414213699951,-1.9675209522247314,-0.9675209522247314,base,no
1621,1,0,0.1645164628965632,-2.315886974334717,-0.6908869743347168,base,no
1622,1,0,0.34864513533394575,-1.74167799949646,-1.11667799949646,base,no
1623,1,0,0.37754066879814546,-1.7386518716812134,-1.2386518716812134,base,no
1624,1,0,0.2942149845400438,-1.8641440868377686,-0.9891441464424133,base,no
1625,1,0,0.1645164628965632,-2.455742835998535,-0.8307428359985352,base,no
1626,1,1,0.5926665999540697,-1.0850000381469727,-1.4600000381469727,base,yes
1627,1,0,0.1645164628965632,-2.3641140460968018,-0.7391140460968018,base,no
1628,1,1,0.5621765008857981,-1.3201457262039185,-1.5701457262039185,base,Yes
1629,1,1,0.5312093733737563,-1.0415652990341187,-1.1665652990341187,base,Yes
1630,1,0,0.37754066879814546,-1.745948314666748,-1.245948314666748,base,no
1631,1,0,0.34864513533394575,-1.5040346384048462,-0.8790346384048462,base,no
1632,1,0,0.24508499107646636,-2.0477418899536133,-0.9227417707443237,base,no
1633,1,0,0.24508501313237172,-1.9833567142486572,-0.8583567142486572,base,no
1634,1,0,0.32082130082460697,-1.8571116924285889,-1.1071116924285889,base,no
1635,1,1,0.5926665999540697,-1.2249903678894043,-1.5999903678894043,base,Yes
1636,1,0,0.24508502416032488,-1.9657604694366455,-0.8407605290412903,base,no
1637,1,0,0.4378234991142019,-1.5494636297225952,-1.2994636297225952,base,no
1638,1,0,0.37754066879814546,-1.660078525543213,-1.160078525543213,base,no
1639,1,0,0.2689414330889798,-1.7931456565856934,-0.7931457161903381,base,no
1640,1,0,0.20181324146316565,-2.2071080207824707,-0.8321081399917603,base,no
1641,1,0,0.4378234991142019,-1.5028877258300781,-1.2528877258300781,base,no
1642,1,0,0.32082130082460697,-1.8325773477554321,-1.0825773477554321,base,no
1643,1,0,0.24508501313237172,-2.2237775325775146,-1.0987775325775146,base,No
1644,1,0,0.32082130082460697,-1.7830321788787842,-1.0330321788787842,base,no
1645,1,0,0.32082130082460697,-1.8271578550338745,-1.0771578550338745,base,no
1646,1,0,0.16451647108926923,-2.47274112701416,-0.8477411866188049,base,no
1647,1,0,0.5,-1.4059529304504395,-1.4059529304504395,base,no
1648,1,0,0.29421497216298875,-1.8535089492797852,-0.9785089492797852,base,no
1649,1,0,0.22270013882530884,-2.121706008911133,-0.8717060089111328,base,No
1650,1,0,0.4073334000459302,-1.256568193435669,-0.881568193435669,base,No
1651,1,0,0.46879062662624377,-1.4980968236923218,-1.3730968236923218,base,no
1652,1,0,0.2689414330889798,-1.7027933597564697,-0.7027934193611145,base,no
1653,1,0,0.34864513533394575,-1.8466732501983643,-1.2216732501983643,base,no
1654,1,0,0.34864513533394575,-1.602178692817688,-0.977178692817688,base,no
1655,1,1,0.731058602067973,-1.0486782789230347,-2.048678398132324,base,Yes
1656,1,0,0.24508503518827837,-2.1847634315490723,-1.0597635507583618,base,no
1657,1,0,0.34864513533394575,-1.832696557044983,-1.207696557044983,base,no
1658,1,0,0.37754066879814546,-1.7300450801849365,-1.2300450801849365,base,no
1659,1,0,0.32082130082460697,-1.8401349782943726,-1.0901349782943726,base,no
1660,1,0,0.24508503518827837,-2.1494040489196777,-1.0244041681289673,base,no
1661,1,0,0.4378234991142019,-1.4472471475601196,-1.1972471475601196,base,no
1662,1,0,0.4378234991142019,-1.6363579034805298,-1.3863579034805298,base,no
1663,1,0,0.22270012850745968,-2.1038880348205566,-0.8538879752159119,base,no
1664,1,0,0.11920291576401235,-2.6563239097595215,-0.6563238501548767,base,no
1665,1,0,0.18242553269617778,-2.168807029724121,-0.6688070893287659,base,no
1666,1,1,0.6224593312018546,-1.171345591545105,-1.671345591545105,base,Yes
1667,1,0,0.4073334000459302,-1.6331530809402466,-1.2581530809402466,base,no
1668,1,0,0.06754668738548215,-3.3238260746002197,-0.698826014995575,base,no
1669,1,0,0.20181322226037882,-2.363189697265625,-0.988189697265625,base,no
1670,1,0,0.2942149597859341,-1.6751351356506348,-0.80013507604599,base,no
1671,1,0,0.24508502416032488,-2.0724329948425293,-0.9474330544471741,base,no
1672,1,0,0.32082130082460697,-1.8524043560028076,-1.1024043560028076,base,no
1673,1,0,0.24508502416032488,-1.9987950325012207,-0.8737950921058655,base,no
1674,1,1,0.5621765008857981,-1.3313473463058472,-1.5813473463058472,base,Yes
1675,1,0,0.13296425394084313,-2.7577004432678223,-0.8827005624771118,base,no
1676,1,1,0.9241418116217418,-0.8191643953323364,-3.319164276123047,base,Yes
1677,1,0,0.46879062662624377,-1.2271723747253418,-1.1021723747253418,base,No
1678,1,0,0.46879062662624377,-1.5200839042663574,-1.3950839042663574,base,No
1679,1,0,0.34864513533394575,-1.640533685684204,-1.015533685684204,base,No
1680,1,0,0.2689414330889798,-1.833606243133545,-0.8336063027381897,base,no
1681,1,0,0.2942149597859341,-1.7731947898864746,-0.8981947302818298,base,no
1682,1,0,0.32082130082460697,-1.6062231063842773,-0.8562231063842773,base,No
1683,1,0,0.16451645470385742,-2.405696153640747,-0.7806960940361023,base,no
1684,1,0,0.34864513533394575,-1.7284975051879883,-1.1034975051879883,base,No
1685,1,0,0.18242551491653522,-2.2675888538360596,-0.7675887942314148,base,no
1686,1,1,0.5926665999540697,-1.206893801689148,-1.581893801689148,base,yes
1687,1,1,0.5312093733737563,-1.1470067501068115,-1.2720067501068115,base,Yes
1688,1,0,0.5,-1.3507081270217896,-1.3507081270217896,base,No
1689,1,0,0.1480471980316895,-2.58309006690979,-0.83309006690979,base,No
1690,1,0,0.2689414213699951,-2.034595251083374,-1.034595251083374,base,no
1691,1,0,0.22270013882530884,-1.9607759714126587,-0.7107759714126587,base,no
1692,1,1,0.6513548646660542,-1.118360996246338,-1.743360996246338,base,Yes
1693,1,0,0.13296424019782924,-2.716201066970825,-0.8412010669708252,base,no
1694,1,0,0.20181323186177208,-2.230567693710327,-0.8555677533149719,base,no
1695,1,0,0.09534947004048376,-2.9189581871032715,-0.6689582467079163,base,no
1696,1,0,0.29421497216298875,-1.888545036315918,-1.013545036315918,base,no
1697,1,1,0.5621765008857981,-1.3251501321792603,-1.5751501321792603,base,Yes
1698,1,0,0.29421497216298875,-1.7486176490783691,-0.8736176490783691,base,no
1699,1,0,0.34864513533394575,-1.8311060667037964,-1.2061060667037964,base,no
1700,1,0,0.2689414213699951,-2.0346932411193848,-1.0346932411193848,base,no
1701,1,0,0.2689414096510108,-1.827610969543457,-0.8276109099388123,base,no
1702,1,0,0.37754066879814546,-1.7276203632354736,-1.2276203632354736,base,no
1703,1,0,0.34864513533394575,-1.772245168685913,-1.147245168685913,base,no
1704,1,0,0.29421497216298875,-1.9511053562164307,-1.0761053562164307,base,no
1705,1,0,0.37754066879814546,-1.397257685661316,-0.8972576856613159,base,no
1706,1,0,0.4073334000459302,-1.395242691040039,-1.020242691040039,base,no
1707,1,0,0.3208212878370535,-1.5477399826049805,-0.7977399230003357,base,No
1708,1,0,0.22270012850745968,-2.1855580806732178,-0.935558021068573,base,no
1709,1,0,0.24508499107646636,-2.0841121673583984,-0.9591120481491089,base,No
1710,1,0,0.24508503518827837,-2.102677822113037,-0.9776779413223267,base,no
1711,1,1,0.6224593312018546,-1.23304283618927,-1.73304283618927,base,Yes
1712,1,0,0.29421497216298875,-1.8445777893066406,-0.9695777893066406,base,no
1713,1,0,0.37754066879814546,-1.478977084159851,-0.9789770841598511,base,No
1714,1,0,0.3775406547908327,-1.308971643447876,-0.8089715838432312,base,No
1715,1,0,0.24508501313237172,-1.966718077659607,-0.8417180776596069,base,no
1716,1,0,0.5,-1.416919469833374,-1.416919469833374,base,no
1717,1,0,0.1824255415859996,-2.4521331787109375,-0.952133297920227,base,No
1718,1,0,0.3775406547908327,-1.4984767436981201,-0.9984766840934753,base,no
1719,1,0,0.5,-1.2490689754486084,-1.2490689754486084,base,no
1720,1,0,0.24508502416032488,-1.8642985820770264,-0.7392986416816711,base,no
1721,1,0,0.24508501313237172,-1.9741636514663696,-0.8491636514663696,base,no
1722,1,0,0.46879062662624377,-1.1595641374588013,-1.0345641374588013,base,No
1723,1,0,0.20181322226037882,-2.032747745513916,-0.657747745513916,base,no
1724,1,0,0.29421497216298875,-2.0409767627716064,-1.1659767627716064,base,no
1725,1,1,0.7772998508568416,-0.8882609009742737,-2.138260841369629,base,Yes
1726,1,0,0.22270013882530884,-2.1060473918914795,-0.8560473918914795,base,no
1727,1,0,0.32082130082460697,-1.7630985975265503,-1.0130985975265503,base,no
1728,1,0,0.2689414096510108,-1.865037441253662,-0.8650373816490173,base,no
1729,1,0,0.4378234991142019,-1.4804558753967285,-1.2304558753967285,base,no
1730,1,0,0.20181322226037882,-2.308150291442871,-0.9331502914428711,base,No
1731,1,0,0.20181320305759334,-2.132418155670166,-0.7574180364608765,base,no
1732,1,0,0.22270011818961086,-2.0668392181396484,-0.8168390989303589,base,no
1733,1,1,0.679178699175393,-1.034127116203308,-1.784127116203308,base,Yes
1734,1,0,0.32082130082460697,-1.8518269062042236,-1.1018269062042236,base,no
1735,1,0,0.29421497216298875,-1.747603178024292,-0.872603178024292,base,No
1736,1,0,0.22270013882530884,-1.8321620225906372,-0.5821620225906372,base,no
1737,1,0,0.24508501313237172,-2.193218231201172,-1.0682182312011719,base,no
1738,1,0,0.20181320305759334,-2.3893747329711914,-1.0143746137619019,base,no
1739,1,0,0.22270011818961086,-2.1403121948242188,-0.8903120756149292,base,no
1740,1,0,0.2689414096510108,-1.658815860748291,-0.6588158011436462,base,no
1741,1,0,0.22270014914315833,-2.190969705581665,-0.9409697651863098,base,No
1742,1,0,0.24508501313237172,-2.0358269214630127,-0.9108269214630127,base,no
1743,1,0,0.2689414096510108,-1.9398419857025146,-0.9398419260978699,base,no
1744,1,0,0.4378234991142019,-1.4063420295715332,-1.1563420295715332,base,no
1745,1,0,0.5,-1.3897851705551147,-1.3897851705551147,base,no
1746,1,0,0.37754066879814546,-1.7182588577270508,-1.2182588577270508,base,No
1747,1,0,0.4073334000459302,-1.6239107847213745,-1.2489107847213745,base,No
1748,1,0,0.24508500210441886,-1.909184217453003,-0.7841841578483582,base,no
1749,1,0,0.4073334000459302,-1.608449101448059,-1.233449101448059,base,no
1750,1,0,0.24508500210441886,-2.0425918102264404,-0.9175917506217957,base,no
1751,1,1,0.5621765008857981,-1.3878430128097534,-1.6378430128097534,base,Yes
1752,1,0,0.29421497216298875,-1.7629177570343018,-0.8879177570343018,base,no
1753,1,0,0.34864513533394575,-1.7516143321990967,-1.1266143321990967,base,no
1754,1,0,0.20181324146316565,-2.3172402381896973,-0.9422403573989868,base,no
1755,1,0,0.5,-1.3817412853240967,-1.3817412853240967,base,no
1756,1,0,0.4073334000459302,-1.5872505903244019,-1.2122505903244019,base,no
1757,1,0,0.46879062662624377,-1.3366427421569824,-1.2116427421569824,base,No
1758,1,0,0.10669059962643358,-2.75551438331604,-0.6305144429206848,base,no
1759,1,1,0.5621765008857981,-1.2966606616973877,-1.5466606616973877,base,Yes
1760,1,0,0.4073334000459302,-1.6015993356704712,-1.2265993356704712,base,No
1761,1,0,0.29421497216298875,-1.793442964553833,-0.918442964553833,base,no
1762,1,0,0.20181324146316565,-2.0495667457580566,-0.6745668649673462,base,no
1763,1,0,0.22270012850745968,-1.9912011623382568,-0.7412011027336121,base,no
1764,1,0,0.32082130082460697,-1.6963199377059937,-0.9463199377059937,base,no
1765,1,0,0.3208213138121609,-1.4291083812713623,-0.6791084408760071,base,no
1766,1,0,0.18242553269617778,-2.1670875549316406,-0.6670876145362854,base,no
1767,1,0,0.2942149845400438,-1.7331500053405762,-0.858150064945221,base,no
1768,1,0,0.16451645470385742,-2.1343815326690674,-0.5093814730644226,base,no
1769,1,0,0.18242550602671442,-2.105823040008545,-0.6058229207992554,base,no
1770,1,0,0.37754066879814546,-1.6239502429962158,-1.1239502429962158,base,no
1771,1,1,0.679178699175393,-1.1360907554626465,-1.8860907554626465,base,Yes
1772,1,0,0.1645164792819756,-2.257812023162842,-0.6328121423721313,base,no
1773,1,0,0.32082130082460697,-1.7117018699645996,-0.9617018699645996,base,no
1774,1,0,0.18242550602671442,-2.4548091888427734,-0.9548090696334839,base,no
1775,1,1,0.7549149868676283,-0.9626853466033936,-2.0876853466033936,base,Yes
1776,1,0,0.2689414213699951,-2.013378858566284,-1.0133788585662842,base,no
1777,1,0,0.22270014914315833,-2.041018009185791,-0.7910180687904358,base,no
1778,1,0,0.32082130082460697,-1.7357795238494873,-0.9857795238494873,base,no
1779,1,1,0.6224593312018546,-1.230970859527588,-1.730970859527588,base,yes
1780,1,0,0.37754066879814546,-1.7161940336227417,-1.2161940336227417,base,no
1781,1,0,0.20181324146316565,-2.296833038330078,-0.9218331575393677,base,no
1782,1,0,0.34864513533394575,-1.5157792568206787,-0.8907792568206787,base,no
1783,1,0,0.46879062662624377,-1.6849414110183716,-1.5599414110183716,base,no
1784,1,1,0.6224593312018546,-1.1355657577514648,-1.6355657577514648,base,Yes
1785,1,1,0.5621765008857981,-1.358185052871704,-1.608185052871704,base,Yes
1786,1,0,0.4073334000459302,-1.544732928276062,-1.169732928276062,base,no
1787,1,0,0.37754066879814546,-1.6668801307678223,-1.1668801307678223,base,no
1788,1,0,0.32082130082460697,-1.8402658700942993,-1.0902658700942993,base,no
1789,1,0,0.34864513533394575,-1.6865859031677246,-1.0615859031677246,base,no
1790,1,0,0.32082130082460697,-1.6926506757736206,-0.9426506757736206,base,no
1791,1,0,0.5,-1.39288330078125,-1.39288330078125,base,no
1792,1,0,0.4378234991142019,-1.6448384523391724,-1.3948384523391724,base,no
1793,1,0,0.24508500210441886,-1.982262372970581,-0.8572623133659363,base,No
1794,1,0,0.2227001594610082,-2.2879395484924316,-1.0379396677017212,base,no
1795,1,0,0.2689414213699951,-1.9492161273956299,-0.9492161273956299,base,no
1796,1,0,0.1480471829959148,-2.44146728515625,-0.6914671659469604,base,No
1797,1,0,0.13296424706933604,-2.598534345626831,-0.7235344052314758,base,no
1798,1,0,0.22270012850745968,-2.131645917892456,-0.8816458582878113,base,no
1799,1,1,0.6513548646660542,-0.9732729196548462,-1.5982729196548462,base,yes
1800,1,0,0.32082130082460697,-1.5259649753570557,-0.7759649753570557,base,No
1801,1,0,0.2689414330889798,-1.7064130306243896,-0.7064130902290344,base,No
1802,1,0,0.3486451488696663,-1.5516583919525146,-0.9266584515571594,base,No
1803,1,0,0.22270011818961086,-2.0564732551574707,-0.8064731359481812,base,no
1804,1,0,0.3486451488696663,-1.3407323360443115,-0.7157323956489563,base,no
1805,1,1,0.5621765008857981,-1.2037222385406494,-1.4537222385406494,base,yes
1806,1,0,0.5,-1.2715504169464111,-1.2715504169464111,base,no
1807,1,1,0.5926665999540697,-1.3278286457061768,-1.7028286457061768,base,Yes
1808,1,0,0.20181322226037882,-2.14921236038208,-0.7742123603820801,base,no
1809,1,0,0.24508501313237172,-2.091874837875366,-0.9668748378753662,base,no
1810,1,1,0.679178699175393,-0.8828133344650269,-1.6328133344650269,base,yes
1811,1,0,0.24508501313237172,-2.027876138687134,-0.9028761386871338,base,no
1812,1,0,0.2689414330889798,-1.8623170852661133,-0.8623171448707581,base,no
1813,1,0,0.40733341443526055,-1.3082606792449951,-0.9332607388496399,base,no
1814,1,0,0.29421497216298875,-1.977487564086914,-1.102487564086914,base,No
1815,1,0,0.2689414096510108,-1.834972858428955,-0.8349727988243103,base,no
1816,1,0,0.2689414448079646,-2.070997714996338,-1.0709978342056274,base,no
1817,1,0,0.24508501313237172,-2.1960551738739014,-1.0710551738739014,base,No
1818,1,0,0.24508499107646636,-2.0253992080688477,-0.9003990888595581,base,No
1819,1,0,0.3208213138121609,-1.6588776111602783,-0.9088776707649231,base,no
1820,1,0,0.4073334000459302,-1.4687328338623047,-1.0937328338623047,base,no
1821,1,0,0.37754066879814546,-1.690764307975769,-1.190764307975769,base,no
1822,1,1,0.7057850278370112,-1.0356194972991943,-1.9106194972991943,base,Yes
1823,1,0,0.29421497216298875,-1.6634966135025024,-0.7884966135025024,base,No
1824,1,0,0.22270013882530884,-1.9575481414794922,-0.7075481414794922,base,No
1825,1,1,0.6224593312018546,-1.1468902826309204,-1.6468902826309204,base,Yes
1826,1,0,0.5,-1.4350515604019165,-1.4350515604019165,base,no
1827,1,0,0.20181320305759334,-2.3678174018859863,-0.9928172826766968,base,no
1828,1,0,0.20181320305759334,-2.062957763671875,-0.6879576444625854,base,no
1829,1,0,0.29421497216298875,-1.6665550470352173,-0.7915550470352173,base,no
1830,1,0,0.24508501313237172,-1.9640631675720215,-0.8390631675720215,base,no
1831,1,0,0.4073334000459302,-1.6322511434555054,-1.2572511434555054,base,no
1832,1,0,0.3775406828054583,-1.4292349815368652,-0.92923504114151,base,No
1833,1,0,0.20181324146316565,-2.0814990997314453,-0.7064992189407349,base,no
1834,1,0,0.18242553269617778,-2.1545827388763428,-0.6545827984809875,base,no
1835,1,0,0.22270013882530884,-2.040614128112793,-0.790614128112793,base,no
1836,1,0,0.1480471829959148,-2.547873020172119,-0.7978729009628296,base,no
1837,1,0,0.22270013882530884,-2.1444272994995117,-0.8944272994995117,base,no
1838,1,0,0.24508503518827837,-2.1710867881774902,-1.0460869073867798,base,no
1839,1,0,0.3208213138121609,-1.5207712650299072,-0.770771324634552,base,no
1840,1,0,0.16451645470385742,-2.2967495918273926,-0.6717495322227478,base,no
1841,1,1,0.9706877726405082,-0.6406525373458862,-4.140652656555176,base,Yes
1842,1,0,0.4073334000459302,-1.6735808849334717,-1.2985808849334717,base,no
1843,1,0,0.32082130082460697,-1.996347188949585,-1.246347188949585,base,no
1844,1,0,0.4378234991142019,-1.4482312202453613,-1.1982312202453613,base,no
1845,1,1,0.7549149868676283,-0.8699947595596313,-1.9949947595596313,base,Yes
1846,1,0,0.46879062662624377,-1.588039517402649,-1.463039517402649,base,no
1847,1,0,0.2689414213699951,-1.873342514038086,-0.8733425140380859,base,no
1848,1,0,0.2689414330889798,-1.9228639602661133,-0.9228640198707581,base,no
1849,1,0,0.24508502416032488,-2.063650608062744,-0.9386506676673889,base,no
1850,1,0,0.34864513533394575,-1.7687184810638428,-1.1437184810638428,base,no
1851,1,1,0.679178699175393,-1.1510212421417236,-1.9010212421417236,base,Yes
1852,1,0,0.20181324146316565,-2.4183101654052734,-1.043310284614563,base,No
1853,1,0,0.11920290950590741,-2.8252973556518555,-0.8252972364425659,base,no
1854,1,0,0.20181321265898594,-2.3019094467163086,-0.9269093871116638,base,no
1855,1,0,0.16451647108926923,-2.328920841217041,-0.7039209008216858,base,no
1856,1,0,0.22270013882530884,-2.2078824043273926,-0.9578824043273926,base,No
1857,1,0,0.16451647518562237,-2.067016363143921,-0.44201645255088806,base,no
1858,1,0,0.4073334000459302,-1.3699535131454468,-0.9949535131454468,base,No
1859,1,0,0.4073334000459302,-1.5306661128997803,-1.1556661128997803,base,no
1860,1,0,0.3486451488696663,-1.514261245727539,-0.8892613053321838,base,no
1861,1,0,0.16451645470385742,-2.2924163341522217,-0.6674162745475769,base,no
1862,1,1,0.7057850278370112,-1.0394270420074463,-1.9144270420074463,base,Yes
1863,1,0,0.29421497216298875,-1.605401635169983,-0.7304016351699829,base,No
1864,1,0,0.32082130082460697,-1.7874577045440674,-1.0374577045440674,base,no
1865,1,0,0.3486451217982255,-1.447099208831787,-0.8220991492271423,base,No
1866,1,0,0.24508500210441886,-2.025554656982422,-0.9005545973777771,base,no
1867,1,0,0.24508502416032488,-1.972205400466919,-0.8472054600715637,base,no
1868,1,0,0.24508502416032488,-1.794233798980713,-0.6692338585853577,base,no
1869,1,1,0.5312093733737563,-1.283098816871643,-1.408098816871643,base,Yes
1870,1,0,0.5,-1.2273170948028564,-1.2273170948028564,base,No
1871,1,0,0.24508501313237172,-1.7758625745773315,-0.6508625745773315,base,no
1872,1,0,0.1645164628965632,-2.506201982498169,-0.881201982498169,base,no
1873,1,0,0.34864513533394575,-1.7305912971496582,-1.1055912971496582,base,no
1874,1,0,0.29421497216298875,-1.7836757898330688,-0.9086757898330688,base,no
1875,1,0,0.34864513533394575,-1.8796546459197998,-1.2546546459197998,base,no
1876,1,0,0.24508502416032488,-1.7896788120269775,-0.6646788716316223,base,no
1877,1,0,0.4073334000459302,-1.3975077867507935,-1.0225077867507935,base,no
1878,1,1,0.679178699175393,-1.1381756067276,-1.8881756067276,base,Yes
1879,1,0,0.4378234991142019,-1.4798717498779297,-1.2298717498779297,base,no
1880,1,1,0.5926665999540697,-1.1217644214630127,-1.4967644214630127,base,Yes
1881,1,0,0.32082130082460697,-1.6656414270401,-0.9156414270401001,base,no
1882,1,1,0.7549150089235336,-0.9484971761703491,-2.0734972953796387,base,Yes
1883,1,0,0.46879062662624377,-1.4964109659194946,-1.3714109659194946,base,no
1884,1,0,0.2942149597859341,-1.8042144775390625,-0.9292144179344177,base,no
1885,1,0,0.4073334000459302,-1.4345451593399048,-1.0595451593399048,base,No
1886,1,1,0.7057850278370112,-1.087275743484497,-1.962275743484497,base,yes
1887,1,0,0.37754066879814546,-1.781831979751587,-1.281831979751587,base,no
1888,1,0,0.1824255415859996,-2.0306601524353027,-0.5306602716445923,base,no
1889,1,0,0.46879062662624377,-1.4877933263778687,-1.3627933263778687,base,No
1890,1,1,0.5312093733737563,-1.361146092414856,-1.486146092414856,base,Yes
1891,1,0,0.29421497216298875,-1.9236223697662354,-1.0486223697662354,base,no
1892,1,1,0.5312093733737563,-1.3541216850280762,-1.4791216850280762,base,Yes
1893,1,0,0.34864513533394575,-1.771842122077942,-1.146842122077942,base,no
1894,1,0,0.4073334000459302,-1.6773310899734497,-1.3023310899734497,base,no
1895,1,0,0.34864513533394575,-1.600364089012146,-0.975364089012146,base,no
1896,1,0,0.3208212878370535,-1.5677134990692139,-0.8177134394645691,base,no
1897,1,0,0.10669059962643358,-2.840219497680664,-0.7152195572853088,base,no
1898,1,0,0.29421497216298875,-1.9706238508224487,-1.0956238508224487,base,no
1899,1,0,0.29421497216298875,-1.8952537775039673,-1.0202537775039673,base,no
1900,1,0,0.4073334000459302,-1.7053449153900146,-1.3303449153900146,base,no
1901,1,0,0.34864513533394575,-1.9017696380615234,-1.2767696380615234,base,no
1902,1,0,0.5,-1.36320161819458,-1.36320161819458,base,no
1903,1,0,0.37754066879814546,-1.662466287612915,-1.162466287612915,base,no
1904,1,0,0.32082130082460697,-1.737222671508789,-0.9872226715087891,base,no
1905,1,1,0.679178699175393,-1.1088995933532715,-1.8588995933532715,base,Yes
1906,1,0,0.29421497216298875,-1.8587162494659424,-0.9837162494659424,base,no
1907,1,1,0.5621765008857981,-1.2500300407409668,-1.5000300407409668,base,Yes
1908,1,0,0.2689414213699951,-1.8629381656646729,-0.8629381656646729,base,no
1909,1,1,0.9579122696813394,-0.5083127617835999,-3.633312702178955,base,Yes
1910,1,0,0.24508501313237172,-1.9683263301849365,-0.8433263301849365,base,No
1911,1,0,0.4073334000459302,-1.287393569946289,-0.9123935699462891,base,no
1912,1,0,0.32082130082460697,-1.7061246633529663,-0.9561246633529663,base,no
1913,1,0,0.46879062662624377,-1.4966620206832886,-1.3716620206832886,base,No
1914,1,0,0.20181323186177208,-1.9844703674316406,-0.6094704270362854,base,No
1915,1,0,0.20181322226037882,-2.3011038303375244,-0.9261038303375244,base,no
1916,1,0,0.32082130082460697,-1.7527326345443726,-1.0027326345443726,base,no
1917,1,1,0.7549149868676283,-1.06010103225708,-2.18510103225708,base,Yes
1918,1,0,0.4378234991142019,-1.2499699592590332,-0.9999699592590332,base,No
1919,1,0,0.24508501313237172,-2.0802342891693115,-0.9552342891693115,base,no
1920,1,0,0.34864513533394575,-1.653373122215271,-1.028373122215271,base,no
1921,1,0,0.29421497216298875,-1.7864842414855957,-0.9114842414855957,base,no
1922,1,0,0.34864513533394575,-1.680405616760254,-1.055405616760254,base,no
1923,1,0,0.26894139793202687,-2.0537943840026855,-1.053794264793396,base,no
1924,1,0,0.2689414213699951,-1.7915655374526978,-0.7915655374526978,base,no
1925,1,0,0.16451647108926923,-2.2053048610687256,-0.5803049206733704,base,no
1926,1,0,0.4073334000459302,-1.6338919401168823,-1.2588919401168823,base,no
1927,1,1,0.5312093733737563,-1.3222534656524658,-1.4472534656524658,base,yes
1928,1,0,0.24508501313237172,-2.175717353820801,-1.0507173538208008,base,No
1929,1,0,0.4073334000459302,-1.660356879234314,-1.285356879234314,base,no
1930,1,0,0.2942149597859341,-1.8498492240905762,-0.9748491644859314,base,no
1931,1,1,0.5312093733737563,-1.383402943611145,-1.508402943611145,base,Yes
1932,1,0,0.18242552380635632,-2.265620708465576,-0.7656207084655762,base,no
1933,1,0,0.32082130082460697,-1.6244851350784302,-0.8744851350784302,base,no
1934,1,0,0.24508501313237172,-1.9789094924926758,-0.8539094924926758,base,no
1935,1,0,0.18242552380635632,-2.3388962745666504,-0.8388962745666504,base,no
1936,1,1,0.5621765008857981,-1.2581013441085815,-1.5081013441085815,base,Yes
1937,1,0,0.24508499107646636,-2.076021671295166,-0.9510215520858765,base,no
1938,1,0,0.22270013882530884,-2.1890687942504883,-0.9390687942504883,base,no
1939,1,0,0.37754066879814546,-1.5848902463912964,-1.0848902463912964,base,No
1940,1,0,0.2689414213699951,-1.9584368467330933,-0.9584368467330933,base,no
1941,1,0,0.4073334000459302,-1.5954976081848145,-1.2204976081848145,base,no
1942,1,0,0.24508501313237172,-2.2046713829040527,-1.0796713829040527,base,no
1943,1,0,0.4073334000459302,-1.6485437154769897,-1.2735437154769897,base,No
1944,1,0,0.34864513533394575,-1.5686198472976685,-0.9436198472976685,base,no
1945,1,0,0.32082130082460697,-1.5607082843780518,-0.8107082843780518,base,no
1946,1,0,0.18242550602671442,-2.3192057609558105,-0.819205641746521,base,no
1947,1,0,0.4378234991142019,-1.4350553750991821,-1.1850553750991821,base,no
1948,1,0,0.2689414213699951,-1.941396713256836,-0.9413967132568359,base,no
1949,1,0,0.3208213138121609,-1.6324193477630615,-0.8824194073677063,base,no
1950,1,1,0.7057850278370112,-1.0777218341827393,-1.9527218341827393,base,Yes
1951,1,0,0.37754066879814546,-1.7322043180465698,-1.2322043180465698,base,No
1952,1,0,0.46879062662624377,-1.2013905048370361,-1.0763905048370361,base,no
1953,1,0,0.22270012850745968,-1.8578238487243652,-0.6078237891197205,base,no
1954,1,0,0.20181324146316565,-2.239994525909424,-0.8649946451187134,base,no
1955,1,0,0.5,-1.3951255083084106,-1.3951255083084106,base,No
1956,1,0,0.1480471980316895,-2.358203649520874,-0.608203649520874,base,no
1957,1,0,0.1824255415859996,-2.1139726638793945,-0.6139727830886841,base,no
1958,1,0,0.32082130082460697,-1.9168422222137451,-1.1668422222137451,base,no
1959,1,0,0.29421497216298875,-1.8879387378692627,-1.0129387378692627,base,no
1960,1,0,0.5,-1.5755724906921387,-1.5755724906921387,base,no
1961,1,0,0.3486451217982255,-1.4639873504638672,-0.8389872908592224,base,No
1962,1,0,0.4378234991142019,-1.3365538120269775,-1.0865538120269775,base,no
1963,1,0,0.4073334000459302,-1.5454866886138916,-1.1704866886138916,base,no
1964,1,0,0.5,-1.3022152185440063,-1.3022152185440063,base,no
1965,1,0,0.32082130082460697,-1.6510940790176392,-0.9010940790176392,base,No
1966,1,0,0.1192029188930649,-2.4105870723724365,-0.41058704257011414,base,No
1967,1,0,0.29421497216298875,-1.937196969985962,-1.062196969985962,base,no
1968,1,0,0.34864513533394575,-1.7326489686965942,-1.1076489686965942,base,no
1969,1,0,0.29421497216298875,-2.0036768913269043,-1.1286768913269043,base,no
1970,1,0,0.24508500210441886,-2.0556600093841553,-0.9306599497795105,base,no
1971,1,0,0.22270013882530884,-2.27246356010437,-1.0224635601043701,base,no
1972,1,0,0.13296425394084313,-2.671998977661133,-0.7969990968704224,base,no
1973,1,0,0.24508499107646636,-2.1175527572631836,-0.992552638053894,base,No
1974,1,0,0.1645164792819756,-2.561089038848877,-0.9360891580581665,base,no
1975,1,0,0.3208212878370535,-1.5345919132232666,-0.7845918536186218,base,No
1976,1,0,0.32082130082460697,-1.7352268695831299,-0.9852268695831299,base,no
1977,1,0,0.3208212878370535,-1.6900629997253418,-0.940062940120697,base,no
1978,1,0,0.20181324146316565,-2.281444549560547,-0.9064446687698364,base,no
1979,1,0,0.37754066879814546,-1.7577672004699707,-1.2577672004699707,base,no
1980,1,1,0.8519527869325346,-0.8517175912857056,-2.601717472076416,base,Yes
1981,1,0,0.4378234991142019,-1.595320224761963,-1.345320224761963,base,no
1982,1,1,0.5312093733737563,-1.438550353050232,-1.563550353050232,base,Yes
1983,1,1,0.5926665999540697,-1.3253138065338135,-1.7003138065338135,base,Yes
1984,1,0,0.18242552380635632,-2.3615336418151855,-0.8615336418151855,base,no
1985,1,0,0.2942149845400438,-1.6028685569763184,-0.7278686165809631,base,No
1986,1,0,0.24508501313237172,-1.9967645406723022,-0.8717645406723022,base,no
1987,1,0,0.18242550602671442,-2.298361301422119,-0.7983611822128296,base,no
1988,1,0,0.1480471980316895,-2.680054187774658,-0.9300541877746582,base,no
1989,1,0,0.2942149845400438,-1.8619017601013184,-0.9869018197059631,base,no
1990,1,1,0.5621765008857981,-1.284572720527649,-1.534572720527649,base,Yes
1991,1,0,0.2227001594610082,-2.2118687629699707,-0.9618688821792603,base,no
1992,1,0,0.24508501313237172,-2.0958847999572754,-0.9708847999572754,base,no
1993,1,0,0.18242552380635632,-2.268683910369873,-0.768683910369873,base,no
1994,1,0,0.34864513533394575,-1.708674669265747,-1.083674669265747,base,no
1995,1,0,0.26894139793202687,-2.0875349044799805,-1.087534785270691,base,no
1996,1,0,0.34864513533394575,-1.8291029930114746,-1.2041029930114746,base,no
1997,1,0,0.34864513533394575,-1.8497425317764282,-1.2247425317764282,base,no
1998,1,0,0.2689414330889798,-1.8678548336029053,-0.86785489320755,base,no
1999,1,0,0.22270014914315833,-2.170513391494751,-0.9205134510993958,base,No
2000,1,0,0.1645164792819756,-2.2546043395996094,-0.6296044588088989,base,No
2001,1,0,0.2689414213699951,-1.8294076919555664,-0.8294076919555664,base,no
2002,1,0,0.4073334000459302,-1.30963134765625,-0.93463134765625,base,no
2003,1,0,0.29421497216298875,-1.7450506687164307,-0.8700506687164307,base,no
2004,1,1,0.5926665999540697,-1.2886409759521484,-1.6636409759521484,base,Yes
2005,1,0,0.37754066879814546,-1.6251332759857178,-1.1251332759857178,base,no
2006,1,0,0.34864513533394575,-1.7478879690170288,-1.1228879690170288,base,no
2007,1,0,0.2689414213699951,-1.998806118965149,-0.9988061189651489,base,No
2008,1,0,0.4378234991142019,-1.5680114030838013,-1.3180114030838013,base,no
2009,1,0,0.294214996917099,-2.0053353309631348,-1.1303354501724243,base,no
2010,1,0,0.2227001594610082,-2.070195198059082,-0.8201953172683716,base,no
2011,1,0,0.3775406828054583,-1.3541762828826904,-0.8541763424873352,base,No
2012,1,0,0.29421497216298875,-1.905961275100708,-1.030961275100708,base,no
2013,1,0,0.1329642264548166,-2.3137593269348145,-0.4387592077255249,base,no
2014,1,0,0.4378234991142019,-1.5445740222930908,-1.2945740222930908,base,no
2015,1,0,0.18242552380635632,-2.2366578578948975,-0.7366578578948975,base,no
2016,1,0,0.18242552380635632,-2.2715742588043213,-0.7715742588043213,base,no
2017,1,0,0.4378234991142019,-1.3577685356140137,-1.1077685356140137,base,no
2018,1,0,0.4378234991142019,-1.5428240299224854,-1.2928240299224854,base,No
2019,1,0,0.4073334000459302,-1.6434664726257324,-1.2684664726257324,base,No
2020,1,0,0.37754066879814546,-1.5795972347259521,-1.0795972347259521,base,no
2021,1,0,0.24508503518827837,-2.0499210357666016,-0.9249211549758911,base,no
2022,1,0,0.37754066879814546,-1.568307638168335,-1.068307638168335,base,no
2023,1,0,0.11920292202211755,-2.649982213973999,-0.649982213973999,base,no
2024,1,0,0.2689414213699951,-1.9364032745361328,-0.9364032745361328,base,no
2025,1,0,0.22270012850745968,-1.9940814971923828,-0.744081437587738,base,No
2026,1,0,0.46879062662624377,-1.4791386127471924,-1.3541386127471924,base,no
2027,1,0,0.1329642436335826,-2.34224271774292,-0.4672427475452423,base,no
2028,1,0,0.16451647108926923,-2.4556448459625244,-0.8306449055671692,base,no
2029,1,0,0.32082130082460697,-1.8779175281524658,-1.1279175281524658,base,no
2030,1,0,0.09534945975773548,-2.88142991065979,-0.6314298510551453,base,no
2031,1,0,0.29421497216298875,-1.8334320783615112,-0.9584320783615112,base,no
2032,1,1,0.7981867777396212,-0.924659013748169,-2.299659013748169,base,Yes
2033,1,0,0.46879062662624377,-1.5032308101654053,-1.3782308101654053,base,No
2034,1,0,0.4073334000459302,-1.4946894645690918,-1.1196894645690918,base,no
2035,1,0,0.5,-1.3937104940414429,-1.3937104940414429,base,No
2036,1,0,0.20181322226037882,-2.2700424194335938,-0.8950424194335938,base,no
2037,1,0,0.06008665354025422,-3.3390791416168213,-0.5890792012214661,base,no
2038,1,0,0.16451644651115205,-2.1362266540527344,-0.5112265348434448,base,no
2039,1,0,0.4073334000459302,-1.6006078720092773,-1.2256078720092773,base,No
2040,1,0,0.2689414213699951,-1.996097445487976,-0.9960974454879761,base,no
2041,1,1,0.5926665999540697,-1.2760435342788696,-1.6510435342788696,base,Yes
2042,1,0,0.46879062662624377,-1.5048695802688599,-1.3798695802688599,base,no
2043,1,0,0.2689414213699951,-1.9225432872772217,-0.9225432872772217,base,No
2044,1,0,0.32082130082460697,-1.73140287399292,-0.9814028739929199,base,no
2045,1,0,0.37754066879814546,-1.519325613975525,-1.019325613975525,base,no
2046,1,0,0.4378234991142019,-1.5126924514770508,-1.2626924514770508,base,no
2047,1,0,0.37754066879814546,-1.6097612380981445,-1.1097612380981445,base,no
2048,1,0,0.46879062662624377,-1.445405125617981,-1.320405125617981,base,no
2049,1,0,0.3208212878370535,-1.554295539855957,-0.8042954802513123,base,no
2050,1,0,0.37754066879814546,-1.4962573051452637,-0.9962573051452637,base,no
2051,1,0,0.1480471980316895,-2.2520604133605957,-0.5020604133605957,base,no
2052,1,0,0.20181320305759334,-2.109492778778076,-0.7344926595687866,base,no
2053,1,0,0.3775406547908327,-1.4240682125091553,-0.9240681529045105,base,no
2054,1,0,0.18242551491653522,-2.2538914680480957,-0.7538914084434509,base,no
2055,1,0,0.37754066879814546,-1.7518301010131836,-1.2518301010131836,base,no
2056,1,0,0.10669059394565118,-2.8332862854003906,-0.7082862854003906,base,no
2057,1,0,0.34864513533394575,-1.8615041971206665,-1.2365041971206665,base,no
2058,1,0,0.22270014914315833,-2.073517322540283,-0.823517382144928,base,no
2059,1,0,0.3208212878370535,-1.7184863090515137,-0.9684862494468689,base,no
2060,1,0,0.09534947004048376,-2.801309823989868,-0.5513098835945129,base,no
2061,1,0,0.4073334000459302,-1.7522302865982056,-1.3772302865982056,base,No
2062,1,0,0.18242551491653522,-2.420017957687378,-0.9200178980827332,base,no
2063,1,0,0.20181324146316565,-2.3779449462890625,-1.002945065498352,base,no
2064,1,0,0.4378234991142019,-1.2842373847961426,-1.0342373847961426,base,No
2065,1,0,0.2942149597859341,-1.5926430225372314,-0.7176429629325867,base,No
2066,1,1,0.5926665999540697,-1.2407045364379883,-1.6157045364379883,base,Yes
2067,1,0,0.32082130082460697,-1.8304301500320435,-1.0804301500320435,base,no
2068,1,0,0.22270013882530884,-2.028494119644165,-0.778494119644165,base,no
2069,1,0,0.1645164792819756,-2.2753477096557617,-0.6503478288650513,base,no
2070,1,1,0.679178699175393,-1.156122088432312,-1.906122088432312,base,Yes
2071,1,0,0.3208212878370535,-1.6851928234100342,-0.9351927638053894,base,no
2072,1,0,0.34864513533394575,-1.7039580345153809,-1.0789580345153809,base,no
2073,1,1,0.9046505299595163,-0.6612525582313538,-2.911252498626709,base,Yes
2074,1,0,0.20181322226037882,-2.3315963745117188,-0.9565963745117188,base,No
2075,1,0,0.24508502416032488,-2.1233792304992676,-0.9983792901039124,base,no
2076,1,0,0.37754066879814546,-1.755959391593933,-1.255959391593933,base,no
2077,1,0,0.2227001594610082,-2.061143398284912,-0.8111435174942017,base,no
2078,1,0,0.1480471980316895,-2.646599769592285,-0.8965997695922852,base,no
2079,1,0,0.46879062662624377,-1.5517370700836182,-1.4267370700836182,base,no
2080,1,0,0.34864513533394575,-1.7878888845443726,-1.1628888845443726,base,No
2081,1,0,0.37754066879814546,-1.3597078323364258,-0.8597078323364258,base,no
2082,1,0,0.2689414213699951,-1.9749705791473389,-0.9749705791473389,base,No
2083,1,0,0.34864513533394575,-1.9750698804855347,-1.3500698804855347,base,no
2084,1,0,0.37754066879814546,-1.7789788246154785,-1.2789788246154785,base,no
2085,1,1,0.5312093733737563,-1.2615065574645996,-1.3865065574645996,base,yes
2086,1,1,0.9324533126145177,-0.6400801539421082,-3.265080213546753,base,Yes
2087,1,0,0.46879062662624377,-1.4524321556091309,-1.3274321556091309,base,no
2088,1,0,0.2689414096510108,-1.9997529983520508,-0.999752938747406,base,No
2089,1,0,0.10669059962643358,-2.8097569942474365,-0.6847570538520813,base,no
2090,1,0,0.37754066879814546,-1.5801167488098145,-1.0801167488098145,base,no
2091,1,0,0.46879062662624377,-1.5024092197418213,-1.3774092197418213,base,no
2092,1,0,0.24508501313237172,-1.825497031211853,-0.700497031211853,base,no
2093,1,0,0.20181322226037882,-2.2676022052764893,-0.8926022052764893,base,No
2094,1,1,0.679178699175393,-1.161957025527954,-1.911957025527954,base,Yes
2095,1,0,0.32082130082460697,-1.8918451070785522,-1.1418451070785522,base,no
2096,1,0,0.29421497216298875,-1.8817830085754395,-1.0067830085754395,base,no
2097,1,0,0.29421497216298875,-1.9320247173309326,-1.0570247173309326,base,no
2098,1,0,0.4073334000459302,-1.5831743478775024,-1.2081743478775024,base,no
2099,1,1,0.5312093733737563,-1.3994680643081665,-1.5244680643081665,base,Yes
2100,1,0,0.32082130082460697,-1.5912436246871948,-0.8412436246871948,base,no
2101,1,1,0.5621765008857981,-1.2170528173446655,-1.4670528173446655,base,yes
2102,1,0,0.24508502416032488,-1.9537956714630127,-0.8287957310676575,base,no
2103,1,0,0.29421497216298875,-1.8698762655258179,-0.9948762655258179,base,no
2104,1,0,0.32082130082460697,-1.7987680435180664,-1.0487680435180664,base,No
2105,1,0,0.22270013882530884,-1.9296280145645142,-0.6796280145645142,base,no
2106,1,0,0.22270013882530884,-1.8893204927444458,-0.6393204927444458,base,no
2107,1,1,0.7772998611746911,-0.8822038173675537,-2.1322038173675537,base,Yes
2108,1,0,0.29421497216298875,-1.8731135129928589,-0.9981135129928589,base,no
2109,1,0,0.24508502416032488,-2.079930543899536,-0.9549306035041809,base,No
2110,1,0,0.4073334000459302,-1.4999712705612183,-1.1249712705612183,base,no
2111,1,1,0.5926665999540697,-1.2873027324676514,-1.6623027324676514,base,Yes
2112,1,0,0.32082130082460697,-1.8582547903060913,-1.1082547903060913,base,no
2113,1,0,0.32082130082460697,-1.8588353395462036,-1.1088353395462036,base,no
2114,1,0,0.13296424706933604,-2.6193618774414062,-0.744361937046051,base,No
2115,1,0,0.34864513533394575,-1.7598211765289307,-1.1348211765289307,base,no
2116,1,0,0.18242552380635632,-2.1001713275909424,-0.6001713275909424,base,no
2117,1,0,0.5,-1.5389572381973267,-1.5389572381973267,base,No
2118,1,0,0.20181324146316565,-2.29910945892334,-0.9241095781326294,base,no
2119,1,0,0.18242551491653522,-2.0669307708740234,-0.5669307112693787,base,No
2120,1,0,0.5,-1.4917383193969727,-1.4917383193969727,base,no
2121,1,0,0.24508501313237172,-1.765584945678711,-0.6405849456787109,base,No
2122,1,0,0.18242552380635632,-2.5038132667541504,-1.0038132667541504,base,no
2123,1,0,0.40733341443526055,-1.3422267436981201,-0.9672268033027649,base,no
2124,1,0,0.32082130082460697,-1.9525370597839355,-1.2025370597839355,base,no
2125,1,0,0.29421497216298875,-1.9123575687408447,-1.0373575687408447,base,No
2126,1,0,0.4378234991142019,-1.6234716176986694,-1.3734716176986694,base,no
2127,1,1,0.5312093733737563,-1.3167098760604858,-1.4417098760604858,base,Yes
2128,1,1,0.5312093733737563,-1.2348607778549194,-1.3598607778549194,base,yes
2129,1,0,0.20181324146316565,-2.3344807624816895,-0.959480881690979,base,no
2130,1,1,0.7549149868676283,-1.0220847129821777,-2.1470847129821777,base,Yes
2131,1,0,0.07585818419975078,-2.907381534576416,-0.4073815941810608,base,no
2132,1,1,0.7057850278370112,-1.0058094263076782,-1.8808094263076782,base,Yes
2133,1,0,0.2689414213699951,-1.794834017753601,-0.7948340177536011,base,no
2134,1,0,0.4073334000459302,-1.4840378761291504,-1.1090378761291504,base,no
2135,1,0,0.37754066879814546,-1.4588712453842163,-0.9588712453842163,base,no
2136,1,0,0.5,-1.407302737236023,-1.407302737236023,base,No
2137,1,0,0.3775406828054583,-1.4128611087799072,-0.912861168384552,base,No
2138,1,0,0.24508503518827837,-2.0474090576171875,-0.922409176826477,base,no
2139,1,1,0.7310585786300049,-0.9352340698242188,-1.9352340698242188,base,Yes
2140,1,0,0.4073334000459302,-1.534973382949829,-1.159973382949829,base,no
2141,1,0,0.34864513533394575,-1.8449969291687012,-1.2199969291687012,base,no
2142,1,0,0.4378234991142019,-1.4159907102584839,-1.1659907102584839,base,no
2143,1,0,0.5,-1.330895185470581,-1.330895185470581,base,no
2144,1,0,0.4073334000459302,-1.661464810371399,-1.286464810371399,base,no
2145,1,1,0.5926665999540697,-1.2885807752609253,-1.6635807752609253,base,Yes
2146,1,0,0.29421497216298875,-1.9844918251037598,-1.1094918251037598,base,no
2147,1,0,0.37754066879814546,-1.5088261365890503,-1.0088261365890503,base,no
2148,1,0,0.29421497216298875,-1.9879398345947266,-1.1129398345947266,base,no
2149,1,0,0.2689414213699951,-2.1055684089660645,-1.1055684089660645,base,no
2150,1,1,0.5926665999540697,-1.157079815864563,-1.532079815864563,base,Yes
2151,1,1,0.5926665999540697,-1.1777710914611816,-1.5527710914611816,base,yes
2152,1,0,0.2689414213699951,-1.9288443326950073,-0.9288443326950073,base,no
2153,1,0,0.37754066879814546,-1.6308163404464722,-1.1308163404464722,base,no
2154,1,0,0.4378234991142019,-1.3113176822662354,-1.0613176822662354,base,No
2155,1,1,0.5621765008857981,-1.3786529302597046,-1.6286529302597046,base,Yes
2156,1,0,0.22270012850745968,-2.187349319458008,-0.937349259853363,base,no
2157,1,0,0.11920292202211755,-2.7633025646209717,-0.7633025646209717,base,no
2158,1,0,0.24508501313237172,-1.9527584314346313,-0.8277584314346313,base,no
2159,1,0,0.24508502416032488,-1.8781957626342773,-0.7531958222389221,base,No
2160,1,0,0.29421497216298875,-1.9525943994522095,-1.0775943994522095,base,no
2161,1,1,0.5926665999540697,-1.2542423009872437,-1.6292423009872437,base,Yes
2162,1,0,0.22270013882530884,-2.26271390914917,-1.01271390914917,base,no
2163,1,0,0.4378234991142019,-1.555250883102417,-1.305250883102417,base,no
2164,1,0,0.4073334000459302,-1.4150476455688477,-1.0400476455688477,base,no
2165,1,0,0.16451644651115205,-2.268817901611328,-0.6438177824020386,base,no
2166,1,0,0.34864513533394575,-1.8060729503631592,-1.1810729503631592,base,no
2167,1,0,0.11920293140927592,-2.3975045680999756,-0.39750465750694275,base,no
2168,1,1,0.8670357666736773,-0.7535666823387146,-2.6285667419433594,base,Yes
2169,1,0,0.24508499107646636,-2.204448699951172,-1.0794485807418823,base,no
2170,1,1,0.5312093733737563,-1.3166953325271606,-1.4416953325271606,base,Yes
2171,1,0,0.1645164628965632,-2.4512407779693604,-0.8262407779693604,base,no
2172,1,0,0.24508500210441886,-2.0581607818603516,-0.9331607222557068,base,no
2173,1,0,0.46879062662624377,-1.5261256694793701,-1.4011256694793701,base,no
2174,1,0,0.24508501313237172,-2.1038966178894043,-0.9788966178894043,base,No
2175,1,0,0.20181322226037882,-2.34633731842041,-0.9713373184204102,base,no
2176,1,0,0.32082130082460697,-1.811498999595642,-1.061498999595642,base,no
2177,1,0,0.32082130082460697,-1.839289903640747,-1.089289903640747,base,no
2178,1,0,0.37754066879814546,-1.7448041439056396,-1.2448041439056396,base,no
2179,1,0,0.2689414213699951,-1.8468430042266846,-0.8468430042266846,base,no
2180,1,1,0.5312093733737563,-1.3080129623413086,-1.4330129623413086,base,yes
2181,1,0,0.46879062662624377,-1.4933236837387085,-1.3683236837387085,base,no
2182,1,0,0.20181322226037882,-1.9445123672485352,-0.5695123672485352,base,no
2183,1,0,0.29421497216298875,-1.9241976737976074,-1.0491976737976074,base,no
2184,1,0,0.32082130082460697,-1.9379457235336304,-1.1879457235336304,base,No
2185,1,0,0.06754668738548215,-3.3365070819854736,-0.7115070223808289,base,no
2186,1,0,0.20181323186177208,-2.1125428676605225,-0.7375429272651672,base,no
2187,1,1,0.6224593312018546,-1.1569644212722778,-1.6569644212722778,base,yes
2188,1,0,0.1645164628965632,-2.5049493312835693,-0.8799493312835693,base,no
2189,1,0,0.1480471980316895,-2.410223960876465,-0.6602239608764648,base,no
2190,1,0,0.3208212878370535,-1.593045949935913,-0.8430458903312683,base,No
2191,1,1,0.5312093733737563,-1.1833492517471313,-1.3083492517471313,base,yes
2192,1,0,0.20181323186177208,-2.2301113605499268,-0.8551114201545715,base,no
2193,1,1,0.5312093733737563,-1.2426891326904297,-1.3676891326904297,base,yes
2194,1,0,0.46879062662624377,-1.4296644926071167,-1.3046644926071167,base,no
2195,1,0,0.29421497216298875,-1.8110772371292114,-0.9360772371292114,base,no
2196,1,0,0.1824255415859996,-2.2902092933654785,-0.7902094125747681,base,no
2197,1,1,0.5621765008857981,-1.1903890371322632,-1.4403890371322632,base,yes
2198,1,1,0.7772998508568416,-0.9068830609321594,-2.1568830013275146,base,Yes
2199,1,1,0.5312093733737563,-1.3785818815231323,-1.5035818815231323,base,Yes
2200,1,0,0.20181321265898594,-2.20630145072937,-0.8313013911247253,base,no
2201,1,0,0.29421497216298875,-1.9639439582824707,-1.0889439582824707,base,no
2202,1,0,0.20181320305759334,-2.1476149559020996,-0.7726148366928101,base,no
2203,1,0,0.24508499107646636,-2.125520706176758,-1.0005205869674683,base,no
2204,1,0,0.24508501313237172,-1.894753098487854,-0.769753098487854,base,No
2205,1,0,0.07585818419975078,-2.936903476715088,-0.43690353631973267,base,No
2206,1,0,0.32082130082460697,-1.6367826461791992,-0.8867826461791992,base,No
2207,1,1,0.5926665999540697,-1.123686671257019,-1.498686671257019,base,yes
2208,1,0,0.29421497216298875,-1.8713270425796509,-0.9963270425796509,base,no
2209,1,1,0.5621765008857981,-1.0654605627059937,-1.3154605627059937,base,Yes
2210,1,0,0.37754066879814546,-1.4582146406173706,-0.9582146406173706,base,no
2211,1,0,0.4378234991142019,-1.5439422130584717,-1.2939422130584717,base,No
2212,1,0,0.46879062662624377,-1.5697624683380127,-1.4447624683380127,base,no
2213,1,0,0.37754066879814546,-1.7703273296356201,-1.2703273296356201,base,no
2214,1,1,0.851952809486198,-0.8945967555046082,-2.644596815109253,base,Yes
2215,1,0,0.20181320305759334,-2.099726676940918,-0.7247265577316284,base,no
2216,1,0,0.5,-1.3644402027130127,-1.3644402027130127,base,no
2217,1,0,0.14804719051380197,-2.548982858657837,-0.7989827990531921,base,no
2218,1,0,0.4073334000459302,-1.5829694271087646,-1.2079694271087646,base,No
2219,1,0,0.4378234991142019,-1.3986127376556396,-1.1486127376556396,base,No
2220,1,0,0.20181321265898594,-2.0186498165130615,-0.6436497569084167,base,no
2221,1,0,0.34864513533394575,-1.7584166526794434,-1.1334166526794434,base,no
2222,1,1,0.5926665999540697,-1.299642562866211,-1.674642562866211,base,Yes
2223,1,0,0.32082130082460697,-1.8125122785568237,-1.0625122785568237,base,no
2224,1,0,0.4073334000459302,-1.6338919401168823,-1.2588919401168823,base,no
2225,1,0,0.4073334000459302,-1.449756145477295,-1.074756145477295,base,no
2226,1,0,0.32082130082460697,-1.8995585441589355,-1.1495585441589355,base,no
2227,1,0,0.2689414448079646,-2.1495442390441895,-1.149544358253479,base,no
2228,1,0,0.24508503518827837,-2.189648151397705,-1.0646482706069946,base,no
2229,1,0,0.24508503518827837,-2.1023097038269043,-0.9773098230361938,base,No
2230,1,1,0.7310585903489892,-0.9150640368461609,-1.9150640964508057,base,yes
2231,1,0,0.34864513533394575,-1.5295544862747192,-0.9045544862747192,base,No
2232,1,0,0.2689414096510108,-1.95096755027771,-0.9509674906730652,base,no
2233,1,0,0.34864513533394575,-1.6839510202407837,-1.0589510202407837,base,no
2234,1,0,0.3208212878370535,-1.3740878105163574,-0.6240877509117126,base,no
2235,1,0,0.4073334000459302,-1.6492722034454346,-1.2742722034454346,base,no
2236,1,0,0.34864513533394575,-1.8016244173049927,-1.1766244173049927,base,no
2237,1,1,0.5312093733737563,-1.3201265335083008,-1.4451265335083008,base,Yes
2238,1,0,0.14804719051380197,-2.524217128753662,-0.7742170691490173,base,no
2239,1,0,0.5,-1.364748239517212,-1.364748239517212,base,no
2240,1,0,0.22270012850745968,-2.1038880348205566,-0.8538879752159119,base,no
2241,1,0,0.5,-1.2738033533096313,-1.2738033533096313,base,no
2242,1,1,0.679178699175393,-1.085416316986084,-1.835416316986084,base,yes
2243,1,0,0.20181323186177208,-2.1733973026275635,-0.7983973622322083,base,no
2244,1,0,0.29421497216298875,-1.8027377128601074,-0.9277377128601074,base,no
2245,1,0,0.29421497216298875,-1.8602186441421509,-0.9852186441421509,base,No
2246,1,0,0.18242552380635632,-2.0373878479003906,-0.5373878479003906,base,No
2247,1,0,0.20181320305759334,-2.224050521850586,-0.8490504026412964,base,no
2248,1,0,0.2689414213699951,-1.971435546875,-0.971435546875,base,no
2249,1,0,0.29421497216298875,-1.8655139207839966,-0.9905139207839966,base,no
2250,1,0,0.2227001594610082,-2.088172435760498,-0.8381725549697876,base,no
2251,1,0,0.37754066879814546,-1.6335844993591309,-1.1335844993591309,base,no
2252,1,0,0.22270014914315833,-2.2217917442321777,-0.9717918038368225,base,no
2253,1,0,0.3486451217982255,-1.5103201866149902,-0.8853201270103455,base,No
2254,1,0,0.34864513533394575,-1.6607012748718262,-1.0357012748718262,base,no
2255,1,0,0.4073334000459302,-1.6125562191009521,-1.2375562191009521,base,no
2256,1,0,0.2689414213699951,-1.796778917312622,-0.7967789173126221,base,no
2257,1,0,0.34864513533394575,-1.6478275060653687,-1.0228275060653687,base,no
2258,1,0,0.4073334000459302,-1.6357976198196411,-1.2607976198196411,base,no
2259,1,0,0.24508501313237172,-2.162583351135254,-1.037583351135254,base,no
2260,1,0,0.37754066879814546,-1.4557099342346191,-0.9557099342346191,base,No
2261,1,0,0.2689414213699951,-2.0057590007781982,-1.0057590007781982,base,no
2262,1,1,0.5621765008857981,-1.143242597579956,-1.393242597579956,base,yes
2263,1,0,0.29421497216298875,-1.9819753170013428,-1.1069753170013428,base,no
2264,1,0,0.4378234991142019,-1.514730453491211,-1.264730453491211,base,No
2265,1,0,0.37754066879814546,-1.4211013317108154,-0.9211013317108154,base,No
2266,1,0,0.4073333856566001,-1.2702314853668213,-0.8952314257621765,base,no
2267,1,1,0.851952809486198,-0.7206050753593445,-2.4706051349639893,base,Yes
2268,1,0,0.1480472055495773,-2.5001420974731445,-0.7501421570777893,base,no
2269,1,0,0.1066905825840872,-2.7431511878967285,-0.618151068687439,base,no
2270,1,0,0.37754066879814546,-1.750502586364746,-1.250502586364746,base,no
2271,1,0,0.1480471829959148,-2.5914077758789062,-0.8414076566696167,base,no
2272,1,0,0.34864513533394575,-1.8285893201828003,-1.2035893201828003,base,No
2273,1,0,0.1645164628965632,-2.571716070175171,-0.9467160701751709,base,no
2274,1,1,0.7772998508568416,-0.9532240033149719,-2.203223943710327,base,Yes
2275,1,1,0.5312093733737563,-1.47234046459198,-1.59734046459198,base,Yes
2276,1,0,0.24508501313237172,-2.107795476913452,-0.9827954769134521,base,no
2277,1,0,0.2689414213699951,-1.8779945373535156,-0.8779945373535156,base,no
2278,1,0,0.18242551491653522,-2.1733169555664062,-0.6733168959617615,base,no
2279,1,1,0.6513548646660542,-1.2236840724945068,-1.8486840724945068,base,Yes
2280,1,0,0.20181322226037882,-1.998907208442688,-0.623907208442688,base,no
2281,1,0,0.1066905825840872,-2.644087314605713,-0.5190871953964233,base,no
2282,1,0,0.32082130082460697,-1.9404181241989136,-1.1904181241989136,base,no
2283,1,0,0.18242551936144574,-1.9530787467956543,-0.4530787169933319,base,no
2284,1,0,0.4378234991142019,-1.4801287651062012,-1.2301287651062012,base,no
2285,1,0,0.2942149597859341,-1.6998405456542969,-0.8248404860496521,base,no
2286,1,0,0.24508500210441886,-2.1098756790161133,-0.9848756194114685,base,no
2287,1,1,0.8354835452961425,-0.9371375441551208,-2.5621376037597656,base,Yes
2288,1,0,0.4073333856566001,-1.3184947967529297,-0.9434947371482849,base,No
2289,1,0,0.4073334000459302,-1.686087727546692,-1.311087727546692,base,no
2290,1,0,0.4073334000459302,-1.3550158739089966,-0.9800158739089966,base,no
2291,1,0,0.5,-1.4564344882965088,-1.4564344882965088,base,no
2292,1,1,0.5621765008857981,-1.2849702835083008,-1.5349702835083008,base,Yes
2293,1,1,0.5621765008857981,-1.335087776184082,-1.585087776184082,base,Yes
2294,1,0,0.18242550602671442,-2.3373513221740723,-0.8373512029647827,base,no
2295,1,1,0.679178699175393,-1.1589534282684326,-1.9089534282684326,base,Yes
2296,1,0,0.0850990357257195,-2.9616007804870605,-0.586600661277771,base,no
2297,1,0,0.29421497216298875,-1.9971903562545776,-1.1221903562545776,base,no
2298,1,1,0.7057850278370112,-0.7029839754104614,-1.5779839754104614,base,Yes
2299,1,0,0.32082130082460697,-1.6081808805465698,-0.8581808805465698,base,No
2300,1,0,0.24508500210441886,-1.8429155349731445,-0.7179154753684998,base,no
2301,1,0,0.1480471829959148,-2.5829410552978516,-0.832940936088562,base,no
2302,1,0,0.37754066879814546,-1.3424248695373535,-0.8424248695373535,base,no
2303,1,0,0.24508502416032488,-2.0079963207244873,-0.8829963803291321,base,no
2304,1,0,0.22270014914315833,-2.054795265197754,-0.8047953248023987,base,no
2305,1,0,0.4073334000459302,-1.7641066312789917,-1.3891066312789917,base,no
2306,1,1,0.5621765008857981,-1.2806339263916016,-1.5306339263916016,base,Yes
2307,1,0,0.1480471980316895,-2.416076898574829,-0.6660768985748291,base,no
2308,1,0,0.34864513533394575,-1.74839448928833,-1.12339448928833,base,no
2309,1,0,0.34864513533394575,-1.733975887298584,-1.108975887298584,base,no
2310,1,0,0.4378234991142019,-1.381086826324463,-1.131086826324463,base,No
2311,1,0,0.22270013882530884,-2.1611595153808594,-0.9111595153808594,base,no
2312,1,0,0.20181324146316565,-2.402604103088379,-1.0276042222976685,base,No
2313,1,0,0.4378234991142019,-1.5607558488845825,-1.3107558488845825,base,no
2314,1,0,0.20181322226037882,-2.3227357864379883,-0.9477357864379883,base,no
2315,1,0,0.2689414096510108,-1.8966033458709717,-0.8966032862663269,base,no
2316,1,0,0.2689414330889798,-1.9242804050445557,-0.9242804646492004,base,no
2317,1,0,0.2689414213699951,-1.9482959508895874,-0.9482959508895874,base,no
2318,1,0,0.14804721306746543,-2.6014747619628906,-0.8514748811721802,base,no
2319,1,0,0.29421497216298875,-1.774127721786499,-0.899127721786499,base,no
2320,1,0,0.18242552380635632,-2.3136396408081055,-0.8136396408081055,base,no
2321,1,0,0.2227001594610082,-2.127769947052002,-0.8777700662612915,base,no
2322,1,0,0.29421497216298875,-1.831067442893982,-0.9560674428939819,base,no
2323,1,1,0.6513548646660542,-1.163339614868164,-1.788339614868164,base,Yes
2324,1,0,0.37754066879814546,-1.741324782371521,-1.241324782371521,base,No
2325,1,0,0.22270014914315833,-2.2067253589630127,-0.9567254185676575,base,no
2326,1,0,0.20181321265898594,-2.06892991065979,-0.6939298510551453,base,No
2327,1,0,0.26894139793202687,-2.0372095108032227,-1.037209391593933,base,no
2328,1,0,0.5,-1.3011646270751953,-1.3011646270751953,base,No
2329,1,0,0.37754066879814546,-1.6566438674926758,-1.1566438674926758,base,no
2330,1,0,0.4073334000459302,-1.4275121688842773,-1.0525121688842773,base,no
2331,1,0,0.2689414213699951,-1.7752012014389038,-0.7752012014389038,base,no
2332,1,1,0.5621765008857981,-1.2278157472610474,-1.4778157472610474,base,yes
2333,1,0,0.5,-1.2828620672225952,-1.2828620672225952,base,no
2334,1,0,0.32082130082460697,-1.5963138341903687,-0.8463138341903687,base,No
2335,1,0,0.22270011818961086,-2.0340332984924316,-0.7840331792831421,base,No
2336,1,0,0.2689414213699951,-2.1501896381378174,-1.1501896381378174,base,no
2337,1,0,0.32082130082460697,-1.8985506296157837,-1.1485506296157837,base,no
2338,1,0,0.24508501313237172,-1.8374273777008057,-0.7124273777008057,base,No
2339,1,0,0.22270013882530884,-2.1762421131134033,-0.9262421131134033,base,no
2340,1,1,0.7549150089235336,-0.995071291923523,-2.1200714111328125,base,Yes
2341,1,0,0.20181322226037882,-2.277207851409912,-0.9022078514099121,base,no
2342,1,0,0.4378234991142019,-1.5664631128311157,-1.3164631128311157,base,no
2343,1,0,0.2942149597859341,-1.6828455924987793,-0.8078455328941345,base,no
2344,1,0,0.2689414213699951,-1.918636679649353,-0.918636679649353,base,no
2345,1,1,0.8807970904940926,-0.7146261930465698,-2.7146263122558594,base,Yes
2346,1,0,0.37754066879814546,-1.7144056558609009,-1.2144056558609009,base,no
2347,1,0,0.37754066879814546,-1.6696205139160156,-1.1696205139160156,base,no
2348,1,0,0.4073334000459302,-1.504709005355835,-1.129709005355835,base,no
2349,1,0,0.16451645470385742,-2.3444557189941406,-0.7194556593894958,base,no
2350,1,0,0.32082130082460697,-1.7839492559432983,-1.0339492559432983,base,no
2351,1,0,0.20181320305759334,-2.259568214416504,-0.8845680952072144,base,no
2352,1,0,0.4378234991142019,-1.5395501852035522,-1.2895501852035522,base,no
2353,1,0,0.34864513533394575,-1.5281498432159424,-0.9031498432159424,base,no
2354,1,0,0.24508501313237172,-2.148860454559326,-1.0238604545593262,base,no
2355,1,0,0.0953494648991095,-2.801309823989868,-0.5513098239898682,base,no
2356,1,1,0.6224593312018546,-1.2795498371124268,-1.7795498371124268,base,Yes
2357,1,1,0.9324533163686646,-0.672805666923523,-3.2978057861328125,base,Yes
2358,1,0,0.22270014914315833,-2.119271755218506,-0.8692718148231506,base,no
2359,1,0,0.4073334000459302,-1.4059066772460938,-1.0309066772460938,base,no
2360,1,0,0.2689414448079646,-2.0320653915405273,-1.032065510749817,base,no
2361,1,0,0.2942149597859341,-1.7724997997283936,-0.8974997401237488,base,no
2362,1,0,0.2689414213699951,-1.967782735824585,-0.967782735824585,base,no
2363,1,0,0.4073334000459302,-1.30963134765625,-0.93463134765625,base,no
2364,1,0,0.2689414448079646,-2.0428361892700195,-1.042836308479309,base,no
2365,1,0,0.4073334000459302,-1.6464184522628784,-1.2714184522628784,base,no
2366,1,0,0.29421497216298875,-1.8987632989883423,-1.0237632989883423,base,no
2367,1,0,0.22270014914315833,-2.0877630710601807,-0.8377631306648254,base,No
2368,1,0,0.29421497216298875,-1.7668012380599976,-0.8918012380599976,base,no
2369,1,0,0.20181324146316565,-2.264827251434326,-0.8898273706436157,base,no
2370,1,0,0.37754066879814546,-1.46644926071167,-0.9664492607116699,base,no
2371,1,0,0.24508501313237172,-2.086379051208496,-0.9613790512084961,base,no
2372,1,0,0.20181320305759334,-2.193535327911377,-0.8185352087020874,base,no
2373,1,0,0.37754066879814546,-1.4743950366973877,-0.9743950366973877,base,No
2374,1,0,0.5,-1.4989718198776245,-1.4989718198776245,base,no
2375,1,0,0.3208213138121609,-1.7017333507537842,-0.951733410358429,base,no
2376,1,0,0.34864513533394575,-1.720661997795105,-1.095661997795105,base,no
2377,1,1,0.6513548646660542,-0.9812853336334229,-1.6062853336334229,base,yes
2378,1,1,0.8519528170040853,-0.8744868040084839,-2.6244869232177734,base,Yes
2379,1,0,0.29421497216298875,-1.9517488479614258,-1.0767488479614258,base,no
2380,1,0,0.29421497216298875,-1.8891701698303223,-1.0141701698303223,base,No
2381,1,1,0.7057850278370112,-1.063878059387207,-1.938878059387207,base,Yes
2382,1,0,0.32082130082460697,-1.6421027183532715,-0.8921027183532715,base,no
2383,1,0,0.29421497216298875,-1.6649212837219238,-0.7899212837219238,base,no
2384,1,0,0.4378234991142019,-1.6482152938842773,-1.3982152938842773,base,no
2385,1,0,0.24508499107646636,-2.191704273223877,-1.0667041540145874,base,no
2386,1,0,0.2942149845400438,-1.7581448554992676,-0.8831449151039124,base,no
2387,1,0,0.37754066879814546,-1.7600640058517456,-1.2600640058517456,base,no
2388,1,1,0.679178699175393,-1.1188063621520996,-1.8688063621520996,base,Yes
2389,1,0,0.2689414213699951,-2.1045420169830322,-1.1045420169830322,base,no
2390,1,0,0.4073334000459302,-1.4345905780792236,-1.0595905780792236,base,no
2391,1,0,0.34864513533394575,-1.5727547407150269,-0.9477547407150269,base,No
2392,1,0,0.5,-1.4716463088989258,-1.4716463088989258,base,no
2393,1,0,0.34864513533394575,-1.4341193437576294,-0.8091193437576294,base,no
2394,1,0,0.37754066879814546,-1.5457535982131958,-1.0457535982131958,base,no
2395,1,0,0.37754066879814546,-1.4363783597946167,-0.9363783597946167,base,no
2396,1,1,0.5926665999540697,-1.1987024545669556,-1.5737024545669556,base,yes
2397,1,0,0.22270013882530884,-2.0688858032226562,-0.8188858032226562,base,no
2398,1,0,0.29421497216298875,-1.6830979585647583,-0.8080979585647583,base,no
2399,1,0,0.32082130082460697,-1.6904462575912476,-0.9404462575912476,base,no
2400,1,0,0.18242552380635632,-2.3664300441741943,-0.8664300441741943,base,no
2401,1,0,0.24508499107646636,-2.101801872253418,-0.9768017530441284,base,no
2402,1,0,0.22270011818961086,-2.1596012115478516,-0.909601092338562,base,no
2403,1,1,0.7057850278370112,-1.1014434099197388,-1.9764434099197388,base,Yes
2404,1,0,0.4378234991142019,-1.635564923286438,-1.385564923286438,base,No
2405,1,0,0.24508501313237172,-1.8249889612197876,-0.6999889612197876,base,no
2406,1,0,0.16451644651115205,-2.3923115730285645,-0.7673114538192749,base,no
2407,1,0,0.4073334000459302,-1.5510456562042236,-1.1760456562042236,base,no
2408,1,1,0.798186768138228,-0.8901219964027405,-2.2651219367980957,base,Yes
2409,1,1,0.5312093733737563,-1.1061508655548096,-1.2311508655548096,base,yes
2410,1,0,0.29421497216298875,-1.9232436418533325,-1.0482436418533325,base,no
2411,1,0,0.14804721306746543,-2.5278425216674805,-0.77784264087677,base,no
2412,1,0,0.18242552380635632,-2.170135974884033,-0.6701359748840332,base,no
2413,1,0,0.4378234991142019,-1.5443470478057861,-1.2943470478057861,base,no
2414,1,0,0.2942149597859341,-1.6481964588165283,-0.7731963992118835,base,no
2415,1,0,0.20181321265898594,-2.1415886878967285,-0.7665886282920837,base,no
2416,1,0,0.24508500210441886,-1.9585144519805908,-0.833514392375946,base,no
2417,1,0,0.4073334000459302,-1.4560846090316772,-1.0810846090316772,base,No
2418,1,0,0.22270011818961086,-2.033902645111084,-0.7839025259017944,base,no
2419,1,0,0.32082130082460697,-1.818448543548584,-1.068448543548584,base,No
2420,1,0,0.2942149597859341,-1.7995247840881348,-0.92452472448349,base,no
2421,1,0,0.22270013882530884,-2.079149007797241,-0.8291490077972412,base,no
2422,1,0,0.32082130082460697,-1.7699477672576904,-1.0199477672576904,base,no
2423,1,0,0.2942149597859341,-1.8605310916900635,-0.9855310320854187,base,no
2424,1,1,0.5926665999540697,-1.2178444862365723,-1.5928444862365723,base,yes
2425,1,0,0.4073334000459302,-1.4945945739746094,-1.1195945739746094,base,no
2426,1,0,0.32082130082460697,-1.817253828048706,-1.067253828048706,base,no
2427,1,0,0.2942149845400438,-1.7408034801483154,-0.8658035397529602,base,no
2428,1,0,0.2689414213699951,-2.0596189498901367,-1.0596189498901367,base,No
2429,1,0,0.29421497216298875,-1.9785031080245972,-1.1035031080245972,base,no
2430,1,0,0.46879062662624377,-1.494718313217163,-1.369718313217163,base,no
2431,1,0,0.32082130082460697,-1.814932107925415,-1.064932107925415,base,no
2432,1,1,0.5926665999540697,-1.1799068450927734,-1.5549068450927734,base,Yes
2433,1,1,0.5926665999540697,-1.165196180343628,-1.540196180343628,base,yes
2434,1,0,0.32082130082460697,-1.7240574359893799,-0.9740574359893799,base,no
2435,1,0,0.32082130082460697,-1.8228955268859863,-1.0728955268859863,base,no
2436,1,0,0.1329642333263228,-2.595278024673462,-0.7202779650688171,base,no
2437,1,1,0.7772998611746911,-0.9208812713623047,-2.1708812713623047,base,Yes
2438,1,0,0.16451644651115205,-2.4510703086853027,-0.8260701894760132,base,no
2439,1,0,0.22270012850745968,-1.9634959697723389,-0.7134959101676941,base,no
2440,1,0,0.4073334000459302,-1.3677254915237427,-0.9927254915237427,base,no
2441,1,0,0.46879062662624377,-1.3359721899032593,-1.2109721899032593,base,no
2442,1,1,0.7549149868676283,-0.9611737728118896,-2.0861737728118896,base,Yes
2443,1,1,0.8354835371034369,-0.8001267910003662,-2.425126791000366,base,Yes
2444,1,0,0.5,-1.1465561389923096,-1.1465561389923096,base,No
2445,1,1,0.7549149868676283,-1.15799880027771,-2.28299880027771,base,Yes
2446,1,0,0.32082130082460697,-1.663689374923706,-0.913689374923706,base,no
2447,1,0,0.14804719051380197,-2.4053494930267334,-0.6553494334220886,base,No
2448,1,0,0.37754066879814546,-1.405454158782959,-0.905454158782959,base,No
2449,1,1,0.679178699175393,-1.0545318126678467,-1.8045318126678467,base,Yes
2450,1,0,0.2689414213699951,-2.0032222270965576,-1.0032222270965576,base,No
2451,1,0,0.18242553269617778,-2.2795534133911133,-0.7795534729957581,base,no
2452,1,0,0.24508502416032488,-1.8665099143981934,-0.7415099740028381,base,no
2453,1,0,0.32082130082460697,-1.5784968137741089,-0.8284968137741089,base,No
2454,1,0,0.24508501313237172,-1.990254282951355,-0.865254282951355,base,no
2455,1,0,0.4378234991142019,-1.4960252046585083,-1.2460252046585083,base,no
2456,1,0,0.10669059394565118,-2.679114818572998,-0.554114818572998,base,no
2457,1,1,0.7310585786300049,-0.9346891641616821,-1.9346891641616821,base,yes
2458,1,0,0.5,-1.1272000074386597,-1.1272000074386597,base,no
2459,1,1,0.5312093733737563,-1.2087912559509277,-1.3337912559509277,base,yes
2460,1,0,0.34864513533394575,-1.7112329006195068,-1.0862329006195068,base,no
2461,1,0,0.32082130082460697,-1.8082380294799805,-1.0582380294799805,base,no
2462,1,0,0.32082130082460697,-1.798590898513794,-1.048590898513794,base,no
2463,1,1,0.6224593312018546,-1.239259958267212,-1.739259958267212,base,Yes
2464,1,0,0.5,-1.4264414310455322,-1.4264414310455322,base,no
2465,1,0,0.1645164628965632,-2.2952070236206055,-0.6702070236206055,base,no
2466,1,0,0.2689414213699951,-2.100102186203003,-1.100102186203003,base,no
2467,1,0,0.29421497216298875,-1.862481713294983,-0.9874817132949829,base,no
2468,1,0,0.2689414213699951,-1.997214674949646,-0.997214674949646,base,no
2469,1,0,0.37754066879814546,-1.6288528442382812,-1.1288528442382812,base,no
2470,1,0,0.20181322226037882,-2.1248230934143066,-0.7498230934143066,base,no
2471,1,0,0.34864513533394575,-1.7704200744628906,-1.1454200744628906,base,no
2472,1,1,0.5926665999540697,-1.2171287536621094,-1.5921287536621094,base,Yes
2473,1,0,0.24508501313237172,-1.906430721282959,-0.781430721282959,base,no
2474,1,0,0.2942149597859341,-1.8416473865509033,-0.9666473269462585,base,no
2475,1,0,0.1329642264548166,-2.449492931365967,-0.5744928121566772,base,no
2476,1,0,0.34864513533394575,-1.655752420425415,-1.030752420425415,base,no
2477,1,0,0.4378235137849365,-1.2428455352783203,-0.9928455948829651,base,No
2478,1,0,0.22270013882530884,-1.9443362951278687,-0.6943362951278687,base,no
2479,1,0,0.2942149597859341,-1.7783076763153076,-0.9033076167106628,base,no
2480,1,0,0.3486451488696663,-1.4319195747375488,-0.8069196343421936,base,no
2481,1,0,0.4378234991142019,-1.480759859085083,-1.230759859085083,base,No
2482,1,0,0.24508503518827837,-2.027954578399658,-0.9029546976089478,base,no
2483,1,0,0.1329642333263228,-2.7257871627807617,-0.8507871031761169,base,no
2484,1,0,0.29421497216298875,-1.779363751411438,-0.904363751411438,base,no
2485,1,0,0.5,-1.4538369178771973,-1.4538369178771973,base,no
2486,1,0,0.4378234991142019,-1.420562744140625,-1.170562744140625,base,no
2487,1,0,0.32082130082460697,-1.7957792282104492,-1.0457792282104492,base,No
2488,1,0,0.4073334000459302,-1.5706522464752197,-1.1956522464752197,base,no
2489,1,0,0.37754066879814546,-1.8217158317565918,-1.3217158317565918,base,No
2490,1,0,0.37754066879814546,-1.3368299007415771,-0.8368299007415771,base,no
2491,1,0,0.1329642333263228,-2.734367847442627,-0.8593677878379822,base,No
2492,1,0,0.24508501313237172,-2.170421600341797,-1.0454216003417969,base,no
2493,1,0,0.46879062662624377,-1.3409802913665771,-1.2159802913665771,base,no
2494,1,0,0.32082130082460697,-1.8941768407821655,-1.1441768407821655,base,no
2495,1,0,0.2689414096510108,-1.948143482208252,-0.9481434226036072,base,no
2496,1,0,0.4378234991142019,-1.333856463432312,-1.083856463432312,base,No
2497,1,0,0.4073334000459302,-1.6499054431915283,-1.2749054431915283,base,No
2498,1,0,0.4378234991142019,-1.420562744140625,-1.170562744140625,base,no
2499,1,0,0.5,-1.3742152452468872,-1.3742152452468872,base,no
2500,1,0,0.29421497216298875,-1.9450609683990479,-1.0700609683990479,base,no
2501,1,1,0.7310585786300049,-0.9384270906448364,-1.9384270906448364,base,Yes
2502,1,0,0.2689414096510108,-1.735827922821045,-0.7358278632164001,base,no
2503,1,0,0.46879062662624377,-1.571049690246582,-1.446049690246582,base,no
2504,1,0,0.4378234991142019,-1.6065653562545776,-1.3565653562545776,base,No
2505,1,0,0.18242552380635632,-2.4120237827301025,-0.9120237827301025,base,No
2506,1,0,0.29421497216298875,-1.6693392992019653,-0.7943392992019653,base,no
2507,1,0,0.24508501313237172,-2.0821354389190674,-0.9571354389190674,base,no
2508,1,0,0.4073334000459302,-1.500293254852295,-1.125293254852295,base,no
2509,1,1,0.6224593312018546,-1.1644645929336548,-1.6644645929336548,base,Yes
2510,1,0,0.2689414213699951,-1.7927985191345215,-0.7927985191345215,base,no
2511,1,0,0.24508499107646636,-2.113490104675293,-0.9884899854660034,base,no
2512,1,0,0.29421497216298875,-1.831300139427185,-0.9563001394271851,base,no
2513,1,0,0.24508501313237172,-1.787632942199707,-0.662632942199707,base,no
2514,1,0,0.2689414330889798,-1.8082242012023926,-0.8082242608070374,base,no
2515,1,1,0.679178699175393,-1.112265944480896,-1.862265944480896,base,Yes
2516,1,0,0.22270013882530884,-1.9970827102661133,-0.7470827102661133,base,no
2517,1,0,0.46879062662624377,-1.402127742767334,-1.277127742767334,base,No
2518,1,0,0.16451647518562237,-2.084841728210449,-0.4598418176174164,base,no
2519,1,0,0.2689414330889798,-1.5493998527526855,-0.5493999123573303,base,no
2520,1,0,0.46879062662624377,-1.2953205108642578,-1.1703205108642578,base,no
2521,1,0,0.06754669864792355,-3.2143564224243164,-0.589356541633606,base,no
2522,1,0,0.24508501313237172,-2.094170331954956,-0.969170331954956,base,no
2523,1,0,0.34864513533394575,-1.8025760650634766,-1.1775760650634766,base,no
2524,1,0,0.2689414448079646,-2.0260682106018066,-1.0260683298110962,base,no
2525,1,0,0.37754066879814546,-1.7597609758377075,-1.2597609758377075,base,no
2526,1,0,0.2942149597859341,-1.8082890510559082,-0.9332889914512634,base,No
2527,1,1,0.5312093733737563,-1.346910834312439,-1.471910834312439,base,Yes
2528,1,0,0.37754066879814546,-1.5252739191055298,-1.0252739191055298,base,no
2529,1,1,0.9579122696813394,-0.5166803002357483,-3.6416802406311035,base,Yes
2530,1,0,0.24508501313237172,-1.9925802946090698,-0.8675802946090698,base,no
2531,1,0,0.20181322226037882,-2.0089831352233887,-0.6339831352233887,base,no
2532,1,0,0.4378234991142019,-1.4971944093704224,-1.2471944093704224,base,no
2533,1,0,0.2689414213699951,-1.9545074701309204,-0.9545074701309204,base,no
2534,1,0,0.20181324146316565,-2.0216827392578125,-0.646682858467102,base,no
2535,1,0,0.37754066879814546,-1.7036798000335693,-1.2036798000335693,base,no
2536,1,0,0.24508501313237172,-2.0851871967315674,-0.9601871967315674,base,no
2537,1,1,0.7310585903489892,-0.8670303225517273,-1.867030382156372,base,Yes
2538,1,0,0.34864513533394575,-1.7057228088378906,-1.0807228088378906,base,no
2539,1,0,0.16451647108926923,-2.2592225074768066,-0.6342225670814514,base,no
2540,1,0,0.24508501313237172,-1.9931726455688477,-0.8681726455688477,base,no
2541,1,0,0.2689414096510108,-1.74381685256958,-0.7438167929649353,base,no
2542,1,0,0.2227001594610082,-2.0131139755249023,-0.7631140947341919,base,no
2543,1,0,0.34864513533394575,-1.699481725692749,-1.074481725692749,base,no
2544,1,0,0.32082130082460697,-1.9548704624176025,-1.2048704624176025,base,no
2545,1,0,0.29421497216298875,-1.7827140092849731,-0.9077140092849731,base,no
2546,1,0,0.26894139793202687,-2.0092859268188477,-1.009285807609558,base,no
2547,1,0,0.32082130082460697,-1.657967448234558,-0.9079674482345581,base,no
2548,1,0,0.3775406828054583,-1.4468724727630615,-0.9468725323677063,base,no
2549,1,1,0.5621765008857981,-1.132008671760559,-1.382008671760559,base,yes
2550,1,0,0.14804721306746543,-2.5041732788085938,-0.7541733980178833,base,no
2551,1,0,0.29421497216298875,-1.7083535194396973,-0.8333535194396973,base,no
2552,1,1,0.5621765008857981,-1.157483458518982,-1.407483458518982,base,Yes
2553,1,1,0.754914997895581,-0.7848569750785828,-1.9098570346832275,base,yes
2554,1,0,0.22270012850745968,-1.9998993873596191,-0.7498993277549744,base,No
2555,1,0,0.1645164628965632,-2.286226749420166,-0.661226749420166,base,no
2556,1,0,0.18242553269617778,-2.3734936714172363,-0.8734937310218811,base,no
2557,1,0,0.11920292202211755,-2.6515519618988037,-0.6515519618988037,base,No
2558,1,0,0.29421497216298875,-1.6592799425125122,-0.7842799425125122,base,No
2559,1,0,0.32082130082460697,-1.7664461135864258,-1.0164461135864258,base,no
2560,1,1,0.6224593312018546,-0.9907829761505127,-1.4907829761505127,base,Yes
2561,1,0,0.32082130082460697,-1.9015640020370483,-1.1515640020370483,base,no
2562,1,0,0.2689414213699951,-1.9496937990188599,-0.9496937990188599,base,No
2563,1,0,0.34864513533394575,-1.735635757446289,-1.110635757446289,base,No
2564,1,0,0.37754066879814546,-1.64822256565094,-1.14822256565094,base,no
2565,1,0,0.1824255415859996,-2.3847131729125977,-0.8847132921218872,base,No
2566,1,0,0.37754066879814546,-1.7257378101348877,-1.2257378101348877,base,no
2567,1,0,0.2942149597859341,-1.7297735214233398,-0.8547734618186951,base,no
2568,1,0,0.2942149597859341,-1.766174554824829,-0.8911744952201843,base,no
2569,1,0,0.22270013882530884,-1.9883298873901367,-0.7383298873901367,base,no
2570,1,0,0.22270013882530884,-1.8922674655914307,-0.6422674655914307,base,no
2571,1,0,0.37754066879814546,-1.693249225616455,-1.193249225616455,base,no
2572,1,0,0.16451647108926923,-2.177849531173706,-0.5528495907783508,base,no
2573,1,0,0.29421497216298875,-1.803821086883545,-0.9288210868835449,base,no
2574,1,0,0.46879062662624377,-1.2738276720046997,-1.1488276720046997,base,No
2575,1,0,0.32082130082460697,-1.8658804893493652,-1.1158804893493652,base,no
2576,1,0,0.3208213138121609,-1.6999485492706299,-0.9499486088752747,base,no
2577,1,0,0.37754066879814546,-1.4651492834091187,-0.9651492834091187,base,No
2578,1,1,0.5621765008857981,-1.1801174879074097,-1.4301174879074097,base,yes
2579,1,0,0.22270012850745968,-1.9502594470977783,-0.7002593874931335,base,no
2580,1,0,0.1480471829959148,-2.370279312133789,-0.6202791929244995,base,no
2581,1,0,0.20181322226037882,-2.166557788848877,-0.791557788848877,base,no
2582,1,0,0.24508501313237172,-1.9692496061325073,-0.8442496061325073,base,no
2583,1,1,0.5926665999540697,-1.3168985843658447,-1.6918985843658447,base,Yes
2584,1,0,0.2689414330889798,-1.8383545875549316,-0.8383546471595764,base,no
2585,1,0,0.5,-1.4712681770324707,-1.4712681770324707,base,no
2586,1,1,0.7549149648117217,-1.0533639192581177,-2.178363800048828,base,Yes
2587,1,0,0.37754066879814546,-1.7398325204849243,-1.2398325204849243,base,no
2588,1,0,0.5,-1.4656271934509277,-1.4656271934509277,base,no
2589,1,0,0.37754066879814546,-1.6239502429962158,-1.1239502429962158,base,no
2590,1,0,0.4378234991142019,-1.4726998805999756,-1.2226998805999756,base,no
2591,1,0,0.22270013882530884,-2.0003862380981445,-0.7503862380981445,base,no
2592,1,0,0.2227001594610082,-2.092872142791748,-0.8428722620010376,base,no
2593,1,0,0.32082130082460697,-1.8917313814163208,-1.1417313814163208,base,no
2594,1,0,0.32082130082460697,-1.5725924968719482,-0.8225924968719482,base,no
2595,1,1,0.5312093733737563,-1.3659318685531616,-1.4909318685531616,base,Yes
2596,1,0,0.24508501313237172,-1.9837532043457031,-0.8587532043457031,base,no
2597,1,0,0.4378234991142019,-1.5550050735473633,-1.3050050735473633,base,No
2598,1,0,0.4073334000459302,-1.628255844116211,-1.253255844116211,base,no
2599,1,0,0.20181322226037882,-2.1494216918945312,-0.7744216918945312,base,No
2600,1,0,0.22270013882530884,-2.2349040508270264,-0.9849040508270264,base,No
2601,1,1,0.5312093733737563,-1.3368916511535645,-1.4618916511535645,base,Yes
2602,1,0,0.24508501313237172,-2.132887125015259,-1.0078871250152588,base,no
2603,1,0,0.2227001594610082,-2.247492790222168,-0.9974929094314575,base,no
2604,1,0,0.22270013882530884,-2.285879373550415,-1.035879373550415,base,no
2605,1,0,0.32082130082460697,-1.811288833618164,-1.061288833618164,base,no
2606,1,0,0.18242551491653522,-2.4396262168884277,-0.939626157283783,base,no
2607,1,1,0.5926665999540697,-1.2913886308670044,-1.6663886308670044,base,Yes
2608,1,0,0.1480471980316895,-2.4874515533447266,-0.7374515533447266,base,no
2609,1,1,0.8519527944504226,-0.8709502816200256,-2.620950222015381,base,Yes
2610,1,0,0.24508499107646636,-2.1999425888061523,-1.0749424695968628,base,no
2611,1,0,0.29421497216298875,-1.7342275381088257,-0.8592275381088257,base,no
2612,1,0,0.34864513533394575,-1.710864782333374,-1.085864782333374,base,no
2613,1,1,0.7981867969424066,-0.9043525457382202,-2.2793526649475098,base,Yes
2614,1,1,0.5621765008857981,-1.2975149154663086,-1.5475149154663086,base,Yes
2615,1,0,0.22270013882530884,-2.058436632156372,-0.8084366321563721,base,no
2616,1,0,0.1645164628965632,-2.266187906265259,-0.6411879062652588,base,no
2617,1,0,0.22270013882530884,-1.9516352415084839,-0.7016352415084839,base,no
2618,1,0,0.2942149597859341,-1.5874719619750977,-0.7124719023704529,base,No
2619,1,0,0.2689414330889798,-1.872192144393921,-0.8721922039985657,base,no
2620,1,0,0.4073334000459302,-1.7162911891937256,-1.3412911891937256,base,no
2621,1,0,0.32082130082460697,-1.7650196552276611,-1.0150196552276611,base,no
2622,1,0,0.34864513533394575,-1.8139994144439697,-1.1889994144439697,base,no
2623,1,0,0.29421497216298875,-1.9199260473251343,-1.0449260473251343,base,no
2624,1,0,0.32082130082460697,-1.7939034700393677,-1.0439034700393677,base,no
2625,1,0,0.32082130082460697,-1.9544531106948853,-1.2044531106948853,base,no
2626,1,0,0.5,-1.1415764093399048,-1.1415764093399048,base,No
2627,1,0,0.22270013882530884,-1.792832612991333,-0.542832612991333,base,no
2628,1,0,0.29421497216298875,-1.948006510734558,-1.073006510734558,base,No
2629,1,0,0.2942149845400438,-1.5918519496917725,-0.7168520092964172,base,No
2630,1,0,0.32082130082460697,-1.9450008869171143,-1.1950008869171143,base,no
2631,1,1,0.5926665999540697,-1.2198210954666138,-1.5948210954666138,base,Yes
2632,1,0,0.29421497216298875,-1.883070707321167,-1.008070707321167,base,no
2633,1,0,0.1824255415859996,-2.242098808288574,-0.7420989274978638,base,No
2634,1,0,0.46879062662624377,-1.4524370431900024,-1.3274370431900024,base,no
2635,1,0,0.46879062662624377,-1.4436930418014526,-1.3186930418014526,base,no
2636,1,1,0.9046505299595163,-0.7153359055519104,-2.9653358459472656,base,Yes
2637,1,0,0.29421497216298875,-1.846514105796814,-0.971514105796814,base,no
2638,1,0,0.22270012850745968,-1.9860026836395264,-0.7360026240348816,base,no
2639,1,0,0.16451645470385742,-2.362274408340454,-0.7372743487358093,base,no
2640,1,0,0.5,-1.2332180738449097,-1.2332180738449097,base,No
2641,1,0,0.13296425394084313,-2.7763757705688477,-0.9013758897781372,base,no
2642,1,1,0.914900950352329,-0.6006117463111877,-2.975611686706543,base,Yes
2643,1,0,0.4378234991142019,-1.537358283996582,-1.287358283996582,base,no
2644,1,1,0.5621765008857981,-1.3352726697921753,-1.5852726697921753,base,Yes
2645,1,0,0.29421497216298875,-1.8683539628982544,-0.9933539628982544,base,no
2646,1,1,0.6224593312018546,-1.1438578367233276,-1.6438578367233276,base,Yes
2647,1,0,0.29421497216298875,-1.887343168258667,-1.012343168258667,base,no
2648,1,0,0.32082130082460697,-1.765921950340271,-1.015921950340271,base,no
2649,1,0,0.18242552380635632,-2.4295830726623535,-0.9295830726623535,base,no
2650,1,0,0.34864513533394575,-1.5731770992279053,-0.9481770992279053,base,No
2651,1,0,0.20181322226037882,-2.2093214988708496,-0.8343214988708496,base,no
2652,1,0,0.22270013882530884,-2.224851131439209,-0.974851131439209,base,no
2653,1,0,0.1480472055495773,-2.5092320442199707,-0.7592321038246155,base,no
2654,1,1,0.7057850278370112,-0.9257384538650513,-1.8007384538650513,base,Yes
2655,1,1,0.679178699175393,-1.0859262943267822,-1.8359262943267822,base,Yes
2656,1,0,0.2689414213699951,-1.7814743518829346,-0.7814743518829346,base,no
2657,1,0,0.34864513533394575,-1.7198293209075928,-1.0948293209075928,base,no
2658,1,1,0.5621765008857981,-1.2752445936203003,-1.5252445936203003,base,Yes
2659,1,0,0.32082130082460697,-1.914280652999878,-1.164280652999878,base,no
2660,1,0,0.2689414213699951,-1.6642121076583862,-0.6642121076583862,base,no
2661,1,0,0.32082130082460697,-1.863495111465454,-1.113495111465454,base,no
2662,1,0,0.2689414213699951,-1.8546719551086426,-0.8546719551086426,base,no
2663,1,0,0.34864513533394575,-1.9374456405639648,-1.3124456405639648,base,no
2664,1,1,0.731058602067973,-1.0431064367294312,-2.0431065559387207,base,Yes
2665,1,0,0.37754066879814546,-1.4685015678405762,-0.9685015678405762,base,no
2666,1,0,0.18242551491653522,-2.07975172996521,-0.5797516703605652,base,No
2667,1,1,0.7549149868676283,-0.9899182319641113,-2.1149182319641113,base,Yes
2668,1,1,0.679178699175393,-1.1341609954833984,-1.8841609954833984,base,Yes
2669,1,0,0.34864513533394575,-1.7319416999816895,-1.1069416999816895,base,no
2670,1,0,0.4073334000459302,-1.6023787260055542,-1.2273787260055542,base,no
2671,1,0,0.24508501313237172,-2.136943817138672,-1.0119438171386719,base,no
2672,1,0,0.22270013882530884,-1.9906593561172485,-0.7406593561172485,base,no
2673,1,0,0.24508502416032488,-2.013583183288574,-0.888583242893219,base,no
2674,1,0,0.37754066879814546,-1.531583547592163,-1.031583547592163,base,no
2675,1,0,0.1329642264548166,-2.4247379302978516,-0.549737811088562,base,no
2676,1,0,0.22270013882530884,-2.3235950469970703,-1.0735950469970703,base,no
2677,1,0,0.32082130082460697,-1.7180508375167847,-0.9680508375167847,base,no
2678,1,0,0.20181323186177208,-2.1108312606811523,-0.7358313202857971,base,no
2679,1,0,0.24508501313237172,-2.1293046474456787,-1.0043046474456787,base,no
2680,1,0,0.22270013882530884,-2.1093528270721436,-0.8593528270721436,base,no
2681,1,1,0.8933094003735664,-0.6547413468360901,-2.7797412872314453,base,Yes
2682,1,0,0.2942149597859341,-1.692213773727417,-0.8172137141227722,base,no
2683,1,0,0.2689414096510108,-1.741680383682251,-0.7416803240776062,base,no
2684,1,0,0.24508501313237172,-1.917880654335022,-0.792880654335022,base,no
2685,1,0,0.4378234991142019,-1.4384491443634033,-1.1884491443634033,base,no
2686,1,0,0.24508503518827837,-2.1822919845581055,-1.057292103767395,base,no
2687,1,0,0.34864513533394575,-1.6010079383850098,-0.9760079383850098,base,no
2688,1,0,0.24508501313237172,-1.9482958316802979,-0.8232958316802979,base,no
2689,1,0,0.24508501313237172,-1.8870378732681274,-0.7620378732681274,base,no
2690,1,1,0.6224593171945417,-0.877082884311676,-1.3770828247070312,base,Yes
2691,1,0,0.4073334000459302,-1.3099311590194702,-0.9349311590194702,base,No
2692,1,0,0.5,-1.366402268409729,-1.366402268409729,base,no
2693,1,0,0.2689414213699951,-1.7801884412765503,-0.7801884412765503,base,no
2694,1,0,0.29421497216298875,-1.9456239938735962,-1.0706239938735962,base,no
2695,1,0,0.20181323186177208,-2.112403392791748,-0.7374034523963928,base,no
2696,1,0,0.34864513533394575,-1.7753279209136963,-1.1503279209136963,base,no
2697,1,0,0.32082130082460697,-1.8956576585769653,-1.1456576585769653,base,no
2698,1,0,0.37754066879814546,-1.3159728050231934,-0.8159728050231934,base,No
2699,1,0,0.18242553269617778,-2.2330217361450195,-0.7330217957496643,base,no
2700,1,0,0.46879062662624377,-1.4619715213775635,-1.3369715213775635,base,no
2701,1,0,0.4378234991142019,-1.683225154876709,-1.433225154876709,base,no
2702,1,0,0.16451644651115205,-2.0879297256469727,-0.4629296064376831,base,no
2703,1,0,0.32082130082460697,-1.804250717163086,-1.054250717163086,base,no
2704,1,0,0.29421497216298875,-1.828881859779358,-0.9538818597793579,base,no
2705,1,0,0.37754066879814546,-1.7131977081298828,-1.2131977081298828,base,no
2706,1,0,0.18242553269617778,-2.3394124507904053,-0.83941251039505,base,no
2707,1,0,0.20181321265898594,-2.234327793121338,-0.8593277335166931,base,no
2708,1,1,0.6224593312018546,-1.299360752105713,-1.799360752105713,base,Yes
2709,1,0,0.4073334000459302,-1.6143354177474976,-1.2393354177474976,base,no
2710,1,0,0.20181321265898594,-1.943471908569336,-0.5684718489646912,base,no
2711,1,0,0.06008665354025422,-3.5138039588928223,-0.763804018497467,base,no
2712,1,0,0.20181324146316565,-2.048074245452881,-0.6730743646621704,base,no
2713,1,1,0.754914997895581,-0.938201367855072,-2.063201427459717,base,yes
2714,1,0,0.3486451217982255,-1.4776091575622559,-0.8526090979576111,base,no
2715,1,0,0.29421497216298875,-1.919190526008606,-1.044190526008606,base,No
2716,1,0,0.32082130082460697,-1.6976706981658936,-0.9476706981658936,base,no
2717,1,0,0.1645164792819756,-2.304732322692871,-0.6797324419021606,base,no
2718,1,1,0.5926665999540697,-1.1477296352386475,-1.5227296352386475,base,Yes
2719,1,0,0.32082130082460697,-1.941217064857483,-1.191217064857483,base,no
2720,1,0,0.34864513533394575,-1.5282751321792603,-0.9032751321792603,base,no
2721,1,0,0.5,-1.2883127927780151,-1.2883127927780151,base,no
2722,1,0,0.2689414096510108,-1.8158912658691406,-0.8158912062644958,base,no
2723,1,0,0.29421497216298875,-1.8323560953140259,-0.9573560953140259,base,no
2724,1,0,0.2689414213699951,-1.831342101097107,-0.8313421010971069,base,no
2725,1,0,0.24508500210441886,-2.011509418487549,-0.886509358882904,base,no
2726,1,0,0.29421497216298875,-1.9790208339691162,-1.1040208339691162,base,no
2727,1,0,0.46879062662624377,-1.1714597940444946,-1.0464597940444946,base,no
2728,1,0,0.46879062662624377,-1.5549253225326538,-1.4299253225326538,base,No
2729,1,1,0.5621765008857981,-1.2638177871704102,-1.5138177871704102,base,yes
2730,1,0,0.46879062662624377,-1.3632009029388428,-1.2382009029388428,base,no
2731,1,0,0.2689414330889798,-1.8741960525512695,-0.8741961121559143,base,no
2732,1,0,0.18242551491653522,-2.082180976867676,-0.582180917263031,base,no
2733,1,0,0.29421497216298875,-1.8331934213638306,-0.9581934213638306,base,no
2734,1,0,0.2942149474088797,-2.0304360389709473,-1.1554359197616577,base,no
2735,1,0,0.2689414213699951,-2.0222671031951904,-1.0222671031951904,base,no
2736,1,0,0.5,-1.436319351196289,-1.436319351196289,base,No
2737,1,0,0.24508500210441886,-1.9943516254425049,-0.8693515658378601,base,no
2738,1,0,0.37754066879814546,-1.4983817338943481,-0.9983817338943481,base,no
2739,1,0,0.18242553269617778,-2.1926145553588867,-0.6926146149635315,base,No
2740,1,0,0.24508500210441886,-1.8791589736938477,-0.7541589140892029,base,no
2741,1,1,0.7772998611746911,-0.9768600463867188,-2.2268600463867188,base,Yes
2742,1,1,0.5312093733737563,-1.3829513788223267,-1.5079513788223267,base,yes
2743,1,0,0.11920293453832885,-2.7394227981567383,-0.7394229173660278,base,no
2744,1,0,0.09534947518185825,-3.0357160568237305,-0.78571617603302,base,no
2745,1,0,0.29421497216298875,-1.8602842092514038,-0.9852842092514038,base,no
2746,1,1,0.5312093733737563,-1.5425916910171509,-1.6675916910171509,base,yes
2747,1,0,0.24508499107646636,-2.2271313667297363,-1.1021312475204468,base,no
2748,1,0,0.29421497216298875,-1.9128227233886719,-1.0378227233886719,base,no
2749,1,0,0.22270011818961086,-2.05842924118042,-0.8084291219711304,base,no
2750,1,0,0.37754066879814546,-1.774239182472229,-1.274239182472229,base,no
2751,1,0,0.4378234991142019,-1.5217205286026,-1.2717205286026,base,no
2752,1,0,0.34864513533394575,-1.85265052318573,-1.22765052318573,base,no
2753,1,0,0.20181322226037882,-2.076911687850952,-0.7019116878509521,base,no
2754,1,0,0.34864513533394575,-1.8339550495147705,-1.2089550495147705,base,no
2755,1,0,0.2227001594610082,-2.1036295890808105,-0.8536297082901001,base,no
2756,1,0,0.46879062662624377,-1.4899425506591797,-1.3649425506591797,base,No
2757,1,0,0.22270014914315833,-2.0993669033050537,-0.8493669629096985,base,no
2758,1,0,0.37754066879814546,-1.5509899854660034,-1.0509899854660034,base,no
2759,1,0,0.2689414213699951,-2.0977070331573486,-1.0977070331573486,base,no
2760,1,0,0.22270012850745968,-1.9151380062103271,-0.6651379466056824,base,no
2761,1,0,0.2227001594610082,-2.1349520683288574,-0.884952187538147,base,no
2762,1,0,0.11920293453832885,-2.596280574798584,-0.5962806940078735,base,no
2763,1,0,0.24508501313237172,-2.001753807067871,-0.8767538070678711,base,no
2764,1,0,0.2689414213699951,-1.7483103275299072,-0.7483103275299072,base,no
2765,1,0,0.2689414213699951,-1.9830474853515625,-0.9830474853515625,base,no
2766,1,0,0.4073334000459302,-1.7038887739181519,-1.3288887739181519,base,no
2767,1,0,0.3486451217982255,-1.4712822437286377,-0.8462821841239929,base,No
2768,1,0,0.1824255415859996,-2.158719539642334,-0.6587196588516235,base,no
2769,1,0,0.22270011818961086,-2.2379465103149414,-0.9879463911056519,base,No
2770,1,0,0.18242551491653522,-2.4887497425079346,-0.9887496829032898,base,no
2771,1,0,0.4378234991142019,-1.258884310722351,-1.008884310722351,base,No
2772,1,0,0.24508501313237172,-1.8552244901657104,-0.7302244901657104,base,No
2773,1,0,0.4073334000459302,-1.534973382949829,-1.159973382949829,base,no
2774,1,0,0.20181320305759334,-2.3160157203674316,-0.9410156011581421,base,no
2775,1,0,0.34864513533394575,-1.4900798797607422,-0.8650798797607422,base,No
2776,1,0,0.1480472055495773,-2.306330919265747,-0.5563309788703918,base,no
2777,1,0,0.4073334000459302,-1.702875018119812,-1.327875018119812,base,No
2778,1,0,0.37754066879814546,-1.5053620338439941,-1.0053620338439941,base,no
2779,1,1,0.7549149868676283,-1.0060780048370361,-2.131078004837036,base,Yes
2780,1,0,0.16451645470385742,-2.3064026832580566,-0.6814026236534119,base,no
2781,1,0,0.37754066879814546,-1.5106148719787598,-1.0106148719787598,base,no
2782,1,0,0.26894139793202687,-2.0111732482910156,-1.011173129081726,base,no
2783,1,1,0.5621765008857981,-1.4026647806167603,-1.6526647806167603,base,Yes
2784,1,0,0.20181322226037882,-2.134267807006836,-0.7592678070068359,base,no
2785,1,0,0.37754066879814546,-1.7309939861297607,-1.2309939861297607,base,no
2786,1,0,0.1480471829959148,-2.487077236175537,-0.7370771169662476,base,no
2787,1,0,0.24508499107646636,-2.14835786819458,-1.0233577489852905,base,no
2788,1,0,0.34864513533394575,-1.6005091667175293,-0.9755091667175293,base,No
2789,1,1,0.5312093733737563,-1.385223388671875,-1.510223388671875,base,Yes
2790,1,0,0.22270013882530884,-2.238379716873169,-0.988379716873169,base,no
2791,1,0,0.5,-1.4734447002410889,-1.4734447002410889,base,no
2792,1,0,0.24508502416032488,-2.072495222091675,-0.9474952816963196,base,no
2793,1,1,0.5312093733737563,-1.319672703742981,-1.444672703742981,base,Yes
2794,1,0,0.37754066879814546,-1.6270623207092285,-1.1270623207092285,base,no
2795,1,1,0.6224593312018546,-0.9150607585906982,-1.4150607585906982,base,Yes
2796,1,1,0.6224593312018546,-1.168012022972107,-1.668012022972107,base,Yes
2797,1,0,0.32082130082460697,-1.6988790035247803,-0.9488790035247803,base,No
2798,1,0,0.46879062662624377,-1.5194281339645386,-1.3944281339645386,base,no
2799,1,0,0.29421497216298875,-1.8191008567810059,-0.9441008567810059,base,no
2800,1,0,0.18242553269617778,-2.3310153484344482,-0.831015408039093,base,no
2801,1,0,0.2942149597859341,-1.5560753345489502,-0.6810752749443054,base,no
2802,1,0,0.34864513533394575,-1.782131552696228,-1.157131552696228,base,No
2803,1,0,0.2942149597859341,-1.8307442665100098,-0.955744206905365,base,no
2804,1,0,0.32082130082460697,-1.7592779397964478,-1.0092779397964478,base,No
2805,1,0,0.2942149845400438,-1.6536235809326172,-0.778623640537262,base,no
2806,1,1,0.8670357598021706,-0.8518705368041992,-2.726870536804199,base,Yes
2807,1,0,0.24508503518827837,-2.0003228187561035,-0.8753229379653931,base,no
2808,1,0,0.18242552380635632,-2.302724838256836,-0.8027248382568359,base,no
2809,1,0,0.20181323186177208,-2.262690544128418,-0.8876906037330627,base,no
2810,1,0,0.29421497216298875,-1.8855180740356445,-1.0105180740356445,base,no
2811,1,0,0.4378234991142019,-1.5511977672576904,-1.3011977672576904,base,no
2812,1,0,0.32082130082460697,-1.941946029663086,-1.191946029663086,base,no
2813,1,0,0.22270013882530884,-2.2371866703033447,-0.9871866703033447,base,no
2814,1,0,0.37754066879814546,-1.6142717599868774,-1.1142717599868774,base,No
2815,1,0,0.46879062662624377,-1.520938515663147,-1.395938515663147,base,No
2816,1,1,0.8175744850834649,-0.8756670355796814,-2.375667095184326,base,Yes
2817,1,0,0.14804721306746543,-2.4772496223449707,-0.7272497415542603,base,No
2818,1,0,0.22270014914315833,-1.9244177341461182,-0.6744177937507629,base,No
2819,1,0,0.22270011818961086,-2.174459934234619,-0.9244598150253296,base,no
2820,1,0,0.22270013882530884,-1.9625602960586548,-0.7125602960586548,base,no
2821,1,0,0.32082130082460697,-1.8330661058425903,-1.0830661058425903,base,no
2822,1,0,0.18242550602671442,-2.2965688705444336,-0.796568751335144,base,no
2823,1,0,0.1066905825840872,-2.9930505752563477,-0.8680504560470581,base,no
2824,1,0,0.22270012850745968,-1.9828224182128906,-0.7328223586082458,base,no
2825,1,0,0.24508501313237172,-1.998162031173706,-0.873162031173706,base,no
2826,1,0,0.4378234991142019,-1.433309555053711,-1.183309555053711,base,no
2827,1,0,0.16451645470385742,-2.417036533355713,-0.7920364737510681,base,no
2828,1,1,0.6224593312018546,-1.1782195568084717,-1.6782195568084717,base,Yes
2829,1,0,0.4378234991142019,-1.5104261636734009,-1.2604261636734009,base,No
2830,1,0,0.34864513533394575,-1.8284778594970703,-1.2034778594970703,base,no
2831,1,0,0.32082130082460697,-1.7143769264221191,-0.9643769264221191,base,no
2832,1,0,0.2689414213699951,-1.9462511539459229,-0.9462511539459229,base,no
2833,1,0,0.1480472055495773,-2.5228614807128906,-0.7728615403175354,base,No
2834,1,0,0.40733341443526055,-1.2873029708862305,-0.9123030304908752,base,No
2835,1,0,0.32082130082460697,-1.8171794414520264,-1.0671794414520264,base,no
2836,1,0,0.20181322226037882,-1.9297541379928589,-0.5547541379928589,base,no
2837,1,0,0.20181323186177208,-2.1376442909240723,-0.762644350528717,base,No
2838,1,0,0.37754066879814546,-1.7976858615875244,-1.2976858615875244,base,no
2839,1,0,0.2689414213699951,-2.0859053134918213,-1.0859053134918213,base,no
2840,1,0,0.5,-1.547945261001587,-1.547945261001587,base,no
2841,1,0,0.34864513533394575,-1.7919718027114868,-1.1669718027114868,base,no
2842,1,1,0.679178699175393,-1.0392234325408936,-1.7892234325408936,base,Yes
2843,1,0,0.37754066879814546,-1.7140142917633057,-1.2140142917633057,base,no
2844,1,0,0.22270013882530884,-1.8585665225982666,-0.6085665225982666,base,No
2845,1,0,0.29421497216298875,-2.0583865642547607,-1.1833865642547607,base,no
2846,1,0,0.13296424706933604,-2.6471714973449707,-0.7721715569496155,base,no
2847,1,0,0.20181321265898594,-2.264662504196167,-0.8896624445915222,base,no
2848,1,0,0.29421497216298875,-1.989596962928772,-1.114596962928772,base,no
2849,1,0,0.2689414213699951,-2.0484728813171387,-1.0484728813171387,base,no
2850,1,0,0.29421497216298875,-1.9306918382644653,-1.0556918382644653,base,no
2851,1,0,0.37754066879814546,-1.6504499912261963,-1.1504499912261963,base,no
2852,1,0,0.29421497216298875,-1.9515964984893799,-1.0765964984893799,base,No
2853,1,1,0.5312093733737563,-1.2547693252563477,-1.3797693252563477,base,yes
2854,1,0,0.32082130082460697,-1.8290002346038818,-1.0790002346038818,base,No
2855,1,0,0.32082130082460697,-1.7926627397537231,-1.0426627397537231,base,no
2856,1,1,0.5621765008857981,-1.1474390029907227,-1.3974390029907227,base,Yes
2857,1,0,0.34864513533394575,-1.4408934116363525,-0.8158934116363525,base,No
2858,1,0,0.4073334000459302,-1.4373745918273926,-1.0623745918273926,base,no
2859,1,0,0.34864513533394575,-1.7667304277420044,-1.1417304277420044,base,no
2860,1,0,0.24508501313237172,-1.9598472118377686,-0.8348472118377686,base,no
2861,1,1,0.7772998611746911,-0.9586472511291504,-2.2086472511291504,base,Yes
2862,1,0,0.2942149845400438,-1.7879281044006348,-0.9129281640052795,base,no
2863,1,1,0.679178699175393,-1.1209111213684082,-1.8709111213684082,base,Yes
2864,1,0,0.2227001594610082,-2.1596240997314453,-0.9096242189407349,base,no
2865,1,0,0.5,-1.2519530057907104,-1.2519530057907104,base,No
2866,1,0,0.4378234991142019,-1.534080147743225,-1.284080147743225,base,no
2867,1,0,0.24508500210441886,-1.875389575958252,-0.7503895163536072,base,no
2868,1,0,0.4073334000459302,-1.2552169561386108,-0.8802169561386108,base,no
2869,1,0,0.46879062662624377,-1.2929351329803467,-1.1679351329803467,base,no
2870,1,1,0.7549149868676283,-1.0289571285247803,-2.1539571285247803,base,Yes
2871,1,1,0.5312093733737563,-1.4712584018707275,-1.5962584018707275,base,Yes
2872,1,1,0.5926665999540697,-1.2868987321853638,-1.6618987321853638,base,Yes
2873,1,0,0.37754066879814546,-1.3878170251846313,-0.8878170251846313,base,No
2874,1,0,0.37754066879814546,-1.7364476919174194,-1.2364476919174194,base,no
2875,1,0,0.16451644651115205,-2.478360652923584,-0.8533605337142944,base,no
2876,1,1,0.5312093733737563,-1.3418902158737183,-1.4668902158737183,base,Yes
2877,1,0,0.4378234991142019,-1.4566665887832642,-1.2066665887832642,base,no
2878,1,0,0.46879062662624377,-1.5364490747451782,-1.4114490747451782,base,no
2879,1,0,0.18242551491653522,-2.3356690406799316,-0.8356689810752869,base,no
2880,1,0,0.10669058826486906,-2.6855857372283936,-0.5605856776237488,base,no
2881,1,0,0.37754066879814546,-1.7701257467269897,-1.2701257467269897,base,No
2882,1,0,0.4378234991142019,-1.488387107849121,-1.238387107849121,base,no
2883,1,0,0.46879062662624377,-1.456427812576294,-1.331427812576294,base,no
2884,1,0,0.24508501313237172,-1.99760103225708,-0.8726010322570801,base,no
2885,1,0,0.2942149845400438,-1.6680731773376465,-0.7930732369422913,base,No
2886,1,0,0.2689414213699951,-2.0619730949401855,-1.0619730949401855,base,no
2887,1,0,0.20181322226037882,-2.299039363861084,-0.924039363861084,base,no
2888,1,0,0.4378234991142019,-1.3342311382293701,-1.0842311382293701,base,no
2889,1,0,0.5,-1.4528260231018066,-1.4528260231018066,base,no
2890,1,0,0.18242550602671442,-2.044292449951172,-0.5442923307418823,base,no
2891,1,1,0.5926665999540697,-1.200907826423645,-1.575907826423645,base,yes
2892,1,1,0.5312093733737563,-1.1574920415878296,-1.2824920415878296,base,yes
2893,1,0,0.3208212878370535,-1.5480475425720215,-0.7980474829673767,base,No
2894,1,0,0.37754066879814546,-1.429671049118042,-0.929671049118042,base,no
2895,1,0,0.4073334000459302,-1.6403976678848267,-1.2653976678848267,base,No
2896,1,0,0.2689414096510108,-1.7797973155975342,-0.7797972559928894,base,no
2897,1,0,0.2689414213699951,-1.8263267278671265,-0.8263267278671265,base,no
2898,1,0,0.18242552380635632,-2.412060260772705,-0.9120602607727051,base,No
2899,1,0,0.2689414213699951,-1.7418203353881836,-0.7418203353881836,base,no
2900,1,0,0.4073334000459302,-1.540568232536316,-1.165568232536316,base,no
2901,1,0,0.4378234991142019,-1.2751648426055908,-1.0251648426055908,base,no
2902,1,0,0.32082130082460697,-1.7244771718978882,-0.9744771718978882,base,no
2903,1,0,0.29421497216298875,-1.8660756349563599,-0.9910756349563599,base,No
2904,1,0,0.5,-1.3666417598724365,-1.3666417598724365,base,no
2905,1,0,0.46879062662624377,-1.605883002281189,-1.480883002281189,base,no
2906,1,0,0.32082130082460697,-1.7608879804611206,-1.0108879804611206,base,no
2907,1,0,0.20181324146316565,-2.356001853942871,-0.9810019731521606,base,No
2908,1,0,0.4378234991142019,-1.458311915397644,-1.208311915397644,base,no
2909,1,0,0.20181323186177208,-2.275614023208618,-0.9006140828132629,base,no
2910,1,0,0.37754066879814546,-1.6603813171386719,-1.1603813171386719,base,No
2911,1,0,0.29421497216298875,-1.8473275899887085,-0.9723275899887085,base,no
2912,1,0,0.22270013882530884,-2.053842544555664,-0.8038425445556641,base,no
2913,1,0,0.10669059394565118,-2.7556464672088623,-0.6306464672088623,base,no
2914,1,0,0.22270013882530884,-2.063800573348999,-0.813800573348999,base,no
2915,1,0,0.2689414213699951,-1.9590177536010742,-0.9590177536010742,base,no
2916,1,0,0.5,-1.3567129373550415,-1.3567129373550415,base,no
2917,1,0,0.2689414213699951,-2.0016732215881348,-1.0016732215881348,base,no
2918,1,0,0.22270013882530884,-1.8930730819702148,-0.6430730819702148,base,no
2919,1,0,0.24508501313237172,-1.9300990104675293,-0.8050990104675293,base,no
2920,1,0,0.2942149597859341,-1.6510045528411865,-0.7760044932365417,base,no
2921,1,1,0.7772998611746911,-0.9123928546905518,-2.1623928546905518,base,Yes
2922,1,0,0.4378234991142019,-1.6636117696762085,-1.4136117696762085,base,no
2923,1,1,0.5621765008857981,-1.257320761680603,-1.507320761680603,base,yes
2924,1,0,0.2689414448079646,-2.135354995727539,-1.1353551149368286,base,no
2925,1,1,0.8354835289107309,-0.8992016911506653,-2.5242016315460205,base,Yes
2926,1,0,0.22270013882530884,-1.991696834564209,-0.741696834564209,base,No
2927,1,1,0.6513548646660542,-1.2410105466842651,-1.8660105466842651,base,Yes
2928,1,0,0.3486451217982255,-1.531247854232788,-0.9062477946281433,base,no
2929,1,0,0.4073334000459302,-1.4487333297729492,-1.0737333297729492,base,no
2930,1,0,0.2689414213699951,-1.8726109266281128,-0.8726109266281128,base,no
2931,1,0,0.34864513533394575,-1.53410804271698,-0.90910804271698,base,no
2932,1,0,0.20181322226037882,-2.1252450942993164,-0.7502450942993164,base,no
2933,1,0,0.4073334000459302,-1.51242995262146,-1.13742995262146,base,no
2934,1,0,0.2689414330889798,-1.7793338298797607,-0.7793338894844055,base,no
2935,1,0,0.24508501313237172,-1.7725269794464111,-0.6475269794464111,base,no
2936,1,0,0.22270012850745968,-1.9430689811706543,-0.6930689215660095,base,no
2937,1,0,0.1645164628965632,-2.521319627761841,-0.8963196277618408,base,no
2938,1,0,0.20181324146316565,-2.360747814178467,-0.9857479333877563,base,no
2939,1,0,0.5,-1.3590612411499023,-1.3590612411499023,base,no
2940,1,0,0.37754066879814546,-1.556369423866272,-1.056369423866272,base,no
2941,1,0,0.24508501313237172,-1.8346467018127441,-0.7096467018127441,base,no
2942,1,0,0.37754066879814546,-1.5757063627243042,-1.0757063627243042,base,no
2943,1,0,0.24508501313237172,-2.0318334102630615,-0.9068334102630615,base,no
2944,1,0,0.4073334000459302,-1.6831072568893433,-1.3081072568893433,base,no
2945,1,0,0.5,-1.379744529724121,-1.379744529724121,base,no
2946,1,0,0.22270013882530884,-1.9462028741836548,-0.6962028741836548,base,no
2947,1,0,0.20181322226037882,-1.9270601272583008,-0.5520601272583008,base,no
2948,1,0,0.16451645470385742,-2.235231876373291,-0.6102318167686462,base,No
2949,1,0,0.16451645470385742,-2.2743630409240723,-0.6493629813194275,base,no
2950,1,0,0.32082130082460697,-1.81392240524292,-1.06392240524292,base,no
2951,1,0,0.46879062662624377,-1.6006615161895752,-1.4756615161895752,base,no
2952,1,0,0.18242552380635632,-2.4220144748687744,-0.9220144748687744,base,no
2953,1,0,0.22270013882530884,-1.8940653800964355,-0.6440653800964355,base,No
2954,1,0,0.13296424019782924,-2.737938165664673,-0.8629381656646729,base,no
2955,1,0,0.20181322226037882,-2.2646942138671875,-0.8896942138671875,base,no
2956,1,1,0.8175744761936437,-0.9076600074768066,-2.4076600074768066,base,Yes
2957,1,0,0.09534945975773548,-2.9896955490112305,-0.7396954894065857,base,no
2958,1,0,0.37754066879814546,-1.6299324035644531,-1.1299324035644531,base,no
2959,1,0,0.24508501313237172,-2.1027779579162598,-0.9777779579162598,base,no
2960,1,0,0.18242552380635632,-2.363201379776001,-0.863201379776001,base,no
2961,1,0,0.34864513533394575,-1.4913984537124634,-0.8663984537124634,base,No
2962,1,0,0.18242551491653522,-2.184675455093384,-0.684675395488739,base,no
2963,1,0,0.3775406547908327,-1.3241984844207764,-0.8241984248161316,base,No
2964,1,0,0.34864513533394575,-1.7783790826797485,-1.1533790826797485,base,no
2965,1,1,0.9046505299595163,-0.5950940251350403,-2.8450939655303955,base,Yes
2966,1,0,0.1824255415859996,-2.261066436767578,-0.7610665559768677,base,no
2967,1,1,0.679178699175393,-1.0586283206939697,-1.8086283206939697,base,yes
2968,1,0,0.4378234991142019,-1.5282918214797974,-1.2782918214797974,base,no
2969,1,0,0.46879062662624377,-1.4185676574707031,-1.2935676574707031,base,no
2970,1,0,0.37754066879814546,-1.71797513961792,-1.21797513961792,base,no
2971,1,0,0.24508500210441886,-1.9185733795166016,-0.7935733199119568,base,no
2972,1,0,0.20181324146316565,-2.0958471298217773,-0.7208472490310669,base,no
2973,1,1,0.5621765008857981,-1.3334296941757202,-1.5834296941757202,base,Yes
2974,1,0,0.37754066879814546,-1.7195597887039185,-1.2195597887039185,base,no
2975,1,0,0.2689414213699951,-2.0918691158294678,-1.0918691158294678,base,no
2976,1,0,0.4378234991142019,-1.349613070487976,-1.099613070487976,base,no
2977,1,0,0.37754066879814546,-1.2751898765563965,-0.7751898765563965,base,No
2978,1,0,0.24508502416032488,-2.0050580501556396,-0.8800581097602844,base,no
2979,1,0,0.22270013882530884,-1.9553580284118652,-0.7053580284118652,base,no
2980,1,1,0.5621765008857981,-1.2508476972579956,-1.5008476972579956,base,Yes
2981,1,0,0.24508502416032488,-1.8871955871582031,-0.7621956467628479,base,no
2982,1,0,0.20181323186177208,-2.034578561782837,-0.6595786213874817,base,no
2983,1,0,0.37754066879814546,-1.7159698009490967,-1.2159698009490967,base,No
2984,1,0,0.34864513533394575,-1.769395351409912,-1.144395351409912,base,no
2985,1,0,0.37754066879814546,-1.6948816776275635,-1.1948816776275635,base,no
2986,1,1,0.731058602067973,-1.099995493888855,-2.0999956130981445,base,Yes
2987,1,0,0.2689414213699951,-1.9012316465377808,-0.9012316465377808,base,no
2988,1,0,0.2689414213699951,-1.8004461526870728,-0.8004461526870728,base,no
2989,1,0,0.4073334000459302,-1.6201539039611816,-1.2451539039611816,base,no
2990,1,0,0.06754669489377622,-3.090426206588745,-0.4654262661933899,base,No
2991,1,0,0.4073334000459302,-1.6088606119155884,-1.2338606119155884,base,no
2992,1,0,0.4073334000459302,-1.5812959671020508,-1.2062959671020508,base,no
2993,1,0,0.37754066879814546,-1.53231680393219,-1.03231680393219,base,no
2994,1,1,0.5312093733737563,-1.1995772123336792,-1.3245772123336792,base,Yes
2995,1,0,0.20181321265898594,-1.9516422748565674,-0.5766422152519226,base,no
2996,1,0,0.13296424019782924,-2.529453754425049,-0.6544537544250488,base,no
2997,1,0,0.4073334000459302,-1.392932653427124,-1.017932653427124,base,no
2998,1,0,0.24508503518827837,-2.1095471382141113,-0.9845472574234009,base,no
2999,1,0,0.24508501313237172,-1.8174383640289307,-0.6924383640289307,base,No
3000,0,0,0.14804721306746543,-2.616934299468994,-0.8669344186782837,base,no
3001,0,0,0.3486451217982255,-1.5567874908447266,-0.9317874312400818,base,no
3002,0,0,0.1329642333263228,-2.716233253479004,-0.8412331938743591,base,no
3003,0,0,0.16451647108926923,-2.3393819332122803,-0.714381992816925,base,no
3004,0,0,0.37754066879814546,-1.5373389720916748,-1.0373389720916748,base,no
3005,0,0,0.22270013882530884,-2.188776731491089,-0.9387767314910889,base,no
3006,0,0,0.22270013882530884,-2.1140339374542236,-0.8640339374542236,base,no
3007,0,0,0.18242553269617778,-2.3688793182373047,-0.8688793778419495,base,no
3008,0,0,0.24508503518827837,-2.0732626914978027,-0.9482628107070923,base,no
3009,0,0,0.20181320305759334,-2.184509754180908,-0.8095096349716187,base,no
3010,0,0,0.24508501313237172,-1.9930697679519653,-0.8680697679519653,base,no
3011,0,0,0.05340332377362639,-3.361546516418457,-0.4865463972091675,base,no
3012,0,0,0.29421497216298875,-1.7609270811080933,-0.8859270811080933,base,no
3013,0,0,0.08509904500702024,-2.9030494689941406,-0.5280494689941406,base,no
3014,0,0,0.20181320305759334,-2.0920772552490234,-0.7170771360397339,base,no
3015,0,0,0.22270014914315833,-1.7473700046539307,-0.49737006425857544,base,No
3016,0,0,0.13296424019782924,-2.5014615058898926,-0.6264615058898926,base,no
3017,0,0,0.29421497216298875,-1.9838043451309204,-1.1088043451309204,base,no
3018,0,0,0.24508501313237172,-1.9281675815582275,-0.8031675815582275,base,no
3019,0,0,0.1329642333263228,-2.6051597595214844,-0.7301596999168396,base,no
3020,0,0,0.24508500210441886,-1.9666762351989746,-0.8416761755943298,base,no
3021,0,0,0.24508501313237172,-1.9392294883728027,-0.8142294883728027,base,no
3022,0,0,0.13296424019782924,-2.6586074829101562,-0.7836074829101562,base,no
3023,0,0,0.22270014914315833,-1.9618377685546875,-0.7118378281593323,base,no
3024,0,0,0.24508500210441886,-1.8064124584197998,-0.681412398815155,base,no
3025,0,0,0.10669058826486906,-2.9584898948669434,-0.8334898352622986,base,no
3026,0,0,0.14804719051380197,-2.4286205768585205,-0.6786205172538757,base,no
3027,0,0,0.11920291576401235,-2.484173536300659,-0.4841734766960144,base,No
3028,0,0,0.1480471980316895,-2.3008878231048584,-0.5508878231048584,base,no
3029,0,0,0.20181324146316565,-2.272919178009033,-0.8979192972183228,base,no
3030,0,0,0.08509904500702024,-2.8776116371154785,-0.5026116371154785,base,no
3031,0,0,0.13296424706933604,-2.5524990558624268,-0.6774991154670715,base,no
3032,0,0,0.22270013882530884,-2.117983818054199,-0.8679838180541992,base,no
3033,0,0,0.20181324146316565,-2.2557525634765625,-0.880752682685852,base,no
3034,0,0,0.20181322226037882,-2.0530612468719482,-0.6780612468719482,base,no
3035,0,0,0.2942149845400438,-1.7982468605041504,-0.9232469201087952,base,no
3036,0,0,0.34864513533394575,-1.7899510860443115,-1.1649510860443115,base,no
3037,0,0,0.24508502416032488,-1.9326961040496826,-0.8076961636543274,base,no
3038,0,0,0.09534947004048376,-3.004305124282837,-0.7543051838874817,base,no
3039,0,1,0.7310585903489892,-0.8968293070793152,-1.89682936668396,base,Yes
3040,0,0,0.20181321265898594,-2.2601726055145264,-0.8851725459098816,base,No
3041,0,0,0.2942149597859341,-1.638646125793457,-0.7636460661888123,base,No
3042,0,0,0.20181322226037882,-1.9907004833221436,-0.6157004833221436,base,No
3043,0,0,0.34864513533394575,-1.7967026233673096,-1.1717026233673096,base,no
3044,0,0,0.18242550602671442,-2.2474241256713867,-0.7474240064620972,base,no
3045,0,0,0.29421497216298875,-1.9618158340454102,-1.0868158340454102,base,No
3046,0,0,0.32082130082460697,-1.6983534097671509,-0.9483534097671509,base,no
3047,0,0,0.29421497216298875,-1.9301400184631348,-1.0551400184631348,base,no
3048,0,0,0.29421497216298875,-1.9190678596496582,-1.0440678596496582,base,no
3049,0,0,0.20181322226037882,-2.2121024131774902,-0.8371024131774902,base,no
3050,0,0,0.16451644651115205,-2.571110248565674,-0.9461101293563843,base,no
3051,0,0,0.29421497216298875,-1.9068334102630615,-1.0318334102630615,base,no
3052,0,0,0.37754066879814546,-1.5312927961349487,-1.0312927961349487,base,no
3053,0,0,0.24508499107646636,-2.1554183959960938,-1.0304182767868042,base,no
3054,0,0,0.18242551491653522,-2.4093945026397705,-0.9093944430351257,base,No
3055,0,0,0.29421497216298875,-1.9409663677215576,-1.0659663677215576,base,no
3056,0,0,0.3486451217982255,-1.447293758392334,-0.8222936987876892,base,No
3057,0,0,0.2689414096510108,-1.7141754627227783,-0.7141754031181335,base,no
3058,0,0,0.20181323186177208,-2.195120334625244,-0.8201203942298889,base,no
3059,0,0,0.07585818837825822,-3.182281017303467,-0.6822811365127563,base,no
3060,0,0,0.2689414213699951,-1.9879052639007568,-0.9879052639007568,base,no
3061,0,0,0.3208212878370535,-1.7366535663604736,-0.9866535067558289,base,no
3062,0,0,0.1329642264548166,-2.561392307281494,-0.6863921880722046,base,no
3063,0,0,0.20181323186177208,-2.0581533908843994,-0.6831534504890442,base,No
3064,0,0,0.4378234991142019,-1.5681153535842896,-1.3181153535842896,base,no
3065,0,0,0.18242553269617778,-2.200310230255127,-0.7003102898597717,base,no
3066,0,0,0.1329642264548166,-2.5482068061828613,-0.6732066869735718,base,no
3067,0,1,0.7057850278370112,-1.0284019708633423,-1.9034019708633423,base,Yes
3068,0,0,0.24508503518827837,-2.1417641639709473,-1.0167642831802368,base,no
3069,0,0,0.34864513533394575,-1.8660438060760498,-1.2410438060760498,base,no
3070,0,0,0.22270011818961086,-2.024775981903076,-0.7747758626937866,base,no
3071,0,0,0.08509904500702024,-3.084611654281616,-0.7096116542816162,base,no
3072,0,0,0.1066905825840872,-2.8285093307495117,-0.7035092115402222,base,no
3073,0,0,0.20181324146316565,-2.0886497497558594,-0.7136498689651489,base,no
3074,0,0,0.1480471829959148,-2.315976619720459,-0.5659765005111694,base,no
3075,0,0,0.1645164628965632,-2.4115731716156006,-0.7865731716156006,base,no
3076,0,0,0.09534947004048376,-3.054783821105957,-0.8047838807106018,base,no
3077,0,0,0.2689414213699951,-1.8505562543869019,-0.8505562543869019,base,no
3078,0,0,0.1645164792819756,-2.503173828125,-0.8781739473342896,base,no
3079,0,0,0.24508500210441886,-2.0035159587860107,-0.878515899181366,base,no
3080,0,0,0.13296424706933604,-2.6690101623535156,-0.7940102219581604,base,no
3081,0,0,0.09534947004048376,-2.6262080669403076,-0.3762081265449524,base,no
3082,0,0,0.32082130082460697,-1.794707179069519,-1.044707179069519,base,no
3083,0,0,0.20181324146316565,-2.0491089820861816,-0.6741091012954712,base,no
3084,0,0,0.3208212878370535,-1.6786410808563232,-0.9286410212516785,base,no
3085,0,0,0.24508501313237172,-1.9899964332580566,-0.8649964332580566,base,No
3086,0,0,0.18242553269617778,-2.1642942428588867,-0.6642943024635315,base,no
3087,0,0,0.2942149597859341,-1.7482848167419434,-0.8732847571372986,base,No
3088,0,0,0.24508501313237172,-1.897346019744873,-0.772346019744873,base,no
3089,0,0,0.34864513533394575,-1.6491707563400269,-1.0241707563400269,base,no
3090,0,0,0.1645164628965632,-2.5455782413482666,-0.9205782413482666,base,no
3091,0,0,0.2227001594610082,-2.1048049926757812,-0.8548051118850708,base,no
3092,0,0,0.37754066879814546,-1.747592806816101,-1.247592806816101,base,no
3093,0,0,0.37754066879814546,-1.556841492652893,-1.056841492652893,base,no
3094,0,0,0.1824255415859996,-2.3060688972473145,-0.806069016456604,base,no
3095,0,0,0.13296424019782924,-2.4072108268737793,-0.5322108268737793,base,no
3096,0,0,0.2689414213699951,-1.982580304145813,-0.982580304145813,base,no
3097,0,0,0.2942149597859341,-1.8147900104522705,-0.9397899508476257,base,no
3098,0,1,0.5926665999540697,-1.2359164953231812,-1.6109164953231812,base,Yes
3099,0,1,0.5312093733737563,-1.3727136850357056,-1.4977136850357056,base,Yes
3100,0,0,0.4073334000459302,-1.61148202419281,-1.23648202419281,base,no
3101,0,0,0.32082130082460697,-1.6004778146743774,-0.8504778146743774,base,no
3102,0,0,0.1480471980316895,-2.5803885459899902,-0.8303885459899902,base,No
3103,0,0,0.29421497216298875,-1.8905612230300903,-1.0155612230300903,base,no
3104,0,0,0.22270014914315833,-2.1828219890594482,-0.932822048664093,base,no
3105,0,0,0.24508501313237172,-1.9524329900741577,-0.8274329900741577,base,no
3106,0,0,0.10669059394565118,-2.8776047229766846,-0.7526047229766846,base,no
3107,0,0,0.09534947004048376,-2.9459283351898193,-0.6959283947944641,base,no
3108,0,0,0.3208213138121609,-1.6472039222717285,-0.8972039818763733,base,no
3109,0,0,0.20181324146316565,-2.3281683921813965,-0.953168511390686,base,no
3110,0,0,0.11920292828022305,-2.815652370452881,-0.8156524300575256,base,no
3111,0,0,0.24508502416032488,-1.8300371170043945,-0.7050371766090393,base,No
3112,0,0,0.1645164628965632,-2.5053951740264893,-0.8803951740264893,base,no
3113,0,0,0.1645164628965632,-2.311753749847412,-0.6867537498474121,base,no
3114,0,0,0.2227001594610082,-2.0586304664611816,-0.8086305856704712,base,no
3115,0,0,0.2689414096510108,-1.7507023811340332,-0.7507023215293884,base,no
3116,0,0,0.37754066879814546,-1.612304449081421,-1.112304449081421,base,no
3117,0,0,0.2689414330889798,-1.6629972457885742,-0.662997305393219,base,no
3118,0,0,0.29421497216298875,-1.966676950454712,-1.091676950454712,base,no
3119,0,0,0.1480471980316895,-2.46604585647583,-0.7160458564758301,base,no
3120,0,0,0.29421497216298875,-1.8818880319595337,-1.0068880319595337,base,no
3121,0,0,0.2227001594610082,-2.068183422088623,-0.8181835412979126,base,no
3122,0,0,0.29421497216298875,-1.8829561471939087,-1.0079561471939087,base,no
3123,0,0,0.2689414213699951,-1.9983570575714111,-0.9983570575714111,base,no
3124,0,0,0.18242550602671442,-2.2188735008239746,-0.7188733816146851,base,no
3125,0,0,0.22270011818961086,-2.1406426429748535,-0.890642523765564,base,no
3126,0,0,0.2689414330889798,-1.8008010387420654,-0.8008010983467102,base,no
3127,0,0,0.5,-1.300310730934143,-1.300310730934143,base,no
3128,0,0,0.1824255415859996,-2.3278236389160156,-0.8278237581253052,base,no
3129,0,0,0.34864513533394575,-1.7684617042541504,-1.1434617042541504,base,no
3130,0,0,0.24508502416032488,-2.004328727722168,-0.8793287873268127,base,no
3131,0,0,0.16451645470385742,-2.3560259342193604,-0.7310258746147156,base,no
3132,0,0,0.18242550602671442,-2.294053554534912,-0.7940534353256226,base,no
3133,0,0,0.11920292202211755,-2.8246984481811523,-0.8246984481811523,base,no
3134,0,0,0.1066905854244781,-2.589426279067993,-0.464426189661026,base,no
3135,0,0,0.32082130082460697,-1.736575722694397,-0.986575722694397,base,No
3136,0,0,0.4073334000459302,-1.4495668411254883,-1.0745668411254883,base,no
3137,0,0,0.2689414213699951,-1.8779819011688232,-0.8779819011688232,base,no
3138,0,0,0.29421497216298875,-1.9470919370651245,-1.0720919370651245,base,no
3139,0,0,0.18242552380635632,-2.284449815750122,-0.7844498157501221,base,no
3140,0,0,0.29421497216298875,-1.749820590019226,-0.8748205900192261,base,No
3141,0,0,0.16451647108926923,-2.2765426635742188,-0.6515427231788635,base,no
3142,0,0,0.2942149474088797,-2.0073680877685547,-1.1323679685592651,base,no
3143,0,0,0.22270014914315833,-1.8705341815948486,-0.6205342411994934,base,no
3144,0,0,0.06754668363133542,-3.188749313354492,-0.5637491941452026,base,no
3145,0,0,0.09534947004048376,-2.746213436126709,-0.49621349573135376,base,no
3146,0,0,0.16451644651115205,-2.5486245155334473,-0.9236243963241577,base,no
3147,0,0,0.11920293453832885,-2.906639575958252,-0.9066396951675415,base,no
3148,0,0,0.20181321265898594,-2.314364194869995,-0.9393641352653503,base,no
3149,0,0,0.2689414330889798,-1.7536776065826416,-0.7536776661872864,base,no
3150,0,0,0.20181321265898594,-2.050405263900757,-0.6754052042961121,base,no
3151,0,0,0.24508502416032488,-1.881995439529419,-0.7569954991340637,base,no
3152,0,0,0.29421497216298875,-1.914232611656189,-1.039232611656189,base,No
3153,0,0,0.2689414213699951,-1.7842737436294556,-0.7842737436294556,base,No
3154,0,0,0.37754066879814546,-1.489074945449829,-0.9890749454498291,base,no
3155,0,0,0.32082130082460697,-1.9159808158874512,-1.1659808158874512,base,no
3156,0,0,0.37754066879814546,-1.7175062894821167,-1.2175062894821167,base,no
3157,0,0,0.2689414096510108,-1.78460693359375,-0.7846068739891052,base,No
3158,0,0,0.1480471829959148,-2.71120548248291,-0.9612053632736206,base,no
3159,0,0,0.11920292828022305,-2.6509132385253906,-0.6509132981300354,base,no
3160,0,0,0.0850990357257195,-3.032217502593994,-0.6572173833847046,base,no
3161,0,0,0.32082130082460697,-1.8098856210708618,-1.0598856210708618,base,no
3162,0,0,0.18242552380635632,-2.2175779342651367,-0.7175779342651367,base,no
3163,0,0,0.07585818002124356,-3.275132417678833,-0.775132417678833,base,no
3164,0,0,0.13296424706933604,-2.7960264682769775,-0.9210265278816223,base,no
3165,0,0,0.2689414213699951,-1.8308300971984863,-0.8308300971984863,base,no
3166,0,0,0.2689414096510108,-1.8587675094604492,-0.8587674498558044,base,no
3167,0,0,0.16451647108926923,-2.152296543121338,-0.5272966027259827,base,no
3168,0,0,0.07585818002124356,-2.9812111854553223,-0.48121118545532227,base,no
3169,0,0,0.34864513533394575,-1.7777156829833984,-1.1527156829833984,base,no
3170,0,0,0.18242551491653522,-2.405710458755493,-0.9057103991508484,base,no
3171,0,0,0.4073334000459302,-1.7370867729187012,-1.3620867729187012,base,no
3172,0,0,0.08509904964767095,-2.9900245666503906,-0.6150246262550354,base,no
3173,0,0,0.11920292828022305,-2.71244740486145,-0.712447464466095,base,no
3174,0,0,0.1824255415859996,-2.3649401664733887,-0.8649402856826782,base,no
3175,0,0,0.4378234991142019,-1.6348923444747925,-1.3848923444747925,base,no
3176,0,0,0.5,-1.3445674180984497,-1.3445674180984497,base,no
3177,0,0,0.11920291576401235,-2.5666863918304443,-0.5666863322257996,base,No
3178,0,0,0.22270013882530884,-1.8702067136764526,-0.6202067136764526,base,No
3179,0,0,0.16451645470385742,-2.2414159774780273,-0.6164159178733826,base,no
3180,0,0,0.37754066879814546,-1.6953693628311157,-1.1953693628311157,base,no
3181,0,0,0.22270014914315833,-1.8369243144989014,-0.5869243741035461,base,no
3182,0,0,0.0758581737534831,-2.963764190673828,-0.46376410126686096,base,no
3183,0,0,0.2689414096510108,-1.7680609226226807,-0.7680608630180359,base,No
3184,0,0,0.09534947518185825,-3.0226097106933594,-0.7726098299026489,base,No
3185,0,0,0.2689414213699951,-1.5135505199432373,-0.5135505199432373,base,no
3186,0,0,0.46879062662624377,-1.2662200927734375,-1.1412200927734375,base,no
3187,0,0,0.34864513533394575,-1.5926878452301025,-0.9676878452301025,base,no
3188,0,0,0.20181322226037882,-1.989747405052185,-0.6147474050521851,base,no
3189,0,0,0.22270013882530884,-1.9666045904159546,-0.7166045904159546,base,no
3190,0,0,0.060086646807761206,-3.2212202548980713,-0.4712201952934265,base,no
3191,0,0,0.2942149845400438,-1.7169699668884277,-0.8419700264930725,base,no
3192,0,0,0.32082130082460697,-1.8813685178756714,-1.1313685178756714,base,no
3193,0,0,0.3208213138121609,-1.5413768291473389,-0.7913768887519836,base,No
3194,0,0,0.20181322226037882,-2.1150283813476562,-0.7400283813476562,base,no
3195,0,0,0.32082130082460697,-1.868143081665039,-1.118143081665039,base,no
3196,0,0,0.1066905825840872,-2.623185634613037,-0.49818551540374756,base,no
3197,0,0,0.294214996917099,-2.0045642852783203,-1.1295644044876099,base,no
3198,0,0,0.32082130082460697,-1.6160800457000732,-0.8660800457000732,base,no
3199,0,0,0.0953494648991095,-2.988227128982544,-0.738227128982544,base,no
3200,0,0,0.2689414213699951,-2.03682804107666,-1.0368280410766602,base,no
3201,0,0,0.20181322226037882,-2.1137197017669678,-0.7387197017669678,base,No
3202,0,0,0.29421497216298875,-1.9694459438323975,-1.0944459438323975,base,no
3203,0,0,0.10669058826486906,-2.772578001022339,-0.6475779414176941,base,no
3204,0,0,0.18242553269617778,-2.2827019691467285,-0.7827020287513733,base,no
3205,0,0,0.11920290950590741,-2.632110595703125,-0.6321104764938354,base,no
3206,0,0,0.16451647108926923,-2.213064432144165,-0.5880644917488098,base,no
3207,0,0,0.11920292202211755,-2.634509801864624,-0.634509801864624,base,no
3208,0,0,0.24508501313237172,-1.9918718338012695,-0.8668718338012695,base,no
3209,0,1,0.7772998611746911,-0.9584879875183105,-2.2084879875183105,base,Yes
3210,0,0,0.22270012850745968,-1.839580774307251,-0.5895807147026062,base,no
3211,0,0,0.24508503518827837,-2.1219658851623535,-0.9969660043716431,base,No
3212,0,0,0.10669059394565118,-2.9533016681671143,-0.8283016681671143,base,no
3213,0,0,0.24508502416032488,-2.0372207164764404,-0.9122207760810852,base,no
3214,0,0,0.24508503518827837,-2.0608086585998535,-0.9358087778091431,base,no
3215,0,0,0.18242552380635632,-2.2747020721435547,-0.7747020721435547,base,no
3216,0,0,0.24508501313237172,-2.067460060119629,-0.9424600601196289,base,no
3217,0,0,0.5,-1.4443011283874512,-1.4443011283874512,base,no
3218,0,0,0.22270011818961086,-2.198031425476074,-0.9480313062667847,base,no
3219,0,0,0.37754066879814546,-1.599989652633667,-1.099989652633667,base,no
3220,0,0,0.37754066879814546,-1.6694674491882324,-1.1694674491882324,base,no
3221,0,0,0.22270012850745968,-2.0550291538238525,-0.8050290942192078,base,no
3222,0,0,0.22270012850745968,-1.9194157123565674,-0.6694156527519226,base,No
3223,0,1,0.5621765008857981,-1.2615550756454468,-1.5115550756454468,base,Yes
3224,0,0,0.32082130082460697,-1.8964189291000366,-1.1464189291000366,base,no
3225,0,0,0.05340332678672523,-3.503770589828491,-0.6287705302238464,base,no
3226,0,0,0.18242550602671442,-2.3626255989074707,-0.8626254796981812,base,no
3227,0,0,0.1645164628965632,-2.2484915256500244,-0.6234915256500244,base,no
3228,0,0,0.1066905825840872,-2.924161911010742,-0.7991617918014526,base,No
3229,0,0,0.13296424019782924,-2.632204055786133,-0.7572040557861328,base,no
3230,0,0,0.18242552380635632,-2.23417329788208,-0.7341732978820801,base,no
3231,0,0,0.18242550602671442,-2.259187698364258,-0.7591875791549683,base,no
3232,0,0,0.0850990357257195,-2.888125419616699,-0.5131253004074097,base,no
3233,0,0,0.0953494648991095,-2.7840332984924316,-0.5340332984924316,base,no
3234,0,0,0.1824255415859996,-2.2964539527893066,-0.7964540719985962,base,no
3235,0,0,0.11920292202211755,-2.7596514225006104,-0.7596514225006104,base,no
3236,0,0,0.2689414213699951,-1.8727540969848633,-0.8727540969848633,base,No
3237,0,0,0.29421497216298875,-1.817286729812622,-0.9422867298126221,base,no
3238,0,0,0.24508501313237172,-1.8520753383636475,-0.7270753383636475,base,no
3239,0,0,0.18242551491653522,-2.383246898651123,-0.8832468390464783,base,No
3240,0,0,0.2689414330889798,-1.9708964824676514,-0.9708965420722961,base,no
3241,0,0,0.2689414213699951,-2.0691990852355957,-1.0691990852355957,base,no
3242,0,0,0.16451645470385742,-2.441840171813965,-0.8168401122093201,base,no
3243,0,0,0.32082130082460697,-1.8841733932495117,-1.1341733932495117,base,No
3244,0,0,0.2689414330889798,-1.891639232635498,-0.8916392922401428,base,no
3245,0,0,0.32082130082460697,-1.8837705850601196,-1.1337705850601196,base,no
3246,0,0,0.24508500210441886,-2.095897674560547,-0.9708976149559021,base,no
3247,0,0,0.13296424019782924,-2.5052387714385986,-0.6302387714385986,base,no
3248,0,0,0.18242551491653522,-2.2431769371032715,-0.7431768774986267,base,no
3249,0,0,0.24508503518827837,-2.021580696105957,-0.8965808153152466,base,no
3250,0,1,0.6224593312018546,-1.181389331817627,-1.681389331817627,base,yes
3251,0,0,0.4073334000459302,-1.5891351699829102,-1.2141351699829102,base,No
3252,0,0,0.32082130082460697,-1.750518798828125,-1.000518798828125,base,no
3253,0,0,0.24508502416032488,-1.9647502899169922,-0.839750349521637,base,no
3254,0,0,0.18242552380635632,-2.436420440673828,-0.9364204406738281,base,no
3255,0,0,0.14804719051380197,-2.443528890609741,-0.6935288310050964,base,no
3256,0,0,0.20181320305759334,-2.3494014739990234,-0.9744013547897339,base,no
3257,0,0,0.2942149845400438,-1.6455061435699463,-0.7705062031745911,base,No
3258,0,0,0.2689414213699951,-1.8816721439361572,-0.8816721439361572,base,no
3259,0,0,0.32082130082460697,-1.7090940475463867,-0.9590940475463867,base,no
3260,0,0,0.24508501313237172,-1.9627052545547485,-0.8377052545547485,base,no
3261,0,0,0.10669059394565118,-2.840449810028076,-0.7154498100280762,base,no
3262,0,0,0.060086646807761206,-3.155215263366699,-0.40521520376205444,base,no
3263,0,0,0.37754066879814546,-1.7503433227539062,-1.2503433227539062,base,No
3264,0,0,0.1824255415859996,-2.373537063598633,-0.8735371828079224,base,no
3265,0,0,0.11920292202211755,-2.5278396606445312,-0.5278396606445312,base,no
3266,0,0,0.09534945975773548,-2.9922001361846924,-0.7422000765800476,base,no
3267,0,0,0.18242553269617778,-2.408817768096924,-0.9088178277015686,base,no
3268,0,0,0.2942149597859341,-1.8718845844268799,-0.9968845248222351,base,No
3269,0,0,0.08509904036636974,-2.9000394344329834,-0.5250393748283386,base,no
3270,0,0,0.24508501313237172,-2.137458086013794,-1.012458086013794,base,no
3271,0,0,0.11920292202211755,-2.487927198410034,-0.4879271984100342,base,no
3272,0,0,0.22270014914315833,-2.1150050163269043,-0.8650050759315491,base,no
3273,0,0,0.06008665017400762,-3.233510732650757,-0.48351073265075684,base,no
3274,0,0,0.29421497216298875,-1.9632455110549927,-1.0882455110549927,base,No
3275,0,0,0.20181322226037882,-2.214346408843994,-0.8393464088439941,base,no
3276,0,0,0.14804719051380197,-2.4869585037231445,-0.7369584441184998,base,no
3277,0,0,0.24508501313237172,-1.9226160049438477,-0.7976160049438477,base,no
3278,0,0,0.11920291576401235,-2.536857843399048,-0.5368577837944031,base,No
3279,0,0,0.18242550602671442,-2.2747201919555664,-0.7747200727462769,base,no
3280,0,0,0.20181320305759334,-2.2228755950927734,-0.8478754758834839,base,no
3281,0,0,0.3208212878370535,-1.669490098953247,-0.9194900393486023,base,no
3282,0,0,0.2689414213699951,-1.7680318355560303,-0.7680318355560303,base,No
3283,0,0,0.2689414330889798,-1.7156119346618652,-0.71561199426651,base,no
3284,0,0,0.14804719051380197,-2.383709192276001,-0.6337091326713562,base,no
3285,0,0,0.22270013882530884,-2.3076486587524414,-1.0576486587524414,base,no
3286,0,0,0.18242550602671442,-2.3451247215270996,-0.8451246023178101,base,no
3287,0,0,0.2689414213699951,-2.0425891876220703,-1.0425891876220703,base,no
3288,0,0,0.22270014914315833,-1.9582242965698242,-0.708224356174469,base,no
3289,0,0,0.29421497216298875,-1.908755898475647,-1.033755898475647,base,no
3290,0,0,0.2689414213699951,-1.8858258724212646,-0.8858258724212646,base,no
3291,0,0,0.29421497216298875,-1.7579782009124756,-0.8829782009124756,base,no
3292,0,0,0.08509904500702024,-3.0293490886688232,-0.6543490886688232,base,No
3293,0,0,0.29421497216298875,-1.7251198291778564,-0.8501198291778564,base,No
3294,0,0,0.1480472055495773,-2.4524521827697754,-0.7024522423744202,base,no
3295,0,0,0.1645164792819756,-2.393185615539551,-0.7681857347488403,base,no
3296,0,0,0.32082130082460697,-1.8974390029907227,-1.1474390029907227,base,no
3297,0,0,0.22270013882530884,-1.8607484102249146,-0.6107484102249146,base,no
3298,0,0,0.16451645470385742,-2.4084014892578125,-0.7834014296531677,base,no
3299,0,0,0.34864513533394575,-1.7923558950424194,-1.1673558950424194,base,no
3300,0,0,0.34864513533394575,-1.653936505317688,-1.028936505317688,base,no
3301,0,0,0.24508500210441886,-2.070321798324585,-0.9453217387199402,base,no
3302,0,0,0.2689414213699951,-1.7735387086868286,-0.7735387086868286,base,No
3303,0,0,0.08509904964767095,-2.7829294204711914,-0.4079294800758362,base,no
3304,0,0,0.1824255415859996,-2.445063591003418,-0.9450637102127075,base,no
3305,0,0,0.10669058826486906,-2.7855560779571533,-0.6605560183525085,base,no
3306,0,0,0.29421497216298875,-1.7995977401733398,-0.9245977401733398,base,no
3307,0,0,0.1480471980316895,-2.253009796142578,-0.5030097961425781,base,no
3308,0,0,0.29421497216298875,-1.6622122526168823,-0.7872122526168823,base,no
3309,0,0,0.20181321265898594,-2.3073008060455322,-0.9323007464408875,base,no
3310,0,0,0.24508499107646636,-2.020596981048584,-0.8955968618392944,base,no
3311,0,0,0.34864513533394575,-1.914538860321045,-1.289538860321045,base,no
3312,0,0,0.2689414330889798,-1.9860751628875732,-0.986075222492218,base,no
3313,0,0,0.2689414213699951,-2.0387959480285645,-1.0387959480285645,base,no
3314,0,0,0.37754066879814546,-1.7207152843475342,-1.2207152843475342,base,No
3315,0,0,0.29421497216298875,-1.6136895418167114,-0.7386895418167114,base,no
3316,0,0,0.18242551491653522,-2.327106475830078,-0.8271064162254333,base,no
3317,0,0,0.1480472055495773,-2.4733827114105225,-0.7233827710151672,base,No
3318,0,0,0.20181323186177208,-2.277792453765869,-0.9027925133705139,base,no
3319,0,0,0.24508500210441886,-2.0648393630981445,-0.9398393034934998,base,no
3320,0,0,0.22270014914315833,-1.8000719547271729,-0.5500720143318176,base,No
3321,0,0,0.4073334000459302,-1.564672589302063,-1.189672589302063,base,no
3322,0,0,0.1645164628965632,-2.212341070175171,-0.5873410701751709,base,no
3323,0,0,0.24508501313237172,-2.2026076316833496,-1.0776076316833496,base,no
3324,0,0,0.46879062662624377,-1.498906135559082,-1.373906135559082,base,no
3325,0,0,0.16451645470385742,-2.4080026149749756,-0.7830025553703308,base,no
3326,0,0,0.1480472055495773,-2.663684129714966,-0.9136841893196106,base,no
3327,0,0,0.10669059394565118,-2.832606077194214,-0.7076060771942139,base,no
3328,0,0,0.1824255415859996,-2.4371275901794434,-0.9371277093887329,base,no
3329,0,0,0.37754066879814546,-1.7447274923324585,-1.2447274923324585,base,no
3330,0,0,0.1645164628965632,-2.5275940895080566,-0.9025940895080566,base,No
3331,0,0,0.08509904036636974,-2.937974214553833,-0.5629741549491882,base,no
3332,0,0,0.29421497216298875,-1.8935078382492065,-1.0185078382492065,base,no
3333,0,0,0.37754066879814546,-1.6701496839523315,-1.1701496839523315,base,No
3334,0,0,0.2689414213699951,-1.779306411743164,-0.7793064117431641,base,no
3335,0,0,0.20181322226037882,-2.309451103210449,-0.9344511032104492,base,no
3336,0,0,0.1066905825840872,-2.711146831512451,-0.5861467123031616,base,no
3337,0,0,0.2689414213699951,-2.012406826019287,-1.012406826019287,base,no
3338,0,0,0.10669059962643358,-2.839810371398926,-0.7148104310035706,base,no
3339,0,0,0.46879062662624377,-1.3691041469573975,-1.2441041469573975,base,no
3340,0,0,0.2942149845400438,-1.8279035091400146,-0.9529035687446594,base,no
3341,0,0,0.20181321265898594,-2.1114895343780518,-0.736489474773407,base,no
3342,0,0,0.11920292202211755,-2.5195958614349365,-0.5195958614349365,base,no
3343,0,0,0.2689414096510108,-1.9059362411499023,-0.9059361815452576,base,no
3344,0,0,0.10669059394565118,-2.8053183555603027,-0.6803183555603027,base,no
3345,0,0,0.1066905825840872,-2.809725761413574,-0.6847256422042847,base,no
3346,0,0,0.24508501313237172,-1.9391697645187378,-0.8141697645187378,base,no
3347,0,0,0.11920291576401235,-2.7881476879119873,-0.7881476283073425,base,no
3348,0,0,0.34864513533394575,-1.7569541931152344,-1.1319541931152344,base,no
3349,0,0,0.06754669301670263,-3.0454468727111816,-0.42044690251350403,base,no
3350,0,0,0.13296423676207594,-2.3561084270477295,-0.4811083972454071,base,no
3351,0,0,0.08509904036636974,-2.986114263534546,-0.6111142039299011,base,No
3352,0,0,0.2942149845400438,-1.7950248718261719,-0.9200249314308167,base,no
3353,0,0,0.18242551491653522,-2.4675166606903076,-0.9675166010856628,base,no
3354,0,0,0.1329642333263228,-2.6125998497009277,-0.737599790096283,base,no
3355,0,1,0.5621765008857981,-1.1479909420013428,-1.3979909420013428,base,yes
3356,0,0,0.1645164628965632,-2.255380392074585,-0.630380392074585,base,no
3357,0,0,0.32082130082460697,-1.9166176319122314,-1.1666176319122314,base,no
3358,0,0,0.22270012850745968,-2.097292184829712,-0.8472921252250671,base,no
3359,0,0,0.20181324146316565,-2.2727127075195312,-0.8977128267288208,base,no
3360,0,0,0.5,-1.4296495914459229,-1.4296495914459229,base,no
3361,0,0,0.29421497216298875,-1.9543852806091309,-1.0793852806091309,base,no
3362,0,0,0.14804719051380197,-2.6656317710876465,-0.9156317114830017,base,no
3363,0,0,0.24508502416032488,-1.7626042366027832,-0.637604296207428,base,No
3364,0,0,0.3486451217982255,-1.5758507251739502,-0.9508506655693054,base,no
3365,0,0,0.4378234991142019,-1.5062942504882812,-1.2562942504882812,base,no
3366,0,0,0.18242550602671442,-2.4720873832702637,-0.9720872640609741,base,no
3367,0,0,0.16451647108926923,-2.265439748764038,-0.6404398083686829,base,no
3368,0,0,0.11920292828022305,-2.6559524536132812,-0.655952513217926,base,no
3369,0,0,0.1480472055495773,-2.429746627807617,-0.679746687412262,base,no
3370,0,0,0.1645164628965632,-2.295090913772583,-0.670090913772583,base,no
3371,0,0,0.18242553269617778,-2.1076629161834717,-0.6076629757881165,base,no
3372,0,0,0.0850990357257195,-2.881309986114502,-0.5063098669052124,base,no
3373,0,0,0.14804719051380197,-2.5199170112609863,-0.7699169516563416,base,no
3374,0,0,0.20181322226037882,-2.189265251159668,-0.814265251159668,base,no
3375,0,0,0.20181320305759334,-2.2523856163024902,-0.8773854970932007,base,No
3376,0,0,0.37754066879814546,-1.609262466430664,-1.109262466430664,base,no
3377,0,0,0.0850990357257195,-2.916522979736328,-0.5415228605270386,base,no
3378,0,0,0.29421497216298875,-1.588456392288208,-0.713456392288208,base,No
3379,0,0,0.1329642264548166,-2.74891996383667,-0.8739198446273804,base,no
3380,0,0,0.09534945461636171,-2.908842086791992,-0.6588419675827026,base,no
3381,0,0,0.24508500210441886,-1.8844480514526367,-0.7594479918479919,base,no
3382,0,0,0.4073334000459302,-1.2818506956100464,-0.9068506956100464,base,No
3383,0,0,0.37754066879814546,-1.4905041456222534,-0.9905041456222534,base,no
3384,0,0,0.4378234991142019,-1.6604321002960205,-1.4104321002960205,base,no
3385,0,0,0.0850990542883219,-3.112967014312744,-0.7379671335220337,base,no
3386,0,0,0.3775406828054583,-1.4029872417449951,-0.9029873013496399,base,no
3387,0,0,0.2689414330889798,-1.796095609664917,-0.7960956692695618,base,no
3388,0,0,0.16451644651115205,-2.6098718643188477,-0.9848717451095581,base,no
3389,0,0,0.10669060530721626,-2.7407655715942383,-0.6157656908035278,base,no
3390,0,0,0.2689414213699951,-1.9777817726135254,-0.9777817726135254,base,no
3391,0,0,0.1329642333263228,-2.6240274906158447,-0.7490274310112,base,no
3392,0,0,0.18242550602671442,-2.167357921600342,-0.6673578023910522,base,no
3393,0,0,0.29421497216298875,-1.6919400691986084,-0.8169400691986084,base,No
3394,0,0,0.16451645470385742,-2.346935749053955,-0.7219356894493103,base,no
3395,0,0,0.18242550602671442,-2.3233909606933594,-0.8233908414840698,base,no
3396,0,0,0.37754066879814546,-1.6391633749008179,-1.1391633749008179,base,No
3397,0,0,0.2689414448079646,-2.0825228691101074,-1.082522988319397,base,no
3398,0,0,0.24508502416032488,-1.7086358070373535,-0.5836358666419983,base,no
3399,0,0,0.14804718675485834,-2.1890604496002197,-0.43906036019325256,base,No
3400,0,0,0.4073334000459302,-1.6468390226364136,-1.2718390226364136,base,no
3401,0,0,0.4073334000459302,-1.5765893459320068,-1.2015893459320068,base,no
3402,0,0,0.46879062662624377,-1.441246747970581,-1.316246747970581,base,no
3403,0,0,0.1480471980316895,-2.4768762588500977,-0.7268762588500977,base,no
3404,0,0,0.18242550602671442,-2.1202149391174316,-0.6202148199081421,base,No
3405,0,0,0.3486451488696663,-1.5393776893615723,-0.914377748966217,base,no
3406,0,0,0.4378234991142019,-1.38749098777771,-1.13749098777771,base,no
3407,0,0,0.24508500210441886,-1.9847912788391113,-0.8597912192344666,base,No
3408,0,0,0.22270012850745968,-1.9411535263061523,-0.6911534667015076,base,no
3409,0,0,0.24508502416032488,-2.101334571838379,-0.9763346314430237,base,no
3410,0,0,0.11920292828022305,-2.638385772705078,-0.6383858323097229,base,no
3411,0,0,0.24508502416032488,-2.076822280883789,-0.9518223404884338,base,no
3412,0,0,0.24508502416032488,-1.9303860664367676,-0.8053861260414124,base,no
3413,0,0,0.2689414213699951,-2.027507781982422,-1.0275077819824219,base,no
3414,0,0,0.24508502416032488,-1.8719356060028076,-0.7469356656074524,base,no
3415,0,0,0.26894139793202687,-2.0213141441345215,-1.021314024925232,base,no
3416,0,0,0.13296424019782924,-2.7267680168151855,-0.8517680168151855,base,no
3417,0,0,0.20181322226037882,-2.4300148487091064,-1.0550148487091064,base,no
3418,0,0,0.2942149845400438,-1.781841516494751,-0.9068415760993958,base,no
3419,0,0,0.22270014914315833,-1.815155029296875,-0.5651550889015198,base,No
3420,0,0,0.29421497216298875,-1.9165140390396118,-1.0415140390396118,base,no
3421,0,0,0.37754066879814546,-1.4847075939178467,-0.9847075939178467,base,No
3422,0,0,0.22270014914315833,-2.0489039421081543,-0.7989040017127991,base,no
3423,0,0,0.4378234991142019,-1.5452574491500854,-1.2952574491500854,base,no
3424,0,0,0.11920293453832885,-2.8566503524780273,-0.8566504716873169,base,no
3425,0,0,0.1480471980316895,-2.3279924392700195,-0.5779924392700195,base,no
3426,0,0,0.22270013882530884,-1.9595311880111694,-0.7095311880111694,base,no
3427,0,0,0.13296424706933604,-2.6896705627441406,-0.8146706223487854,base,no
3428,0,0,0.13296425394084313,-2.505946159362793,-0.6309462785720825,base,no
3429,0,0,0.18242551491653522,-2.273663282394409,-0.7736632227897644,base,no
3430,0,0,0.11920292202211755,-2.860664129257202,-0.8606641292572021,base,no
3431,0,0,0.4073334000459302,-1.5955690145492554,-1.2205690145492554,base,No
3432,0,0,0.37754066879814546,-1.7107120752334595,-1.2107120752334595,base,No
3433,0,0,0.13296424019782924,-2.56679630279541,-0.6917963027954102,base,no
3434,0,0,0.10669058826486906,-2.9576661586761475,-0.8326660990715027,base,no
3435,0,0,0.29421497216298875,-1.8506114482879639,-0.9756114482879639,base,no
3436,0,0,0.20181322226037882,-1.9684396982192993,-0.5934396982192993,base,no
3437,0,0,0.1645164792819756,-2.2315125465393066,-0.6065126657485962,base,no
3438,0,0,0.4378234991142019,-1.5116641521453857,-1.2616641521453857,base,no
3439,0,0,0.24508501313237172,-2.209526300430298,-1.0845263004302979,base,no
3440,0,0,0.29421497216298875,-1.6880440711975098,-0.8130440711975098,base,No
3441,0,0,0.16451645470385742,-2.4081804752349854,-0.7831804156303406,base,no
3442,0,0,0.20181321265898594,-2.3093998432159424,-0.9343997836112976,base,No
3443,0,0,0.13296424019782924,-2.495851516723633,-0.6208515167236328,base,no
3444,0,0,0.4073334000459302,-1.6752848625183105,-1.3002848625183105,base,No
3445,0,0,0.37754066879814546,-1.6234498023986816,-1.1234498023986816,base,no
3446,0,0,0.1645164792819756,-2.4941048622131348,-0.8691049814224243,base,no
3447,0,0,0.22270013882530884,-2.1959242820739746,-0.9459242820739746,base,no
3448,0,0,0.34864513533394575,-1.7411162853240967,-1.1161162853240967,base,no
3449,0,0,0.29421497216298875,-1.857822060585022,-0.982822060585022,base,no
3450,0,0,0.10669059962643358,-2.8355541229248047,-0.7105541825294495,base,no
3451,0,0,0.24508501313237172,-1.905594825744629,-0.7805948257446289,base,no
3452,0,0,0.18242550602671442,-2.46511173248291,-0.9651116132736206,base,No
3453,0,0,0.37754066879814546,-1.7181001901626587,-1.2181001901626587,base,no
3454,0,1,0.5312093733737563,-1.2771449089050293,-1.4021449089050293,base,yes
3455,0,0,0.2227001594610082,-2.1914291381835938,-0.9414292573928833,base,no
3456,0,0,0.2689414213699951,-1.7908159494400024,-0.7908159494400024,base,no
3457,0,0,0.1480472055495773,-2.4495747089385986,-0.6995747685432434,base,no
3458,0,0,0.16451645470385742,-2.183107376098633,-0.558107316493988,base,no
3459,0,0,0.20181323186177208,-1.908250331878662,-0.5332503914833069,base,no
3460,0,0,0.29421497216298875,-1.7499550580978394,-0.8749550580978394,base,no
3461,0,1,0.5312093733737563,-1.39311945438385,-1.51811945438385,base,Yes
3462,0,0,0.29421497216298875,-1.9014571905136108,-1.0264571905136108,base,no
3463,0,0,0.20181322226037882,-2.2160141468048096,-0.8410141468048096,base,no
3464,0,0,0.32082130082460697,-1.6559340953826904,-0.9059340953826904,base,no
3465,0,0,0.20181322226037882,-2.201108932495117,-0.8261089324951172,base,no
3466,0,0,0.07585818002124356,-3.238386631011963,-0.7383866310119629,base,no
3467,0,0,0.09534947518185825,-2.777777671813965,-0.5277777910232544,base,no
3468,0,0,0.24508501313237172,-1.877076506614685,-0.7520765066146851,base,No
3469,0,0,0.1329642264548166,-2.702897548675537,-0.8278974294662476,base,no
3470,0,0,0.1824255415859996,-2.228850841522217,-0.7288509607315063,base,no
3471,0,0,0.32082130082460697,-1.950275182723999,-1.200275182723999,base,no
3472,0,0,0.1645164628965632,-2.533691167831421,-0.9086911678314209,base,no
3473,0,0,0.18242553269617778,-1.964848518371582,-0.4648485779762268,base,no
3474,0,0,0.4378234991142019,-1.4265421628952026,-1.1765421628952026,base,no
3475,0,0,0.20181321265898594,-2.0347540378570557,-0.6597539782524109,base,no
3476,0,0,0.2689414213699951,-2.0364739894866943,-1.0364739894866943,base,no
3477,0,0,0.09534945975773548,-2.7866861820220947,-0.53668612241745,base,no
3478,0,0,0.1480471829959148,-2.354686737060547,-0.6046866178512573,base,no
3479,0,0,0.32082130082460697,-1.9932655096054077,-1.2432655096054077,base,no
3480,0,0,0.24508501313237172,-1.806393027305603,-0.681393027305603,base,no
3481,0,0,0.1480472055495773,-2.5330774784088135,-0.7830775380134583,base,no
3482,0,0,0.18242552380635632,-2.2303466796875,-0.7303466796875,base,no
3483,0,0,0.22270012850745968,-2.1163547039031982,-0.8663546442985535,base,no
3484,0,0,0.22270013882530884,-1.963295340538025,-0.7132953405380249,base,No
3485,0,0,0.22270012850745968,-1.9648091793060303,-0.7148091197013855,base,No
3486,0,0,0.20181320305759334,-2.323394298553467,-0.9483941793441772,base,no
3487,0,0,0.32082130082460697,-1.8098325729370117,-1.0598325729370117,base,no
3488,0,0,0.3486451217982255,-1.5402793884277344,-0.9152793288230896,base,No
3489,0,0,0.1480471980316895,-2.650905132293701,-0.9009051322937012,base,no
3490,0,0,0.1645164628965632,-2.4039533138275146,-0.7789533138275146,base,no
3491,0,0,0.29421497216298875,-1.8411208391189575,-0.9661208391189575,base,no
3492,0,0,0.13296425394084313,-2.7324023246765137,-0.8574024438858032,base,No
3493,0,0,0.2689414213699951,-1.8608967065811157,-0.8608967065811157,base,no
3494,0,0,0.20181322226037882,-2.1518168449401855,-0.7768168449401855,base,no
3495,0,0,0.1645164628965632,-2.5043249130249023,-0.8793249130249023,base,no
3496,0,0,0.29421497216298875,-2.0445003509521484,-1.1695003509521484,base,no
3497,0,0,0.2942149597859341,-1.7534515857696533,-0.8784515261650085,base,no
3498,0,0,0.29421497216298875,-1.810302495956421,-0.9353024959564209,base,no
3499,0,0,0.2227001594610082,-2.1994104385375977,-0.9494105577468872,base,no
3500,0,0,0.16451645470385742,-2.307182788848877,-0.6821827292442322,base,no
3501,0,0,0.11920291576401235,-2.6503536701202393,-0.6503536105155945,base,no
3502,0,0,0.11920292202211755,-2.5354390144348145,-0.5354390144348145,base,no
3503,0,0,0.20181322226037882,-1.9759843349456787,-0.6009843349456787,base,No
3504,0,0,0.11920292202211755,-2.5365965366363525,-0.5365965366363525,base,no
3505,0,0,0.4378234991142019,-1.438687801361084,-1.188687801361084,base,no
3506,0,0,0.1480472055495773,-2.445603132247925,-0.6956031918525696,base,no
3507,0,0,0.11920292202211755,-2.9362130165100098,-0.9362130165100098,base,no
3508,0,0,0.3486451217982255,-1.4081065654754639,-0.7831065058708191,base,no
3509,0,0,0.24508501313237172,-2.023618221282959,-0.898618221282959,base,no
3510,0,0,0.26894139793202687,-2.0619707107543945,-1.061970591545105,base,no
3511,0,0,0.07585817584273653,-3.0966989994049072,-0.5966989398002625,base,no
3512,0,0,0.24508501313237172,-2.092296600341797,-0.9672966003417969,base,no
3513,0,0,0.29421497216298875,-1.7151095867156982,-0.8401095867156982,base,No
3514,0,0,0.09534945461636171,-2.842914581298828,-0.5929144620895386,base,no
3515,0,0,0.2689414213699951,-1.7913230657577515,-0.7913230657577515,base,no
3516,0,0,0.20181322226037882,-2.2746551036834717,-0.8996551036834717,base,no
3517,0,0,0.10669058826486906,-2.72940993309021,-0.6044098734855652,base,no
3518,0,0,0.320821326799715,-2.005019187927246,-1.2550193071365356,base,no
3519,0,0,0.2227001594610082,-2.170083999633789,-0.9200841188430786,base,no
3520,0,0,0.07585818419975078,-3.0082974433898926,-0.5082975029945374,base,no
3521,0,0,0.24508501313237172,-1.9831902980804443,-0.8581902980804443,base,No
3522,0,0,0.18242553269617778,-2.184896945953369,-0.6848970055580139,base,no
3523,0,0,0.22270012850745968,-1.8811109066009521,-0.6311108469963074,base,no
3524,0,0,0.3208212878370535,-1.665816307067871,-0.9158162474632263,base,no
3525,0,0,0.32082130082460697,-1.781211495399475,-1.031211495399475,base,no
3526,0,0,0.24508501313237172,-2.128777265548706,-1.003777265548706,base,no
3527,0,0,0.1480471980316895,-2.4268789291381836,-0.6768789291381836,base,no
3528,0,0,0.3208213138121609,-1.664548397064209,-0.9145484566688538,base,no
3529,0,0,0.32082130082460697,-1.7780134677886963,-1.0280134677886963,base,no
3530,0,0,0.29421497216298875,-1.8771021366119385,-1.0021021366119385,base,no
3531,0,0,0.24508501313237172,-1.8471026420593262,-0.7221026420593262,base,no
3532,0,0,0.16451644651115205,-2.4419198036193848,-0.8169196844100952,base,No
3533,0,0,0.1645164628965632,-2.5716724395751953,-0.9466724395751953,base,No
3534,0,0,0.0850990542883219,-3.099069118499756,-0.7240692377090454,base,no
3535,0,0,0.20181323186177208,-2.3713104724884033,-0.9963105320930481,base,no
3536,0,0,0.18242550602671442,-2.424285888671875,-0.9242857694625854,base,No
3537,0,0,0.24508501313237172,-1.7048768997192383,-0.5798768997192383,base,no
3538,0,0,0.24508502416032488,-2.0191614627838135,-0.8941615223884583,base,no
3539,0,0,0.18242552380635632,-2.2518470287323,-0.7518470287322998,base,no
3540,0,1,0.5312093733737563,-1.4031236171722412,-1.5281236171722412,base,Yes
3541,0,0,0.24508500210441886,-1.94580078125,-0.8208007216453552,base,no
3542,0,0,0.3208213138121609,-1.5129549503326416,-0.7629550099372864,base,No
3543,0,0,0.22270013882530884,-2.128319501876831,-0.878319501876831,base,no
3544,0,0,0.32082130082460697,-1.7487000226974487,-0.9987000226974487,base,no
3545,0,0,0.2689414213699951,-2.0120689868927,-1.0120689868927002,base,no
3546,0,0,0.22270013882530884,-1.7670607566833496,-0.5170607566833496,base,No
3547,0,1,0.5312093733737563,-1.4148969650268555,-1.5398969650268555,base,Yes
3548,0,0,0.2689414213699951,-1.9197412729263306,-0.9197412729263306,base,no
3549,0,0,0.0675466911396291,-3.1883490085601807,-0.5633490085601807,base,no
3550,0,0,0.294214996917099,-2.0089592933654785,-1.133959412574768,base,No
3551,0,0,0.22270011818961086,-2.273867607116699,-1.0238674879074097,base,no
3552,0,0,0.32082130082460697,-1.6551111936569214,-0.9051111936569214,base,No
3553,0,0,0.18242553269617778,-2.0440568923950195,-0.5440569519996643,base,no
3554,0,0,0.07585818419975078,-2.901658058166504,-0.4016581177711487,base,no
3555,0,0,0.11920290950590741,-2.7947936058044434,-0.7947934865951538,base,no
3556,0,0,0.37754066879814546,-1.7887381315231323,-1.2887381315231323,base,no
3557,0,0,0.2689414213699951,-2.077885389328003,-1.077885389328003,base,no
3558,0,0,0.16451645470385742,-2.4280591011047363,-0.8030590415000916,base,no
3559,0,0,0.24508501313237172,-1.8002245426177979,-0.6752245426177979,base,No
3560,0,0,0.24508501313237172,-1.9126476049423218,-0.7876476049423218,base,No
3561,0,0,0.18242552380635632,-2.1549105644226074,-0.6549105644226074,base,no
3562,0,0,0.20181321265898594,-2.181675672531128,-0.8066756129264832,base,no
3563,0,0,0.1645164792819756,-2.302485942840576,-0.6774860620498657,base,no
3564,0,0,0.32082130082460697,-1.8951250314712524,-1.1451250314712524,base,no
3565,0,0,0.24508502416032488,-1.8705675601959229,-0.7455676198005676,base,no
3566,0,0,0.32082130082460697,-1.6969549655914307,-0.9469549655914307,base,no
3567,0,0,0.09534947518185825,-2.9568591117858887,-0.7068592309951782,base,no
3568,0,0,0.2689414213699951,-1.9729199409484863,-0.9729199409484863,base,no
3569,0,0,0.20181322226037882,-2.204068660736084,-0.829068660736084,base,no
3570,0,0,0.22270014914315833,-2.005361795425415,-0.7553618550300598,base,no
3571,0,0,0.13296424019782924,-2.6284313201904297,-0.7534313201904297,base,no
3572,0,0,0.22270012850745968,-2.236353635787964,-0.9863535761833191,base,no
3573,0,0,0.24508500210441886,-1.8944091796875,-0.7694091200828552,base,no
3574,0,1,0.5312093733737563,-1.442247748374939,-1.567247748374939,base,Yes
3575,0,0,0.0850990357257195,-3.1098756790161133,-0.7348755598068237,base,no
3576,0,0,0.32082130082460697,-1.7959403991699219,-1.0459403991699219,base,no
3577,0,1,0.5621765008857981,-1.305519461631775,-1.555519461631775,base,Yes
3578,0,0,0.29421497216298875,-1.9529765844345093,-1.0779765844345093,base,no
3579,0,0,0.24508501313237172,-1.9880403280258179,-0.8630403280258179,base,no
3580,0,0,0.24508500210441886,-1.8104133605957031,-0.6854133009910583,base,no
3581,0,0,0.32082130082460697,-1.7779985666275024,-1.0279985666275024,base,no
3582,0,0,0.2689414330889798,-1.8132679462432861,-0.8132680058479309,base,no
3583,0,0,0.2689414213699951,-1.9847331047058105,-0.9847331047058105,base,no
3584,0,0,0.14804721306746543,-2.557629108428955,-0.8076292276382446,base,no
3585,0,0,0.24508501313237172,-2.1354739665985107,-1.0104739665985107,base,no
3586,0,1,0.6224593312018546,-1.2682554721832275,-1.7682554721832275,base,Yes
3587,0,0,0.22270013882530884,-2.2022767066955566,-0.9522767066955566,base,no
3588,0,0,0.08509904964767095,-2.9663753509521484,-0.5913754105567932,base,no
3589,0,0,0.18242553269617778,-2.282644510269165,-0.7826445698738098,base,no
3590,0,0,0.32082130082460697,-1.51907217502594,-0.7690721750259399,base,No
3591,0,0,0.22270013882530884,-2.0363872051239014,-0.7863872051239014,base,no
3592,0,0,0.18242551491653522,-2.307365655899048,-0.8073655962944031,base,no
3593,0,0,0.29421497216298875,-1.7051814794540405,-0.8301814794540405,base,No
3594,0,0,0.20181320305759334,-2.3040270805358887,-0.9290269613265991,base,no
3595,0,0,0.18242552380635632,-2.2569265365600586,-0.7569265365600586,base,no
3596,0,0,0.18242551491653522,-1.9670641422271729,-0.4670640826225281,base,no
3597,0,0,0.22270013882530884,-2.013165235519409,-0.7631652355194092,base,no
3598,0,0,0.2689414213699951,-1.8155477046966553,-0.8155477046966553,base,no
3599,0,0,0.24508501313237172,-2.100541591644287,-0.9755415916442871,base,no
3600,0,0,0.07585817584273653,-2.966599464416504,-0.46659940481185913,base,no
3601,0,0,0.22270011818961086,-2.2434091567993164,-0.9934090375900269,base,no
3602,0,0,0.0953494648991095,-2.6674396991729736,-0.41743969917297363,base,No
3603,0,0,0.20181324146316565,-2.133676528930664,-0.7586766481399536,base,No
3604,0,0,0.32082130082460697,-1.6792521476745605,-0.9292521476745605,base,no
3605,0,0,0.34864513533394575,-1.791786789894104,-1.166786789894104,base,no
3606,0,0,0.24508501313237172,-1.976025104522705,-0.8510251045227051,base,no
3607,0,0,0.11920290950590741,-2.7332606315612793,-0.7332605123519897,base,no
3608,0,0,0.37754066879814546,-1.6968473196029663,-1.1968473196029663,base,no
3609,0,0,0.11920292202211755,-2.505976676940918,-0.505976676940918,base,no
3610,0,0,0.29421497216298875,-1.6317899227142334,-0.7567899227142334,base,no
3611,0,0,0.3486451217982255,-1.6243484020233154,-0.9993483424186707,base,no
3612,0,0,0.2689414096510108,-1.9203078746795654,-0.9203078150749207,base,no
3613,0,0,0.1480472055495773,-2.565732955932617,-0.815733015537262,base,no
3614,0,0,0.13296424019782924,-2.54677152633667,-0.6717715263366699,base,no
3615,0,0,0.16451644651115205,-2.536834239959717,-0.9118341207504272,base,no
3616,0,0,0.3208213138121609,-1.5334844589233398,-0.7834845185279846,base,No
3617,0,0,0.20181322226037882,-2.224163293838501,-0.849163293838501,base,no
3618,0,0,0.0953494648991095,-2.8054258823394775,-0.5554258823394775,base,no
3619,0,0,0.06008665017400762,-3.1693849563598633,-0.4193849563598633,base,no
3620,0,0,0.4073334000459302,-1.6640416383743286,-1.2890416383743286,base,no
3621,0,0,0.4073334000459302,-1.5825576782226562,-1.2075576782226562,base,no
3622,0,0,0.10669060530721626,-2.8538670539855957,-0.7288671731948853,base,no
3623,0,0,0.1066905825840872,-2.771961212158203,-0.6469610929489136,base,no
3624,0,0,0.18242552380635632,-2.0442073345184326,-0.5442073345184326,base,no
3625,0,0,0.06008665017400762,-3.381911277770996,-0.6319112777709961,base,no
3626,0,0,0.16451644651115205,-2.460780620574951,-0.8357805013656616,base,no
3627,0,1,0.5312093733737563,-1.3729698657989502,-1.4979698657989502,base,Yes
3628,0,0,0.13296424019782924,-2.3619225025177,-0.4869225025177002,base,no
3629,0,0,0.11920292202211755,-2.912332057952881,-0.9123320579528809,base,no
3630,0,0,0.4073334000459302,-1.4053990840911865,-1.0303990840911865,base,No
3631,0,0,0.29421497216298875,-1.707290768623352,-0.832290768623352,base,no
3632,0,0,0.16451647108926923,-2.256892442703247,-0.6318925023078918,base,no
3633,0,1,0.6224593312018546,-0.7684952020645142,-1.2684952020645142,base,Yes
3634,0,0,0.2689414213699951,-1.9338592290878296,-0.9338592290878296,base,no
3635,0,0,0.24508500210441886,-1.9222805500030518,-0.797280490398407,base,no
3636,0,0,0.16451647108926923,-2.26698637008667,-0.6419864296913147,base,no
3637,0,0,0.1329642333263228,-2.562234878540039,-0.6872348189353943,base,no
3638,0,0,0.24508501313237172,-2.131481647491455,-1.006481647491455,base,no
3639,0,0,0.18242553269617778,-2.3457586765289307,-0.8457587361335754,base,no
3640,0,0,0.22270013882530884,-1.9823414087295532,-0.7323414087295532,base,No
3641,0,0,0.34864513533394575,-1.4680124521255493,-0.8430124521255493,base,No
3642,0,0,0.24508501313237172,-1.9772489070892334,-0.8522489070892334,base,no
3643,0,0,0.294214996917099,-2.008852481842041,-1.1338526010513306,base,no
3644,0,0,0.13296425394084313,-2.7750296592712402,-0.9000297784805298,base,no
3645,0,0,0.24508501313237172,-1.9135677814483643,-0.7885677814483643,base,no
3646,0,0,0.1480472055495773,-2.2199547290802,-0.46995478868484497,base,No
3647,0,1,0.5621765008857981,-1.2820690870285034,-1.5320690870285034,base,Yes
3648,0,0,0.18242553269617778,-2.3398075103759766,-0.8398075699806213,base,no
3649,0,0,0.16451644651115205,-2.3528804779052734,-0.7278803586959839,base,No
3650,0,0,0.2942149597859341,-1.7321600914001465,-0.8571600317955017,base,no
3651,0,0,0.09534945975773548,-2.795318365097046,-0.5453183054924011,base,no
3652,0,0,0.2689414213699951,-1.93086838722229,-0.93086838722229,base,no
3653,0,0,0.22270013882530884,-1.944847583770752,-0.694847583770752,base,no
3654,0,0,0.2689414213699951,-2.0086841583251953,-1.0086841583251953,base,no
3655,0,0,0.11920290950590741,-2.883643627166748,-0.8836435079574585,base,no
3656,0,0,0.13296424706933604,-2.5911717414855957,-0.7161718010902405,base,no
3657,0,0,0.37754066879814546,-1.6935226917266846,-1.1935226917266846,base,no
3658,0,0,0.37754066879814546,-1.5337193012237549,-1.0337193012237549,base,No
3659,0,0,0.34864513533394575,-1.732108235359192,-1.107108235359192,base,no
3660,0,0,0.20181323186177208,-2.374324321746826,-0.999324381351471,base,no
3661,0,0,0.11920292202211755,-2.740499973297119,-0.7404999732971191,base,no
3662,0,0,0.2689414213699951,-1.9599807262420654,-0.9599807262420654,base,no
3663,0,0,0.20181324146316565,-2.2921814918518066,-0.9171816110610962,base,no
3664,0,0,0.10669059394565118,-2.9023871421813965,-0.7773871421813965,base,no
3665,0,0,0.10669058826486906,-2.8501222133636475,-0.7251221537590027,base,No
3666,0,0,0.11920292828022305,-2.8821280002593994,-0.8821280598640442,base,no
3667,0,0,0.20181320305759334,-2.3368916511535645,-0.9618915319442749,base,no
3668,0,0,0.32082130082460697,-1.8879570960998535,-1.1379570960998535,base,no
3669,0,0,0.34864513533394575,-1.847468376159668,-1.222468376159668,base,no
3670,0,0,0.1480471980316895,-2.5815348625183105,-0.8315348625183105,base,no
3671,0,0,0.1329642333263228,-2.678391218185425,-0.80339115858078,base,no
3672,0,0,0.24508500210441886,-1.9597294330596924,-0.8347293734550476,base,no
3673,0,0,0.16451644651115205,-2.2386107444763184,-0.6136106252670288,base,No
3674,0,0,0.09534945975773548,-3.0569393634796143,-0.8069393038749695,base,no
3675,0,0,0.32082130082460697,-1.9117634296417236,-1.1617634296417236,base,no
3676,0,0,0.29421497216298875,-1.9576469659805298,-1.0826469659805298,base,no
3677,0,0,0.09534947004048376,-2.7993686199188232,-0.549368679523468,base,no
3678,0,0,0.18242553269617778,-2.096917152404785,-0.5969172120094299,base,no
3679,0,0,0.34864513533394575,-1.8829584121704102,-1.2579584121704102,base,no
3680,0,0,0.1480471829959148,-2.6756539344787598,-0.9256538152694702,base,no
3681,0,0,0.2689414213699951,-1.958519697189331,-0.958519697189331,base,no
3682,0,0,0.20181321265898594,-2.334402322769165,-0.9594022631645203,base,no
3683,0,0,0.24508501313237172,-1.960337519645691,-0.8353375196456909,base,no
3684,0,0,0.22270013882530884,-1.885230302810669,-0.635230302810669,base,no
3685,0,0,0.46879062662624377,-1.5361559391021729,-1.4111559391021729,base,No
3686,0,0,0.11920292828022305,-2.79555344581604,-0.7955535054206848,base,No
3687,0,0,0.22270012850745968,-2.20089054107666,-0.9508904814720154,base,no
3688,0,0,0.2689414330889798,-1.8420963287353516,-0.8420963883399963,base,no
3689,0,0,0.2689414213699951,-1.9276574850082397,-0.9276574850082397,base,no
3690,0,0,0.18242552380635632,-2.1322989463806152,-0.6322989463806152,base,no
3691,0,0,0.16451647108926923,-2.0924155712127686,-0.46741563081741333,base,no
3692,0,0,0.4378234991142019,-1.5710134506225586,-1.3210134506225586,base,no
3693,0,0,0.06008665017400762,-3.3017969131469727,-0.5517969131469727,base,no
3694,0,0,0.13296425394084313,-2.595402240753174,-0.7204023599624634,base,no
3695,0,0,0.32082130082460697,-1.537761926651001,-0.787761926651001,base,no
3696,0,0,0.13296424019782924,-2.462789535522461,-0.5877895355224609,base,no
3697,0,0,0.08509904036636974,-2.9523661136627197,-0.577366054058075,base,no
3698,0,0,0.2227001594610082,-2.1074628829956055,-0.857463002204895,base,no
3699,0,0,0.34864513533394575,-1.7953226566314697,-1.1703226566314697,base,no
3700,0,0,0.1645164792819756,-2.3900833129882812,-0.7650834321975708,base,no
3701,0,0,0.1480471980316895,-2.332960605621338,-0.5829606056213379,base,No
3702,0,1,0.5312093733737563,-1.343889832496643,-1.468889832496643,base,Yes
3703,0,0,0.22270011818961086,-2.1202187538146973,-0.8702186346054077,base,no
3704,0,0,0.1480471829959148,-2.638357639312744,-0.8883575201034546,base,No
3705,0,0,0.20181322226037882,-2.3258554935455322,-0.9508554935455322,base,no
3706,0,0,0.16451645470385742,-2.3469064235687256,-0.7219063639640808,base,no
3707,0,0,0.1645164628965632,-2.600459337234497,-0.9754593372344971,base,no
3708,0,0,0.2942149597859341,-1.7721688747406006,-0.8971688151359558,base,no
3709,0,0,0.13296424706933604,-2.436223268508911,-0.5612233281135559,base,no
3710,0,0,0.29421497216298875,-1.770257592201233,-0.8952575922012329,base,no
3711,0,1,0.5926665999540697,-1.2049659490585327,-1.5799659490585327,base,Yes
3712,0,0,0.24508501313237172,-1.918576955795288,-0.7935769557952881,base,no
3713,0,0,0.2689414213699951,-1.9175711870193481,-0.9175711870193481,base,no
3714,0,0,0.18242553269617778,-2.2359585762023926,-0.7359586358070374,base,no
3715,0,0,0.24508503518827837,-2.015899658203125,-0.8908997774124146,base,no
3716,0,0,0.13296424019782924,-2.348968505859375,-0.473968505859375,base,no
3717,0,0,0.24508502416032488,-1.9355385303497314,-0.8105385899543762,base,no
3718,0,0,0.20181322226037882,-2.214066982269287,-0.8390669822692871,base,no
3719,0,0,0.2689414213699951,-1.8076565265655518,-0.8076565265655518,base,no
3720,0,0,0.34864513533394575,-1.627110242843628,-1.002110242843628,base,no
3721,0,0,0.09534945461636171,-3.0811338424682617,-0.8311337232589722,base,no
3722,0,0,0.07585818002124356,-3.1964893341064453,-0.6964893341064453,base,no
3723,0,1,0.5621765008857981,-1.3296430110931396,-1.5796430110931396,base,Yes
3724,0,0,0.2689414213699951,-2.036210060119629,-1.036210060119629,base,no
3725,0,0,0.24508502416032488,-2.098844289779663,-0.9738443493843079,base,no
3726,0,0,0.1480472055495773,-2.5384790897369385,-0.7884791493415833,base,no
3727,0,0,0.09534947518185825,-2.8899130821228027,-0.6399132013320923,base,no
3728,0,0,0.06008665017400762,-3.3454511165618896,-0.5954511165618896,base,no
3729,0,0,0.24508500210441886,-1.7974445819854736,-0.6724445223808289,base,no
3730,0,0,0.37754066879814546,-1.8575124740600586,-1.3575124740600586,base,no
3731,0,0,0.10669059394565118,-2.83540940284729,-0.71040940284729,base,no
3732,0,0,0.10669058826486906,-2.8424072265625,-0.7174071669578552,base,no
3733,0,0,0.1480471829959148,-2.2420668601989746,-0.49206674098968506,base,no
3734,0,0,0.18242550602671442,-2.140211582183838,-0.6402114629745483,base,no
3735,0,0,0.37754066879814546,-1.6109122037887573,-1.1109122037887573,base,no
3736,0,0,0.20181322226037882,-2.3319242000579834,-0.9569242000579834,base,no
3737,0,0,0.24508501313237172,-2.1862781047821045,-1.0612781047821045,base,no
3738,0,0,0.22270014914315833,-2.216306686401367,-0.966306746006012,base,No
3739,0,0,0.18242552380635632,-2.171750783920288,-0.6717507839202881,base,no
3740,0,0,0.1329642333263228,-2.5473952293395996,-0.6723951697349548,base,no
3741,0,0,0.32082130082460697,-1.6338722705841064,-0.8838722705841064,base,no
3742,0,0,0.24508501313237172,-1.9685393571853638,-0.8435393571853638,base,No
3743,0,0,0.10669059394565118,-2.792219877243042,-0.667219877243042,base,no
3744,0,0,0.3486451488696663,-1.5422303676605225,-0.9172304272651672,base,no
3745,0,0,0.047425867792089564,-3.522369384765625,-0.5223692655563354,base,no
3746,0,0,0.09534947004048376,-2.682016611099243,-0.43201667070388794,base,no
3747,0,0,0.20181323186177208,-2.273592233657837,-0.8985922932624817,base,no
3748,0,0,0.1480471980316895,-2.572739362716675,-0.8227393627166748,base,no
3749,0,0,0.14804718675485834,-2.239966869354248,-0.4899667799472809,base,no
3750,0,0,0.29421497216298875,-1.806687593460083,-0.931687593460083,base,no
3751,0,0,0.32082130082460697,-1.8253319263458252,-1.0753319263458252,base,no
3752,0,0,0.32082130082460697,-1.5988467931747437,-0.8488467931747437,base,no
3753,0,0,0.1480471980316895,-2.3026981353759766,-0.5526981353759766,base,no
3754,0,0,0.13296424706933604,-2.5400993824005127,-0.6650994420051575,base,no
3755,0,0,0.16451645470385742,-2.1479387283325195,-0.5229386687278748,base,No
3756,0,0,0.18242553269617778,-2.2290594577789307,-0.7290595173835754,base,no
3757,0,0,0.29421497216298875,-1.9580161571502686,-1.0830161571502686,base,no
3758,0,0,0.32082130082460697,-1.8244277238845825,-1.0744277238845825,base,no
3759,0,0,0.09534947518185825,-2.9043922424316406,-0.6543923616409302,base,no
3760,0,0,0.29421497216298875,-1.6841892004013062,-0.8091892004013062,base,no
3761,0,0,0.37754066879814546,-1.7313299179077148,-1.2313299179077148,base,No
3762,0,0,0.20181323186177208,-2.200636625289917,-0.8256366848945618,base,no
3763,0,0,0.14804719051380197,-2.5910592079162598,-0.841059148311615,base,no
3764,0,0,0.24508501313237172,-2.143676280975342,-1.0186762809753418,base,no
3765,0,0,0.1480471980316895,-2.5071065425872803,-0.7571065425872803,base,no
3766,0,0,0.29421497216298875,-1.817421317100525,-0.9424213171005249,base,no
3767,0,0,0.18242550602671442,-2.2685885429382324,-0.7685884237289429,base,no
3768,0,0,0.18242551491653522,-2.3885231018066406,-0.8885230422019958,base,No
3769,0,0,0.1645164628965632,-2.3617725372314453,-0.7367725372314453,base,No
3770,0,0,0.2689414096510108,-1.7431418895721436,-0.7431418299674988,base,no
3771,0,0,0.2689414213699951,-1.974155306816101,-0.9741553068161011,base,no
3772,0,0,0.1480471829959148,-2.549304485321045,-0.7993043661117554,base,no
3773,0,0,0.37754066879814546,-1.6956508159637451,-1.1956508159637451,base,no
3774,0,0,0.20181321265898594,-2.030048370361328,-0.6550483107566833,base,No
3775,0,0,0.18242550602671442,-2.1852970123291016,-0.685296893119812,base,no
3776,0,0,0.29421497216298875,-1.8644903898239136,-0.9894903898239136,base,no
3777,0,0,0.22270013882530884,-1.9432449340820312,-0.6932449340820312,base,No
3778,0,0,0.20181322226037882,-1.7151830196380615,-0.3401830196380615,base,no
3779,0,0,0.1645164792819756,-2.219780445098877,-0.5947805643081665,base,no
3780,0,1,0.5312093733737563,-1.2911183834075928,-1.4161183834075928,base,Yes
3781,0,0,0.29421497216298875,-1.8173987865447998,-0.9423987865447998,base,no
3782,0,0,0.4378234991142019,-1.5468764305114746,-1.2968764305114746,base,no
3783,0,0,0.2689414213699951,-1.8626816272735596,-0.8626816272735596,base,no
3784,0,0,0.5,-1.3641189336776733,-1.3641189336776733,base,No
3785,0,0,0.37754066879814546,-1.5686856508255005,-1.0686856508255005,base,no
3786,0,0,0.37754066879814546,-1.6378978490829468,-1.1378978490829468,base,no
3787,0,0,0.24508501313237172,-1.8168429136276245,-0.6918429136276245,base,no
3788,0,0,0.18242551491653522,-2.008789539337158,-0.5087894797325134,base,No
3789,0,0,0.4378234991142019,-1.6108156442642212,-1.3608156442642212,base,no
3790,0,0,0.09534947518185825,-2.698439598083496,-0.44843971729278564,base,No
3791,0,0,0.09534947004048376,-2.9242587089538574,-0.6742587685585022,base,no
3792,0,0,0.24508501313237172,-1.837504506111145,-0.712504506111145,base,No
3793,0,0,0.37754066879814546,-1.586830973625183,-1.086830973625183,base,no
3794,0,0,0.2227001594610082,-2.2401976585388184,-0.9901977777481079,base,no
3795,0,0,0.4073334000459302,-1.415503740310669,-1.040503740310669,base,no
3796,0,0,0.13296425394084313,-2.5566916465759277,-0.6816917657852173,base,no
3797,0,0,0.0953494648991095,-2.8924033641815186,-0.6424033641815186,base,no
3798,0,0,0.32082130082460697,-1.8796818256378174,-1.1296818256378174,base,No
3799,0,0,0.13296425394084313,-2.5742039680480957,-0.6992040872573853,base,no
3800,0,1,0.5926665999540697,-1.3044226169586182,-1.6794226169586182,base,Yes
3801,0,0,0.46879062662624377,-1.514163613319397,-1.389163613319397,base,no
3802,0,0,0.22270013882530884,-1.941540241241455,-0.6915402412414551,base,no
3803,0,0,0.20181322226037882,-2.189934730529785,-0.8149347305297852,base,no
3804,0,0,0.11920292828022305,-2.5807888507843018,-0.5807889103889465,base,no
3805,0,0,0.34864513533394575,-1.8524353504180908,-1.2274353504180908,base,no
3806,0,0,0.32082130082460697,-1.8720331192016602,-1.1220331192016602,base,no
3807,0,0,0.24508501313237172,-2.089106559753418,-0.964106559753418,base,no
3808,0,0,0.5,-1.4824784994125366,-1.4824784994125366,base,no
3809,0,0,0.2227001594610082,-2.2724342346191406,-1.0224343538284302,base,no
3810,0,0,0.1329642264548166,-2.463827133178711,-0.5888270139694214,base,no
3811,0,0,0.29421497216298875,-1.615529179573059,-0.7405291795730591,base,no
3812,0,0,0.1329642333263228,-2.6354570388793945,-0.7604569792747498,base,no
3813,0,0,0.22270011818961086,-2.3211851119995117,-1.0711849927902222,base,no
3814,0,0,0.08509904964767095,-2.7178313732147217,-0.34283143281936646,base,no
3815,0,0,0.29421497216298875,-1.6341021060943604,-0.7591021060943604,base,no
3816,0,0,0.32082130082460697,-1.9961779117584229,-1.2461779117584229,base,No
3817,0,0,0.2689414213699951,-2.103505849838257,-1.1035058498382568,base,no
3818,0,0,0.10669059962643358,-2.5905778408050537,-0.4655779004096985,base,no
3819,0,0,0.14804721306746543,-2.3974685668945312,-0.6474686861038208,base,No
3820,0,0,0.10669059394565118,-2.888972520828247,-0.7639725208282471,base,no
3821,0,0,0.1480471980316895,-2.562190294265747,-0.8121902942657471,base,no
3822,0,0,0.37754066879814546,-1.548344373703003,-1.048344373703003,base,no
3823,0,0,0.32082130082460697,-1.8954424858093262,-1.1454424858093262,base,no
3824,0,0,0.09534945975773548,-2.785979747772217,-0.535979688167572,base,no
3825,0,0,0.2942149597859341,-1.798811435699463,-0.9238113760948181,base,no
3826,0,0,0.5,-1.112424612045288,-1.112424612045288,base,no
3827,0,0,0.2942149597859341,-1.8100275993347168,-0.935027539730072,base,no
3828,0,0,0.32082130082460697,-1.9703024625778198,-1.2203024625778198,base,no
3829,0,0,0.07585817584273653,-3.0545547008514404,-0.5545546412467957,base,no
3830,0,0,0.11920293453832885,-2.8248744010925293,-0.8248745203018188,base,No
3831,0,0,0.2942149845400438,-1.7527525424957275,-0.8777526021003723,base,no
3832,0,0,0.24508501313237172,-1.964330792427063,-0.839330792427063,base,no
3833,0,0,0.14804719051380197,-2.3763034343719482,-0.6263033747673035,base,No
3834,0,0,0.18242551491653522,-2.1694610118865967,-0.6694609522819519,base,no
3835,0,1,0.7981867777396212,-0.8717348575592041,-2.246734857559204,base,Yes
3836,0,0,0.24508501313237172,-1.8936065435409546,-0.7686065435409546,base,no
3837,0,0,0.18242552380635632,-2.3728556632995605,-0.8728556632995605,base,no
3838,0,0,0.24508503518827837,-2.046093463897705,-0.9210935831069946,base,no
3839,0,0,0.20181322226037882,-2.2653956413269043,-0.8903956413269043,base,No
3840,0,0,0.20181323186177208,-2.1525979042053223,-0.777597963809967,base,no
3841,0,0,0.18242553269617778,-2.1935105323791504,-0.6935105919837952,base,no
3842,0,0,0.34864513533394575,-1.5268408060073853,-0.9018408060073853,base,no
3843,0,0,0.34864513533394575,-1.6392998695373535,-1.0142998695373535,base,no
3844,0,0,0.22270012850745968,-2.0890145301818848,-0.83901447057724,base,no
3845,0,0,0.29421497216298875,-1.9387298822402954,-1.0637298822402954,base,no
3846,0,0,0.20181322226037882,-2.4059314727783203,-1.0309314727783203,base,no
3847,0,0,0.18242552380635632,-2.4841716289520264,-0.9841716289520264,base,no
3848,0,0,0.1329642264548166,-2.749844551086426,-0.8748444318771362,base,No
3849,0,0,0.24508500210441886,-1.7873156070709229,-0.6623155474662781,base,no
3850,0,0,0.11920292828022305,-2.90051007270813,-0.9005101323127747,base,no
3851,0,0,0.1645164792819756,-2.3751025199890137,-0.7501026391983032,base,no
3852,0,0,0.1645164792819756,-2.325636863708496,-0.7006369829177856,base,no
3853,0,0,0.24508501313237172,-1.938657522201538,-0.8136575222015381,base,no
3854,0,0,0.22270014914315833,-2.089475154876709,-0.8394752144813538,base,no
3855,0,0,0.18242550602671442,-2.2901792526245117,-0.7901791334152222,base,no
3856,0,0,0.3486451488696663,-1.5596036911010742,-0.934603750705719,base,No
3857,0,0,0.4378234991142019,-1.4841947555541992,-1.2341947555541992,base,no
3858,0,0,0.24508499107646636,-2.0271010398864746,-0.9021009206771851,base,no
3859,0,0,0.16451645470385742,-2.3321454524993896,-0.7071453928947449,base,no
3860,0,0,0.34864513533394575,-1.8196649551391602,-1.1946649551391602,base,no
3861,0,0,0.16451645470385742,-2.4480302333831787,-0.8230301737785339,base,no
3862,0,0,0.10669058826486906,-2.6465861797332764,-0.5215861201286316,base,no
3863,0,0,0.1480471829959148,-2.29262638092041,-0.5426262617111206,base,no
3864,0,1,0.7310585786300049,-1.0882837772369385,-2.0882837772369385,base,Yes
3865,0,0,0.18242551491653522,-2.2420384883880615,-0.7420384287834167,base,no
3866,0,0,0.2689414330889798,-1.703965663909912,-0.7039657235145569,base,No
3867,0,0,0.22270013882530884,-2.2115893363952637,-0.9615893363952637,base,no
3868,0,1,0.6224593312018546,-1.2145845890045166,-1.7145845890045166,base,Yes
3869,0,0,0.1480472055495773,-2.4965152740478516,-0.7465153336524963,base,no
3870,0,0,0.24508502416032488,-1.9641692638397217,-0.8391693234443665,base,no
3871,0,0,0.32082130082460697,-1.962541103363037,-1.212541103363037,base,No
3872,0,0,0.2689414213699951,-1.9618247747421265,-0.9618247747421265,base,no
3873,0,0,0.24508501313237172,-1.9929108619689941,-0.8679108619689941,base,no
3874,0,0,0.37754066879814546,-1.6950287818908691,-1.1950287818908691,base,no
3875,0,0,0.20181322226037882,-2.3441550731658936,-0.9691550731658936,base,no
3876,0,0,0.24508501313237172,-2.1481478214263916,-1.0231478214263916,base,no
3877,0,0,0.2942149845400438,-1.7250478267669678,-0.8500478863716125,base,No
3878,0,0,0.29421497216298875,-1.9351212978363037,-1.0601212978363037,base,No
3879,0,0,0.4378234991142019,-1.579085111618042,-1.329085111618042,base,No
3880,0,0,0.16451644651115205,-2.5143704414367676,-0.889370322227478,base,no
3881,0,0,0.0534033328129234,-3.4530248641967773,-0.5780249238014221,base,no
3882,0,0,0.4378234991142019,-1.3568249940872192,-1.1068249940872192,base,no
3883,0,0,0.0953494648991095,-3.111488103866577,-0.8614881038665771,base,no
3884,0,0,0.34864513533394575,-1.7311296463012695,-1.1061296463012695,base,no
3885,0,0,0.24508500210441886,-1.9879226684570312,-0.8629226088523865,base,no
3886,0,0,0.20181324146316565,-2.0380210876464844,-0.6630212068557739,base,no
3887,0,0,0.29421497216298875,-1.986012578010559,-1.111012578010559,base,no
3888,0,0,0.5,-1.1522243022918701,-1.1522243022918701,base,No
3889,0,0,0.08509904500702024,-2.817135810852051,-0.4421358108520508,base,no
3890,0,0,0.34864513533394575,-1.711747646331787,-1.086747646331787,base,no
3891,0,0,0.13296424706933604,-2.3871986865997314,-0.5121987462043762,base,no
3892,0,0,0.3208212878370535,-1.737191915512085,-0.9871918559074402,base,no
3893,0,0,0.07585817584273653,-3.128030776977539,-0.6280307173728943,base,no
3894,0,0,0.20181323186177208,-2.151219606399536,-0.7762196660041809,base,no
3895,0,0,0.1645164792819756,-2.2197141647338867,-0.5947142839431763,base,no
3896,0,0,0.1480471980316895,-2.210339069366455,-0.4603390693664551,base,no
3897,0,0,0.20181324146316565,-2.055452823638916,-0.6804529428482056,base,no
3898,0,0,0.24508503518827837,-2.2034554481506348,-1.0784555673599243,base,no
3899,0,0,0.2942149474088797,-2.0295181274414062,-1.1545180082321167,base,no
3900,0,0,0.24508501313237172,-2.1391172409057617,-1.0141172409057617,base,no
3901,0,0,0.18242551491653522,-2.1277658939361572,-0.6277658343315125,base,no
3902,0,0,0.40733341443526055,-1.328059434890747,-0.9530594944953918,base,no
3903,0,0,0.14804719051380197,-2.416135787963867,-0.6661357283592224,base,no
3904,0,0,0.22270013882530884,-2.2725610733032227,-1.0225610733032227,base,no
3905,0,0,0.20181324146316565,-2.134812831878662,-0.7598129510879517,base,no
3906,0,0,0.24508501313237172,-2.1880998611450195,-1.0630998611450195,base,no
3907,0,0,0.24508500210441886,-1.8675053119659424,-0.7425052523612976,base,No
3908,0,0,0.13296424019782924,-2.572922945022583,-0.697922945022583,base,no
3909,0,0,0.29421497216298875,-1.9915283918380737,-1.1165283918380737,base,no
3910,0,0,0.20181323186177208,-2.15194034576416,-0.7769404053688049,base,no
3911,0,0,0.2689414213699951,-1.8769023418426514,-0.8769023418426514,base,no
3912,0,0,0.22270014914315833,-2.0005991458892822,-0.750599205493927,base,no
3913,0,0,0.24508502416032488,-1.9657905101776123,-0.8407905697822571,base,no
3914,0,0,0.29421497216298875,-1.9576044082641602,-1.0826044082641602,base,No
3915,0,0,0.20181321265898594,-2.1190202236175537,-0.7440201640129089,base,no
3916,0,0,0.0953494648991095,-2.7549238204956055,-0.5049238204956055,base,No
3917,0,1,0.7549150089235336,-0.9834712743759155,-2.108471393585205,base,Yes
3918,0,0,0.24508502416032488,-1.8705899715423584,-0.7455900311470032,base,no
3919,0,0,0.32082130082460697,-1.7607004642486572,-1.0107004642486572,base,no
3920,0,0,0.18242552380635632,-2.2954611778259277,-0.7954611778259277,base,no
3921,0,0,0.18242550602671442,-2.200749397277832,-0.7007492780685425,base,no
3922,0,0,0.4378234991142019,-1.5845818519592285,-1.3345818519592285,base,no
3923,0,0,0.2689414213699951,-1.9530034065246582,-0.9530034065246582,base,no
3924,0,0,0.3208212878370535,-1.633310317993164,-0.8833102583885193,base,No
3925,0,0,0.16451645470385742,-2.294508457183838,-0.6695083975791931,base,no
3926,0,0,0.11920291576401235,-2.628594398498535,-0.6285943388938904,base,no
3927,0,0,0.16451647108926923,-2.1911568641662598,-0.5661569237709045,base,No
3928,0,0,0.20181324146316565,-2.0606589317321777,-0.6856590509414673,base,no
3929,0,0,0.2689414213699951,-2.1357486248016357,-1.1357486248016357,base,no
3930,0,0,0.4073334000459302,-1.4026683568954468,-1.0276683568954468,base,no
3931,0,0,0.22270013882530884,-1.7695331573486328,-0.5195331573486328,base,no
3932,0,0,0.29421497216298875,-1.9471904039382935,-1.0721904039382935,base,No
3933,0,0,0.09534945975773548,-2.9007408618927,-0.6507408022880554,base,no
3934,0,1,0.5621765008857981,-1.3412132263183594,-1.5912132263183594,base,Yes
3935,0,0,0.22270012850745968,-2.038208246231079,-0.7882081866264343,base,no
3936,0,0,0.10669059394565118,-2.850173234939575,-0.7251732349395752,base,no
3937,0,0,0.4073334000459302,-1.6263307332992554,-1.2513307332992554,base,no
3938,0,0,0.29421497216298875,-1.8786437511444092,-1.0036437511444092,base,no
3939,0,0,0.29421497216298875,-1.9620084762573242,-1.0870084762573242,base,no
3940,0,0,0.34864513533394575,-1.7265018224716187,-1.1015018224716187,base,no
3941,0,0,0.2689414213699951,-1.8544623851776123,-0.8544623851776123,base,no
3942,0,0,0.37754066879814546,-1.4000580310821533,-0.9000580310821533,base,No
3943,0,0,0.32082130082460697,-1.5822722911834717,-0.8322722911834717,base,No
3944,0,0,0.24508501313237172,-1.9114187955856323,-0.7864187955856323,base,no
3945,0,0,0.20181323186177208,-2.0632164478302,-0.688216507434845,base,no
3946,0,1,0.5621765008857981,-1.3624552488327026,-1.6124552488327026,base,Yes
3947,0,0,0.20181320305759334,-2.3214263916015625,-0.946426272392273,base,no
3948,0,1,0.5621765008857981,-1.3990817070007324,-1.6490817070007324,base,Yes
3949,0,0,0.13296424706933604,-2.3591370582580566,-0.4841371178627014,base,no
3950,0,0,0.11920292828022305,-2.624312162399292,-0.6243122220039368,base,no
3951,0,0,0.053403329799824234,-3.639580249786377,-0.764580249786377,base,no
3952,0,0,0.18242552380635632,-2.3504295349121094,-0.8504295349121094,base,No
3953,0,0,0.11920290950590741,-2.4699692726135254,-0.46996915340423584,base,no
3954,0,0,0.20181324146316565,-2.057262420654297,-0.6822625398635864,base,No
3955,0,0,0.29421497216298875,-1.9147825241088867,-1.0397825241088867,base,no
3956,0,0,0.1329642264548166,-2.4922523498535156,-0.6172522306442261,base,no
3957,0,0,0.20181320305759334,-2.1021437644958496,-0.7271436452865601,base,no
3958,0,0,0.32082130082460697,-1.8751540184020996,-1.1251540184020996,base,No
3959,0,0,0.11920291576401235,-2.5236334800720215,-0.5236334204673767,base,No
3960,0,0,0.32082130082460697,-1.869214415550232,-1.119214415550232,base,no
3961,0,0,0.46879062662624377,-1.2382922172546387,-1.1132922172546387,base,no
3962,0,0,0.1645164792819756,-2.565992832183838,-0.9409929513931274,base,no
3963,0,0,0.13296424706933604,-2.6240789890289307,-0.7490790486335754,base,no
3964,0,0,0.1480471829959148,-2.340365409851074,-0.5903652906417847,base,no
3965,0,0,0.20181323186177208,-2.3350136280059814,-0.9600136876106262,base,No
3966,0,0,0.24508501313237172,-1.9404542446136475,-0.8154542446136475,base,no
3967,0,0,0.20181322226037882,-2.230835437774658,-0.8558354377746582,base,no
3968,0,0,0.2942149597859341,-1.8313956260681152,-0.9563955664634705,base,no
3969,0,0,0.24508501313237172,-1.9147721529006958,-0.7897721529006958,base,no
3970,0,0,0.11920292202211755,-2.7006731033325195,-0.7006731033325195,base,no
3971,0,0,0.20181322226037882,-2.340249538421631,-0.9652495384216309,base,no
3972,0,0,0.32082130082460697,-1.8780442476272583,-1.1280442476272583,base,no
3973,0,0,0.2689414213699951,-1.8534984588623047,-0.8534984588623047,base,no
3974,0,0,0.18242550602671442,-2.3549985885620117,-0.8549984693527222,base,no
3975,0,0,0.5,-1.433559536933899,-1.433559536933899,base,no
3976,0,0,0.11920291576401235,-2.5451014041900635,-0.5451013445854187,base,no
3977,0,0,0.08509904964767095,-2.8885018825531006,-0.5135019421577454,base,no
3978,0,0,0.4073334000459302,-1.4617258310317993,-1.0867258310317993,base,no
3979,0,0,0.10669058826486906,-2.8087069988250732,-0.6837069392204285,base,no
3980,0,0,0.46879062662624377,-1.3984935283660889,-1.2734935283660889,base,no
3981,0,0,0.20181320305759334,-2.3676810264587402,-0.9926809072494507,base,no
3982,0,0,0.37754066879814546,-1.5586251020431519,-1.0586251020431519,base,no
3983,0,0,0.5,-1.3623111248016357,-1.3623111248016357,base,No
3984,0,0,0.37754066879814546,-1.6071529388427734,-1.1071529388427734,base,no
3985,0,0,0.34864513533394575,-1.4642000198364258,-0.8392000198364258,base,no
3986,0,0,0.0953494648991095,-2.7204670906066895,-0.47046709060668945,base,no
3987,0,0,0.24508502416032488,-2.0871591567993164,-0.9621592164039612,base,no
3988,0,0,0.34864513533394575,-1.6761534214019775,-1.0511534214019775,base,no
3989,0,0,0.34864513533394575,-1.7851181030273438,-1.1601181030273438,base,No
3990,0,0,0.32082130082460697,-1.8730709552764893,-1.1230709552764893,base,No
3991,0,0,0.4073334000459302,-1.40122389793396,-1.02622389793396,base,no
3992,0,0,0.24508503518827837,-2.11806583404541,-0.9930659532546997,base,no
3993,0,0,0.29421497216298875,-1.934348225593567,-1.059348225593567,base,no
3994,0,0,0.05340332678672523,-3.6884658336639404,-0.8134657740592957,base,no
3995,0,0,0.14804719051380197,-2.5612969398498535,-0.8112968802452087,base,no
3996,0,0,0.34864513533394575,-1.8097903728485107,-1.1847903728485107,base,no
3997,0,0,0.22270013882530884,-1.9050672054290771,-0.6550672054290771,base,no
3998,0,0,0.2942149597859341,-1.8746178150177002,-0.9996177554130554,base,no
3999,0,0,0.18242552380635632,-2.335798978805542,-0.835798978805542,base,no
4000,0,0,0.29421497216298875,-1.9657926559448242,-1.0907926559448242,base,No
4001,0,0,0.29421497216298875,-1.8879764080047607,-1.0129764080047607,base,no
4002,0,0,0.18242552380635632,-2.373396396636963,-0.8733963966369629,base,no
4003,0,0,0.2689414330889798,-1.821467638015747,-0.8214676976203918,base,no
4004,0,0,0.2689414213699951,-1.7854797840118408,-0.7854797840118408,base,no
4005,0,0,0.2689414213699951,-1.7807798385620117,-0.7807798385620117,base,no
4006,0,0,0.18242552380635632,-2.1169240474700928,-0.6169240474700928,base,no
4007,0,0,0.2227001594610082,-2.127624034881592,-0.8776241540908813,base,no
4008,0,0,0.24508502416032488,-1.7454965114593506,-0.6204965710639954,base,No
4009,0,0,0.29421497216298875,-1.9628068208694458,-1.0878068208694458,base,no
4010,0,1,0.5926665999540697,-1.2440077066421509,-1.6190077066421509,base,Yes
4011,0,0,0.22270014914315833,-2.0112974643707275,-0.7612975239753723,base,no
4012,0,0,0.29421497216298875,-1.6973308324813843,-0.8223308324813843,base,no
4013,0,0,0.20181322226037882,-2.295154571533203,-0.9201545715332031,base,no
4014,0,0,0.2689414213699951,-1.9634406566619873,-0.9634406566619873,base,no
4015,0,0,0.1329642264548166,-2.6929383277893066,-0.8179382085800171,base,no
4016,0,0,0.2689414213699951,-1.7319093942642212,-0.7319093942642212,base,No
4017,0,0,0.1824255415859996,-2.049318313598633,-0.5493184328079224,base,no
4018,0,0,0.20181320305759334,-2.3788199424743652,-1.0038198232650757,base,no
4019,0,0,0.4378234991142019,-1.6420453786849976,-1.3920453786849976,base,no
4020,0,0,0.2689414213699951,-1.9915293455123901,-0.9915293455123901,base,No
4021,0,0,0.4073334000459302,-1.556300163269043,-1.181300163269043,base,no
4022,0,0,0.22270012850745968,-1.807758092880249,-0.5577580332756042,base,no
4023,0,0,0.2689414213699951,-2.0195138454437256,-1.0195138454437256,base,No
4024,0,0,0.11920292828022305,-2.5262067317962646,-0.5262067914009094,base,no
4025,0,0,0.11920292202211755,-2.8320469856262207,-0.8320469856262207,base,No
4026,0,0,0.4378234991142019,-1.556943416595459,-1.306943416595459,base,No
4027,0,1,0.5312093733737563,-1.4341821670532227,-1.5591821670532227,base,Yes
4028,0,0,0.2689414330889798,-1.9998571872711182,-0.9998572468757629,base,no
4029,0,0,0.24508501313237172,-2.1118173599243164,-0.9868173599243164,base,no
4030,0,0,0.34864513533394575,-1.6891798973083496,-1.0641798973083496,base,no
4031,0,0,0.11920291576401235,-2.5990183353424072,-0.5990182757377625,base,no
4032,0,0,0.2689414213699951,-1.817623257637024,-0.8176232576370239,base,no
4033,0,0,0.2689414213699951,-1.9752541780471802,-0.9752541780471802,base,no
4034,0,0,0.22270012850745968,-2.0704896450042725,-0.8204895853996277,base,no
4035,0,0,0.34864513533394575,-1.7716565132141113,-1.1466565132141113,base,No
4036,0,0,0.4073334000459302,-1.42392098903656,-1.04892098903656,base,no
4037,0,0,0.29421497216298875,-1.608760952949524,-0.7337609529495239,base,no
4038,0,0,0.14804719051380197,-2.5106401443481445,-0.7606400847434998,base,no
4039,0,0,0.5,-1.3785960674285889,-1.3785960674285889,base,no
4040,0,0,0.18242553269617778,-2.237419605255127,-0.7374196648597717,base,no
4041,0,0,0.2689414330889798,-1.7292017936706543,-0.7292018532752991,base,no
4042,0,0,0.14804721306746543,-2.3936281204223633,-0.6436282396316528,base,no
4043,0,0,0.11920292202211755,-2.9201252460479736,-0.9201252460479736,base,no
4044,0,0,0.1824255415859996,-2.4939589500427246,-0.9939590692520142,base,no
4045,0,0,0.14804719051380197,-2.4625585079193115,-0.7125584483146667,base,no
4046,0,0,0.22270012850745968,-2.114865779876709,-0.8648657202720642,base,no
4047,0,0,0.1329642333263228,-2.3908445835113525,-0.5158445239067078,base,no
4048,0,0,0.2689414330889798,-1.695298671722412,-0.6952987313270569,base,no
4049,0,0,0.46879062662624377,-1.4831337928771973,-1.3581337928771973,base,no
4050,0,0,0.1329642264548166,-2.4201669692993164,-0.5451668500900269,base,No
4051,0,0,0.1824255415859996,-2.217869281768799,-0.7178694009780884,base,no
4052,0,0,0.20181323186177208,-2.1698787212371826,-0.7948787808418274,base,no
4053,0,0,0.11920293453832885,-2.6696081161499023,-0.6696082353591919,base,no
4054,0,0,0.20181321265898594,-2.148423671722412,-0.7734236121177673,base,no
4055,0,1,0.5621765008857981,-1.1224391460418701,-1.3724391460418701,base,yes
4056,0,0,0.22270013882530884,-2.0357978343963623,-0.7857978343963623,base,no
4057,0,0,0.20181322226037882,-2.4079103469848633,-1.0329103469848633,base,no
4058,0,0,0.29421497216298875,-1.9088231325149536,-1.0338231325149536,base,no
4059,0,0,0.20181321265898594,-2.1418585777282715,-0.7668585181236267,base,No
4060,0,0,0.22270013882530884,-2.106192111968994,-0.8561921119689941,base,no
4061,0,0,0.16451645470385742,-2.3457045555114746,-0.7207044959068298,base,No
4062,0,0,0.24508500210441886,-1.824843168258667,-0.6998431086540222,base,no
4063,0,0,0.4073334000459302,-1.6003929376602173,-1.2253929376602173,base,no
4064,0,0,0.22270011818961086,-2.0648751258850098,-0.8148750066757202,base,no
4065,0,0,0.08509904964767095,-3.146606683731079,-0.7716067433357239,base,no
4066,0,0,0.20181324146316565,-2.32625675201416,-0.9512568712234497,base,no
4067,0,0,0.13296424706933604,-2.797943353652954,-0.9229434132575989,base,no
4068,0,0,0.20181323186177208,-2.2152011394500732,-0.840201199054718,base,no
4069,0,0,0.14804721306746543,-2.502594470977783,-0.7525945901870728,base,no
4070,0,0,0.1480471829959148,-2.4611053466796875,-0.711105227470398,base,No
4071,0,0,0.4378234991142019,-1.317742109298706,-1.067742109298706,base,no
4072,0,0,0.24508501313237172,-1.8693666458129883,-0.7443666458129883,base,no
4073,0,0,0.06754668363133542,-3.154296875,-0.5292967557907104,base,no
4074,0,0,0.2689414213699951,-1.7780190706253052,-0.7780190706253052,base,no
4075,0,0,0.13296425394084313,-2.5451512336730957,-0.6701513528823853,base,no
4076,0,0,0.37754066879814546,-1.68047297000885,-1.18047297000885,base,no
4077,0,0,0.13296425394084313,-2.4529361724853516,-0.5779362916946411,base,no
4078,0,0,0.22270011818961086,-2.116485595703125,-0.8664854764938354,base,no
4079,0,0,0.24508499107646636,-2.1470465660095215,-1.022046446800232,base,no
4080,0,0,0.24508501313237172,-1.9195940494537354,-0.7945940494537354,base,no
4081,0,0,0.3486451217982255,-1.4343583583831787,-0.8093582987785339,base,No
4082,0,0,0.18242552380635632,-2.4670748710632324,-0.9670748710632324,base,no
4083,0,0,0.13296425394084313,-2.820222854614258,-0.9452229738235474,base,no
4084,0,0,0.18242551491653522,-2.4204299449920654,-0.9204298853874207,base,No
4085,0,0,0.2689414330889798,-1.9133567810058594,-0.9133568406105042,base,no
4086,0,0,0.29421497216298875,-1.9660053253173828,-1.0910053253173828,base,no
4087,0,0,0.1480472055495773,-2.3443448543548584,-0.5943449139595032,base,no
4088,0,0,0.2689414330889798,-1.8529691696166992,-0.852969229221344,base,no
4089,0,0,0.5,-1.345258355140686,-1.345258355140686,base,no
4090,0,1,0.6224593312018546,-1.171221137046814,-1.671221137046814,base,Yes
4091,0,0,0.1480472055495773,-2.315629243850708,-0.5656293034553528,base,No
4092,0,0,0.1329642333263228,-2.7700273990631104,-0.8950273394584656,base,No
4093,0,0,0.24508501313237172,-1.9474973678588867,-0.8224973678588867,base,no
4094,0,0,0.34864513533394575,-1.8782743215560913,-1.2532743215560913,base,no
4095,0,0,0.32082130082460697,-1.7856857776641846,-1.0356857776641846,base,no
4096,0,0,0.14804719427274565,-2.189377784729004,-0.4393777549266815,base,no
4097,0,0,0.32082130082460697,-1.7067186832427979,-0.9567186832427979,base,no
4098,0,0,0.24508502416032488,-2.031137704849243,-0.9061377644538879,base,no
4099,0,0,0.34864513533394575,-1.8443577289581299,-1.2193577289581299,base,no
4100,0,0,0.24508501313237172,-1.9162328243255615,-0.7912328243255615,base,no
4101,0,0,0.2689414213699951,-2.019770622253418,-1.019770622253418,base,No
4102,0,0,0.2689414213699951,-1.9751826524734497,-0.9751826524734497,base,No
4103,0,0,0.16451644651115205,-2.5178136825561523,-0.8928135633468628,base,No
4104,0,0,0.20181324146316565,-2.2291860580444336,-0.8541861772537231,base,no
4105,0,0,0.11920291576401235,-2.83807373046875,-0.8380736708641052,base,no
4106,0,0,0.29421497216298875,-1.9101676940917969,-1.0351676940917969,base,no
4107,0,0,0.4073334000459302,-1.5938886404037476,-1.2188886404037476,base,no
4108,0,0,0.20181323186177208,-2.0954172611236572,-0.720417320728302,base,no
4109,0,0,0.29421497216298875,-1.9265446662902832,-1.0515446662902832,base,no
4110,0,0,0.22270013882530884,-1.8521137237548828,-0.6021137237548828,base,no
4111,0,0,0.0953494648991095,-3.0750820636749268,-0.8250820636749268,base,No
4112,0,0,0.18242552380635632,-2.130042552947998,-0.630042552947998,base,No
4113,0,0,0.5,-1.3530513048171997,-1.3530513048171997,base,no
4114,0,0,0.2942149845400438,-1.8522560596466064,-0.9772561192512512,base,no
4115,0,0,0.11920292202211755,-2.548793315887451,-0.5487933158874512,base,no
4116,0,0,0.1480472055495773,-2.2190933227539062,-0.469093382358551,base,No
4117,0,0,0.24508503518827837,-2.089707851409912,-0.9647079706192017,base,no
4118,0,1,0.7772998508568416,-0.9670074582099915,-2.2170073986053467,base,Yes
4119,0,0,0.24508499107646636,-2.0442771911621094,-0.9192770719528198,base,no
4120,0,0,0.10669058826486906,-2.572530508041382,-0.44753044843673706,base,no
4121,0,0,0.18242552380635632,-2.0658373832702637,-0.5658373832702637,base,no
4122,0,0,0.29421497216298875,-1.9238568544387817,-1.0488568544387817,base,no
4123,0,0,0.20181322226037882,-2.1505889892578125,-0.7755889892578125,base,no
4124,0,0,0.4378234991142019,-1.373617172241211,-1.123617172241211,base,no
4125,0,0,0.09534945975773548,-2.676504611968994,-0.42650455236434937,base,No
4126,0,0,0.22270013882530884,-2.037663221359253,-0.7876632213592529,base,no
4127,0,0,0.11920292828022305,-2.5679149627685547,-0.5679150223731995,base,no
4128,0,1,0.8175744939732856,-0.7918533086776733,-2.291853427886963,base,yes
4129,0,0,0.24508500210441886,-1.8556249141693115,-0.7306248545646667,base,no
4130,0,0,0.16451647108926923,-2.3915648460388184,-0.7665649056434631,base,no
4131,0,0,0.37754066879814546,-1.6376842260360718,-1.1376842260360718,base,no
4132,0,0,0.46879062662624377,-1.3007720708847046,-1.1757720708847046,base,no
4133,0,0,0.20181324146316565,-2.3091845512390137,-0.9341846704483032,base,no
4134,0,0,0.2942149845400438,-1.7722077369689941,-0.8972077965736389,base,no
4135,0,0,0.20181322226037882,-2.2674174308776855,-0.8924174308776855,base,no
4136,0,0,0.34864513533394575,-1.6447868347167969,-1.0197868347167969,base,No
4137,0,0,0.18242552380635632,-2.1766364574432373,-0.6766364574432373,base,no
4138,0,0,0.29421497216298875,-1.8863348960876465,-1.0113348960876465,base,no
4139,0,0,0.34864513533394575,-1.74112868309021,-1.11612868309021,base,no
4140,0,0,0.3208212878370535,-1.7278735637664795,-0.9778735041618347,base,no
4141,0,0,0.24508501313237172,-2.139371395111084,-1.014371395111084,base,No
4142,0,0,0.22270011818961086,-2.2407026290893555,-0.9907025098800659,base,no
4143,0,0,0.2942149597859341,-1.8033881187438965,-0.9283880591392517,base,no
4144,0,0,0.24508501313237172,-1.9041635990142822,-0.7791635990142822,base,no
4145,0,0,0.32082130082460697,-1.8254942893981934,-1.0754942893981934,base,no
4146,0,0,0.20181321265898594,-2.0922155380249023,-0.7172154784202576,base,No
4147,0,0,0.10669059962643358,-2.6486573219299316,-0.5236573815345764,base,no
4148,0,0,0.24508502416032488,-2.0926849842071533,-0.9676850438117981,base,no
4149,0,0,0.20181320305759334,-2.111140251159668,-0.7361401319503784,base,no
4150,0,0,0.24508499107646636,-2.0775251388549805,-0.9525250196456909,base,no
4151,0,0,0.1480471829959148,-2.557157039642334,-0.8071569204330444,base,no
4152,0,0,0.34864513533394575,-1.7804644107818604,-1.1554644107818604,base,no
4153,0,0,0.37754066879814546,-1.6397548913955688,-1.1397548913955688,base,no
4154,0,0,0.32082130082460697,-1.9451688528060913,-1.1951688528060913,base,no
4155,0,0,0.24508502416032488,-1.8403098583221436,-0.7153099179267883,base,no
4156,0,0,0.24508501313237172,-2.1310925483703613,-1.0060925483703613,base,no
4157,0,0,0.1480472055495773,-2.4866106510162354,-0.7366107106208801,base,no
4158,0,0,0.11920292828022305,-2.6740810871124268,-0.6740811467170715,base,no
4159,0,0,0.2689414213699951,-2.089036226272583,-1.089036226272583,base,no
4160,0,0,0.20181322226037882,-2.0214970111846924,-0.6464970111846924,base,no
4161,0,0,0.2689414448079646,-2.0192480087280273,-1.019248127937317,base,no
4162,0,0,0.22270014914315833,-1.9235494136810303,-0.673549473285675,base,no
4163,0,0,0.18242553269617778,-2.287238359451294,-0.7872384190559387,base,no
4164,0,0,0.20181322226037882,-2.2508084774017334,-0.8758084774017334,base,no
4165,0,0,0.1066905825840872,-2.713388442993164,-0.5883883237838745,base,no
4166,0,0,0.2942149845400438,-1.741001844406128,-0.8660019040107727,base,no
4167,0,0,0.37754066879814546,-1.6855876445770264,-1.1855876445770264,base,no
4168,0,0,0.11920292202211755,-2.7350540161132812,-0.7350540161132812,base,No
4169,0,0,0.1480472055495773,-2.3357701301574707,-0.5857701897621155,base,no
4170,0,0,0.1645164628965632,-2.641953706741333,-1.016953706741333,base,no
4171,0,0,0.2689414213699951,-1.890558123588562,-0.890558123588562,base,no
4172,0,0,0.04742587317756679,-3.7429778575897217,-0.7429778575897217,base,no
4173,0,0,0.16451645470385742,-2.3546955585479736,-0.7296954989433289,base,no
4174,0,0,0.16451645470385742,-2.321518659591675,-0.69651859998703,base,no
4175,0,0,0.06754669864792355,-3.1647720336914062,-0.5397721529006958,base,no
4176,0,0,0.16451647108926923,-2.244058132171631,-0.6190581917762756,base,No
4177,0,0,0.32082130082460697,-1.659060001373291,-0.909060001373291,base,no
4178,0,0,0.24508501313237172,-1.9389573335647583,-0.8139573335647583,base,no
4179,0,0,0.3486451488696663,-1.4707818031311035,-0.8457818627357483,base,No
4180,0,0,0.1645164628965632,-2.453962564468384,-0.8289625644683838,base,no
4181,0,0,0.1066905911052601,-2.5414366722106934,-0.41643664240837097,base,no
4182,0,0,0.2689414213699951,-1.794739007949829,-0.7947390079498291,base,no
4183,0,0,0.34864513533394575,-1.7398569583892822,-1.1148569583892822,base,no
4184,0,0,0.20181320305759334,-2.2365942001342773,-0.8615940809249878,base,no
4185,0,0,0.32082130082460697,-1.7101788520812988,-0.9601788520812988,base,no
4186,0,0,0.2227001594610082,-2.2785096168518066,-1.0285097360610962,base,no
4187,0,0,0.18242552380635632,-2.279358386993408,-0.7793583869934082,base,no
4188,0,0,0.2689414213699951,-1.7987003326416016,-0.7987003326416016,base,no
4189,0,0,0.11920292202211755,-2.589541435241699,-0.5895414352416992,base,no
4190,0,0,0.18242551491653522,-2.2036733627319336,-0.7036733031272888,base,no
4191,0,0,0.37754066879814546,-1.5788682699203491,-1.0788682699203491,base,no
4192,0,0,0.24508500210441886,-1.960846185684204,-0.8358461260795593,base,no
4193,0,0,0.20181322226037882,-2.442685127258301,-1.0676851272583008,base,no
4194,0,0,0.10669059394565118,-2.9851315021514893,-0.8601315021514893,base,no
4195,0,0,0.09534947004048376,-3.0598812103271484,-0.8098812699317932,base,No
4196,0,0,0.22270012850745968,-2.219541549682617,-0.9695414900779724,base,no
4197,0,0,0.32082130082460697,-1.880856990814209,-1.130856990814209,base,No
4198,0,0,0.22270014914315833,-2.0266928672790527,-0.7766929268836975,base,no
4199,0,0,0.4073334000459302,-1.6402137279510498,-1.2652137279510498,base,No
4200,0,0,0.1480471829959148,-2.65753173828125,-0.9075316190719604,base,no
4201,0,0,0.37754066879814546,-1.4501581192016602,-0.9501581192016602,base,No
4202,0,0,0.2689414213699951,-1.8453238010406494,-0.8453238010406494,base,no
4203,0,0,0.11920292828022305,-2.820126533508301,-0.8201265931129456,base,no
4204,0,0,0.1329642264548166,-2.602226734161377,-0.7272266149520874,base,no
4205,0,0,0.1645164628965632,-2.2596042156219482,-0.6346042156219482,base,no
4206,0,0,0.13296424706933604,-2.494807481765747,-0.6198075413703918,base,no
4207,0,0,0.22270014914315833,-2.0920159816741943,-0.8420160412788391,base,no
4208,0,0,0.06754668738548215,-3.304297924041748,-0.6792978644371033,base,no
4209,0,1,0.5621765008857981,-0.937387228012085,-1.187387228012085,base,yes
4210,0,0,0.08509904036636974,-3.1043283939361572,-0.7293283343315125,base,no
4211,0,0,0.22270014914315833,-2.2439844608306885,-0.9939845204353333,base,no
4212,0,0,0.29421497216298875,-1.7750470638275146,-0.9000470638275146,base,no
4213,0,0,0.32082130082460697,-1.9750975370407104,-1.2250975370407104,base,no
4214,0,0,0.13296424706933604,-2.6123273372650146,-0.7373273968696594,base,no
4215,0,0,0.11920291576401235,-2.354783773422241,-0.35478371381759644,base,No
4216,0,1,0.7057850278370112,-1.1380486488342285,-2.0130486488342285,base,Yes
4217,0,0,0.20181322226037882,-1.9744374752044678,-0.5994374752044678,base,No
4218,0,0,0.2942149474088797,-2.004927635192871,-1.1299275159835815,base,no
4219,0,0,0.37754066879814546,-1.6985116004943848,-1.1985116004943848,base,no
4220,0,0,0.09534945975773548,-2.926818370819092,-0.676818311214447,base,no
4221,0,0,0.20181323186177208,-1.9478788375854492,-0.572878897190094,base,no
4222,0,0,0.13296424019782924,-2.428079605102539,-0.5530796051025391,base,no
4223,0,0,0.2689414448079646,-2.09915828704834,-1.0991584062576294,base,no
4224,0,0,0.2942149845400438,-1.7558162212371826,-0.8808162808418274,base,no
4225,0,0,0.1645164628965632,-2.5803682804107666,-0.9553682804107666,base,no
4226,0,0,0.22270011818961086,-2.1591038703918457,-0.9091037511825562,base,no
4227,0,0,0.1480471829959148,-2.6302852630615234,-0.8802851438522339,base,no
4228,0,0,0.06754668550840877,-3.0465176105499268,-0.4215175211429596,base,no
4229,0,0,0.1329642333263228,-2.3651933670043945,-0.49019330739974976,base,no
4230,0,0,0.32082130082460697,-1.9127509593963623,-1.1627509593963623,base,No
4231,0,0,0.4378234991142019,-1.4818453788757324,-1.2318453788757324,base,No
4232,0,0,0.29421497216298875,-1.679314374923706,-0.804314374923706,base,no
4233,0,0,0.06754669864792355,-3.4747109413146973,-0.8497110605239868,base,no
4234,0,0,0.20181323186177208,-2.0650253295898438,-0.6900253891944885,base,no
4235,0,0,0.20181322226037882,-2.3798398971557617,-1.0048398971557617,base,no
4236,0,0,0.2942149597859341,-1.56679105758667,-0.6917909979820251,base,No
4237,0,0,0.34864513533394575,-1.8463517427444458,-1.2213517427444458,base,no
4238,0,0,0.16451645470385742,-2.457674980163574,-0.8326749205589294,base,no
4239,0,0,0.18242552380635632,-2.371079683303833,-0.871079683303833,base,no
4240,0,0,0.20181322226037882,-2.0399489402770996,-0.6649489402770996,base,no
4241,0,0,0.1645164628965632,-2.1126346588134766,-0.48763465881347656,base,no
4242,0,0,0.37754066879814546,-1.6562738418579102,-1.1562738418579102,base,no
4243,0,0,0.32082130082460697,-1.869357943534851,-1.119357943534851,base,no
4244,0,0,0.20181320305759334,-2.102609634399414,-0.7276095151901245,base,no
4245,0,0,0.2942149597859341,-1.7188324928283691,-0.8438324332237244,base,no
4246,0,0,0.24508501313237172,-1.9588475227355957,-0.8338475227355957,base,no
4247,0,0,0.07585818002124356,-3.1875133514404297,-0.6875133514404297,base,No
4248,0,0,0.10669059394565118,-2.7326836585998535,-0.6076836585998535,base,no
4249,0,0,0.1645164628965632,-2.516791582107544,-0.891791582107544,base,no
4250,0,0,0.34864513533394575,-1.49468195438385,-0.8696819543838501,base,no
4251,0,0,0.2689414213699951,-1.8629608154296875,-0.8629608154296875,base,no
4252,0,0,0.24508500210441886,-2.019279956817627,-0.8942798972129822,base,no
4253,0,0,0.13296424019782924,-2.4655802249908447,-0.5905802249908447,base,no
4254,0,0,0.1824255415859996,-2.316594123840332,-0.8165942430496216,base,no
4255,0,0,0.3775406547908327,-1.431121587753296,-0.9311215281486511,base,no
4256,0,0,0.11920292828022305,-2.654038429260254,-0.6540384888648987,base,no
4257,0,0,0.32082130082460697,-1.7078022956848145,-0.9578022956848145,base,no
4258,0,0,0.1645164792819756,-2.3117895126342773,-0.6867896318435669,base,no
4259,0,0,0.22270011818961086,-2.0244898796081543,-0.7744897603988647,base,no
4260,0,0,0.1480472055495773,-2.5884201526641846,-0.8384202122688293,base,No
4261,0,0,0.34864513533394575,-1.8154603242874146,-1.1904603242874146,base,No
4262,0,0,0.2689414330889798,-1.8024497032165527,-0.8024497628211975,base,no
4263,0,0,0.2689414096510108,-1.8669216632843018,-0.866921603679657,base,no
4264,0,0,0.18242551491653522,-2.228337049484253,-0.7283369898796082,base,no
4265,0,0,0.2689414213699951,-2.081754446029663,-1.081754446029663,base,no
4266,0,0,0.2689414213699951,-1.9759728908538818,-0.9759728908538818,base,no
4267,0,0,0.22270013882530884,-2.133923292160034,-0.8839232921600342,base,no
4268,0,0,0.22270013882530884,-2.2023417949676514,-0.9523417949676514,base,no
4269,0,0,0.20181322226037882,-2.201381206512451,-0.8263812065124512,base,no
4270,0,0,0.24508501313237172,-2.199387311935425,-1.0743873119354248,base,no
4271,0,0,0.20181321265898594,-2.2930233478546143,-0.9180232882499695,base,no
4272,0,0,0.22270012850745968,-1.7998638153076172,-0.5498637557029724,base,no
4273,0,0,0.46879062662624377,-1.4849401712417603,-1.3599401712417603,base,No
4274,0,0,0.11920291576401235,-2.577819585800171,-0.5778195261955261,base,no
4275,0,0,0.2942149845400438,-1.7549915313720703,-0.8799915909767151,base,No
4276,0,0,0.14804719051380197,-2.4630143642425537,-0.7130143046379089,base,no
4277,0,0,0.2689414213699951,-1.8056021928787231,-0.8056021928787231,base,no
4278,0,0,0.06008664344151498,-3.3123483657836914,-0.5623482465744019,base,no
4279,0,0,0.29421497216298875,-1.8739255666732788,-0.9989255666732788,base,no
4280,0,0,0.2689414330889798,-1.777575969696045,-0.7775760293006897,base,no
4281,0,0,0.40733341443526055,-1.2966997623443604,-0.9216998219490051,base,no
4282,0,0,0.4378234991142019,-1.6016254425048828,-1.3516254425048828,base,No
4283,0,0,0.2689414213699951,-1.8317210674285889,-0.8317210674285889,base,no
4284,0,0,0.20181321265898594,-1.9288825988769531,-0.5538825392723083,base,no
4285,0,0,0.34864513533394575,-1.8932771682739258,-1.2682771682739258,base,no
4286,0,0,0.2689414213699951,-2.002743721008301,-1.0027437210083008,base,no
4287,0,0,0.32082130082460697,-1.8058513402938843,-1.0558513402938843,base,no
4288,0,0,0.24508501313237172,-2.2352294921875,-1.1102294921875,base,no
4289,0,0,0.1645164792819756,-2.3145413398742676,-0.6895414590835571,base,no
4290,0,0,0.24508501313237172,-2.1027278900146484,-0.9777278900146484,base,no
4291,0,0,0.22270013882530884,-2.185260772705078,-0.9352607727050781,base,no
4292,0,0,0.34864513533394575,-1.69136381149292,-1.06636381149292,base,no
4293,0,0,0.2689414213699951,-2.0090439319610596,-1.0090439319610596,base,No
4294,0,0,0.4073334000459302,-1.526021122932434,-1.151021122932434,base,no
4295,0,0,0.13296425394084313,-2.475942611694336,-0.6009427309036255,base,no
4296,0,0,0.32082130082460697,-1.8890154361724854,-1.1390154361724854,base,no
4297,0,0,0.2942149845400438,-1.6549105644226074,-0.7799106240272522,base,no
4298,0,0,0.1329642333263228,-2.2612197399139404,-0.38621968030929565,base,no
4299,0,0,0.32082130082460697,-1.8664582967758179,-1.1164582967758179,base,no
4300,0,0,0.14804719051380197,-2.513108730316162,-0.7631086707115173,base,no
4301,0,0,0.1824255415859996,-2.2990450859069824,-0.799045205116272,base,no
4302,0,0,0.1645164792819756,-2.3025283813476562,-0.6775285005569458,base,no
4303,0,0,0.5,-1.2766289710998535,-1.2766289710998535,base,No
4304,0,0,0.20181322226037882,-1.9420723915100098,-0.5670723915100098,base,no
4305,0,0,0.29421497216298875,-1.8264544010162354,-0.9514544010162354,base,no
4306,0,0,0.2689414330889798,-1.9488146305084229,-0.9488146901130676,base,no
4307,0,0,0.14804721306746543,-2.263861656188965,-0.5138617753982544,base,no
4308,0,0,0.34864513533394575,-1.8702423572540283,-1.2452423572540283,base,no
4309,0,0,0.1480471829959148,-2.5500450134277344,-0.8000448942184448,base,no
4310,0,0,0.24508501313237172,-1.6858413219451904,-0.5608413219451904,base,no
4311,0,0,0.32082130082460697,-1.6752628087997437,-0.9252628087997437,base,no
4312,0,0,0.29421497216298875,-1.97325599193573,-1.09825599193573,base,no
4313,0,0,0.09534945461636171,-2.88032865524292,-0.6303285360336304,base,no
4314,0,0,0.14804719051380197,-2.457642078399658,-0.7076420187950134,base,no
4315,0,0,0.40733341443526055,-1.3563001155853271,-0.9813001751899719,base,no
4316,0,0,0.1480471980316895,-2.4793848991394043,-0.7293848991394043,base,no
4317,0,0,0.10669059394565118,-2.800950527191162,-0.6759505271911621,base,no
4318,0,0,0.20181323186177208,-2.050063371658325,-0.67506343126297,base,no
4319,0,0,0.32082130082460697,-1.8614568710327148,-1.1114568710327148,base,no
4320,0,0,0.2689414213699951,-2.0026705265045166,-1.0026705265045166,base,no
4321,0,0,0.22270012850745968,-1.9439032077789307,-0.6939031481742859,base,no
4322,0,0,0.34864513533394575,-1.7259809970855713,-1.1009809970855713,base,no
4323,0,0,0.22270013882530884,-2.0630431175231934,-0.8130431175231934,base,no
4324,0,0,0.24508501313237172,-2.0993809700012207,-0.9743809700012207,base,no
4325,0,0,0.37754066879814546,-1.5121654272079468,-1.0121654272079468,base,no
4326,0,0,0.4378234991142019,-1.3974573612213135,-1.1474573612213135,base,no
4327,0,0,0.18242551491653522,-2.1542088985443115,-0.6542088389396667,base,no
4328,0,0,0.13296424019782924,-2.4914333820343018,-0.6164333820343018,base,no
4329,0,0,0.22270014914315833,-1.9979546070098877,-0.7479546666145325,base,no
4330,0,0,0.29421497216298875,-1.831054925918579,-0.9560549259185791,base,no
4331,0,0,0.1066905825840872,-2.635603904724121,-0.5106037855148315,base,no
4332,0,0,0.34864513533394575,-1.7303316593170166,-1.1053316593170166,base,no
4333,0,0,0.24508501313237172,-1.831462025642395,-0.706462025642395,base,no
4334,0,0,0.24508501313237172,-1.9813435077667236,-0.8563435077667236,base,no
4335,0,0,0.22270013882530884,-2.238436698913574,-0.9884366989135742,base,no
4336,0,0,0.29421497216298875,-1.7310171127319336,-0.8560171127319336,base,No
4337,0,0,0.18242551491653522,-2.210817337036133,-0.710817277431488,base,no
4338,0,0,0.37754066879814546,-1.3567476272583008,-0.8567476272583008,base,no
4339,0,0,0.18242550602671442,-2.224246025085449,-0.7242459058761597,base,no
4340,0,0,0.2689414213699951,-1.97330904006958,-0.9733090400695801,base,no
4341,0,0,0.07585818002124356,-2.993802070617676,-0.4938020706176758,base,No
4342,0,0,0.08509904500702024,-2.8299739360809326,-0.4549739360809326,base,no
4343,0,0,0.2689414213699951,-1.8248838186264038,-0.8248838186264038,base,no
4344,0,0,0.34864513533394575,-1.4778043031692505,-0.8528043031692505,base,No
4345,0,0,0.24508499107646636,-2.086984634399414,-0.9619845151901245,base,no
4346,0,0,0.24508499107646636,-2.007223606109619,-0.8822234869003296,base,no
4347,0,0,0.0850990357257195,-3.1037039756774902,-0.7287038564682007,base,no
4348,0,0,0.34864513533394575,-1.7032840251922607,-1.0782840251922607,base,no
4349,0,0,0.1329642333263228,-2.4646389484405518,-0.589638888835907,base,no
4350,0,0,0.1480471980316895,-2.390105962753296,-0.6401059627532959,base,No
4351,0,0,0.34864513533394575,-1.6017730236053467,-0.9767730236053467,base,no
4352,0,0,0.13296425394084313,-2.421578884124756,-0.5465790033340454,base,no
4353,0,0,0.14804721306746543,-2.296889305114746,-0.5468894243240356,base,no
4354,0,0,0.22270012850745968,-2.1208865642547607,-0.870886504650116,base,no
4355,0,0,0.18242551491653522,-2.1620430946350098,-0.662043035030365,base,No
4356,0,0,0.32082130082460697,-1.9181716442108154,-1.1681716442108154,base,no
4357,0,0,0.1480472055495773,-2.4043495655059814,-0.6543496251106262,base,no
4358,0,0,0.13296424019782924,-2.5813300609588623,-0.7063300609588623,base,no
4359,0,0,0.5,-1.3376355171203613,-1.3376355171203613,base,no
4360,0,0,0.24508501313237172,-1.988368272781372,-0.8633682727813721,base,no
4361,0,0,0.34864513533394575,-1.5480940341949463,-0.9230940341949463,base,no
4362,0,0,0.2689414213699951,-1.9970264434814453,-0.9970264434814453,base,No
4363,0,0,0.3208213138121609,-1.6861014366149902,-0.936101496219635,base,no
4364,0,0,0.06754669489377622,-3.3332178592681885,-0.7082179188728333,base,no
4365,0,0,0.16451644651115205,-2.413057327270508,-0.7880572080612183,base,no
4366,0,0,0.20181321265898594,-2.0389363765716553,-0.6639363169670105,base,no
4367,0,0,0.22270013882530884,-2.2285165786743164,-0.9785165786743164,base,no
4368,0,0,0.34864513533394575,-1.8725566864013672,-1.2475566864013672,base,no
4369,0,0,0.1480471829959148,-2.454207420349121,-0.7042073011398315,base,no
4370,0,0,0.18242551491653522,-2.2838430404663086,-0.7838429808616638,base,no
4371,0,0,0.18242552380635632,-2.267035484313965,-0.7670354843139648,base,no
4372,0,0,0.20181321265898594,-2.1378791332244873,-0.7628790736198425,base,No
4373,0,0,0.2689414330889798,-1.8433647155761719,-0.8433647751808167,base,no
4374,0,0,0.11920292202211755,-2.5704541206359863,-0.5704541206359863,base,no
4375,0,0,0.32082130082460697,-1.6598377227783203,-0.9098377227783203,base,No
4376,0,1,0.6513548646660542,-0.9716060161590576,-1.5966060161590576,base,yes
4377,0,0,0.11920291576401235,-2.6601741313934326,-0.6601740717887878,base,no
4378,0,0,0.1480472055495773,-2.457973003387451,-0.707973062992096,base,no
4379,0,0,0.1329642333263228,-2.551483631134033,-0.6764835715293884,base,no
4380,0,0,0.16451644651115205,-2.3088932037353516,-0.683893084526062,base,no
4381,0,0,0.22270013882530884,-1.8810005187988281,-0.6310005187988281,base,No
4382,0,0,0.1645164628965632,-2.2105326652526855,-0.5855326652526855,base,No
4383,0,0,0.2689414096510108,-1.9920670986175537,-0.9920670390129089,base,no
4384,0,0,0.22270012850745968,-1.7966382503509521,-0.5466381907463074,base,no
4385,0,0,0.29421497216298875,-1.9407001733779907,-1.0657001733779907,base,no
4386,0,0,0.18242551491653522,-2.232654571533203,-0.7326545119285583,base,no
4387,0,0,0.32082130082460697,-1.8893057107925415,-1.1393057107925415,base,no
4388,0,0,0.34864513533394575,-1.8245925903320312,-1.1995925903320312,base,no
4389,0,0,0.20181320305759334,-2.1569643020629883,-0.7819641828536987,base,no
4390,0,0,0.4378234991142019,-1.4985592365264893,-1.2485592365264893,base,no
4391,0,0,0.2689414213699951,-2.033241033554077,-1.0332410335540771,base,no
4392,0,0,0.22270013882530884,-1.9931365251541138,-0.7431365251541138,base,no
4393,0,0,0.2689414096510108,-1.968010425567627,-0.9680103659629822,base,no
4394,0,0,0.37754066879814546,-1.6912633180618286,-1.1912633180618286,base,no
4395,0,0,0.1480471980316895,-2.5915400981903076,-0.8415400981903076,base,no
4396,0,0,0.4378234991142019,-1.555528163909912,-1.305528163909912,base,no
4397,0,0,0.2689414213699951,-2.068134307861328,-1.0681343078613281,base,No
4398,0,0,0.34864513533394575,-1.6277790069580078,-1.0027790069580078,base,no
4399,0,0,0.1480472055495773,-2.441412925720215,-0.6914129853248596,base,No
4400,0,0,0.37754066879814546,-1.5261082649230957,-1.0261082649230957,base,No
4401,0,0,0.1480471980316895,-2.245514154434204,-0.4955141544342041,base,no
4402,0,0,0.20181322226037882,-2.3125548362731934,-0.9375548362731934,base,no
4403,0,0,0.34864513533394575,-1.6882500648498535,-1.0632500648498535,base,no
4404,0,0,0.2689414213699951,-1.8293110132217407,-0.8293110132217407,base,no
4405,0,0,0.2689414448079646,-2.12880802154541,-1.1288081407546997,base,No
4406,0,0,0.2942149474088797,-2.0219693183898926,-1.146969199180603,base,no
4407,0,0,0.10669059962643358,-2.7006263732910156,-0.5756264328956604,base,no
4408,0,0,0.09534945975773548,-2.7883737087249756,-0.5383736491203308,base,no
4409,0,1,0.7549149868676283,-1.019249677658081,-2.144249677658081,base,Yes
4410,0,0,0.24508500210441886,-1.8136885166168213,-0.6886884570121765,base,no
4411,0,0,0.24508503518827837,-2.0685667991638184,-0.9435669183731079,base,no
4412,0,0,0.32082130082460697,-1.8725348711013794,-1.1225348711013794,base,no
4413,0,0,0.22270012850745968,-1.876650333404541,-0.6266502737998962,base,No
4414,0,0,0.32082130082460697,-1.8178386688232422,-1.0678386688232422,base,no
4415,0,0,0.11920293453832885,-2.8534226417541504,-0.8534227609634399,base,no
4416,0,0,0.24508501313237172,-1.8222618103027344,-0.6972618103027344,base,no
4417,0,0,0.24508501313237172,-1.782759666442871,-0.6577596664428711,base,no
4418,0,0,0.13296424019782924,-2.4523847103118896,-0.5773847103118896,base,no
4419,0,0,0.20181321265898594,-2.1548473834991455,-0.7798473238945007,base,no
4420,0,0,0.11920292202211755,-2.6908602714538574,-0.6908602714538574,base,No
4421,0,0,0.29421497216298875,-1.9971199035644531,-1.1221199035644531,base,no
4422,0,0,0.18242550602671442,-2.2698774337768555,-0.7698773145675659,base,no
4423,0,0,0.1066905825840872,-2.9064502716064453,-0.7814501523971558,base,No
4424,0,0,0.24508503518827837,-2.0194215774536133,-0.8944216966629028,base,no
4425,0,0,0.24508501313237172,-1.7813032865524292,-0.6563032865524292,base,no
4426,0,0,0.29421497216298875,-1.933962345123291,-1.058962345123291,base,no
4427,0,0,0.1329642333263228,-2.5258190631866455,-0.6508190035820007,base,no
4428,0,0,0.20181320305759334,-2.3429160118103027,-0.9679158926010132,base,no
4429,0,0,0.20181322226037882,-1.919660210609436,-0.544660210609436,base,no
4430,0,0,0.5,-1.384169340133667,-1.384169340133667,base,No
4431,0,0,0.2689414213699951,-1.7391756772994995,-0.7391756772994995,base,no
4432,0,0,0.22270013882530884,-2.2773256301879883,-1.0273256301879883,base,no
4433,0,0,0.3208212878370535,-1.5955872535705566,-0.8455871939659119,base,No
4434,0,0,0.18242551491653522,-2.1830484867095947,-0.68304842710495,base,no
4435,0,0,0.4073334000459302,-1.616209626197815,-1.241209626197815,base,no
4436,0,0,0.1480472055495773,-2.494572401046753,-0.7445724606513977,base,no
4437,0,0,0.22270013882530884,-1.9337929487228394,-0.6837929487228394,base,No
4438,0,0,0.1066905825840872,-2.948246955871582,-0.8232468366622925,base,No
4439,0,0,0.20181320305759334,-2.106396198272705,-0.7313960790634155,base,no
4440,0,0,0.1645164628965632,-2.458507537841797,-0.8335075378417969,base,No
4441,0,0,0.20181320305759334,-2.145730972290039,-0.7707308530807495,base,no
4442,0,0,0.24508501313237172,-2.0635619163513184,-0.9385619163513184,base,no
4443,0,0,0.18242550602671442,-2.479280471801758,-0.9792803525924683,base,no
4444,0,0,0.2689414213699951,-1.9824110269546509,-0.9824110269546509,base,no
4445,0,0,0.1480471829959148,-2.290829658508301,-0.5408295392990112,base,No
4446,0,0,0.07585817584273653,-3.0027666091918945,-0.5027665495872498,base,no
4447,0,0,0.24508499107646636,-2.0920729637145996,-0.9670728445053101,base,No
4448,0,0,0.2942149474088797,-2.014431953430176,-1.1394318342208862,base,no
4449,0,0,0.4378234991142019,-1.4551721811294556,-1.2051721811294556,base,no
4450,0,0,0.1480471980316895,-2.585848331451416,-0.835848331451416,base,no
4451,0,0,0.18242552380635632,-2.277799367904663,-0.7777993679046631,base,no
4452,0,0,0.24508500210441886,-1.9616003036499023,-0.8366002440452576,base,no
4453,0,0,0.18242553269617778,-2.336852788925171,-0.8368528485298157,base,no
4454,0,0,0.1645164506075047,-2.080174207687378,-0.45517411828041077,base,No
4455,0,0,0.1480472055495773,-2.3001439571380615,-0.5501440167427063,base,No
4456,0,0,0.1824255415859996,-2.328220844268799,-0.8282209634780884,base,no
4457,0,0,0.13296424706933604,-2.8562140464782715,-0.9812141060829163,base,no
4458,0,0,0.34864513533394575,-1.4757047891616821,-0.8507047891616821,base,no
4459,0,0,0.16451645470385742,-2.2399561405181885,-0.6149560809135437,base,no
4460,0,0,0.2942149474088797,-2.02913761138916,-1.1541374921798706,base,no
4461,0,0,0.29421497216298875,-1.827514886856079,-0.9525148868560791,base,no
4462,0,0,0.2689414096510108,-1.7830357551574707,-0.7830356955528259,base,no
4463,0,0,0.16451645470385742,-2.5125913619995117,-0.8875913023948669,base,No
4464,0,0,0.4073334000459302,-1.700176477432251,-1.325176477432251,base,No
4465,0,0,0.18242552380635632,-2.3703432083129883,-0.8703432083129883,base,no
4466,0,0,0.10669059394565118,-2.7483456134796143,-0.6233456134796143,base,no
4467,0,0,0.5,-1.4451204538345337,-1.4451204538345337,base,no
4468,0,0,0.29421497216298875,-1.9916783571243286,-1.1166783571243286,base,no
4469,0,0,0.34864513533394575,-1.6034234762191772,-0.9784234762191772,base,No
4470,0,0,0.10669060530721626,-2.833430767059326,-0.7084308862686157,base,no
4471,0,0,0.32082130082460697,-1.6163617372512817,-0.8663617372512817,base,No
4472,0,0,0.22270012850745968,-2.140343189239502,-0.8903431296348572,base,no
4473,0,0,0.13296424019782924,-2.552324056625366,-0.6773240566253662,base,no
4474,0,0,0.24508499107646636,-2.101693630218506,-0.9766935110092163,base,no
4475,0,0,0.08509904964767095,-2.9611759185791016,-0.5861759781837463,base,no
4476,0,0,0.29421497216298875,-1.8506232500076294,-0.9756232500076294,base,no
4477,0,0,0.18242551491653522,-2.302199125289917,-0.8021990656852722,base,no
4478,0,0,0.2227001594610082,-2.2008447647094727,-0.9508448839187622,base,no
4479,0,0,0.16451647108926923,-2.5306661128997803,-0.905666172504425,base,No
4480,0,0,0.4378234991142019,-1.5572007894515991,-1.3072007894515991,base,no
4481,0,0,0.2689414213699951,-1.9693725109100342,-0.9693725109100342,base,no
4482,0,0,0.20181322226037882,-2.0423152446746826,-0.6673152446746826,base,No
4483,0,0,0.37754066879814546,-1.705657958984375,-1.205657958984375,base,no
4484,0,0,0.46879062662624377,-1.3219155073165894,-1.1969155073165894,base,no
4485,0,0,0.18242550602671442,-2.358119487762451,-0.8581193685531616,base,no
4486,0,0,0.2689414213699951,-1.8492531776428223,-0.8492531776428223,base,no
4487,0,0,0.11920293453832885,-2.724781036376953,-0.7247811555862427,base,no
4488,0,0,0.22270011818961086,-2.207359790802002,-0.9573596715927124,base,no
4489,0,0,0.06754669489377622,-3.132622718811035,-0.5076227784156799,base,no
4490,0,1,0.7057850278370112,-1.012675404548645,-1.887675404548645,base,yes
4491,0,0,0.13296424019782924,-2.5260202884674072,-0.6510202884674072,base,no
4492,0,0,0.24508501313237172,-2.1129441261291504,-0.9879441261291504,base,no
4493,0,0,0.24508501313237172,-1.880735993385315,-0.7557359933853149,base,no
4494,0,0,0.29421497216298875,-1.948407530784607,-1.073407530784607,base,no
4495,0,1,0.5926665999540697,-1.1461915969848633,-1.5211915969848633,base,Yes
4496,0,0,0.2689414213699951,-1.910088300704956,-0.910088300704956,base,no
4497,0,0,0.14804719427274565,-2.1818184852600098,-0.4318184554576874,base,no
4498,0,0,0.11920292202211755,-2.512012243270874,-0.512012243270874,base,No
4499,0,0,0.2689414096510108,-1.869985818862915,-0.8699857592582703,base,no
4500,0,0,0.2689414213699951,-1.980997085571289,-0.9809970855712891,base,no
4501,0,0,0.24508501313237172,-1.6692229509353638,-0.5442229509353638,base,no
4502,0,0,0.29421497216298875,-1.812095046043396,-0.937095046043396,base,no
4503,0,0,0.09534945975773548,-3.014319896697998,-0.7643198370933533,base,no
4504,0,0,0.1480471980316895,-2.2708544731140137,-0.5208544731140137,base,no
4505,0,0,0.24508501313237172,-1.756413221359253,-0.6314132213592529,base,no
4506,0,0,0.22270012850745968,-1.916867971420288,-0.6668679118156433,base,no
4507,0,0,0.18242552380635632,-2.1237077713012695,-0.6237077713012695,base,no
4508,0,0,0.2942149845400438,-1.622253656387329,-0.7472537159919739,base,no
4509,0,0,0.16451645470385742,-2.262958288192749,-0.6379582285881042,base,No
4510,0,0,0.08509904036636974,-2.950573205947876,-0.5755731463432312,base,no
4511,0,0,0.18242552380635632,-2.140665292739868,-0.6406652927398682,base,no
4512,0,1,0.5621765008857981,-1.2908496856689453,-1.5408496856689453,base,Yes
4513,0,0,0.1329642333263228,-2.597412586212158,-0.7224125266075134,base,no
4514,0,0,0.1329642264548166,-2.7485508918762207,-0.8735507726669312,base,no
4515,0,0,0.10669059394565118,-2.659914970397949,-0.5349149703979492,base,No
4516,0,0,0.16451645470385742,-2.268617868423462,-0.6436178088188171,base,no
4517,0,0,0.26894139793202687,-2.045975685119629,-1.0459755659103394,base,no
4518,0,0,0.3486451217982255,-1.6225886344909668,-0.997588574886322,base,no
4519,0,0,0.1645164628965632,-2.2503576278686523,-0.6253576278686523,base,No
4520,0,0,0.37754066879814546,-1.5902897119522095,-1.0902897119522095,base,no
4521,0,0,0.20181320305759334,-2.0609278678894043,-0.6859277486801147,base,no
4522,0,0,0.24508500210441886,-2.1062755584716797,-0.9812754988670349,base,no
4523,0,0,0.29421497216298875,-1.632318139076233,-0.7573181390762329,base,no
4524,0,0,0.4378234991142019,-1.512178897857666,-1.262178897857666,base,no
4525,0,0,0.2689414213699951,-1.9852246046066284,-0.9852246046066284,base,no
4526,0,0,0.1480471980316895,-2.5178308486938477,-0.7678308486938477,base,no
4527,0,0,0.07585818837825822,-3.167029857635498,-0.6670299768447876,base,no
4528,0,0,0.34864513533394575,-1.8365998268127441,-1.2115998268127441,base,no
4529,0,0,0.09534947004048376,-2.969651937484741,-0.719651997089386,base,no
4530,0,0,0.2689414213699951,-1.9915881156921387,-0.9915881156921387,base,no
4531,0,0,0.13296425394084313,-2.6855993270874023,-0.8105994462966919,base,no
4532,0,0,0.4073334000459302,-1.409488558769226,-1.034488558769226,base,no
4533,0,0,0.22270012850745968,-1.9255037307739258,-0.675503671169281,base,no
4534,0,0,0.2689414213699951,-1.9994410276412964,-0.9994410276412964,base,no
4535,0,0,0.20181321265898594,-2.306730270385742,-0.9317302107810974,base,No
4536,0,0,0.11920291576401235,-2.7390952110290527,-0.739095151424408,base,no
4537,0,0,0.29421497216298875,-1.9016287326812744,-1.0266287326812744,base,no
4538,0,0,0.46879062662624377,-1.5107393264770508,-1.3857393264770508,base,no
4539,0,0,0.24508500210441886,-2.035518169403076,-0.9105181097984314,base,no
4540,0,0,0.20181322226037882,-1.919037103652954,-0.5440371036529541,base,No
4541,0,0,0.5,-1.2800267934799194,-1.2800267934799194,base,No
4542,0,0,0.3775406547908327,-1.4131250381469727,-0.9131249785423279,base,No
4543,0,0,0.46879062662624377,-1.2898451089859009,-1.1648451089859009,base,no
4544,0,0,0.10669059394565118,-3.008326292037964,-0.8833262920379639,base,no
4545,0,1,0.5312093733737563,-1.3056116104125977,-1.4306116104125977,base,Yes
4546,0,0,0.16451644651115205,-2.391493320465088,-0.7664932012557983,base,no
4547,0,0,0.1824255415859996,-2.3436169624328613,-0.8436170816421509,base,No
4548,0,0,0.16451645470385742,-2.3508119583129883,-0.7258118987083435,base,No
4549,0,0,0.29421497216298875,-1.6640185117721558,-0.7890185117721558,base,no
4550,0,0,0.2689414213699951,-1.955474853515625,-0.955474853515625,base,no
4551,0,0,0.5,-1.3588345050811768,-1.3588345050811768,base,No
4552,0,0,0.18242552380635632,-2.1135737895965576,-0.6135737895965576,base,No
4553,0,0,0.20181323186177208,-2.1342804431915283,-0.7592805027961731,base,no
4554,0,0,0.2227001594610082,-2.3069539070129395,-1.056954026222229,base,no
4555,0,0,0.22270013882530884,-2.2730939388275146,-1.0230939388275146,base,No
4556,0,0,0.29421497216298875,-1.9318816661834717,-1.0568816661834717,base,no
4557,0,0,0.46879062662624377,-1.6458549499511719,-1.5208549499511719,base,no
4558,0,0,0.2689414096510108,-1.8070926666259766,-0.8070926070213318,base,no
4559,0,0,0.2689414213699951,-1.8821535110473633,-0.8821535110473633,base,No
4560,0,0,0.20181320305759334,-2.125936985015869,-0.7509368658065796,base,no
4561,0,0,0.22270013882530884,-2.1786272525787354,-0.9286272525787354,base,no
4562,0,0,0.4073334000459302,-1.4817595481872559,-1.1067595481872559,base,no
4563,0,0,0.20181321265898594,-2.2943596839904785,-0.9193596243858337,base,no
4564,0,0,0.18242551491653522,-2.283547878265381,-0.7835478186607361,base,no
4565,0,0,0.1329642333263228,-2.7276175022125244,-0.8526174426078796,base,no
4566,0,0,0.20181321265898594,-2.168961763381958,-0.7939617037773132,base,no
4567,0,0,0.2227001594610082,-2.0231213569641113,-0.7731214761734009,base,no
4568,0,0,0.18242552380635632,-2.2070627212524414,-0.7070627212524414,base,no
4569,0,1,0.7772998611746911,-0.9124808311462402,-2.1624808311462402,base,Yes
4570,0,0,0.5,-1.4424210786819458,-1.4424210786819458,base,no
4571,0,0,0.24508500210441886,-1.738370418548584,-0.6133703589439392,base,no
4572,0,0,0.1480471980316895,-2.291836977005005,-0.5418369770050049,base,no
4573,0,0,0.46879062662624377,-1.4975712299346924,-1.3725712299346924,base,no
4574,0,0,0.2689414213699951,-1.7130064964294434,-0.7130064964294434,base,No
4575,0,0,0.16451647108926923,-2.282895088195801,-0.6578951478004456,base,no
4576,0,0,0.24508503518827837,-2.0436325073242188,-0.9186326265335083,base,no
4577,0,0,0.2689414448079646,-2.06428861618042,-1.0642887353897095,base,no
4578,0,0,0.1824255415859996,-2.4427881240844727,-0.9427882432937622,base,no
4579,0,0,0.20181323186177208,-2.034529685974121,-0.6595297455787659,base,no
4580,0,0,0.09534945461636171,-3.101086139678955,-0.8510860204696655,base,no
4581,0,0,0.32082130082460697,-1.7003977298736572,-0.9503977298736572,base,no
4582,0,0,0.16451647108926923,-2.279204845428467,-0.6542049050331116,base,no
4583,0,0,0.22270013882530884,-1.870123267173767,-0.6201232671737671,base,No
4584,0,0,0.1329642333263228,-2.5999457836151123,-0.7249457240104675,base,no
4585,0,0,0.09534947518185825,-3.1122689247131348,-0.8622690439224243,base,no
4586,0,0,0.2689414213699951,-1.8843809366226196,-0.8843809366226196,base,no
4587,0,0,0.24508501313237172,-2.123176336288452,-0.9981763362884521,base,no
4588,0,0,0.24508501313237172,-1.8188097476959229,-0.6938097476959229,base,no
4589,0,0,0.1645164792819756,-2.341158390045166,-0.7161585092544556,base,no
4590,0,0,0.1824255415859996,-2.2509021759033203,-0.7509022951126099,base,no
4591,0,0,0.11920293453832885,-2.5442118644714355,-0.5442119836807251,base,no
4592,0,0,0.22270013882530884,-2.1646058559417725,-0.9146058559417725,base,No
4593,0,0,0.2689414213699951,-1.7820494174957275,-0.7820494174957275,base,no
4594,0,0,0.20181320305759334,-2.273618698120117,-0.8986185789108276,base,no
4595,0,0,0.1645164628965632,-2.277409076690674,-0.6524090766906738,base,no
4596,0,0,0.46879062662624377,-1.2479475736618042,-1.1229475736618042,base,No
4597,0,0,0.2689414213699951,-1.9678184986114502,-0.9678184986114502,base,no
4598,0,0,0.22270012850745968,-1.9575612545013428,-0.707561194896698,base,no
4599,0,0,0.20181322226037882,-2.1353092193603516,-0.7603092193603516,base,no
4600,0,0,0.18242550602671442,-2.4565629959106445,-0.956562876701355,base,no
4601,0,0,0.24508501313237172,-1.9473013877868652,-0.8223013877868652,base,no
4602,0,0,0.20181321265898594,-2.0995607376098633,-0.7245606780052185,base,no
4603,0,0,0.11920292202211755,-2.518442153930664,-0.5184421539306641,base,no
4604,0,0,0.4073334000459302,-1.570798635482788,-1.195798635482788,base,no
4605,0,0,0.37754066879814546,-1.6638000011444092,-1.1638000011444092,base,No
4606,0,0,0.24508501313237172,-1.9885696172714233,-0.8635696172714233,base,no
4607,0,0,0.37754066879814546,-1.6302958726882935,-1.1302958726882935,base,no
4608,0,0,0.20181320305759334,-2.271155834197998,-0.8961557149887085,base,no
4609,0,0,0.1645164792819756,-2.400406837463379,-0.7754069566726685,base,no
4610,0,0,0.18242552380635632,-2.214132785797119,-0.7141327857971191,base,no
4611,0,0,0.1645164792819756,-2.4274730682373047,-0.8024731874465942,base,no
4612,0,0,0.20181320305759334,-2.3402905464172363,-0.9652904272079468,base,no
4613,0,0,0.22270013882530884,-2.264777421951294,-1.014777421951294,base,no
4614,0,0,0.18242552380635632,-2.3446455001831055,-0.8446455001831055,base,no
4615,0,0,0.18242552380635632,-2.3760952949523926,-0.8760952949523926,base,no
4616,0,0,0.24508501313237172,-1.9368263483047485,-0.8118263483047485,base,no
4617,0,0,0.18242550602671442,-2.3711276054382324,-0.8711274862289429,base,no
4618,0,0,0.11920290950590741,-2.8839359283447266,-0.883935809135437,base,no
4619,0,0,0.34864513533394575,-1.3569090366363525,-0.7319090366363525,base,No
4620,0,0,0.37754066879814546,-1.5873804092407227,-1.0873804092407227,base,no
4621,0,0,0.2689414213699951,-2.0499236583709717,-1.0499236583709717,base,no
4622,0,0,0.22270013882530884,-2.0243782997131348,-0.7743782997131348,base,no
4623,0,0,0.24508501313237172,-1.9655179977416992,-0.8405179977416992,base,no
4624,0,0,0.24508502416032488,-1.8501663208007812,-0.725166380405426,base,no
4625,0,0,0.24508501313237172,-1.956737995147705,-0.8317379951477051,base,no
4626,0,0,0.20181321265898594,-2.2376790046691895,-0.8626789450645447,base,no
4627,0,0,0.20181324146316565,-2.14497709274292,-0.7699772119522095,base,no
4628,0,0,0.16451647108926923,-2.302971839904785,-0.6779718995094299,base,no
4629,0,0,0.20181321265898594,-2.252446174621582,-0.8774461150169373,base,no
4630,0,0,0.10669059962643358,-2.845536231994629,-0.7205362915992737,base,no
4631,0,0,0.24508501313237172,-2.0229952335357666,-0.8979952335357666,base,No
4632,0,0,0.1645164628965632,-2.210761785507202,-0.5857617855072021,base,no
4633,0,0,0.2942149597859341,-1.8724887371063232,-0.9974886775016785,base,no
4634,0,0,0.14804719051380197,-2.5854969024658203,-0.8354968428611755,base,no
4635,0,0,0.24508500210441886,-1.9523720741271973,-0.8273720145225525,base,no
4636,0,0,0.22270013882530884,-1.8865236043930054,-0.6365236043930054,base,no
4637,0,1,0.5312093733737563,-1.4991226196289062,-1.6241226196289062,base,Yes
4638,0,0,0.37754066879814546,-1.6645617485046387,-1.1645617485046387,base,No
4639,0,0,0.34864513533394575,-1.6391795873641968,-1.0141795873641968,base,no
4640,0,0,0.22270013882530884,-1.9750580787658691,-0.7250580787658691,base,no
4641,0,0,0.22270013882530884,-2.105562925338745,-0.8555629253387451,base,no
4642,0,0,0.1824255415859996,-2.3310132026672363,-0.8310133218765259,base,no
4643,0,0,0.10669058826486906,-2.6777100563049316,-0.5527099967002869,base,no
4644,0,0,0.2689414096510108,-1.8136615753173828,-0.813661515712738,base,No
4645,0,0,0.1329642264548166,-2.687736988067627,-0.8127368688583374,base,no
4646,0,0,0.10669059394565118,-2.7756643295288086,-0.6506643295288086,base,no
4647,0,0,0.11920293453832885,-2.784302234649658,-0.7843023538589478,base,no
4648,0,0,0.37754066879814546,-1.7624672651290894,-1.2624672651290894,base,no
4649,0,0,0.3208213138121609,-1.525270938873291,-0.7752709984779358,base,No
4650,0,0,0.29421497216298875,-1.8960323333740234,-1.0210323333740234,base,no
4651,0,0,0.13296424019782924,-2.5433802604675293,-0.6683802604675293,base,no
4652,0,0,0.34864513533394575,-1.6385775804519653,-1.0135775804519653,base,no
4653,0,0,0.20181321265898594,-2.181373119354248,-0.8063730597496033,base,no
4654,0,0,0.10669059962643358,-3.0071473121643066,-0.8821473717689514,base,no
4655,0,0,0.20181321265898594,-2.244391918182373,-0.8693918585777283,base,no
4656,0,0,0.18242553269617778,-2.2881088256835938,-0.7881088852882385,base,no
4657,0,0,0.2689414213699951,-1.782650113105774,-0.7826501131057739,base,no
4658,0,0,0.2689414213699951,-2.0221550464630127,-1.0221550464630127,base,No
4659,0,0,0.06754669489377622,-3.209688663482666,-0.5846887230873108,base,no
4660,0,0,0.2689414330889798,-1.8216328620910645,-0.8216329216957092,base,no
4661,0,0,0.24508502416032488,-1.7802400588989258,-0.6552401185035706,base,No
4662,0,0,0.46879062662624377,-1.5371785163879395,-1.4121785163879395,base,no
4663,0,0,0.09534945975773548,-2.7197413444519043,-0.4697412848472595,base,no
4664,0,0,0.22270014914315833,-2.1536858081817627,-0.9036858677864075,base,no
4665,0,0,0.24508502416032488,-1.9400465488433838,-0.8150466084480286,base,no
4666,0,0,0.2689414213699951,-1.8504799604415894,-0.8504799604415894,base,no
4667,0,0,0.22270013882530884,-2.1728951930999756,-0.9228951930999756,base,no
4668,0,0,0.1480472055495773,-2.2696149349212646,-0.5196149945259094,base,no
4669,0,0,0.4378234991142019,-1.574567437171936,-1.324567437171936,base,No
4670,0,0,0.18242552380635632,-2.4185757637023926,-0.9185757637023926,base,no
4671,0,0,0.07585818837825822,-3.3299622535705566,-0.8299623727798462,base,no
4672,0,0,0.2689414213699951,-1.90537428855896,-0.90537428855896,base,no
4673,0,0,0.5,-1.4221198558807373,-1.4221198558807373,base,no
4674,0,0,0.34864513533394575,-1.7697983980178833,-1.1447983980178833,base,No
4675,0,0,0.16451647108926923,-2.251662015914917,-0.6266620755195618,base,no
4676,0,0,0.1480471980316895,-2.427659511566162,-0.6776595115661621,base,no
4677,0,0,0.34864513533394575,-1.6693938970565796,-1.0443938970565796,base,no
4678,0,0,0.20181321265898594,-2.140009641647339,-0.7650095820426941,base,no
4679,0,0,0.11920292828022305,-2.4848384857177734,-0.4848385453224182,base,no
4680,0,0,0.16451644651115205,-2.2518739700317383,-0.6268738508224487,base,no
4681,0,0,0.5,-1.2976515293121338,-1.2976515293121338,base,No
4682,0,0,0.20181323186177208,-2.2311384677886963,-0.8561385273933411,base,no
4683,0,0,0.10669059962643358,-2.7290165424346924,-0.6040166020393372,base,no
4684,0,0,0.4073334000459302,-1.6431883573532104,-1.2681883573532104,base,no
4685,0,0,0.18242550602671442,-2.1983375549316406,-0.6983374357223511,base,no
4686,0,0,0.20181324146316565,-2.2492270469665527,-0.8742271661758423,base,no
4687,0,0,0.07585818002124356,-3.0352182388305664,-0.5352182388305664,base,no
4688,0,0,0.20181322226037882,-2.112910032272339,-0.7379100322723389,base,no
4689,0,0,0.2942149597859341,-1.7010388374328613,-0.8260387778282166,base,no
4690,0,0,0.1066905825840872,-2.580118179321289,-0.4551180601119995,base,No
4691,0,0,0.1480472055495773,-2.5173075199127197,-0.7673075795173645,base,No
4692,0,0,0.24508500210441886,-1.8647499084472656,-0.7397498488426208,base,no
4693,0,0,0.29421497216298875,-1.7133221626281738,-0.8383221626281738,base,No
4694,0,0,0.2942149845400438,-1.6200685501098633,-0.7450686097145081,base,No
4695,0,0,0.22270012850745968,-2.1117146015167236,-0.8617145419120789,base,no
4696,0,0,0.32082130082460697,-1.7231347560882568,-0.9731347560882568,base,no
4697,0,0,0.24508501313237172,-2.039842367172241,-0.9148423671722412,base,no
4698,0,0,0.34864513533394575,-1.8427635431289673,-1.2177635431289673,base,no
4699,0,0,0.0953494674697966,-2.7148828506469727,-0.46488288044929504,base,no
4700,0,0,0.29421497216298875,-1.8514704704284668,-0.9764704704284668,base,no
4701,0,0,0.11920293453832885,-2.8397974967956543,-0.8397976160049438,base,no
4702,0,0,0.1480472055495773,-2.3898091316223145,-0.6398091912269592,base,no
4703,0,0,0.18242552380635632,-2.38132905960083,-0.8813290596008301,base,no
4704,0,0,0.2689414213699951,-1.6680079698562622,-0.6680079698562622,base,no
4705,0,0,0.14804721306746543,-2.484314441680908,-0.7343145608901978,base,no
4706,0,0,0.24508500210441886,-2.038856267929077,-0.9138562083244324,base,no
4707,0,0,0.37754066879814546,-1.6931626796722412,-1.1931626796722412,base,no
4708,0,0,0.29421497216298875,-1.7102149724960327,-0.8352149724960327,base,no
4709,0,0,0.32082130082460697,-1.8707445859909058,-1.1207445859909058,base,no
4710,0,0,0.34864513533394575,-1.772226333618164,-1.147226333618164,base,no
4711,0,0,0.2689414330889798,-1.8354766368865967,-0.8354766964912415,base,no
4712,0,0,0.18242550602671442,-2.1612672805786133,-0.6612671613693237,base,no
4713,0,0,0.22270011818961086,-2.0234460830688477,-0.7734459638595581,base,no
4714,0,0,0.29421497216298875,-1.8450491428375244,-0.9700491428375244,base,no
4715,0,0,0.24508501313237172,-1.9589262008666992,-0.8339262008666992,base,no
4716,0,0,0.2689414213699951,-2.0558815002441406,-1.0558815002441406,base,no
4717,0,0,0.34864513533394575,-1.6545308828353882,-1.0295308828353882,base,no
4718,0,0,0.1480472055495773,-2.3381309509277344,-0.5881310105323792,base,no
4719,0,0,0.1480472055495773,-2.3514726161956787,-0.6014726758003235,base,no
4720,0,0,0.24508500210441886,-1.9848613739013672,-0.8598613142967224,base,No
4721,0,0,0.5,-1.3506375551223755,-1.3506375551223755,base,no
4722,0,0,0.10669060530721626,-2.821453094482422,-0.6964532136917114,base,no
4723,0,0,0.18242550602671442,-2.1858410835266113,-0.6858409643173218,base,no
4724,0,0,0.0953494648991095,-2.7729854583740234,-0.5229854583740234,base,no
4725,0,0,0.11920290950590741,-2.5001068115234375,-0.500106692314148,base,No
4726,0,0,0.22270014914315833,-2.0168991088867188,-0.7668991684913635,base,no
4727,0,0,0.18242552380635632,-2.2219483852386475,-0.7219483852386475,base,No
4728,0,0,0.2689414213699951,-2.023163318634033,-1.0231633186340332,base,no
4729,0,0,0.24508503518827837,-2.130115032196045,-1.0051151514053345,base,no
4730,0,0,0.24508500210441886,-2.036407232284546,-0.9114071726799011,base,no
4731,0,0,0.2689414213699951,-1.7726259231567383,-0.7726259231567383,base,No
4732,0,0,0.13296424019782924,-2.383589506149292,-0.508589506149292,base,no
4733,0,0,0.24508500210441886,-1.861710786819458,-0.7367107272148132,base,No
4734,0,0,0.20181323186177208,-2.261512279510498,-0.8865123391151428,base,no
4735,0,0,0.14804721306746543,-2.445871353149414,-0.6958714723587036,base,no
4736,0,0,0.2689414213699951,-1.9658939838409424,-0.9658939838409424,base,no
4737,0,0,0.24508501313237172,-1.887017846107483,-0.7620178461074829,base,no
4738,0,0,0.24508502416032488,-1.9322905540466309,-0.8072906136512756,base,no
4739,0,0,0.2689414330889798,-1.78291654586792,-0.7829166054725647,base,no
4740,0,0,0.2689414213699951,-1.811207890510559,-0.8112078905105591,base,no
4741,0,0,0.29421497216298875,-1.8222299814224243,-0.9472299814224243,base,no
4742,0,0,0.46879062662624377,-1.523370623588562,-1.398370623588562,base,no
4743,0,0,0.3486451217982255,-1.4232089519500732,-0.7982088923454285,base,no
4744,0,0,0.2689414213699951,-1.7297706604003906,-0.7297706604003906,base,no
4745,0,0,0.32082130082460697,-1.5404865741729736,-0.7904865741729736,base,no
4746,0,0,0.2689414448079646,-2.0554728507995605,-1.05547297000885,base,no
4747,0,0,0.16451644651115205,-2.4421873092651367,-0.8171871900558472,base,No
4748,0,0,0.22270011818961086,-2.2269821166992188,-0.9769819974899292,base,no
4749,0,0,0.2689414213699951,-2.097611427307129,-1.097611427307129,base,no
4750,0,0,0.5,-1.4441215991973877,-1.4441215991973877,base,no
4751,0,0,0.4073334000459302,-1.6308425664901733,-1.2558425664901733,base,no
4752,0,0,0.20181322226037882,-2.034707546234131,-0.6597075462341309,base,no
4753,0,0,0.13296424019782924,-2.6941001415252686,-0.8191001415252686,base,no
4754,0,0,0.1480471980316895,-2.6109402179718018,-0.8609402179718018,base,no
4755,0,0,0.10669060530721626,-2.7915186882019043,-0.6665188074111938,base,no
4756,0,0,0.29421497216298875,-1.9307106733322144,-1.0557106733322144,base,no
4757,0,0,0.1480472055495773,-2.4108965396881104,-0.6608965992927551,base,no
4758,0,0,0.1645164792819756,-2.1691837310791016,-0.5441838502883911,base,no
4759,0,0,0.4378234991142019,-1.5393998622894287,-1.2893998622894287,base,no
4760,0,0,0.20181321265898594,-2.233051061630249,-0.8580510020256042,base,no
4761,0,0,0.29421497216298875,-2.0075602531433105,-1.1325602531433105,base,no
4762,0,0,0.2689414213699951,-1.9165685176849365,-0.9165685176849365,base,no
4763,0,0,0.22270012850745968,-1.9750382900238037,-0.7250382304191589,base,no
4764,0,1,0.7310585786300049,-0.9543908834457397,-1.9543908834457397,base,yes
4765,0,1,0.679178699175393,-1.1000785827636719,-1.8500785827636719,base,Yes
4766,0,0,0.1329642264548166,-2.6216726303100586,-0.746672511100769,base,no
4767,0,0,0.1645164792819756,-2.201849937438965,-0.5768500566482544,base,no
4768,0,0,0.34864513533394575,-1.6499500274658203,-1.0249500274658203,base,no
4769,0,0,0.22270011818961086,-2.307551860809326,-1.0575517416000366,base,no
4770,0,0,0.29421497216298875,-1.7673543691635132,-0.8923543691635132,base,no
4771,0,0,0.32082130082460697,-1.7682054042816162,-1.0182054042816162,base,no
4772,0,0,0.46879062662624377,-1.4456708431243896,-1.3206708431243896,base,No
4773,0,0,0.24508503518827837,-2.0954136848449707,-0.9704138040542603,base,No
4774,0,0,0.18242553269617778,-2.159703016281128,-0.6597030758857727,base,no
4775,0,0,0.1480471980316895,-2.399608612060547,-0.6496086120605469,base,no
4776,0,0,0.2942149597859341,-1.795039415359497,-0.9200393557548523,base,no
4777,0,0,0.294214996917099,-2.029496669769287,-1.1544967889785767,base,No
4778,0,0,0.1645164628965632,-2.245892286300659,-0.6208922863006592,base,No
4779,0,0,0.2689414213699951,-1.8645473718643188,-0.8645473718643188,base,no
4780,0,0,0.20181322226037882,-2.1416609287261963,-0.7666609287261963,base,no
4781,0,0,0.1329642333263228,-2.5029962062835693,-0.6279961466789246,base,no
4782,0,0,0.22270013882530884,-2.013164758682251,-0.763164758682251,base,no
4783,0,0,0.22270013882530884,-2.3044488430023193,-1.0544488430023193,base,no
4784,0,1,0.5926665999540697,-1.234156847000122,-1.609156847000122,base,Yes
4785,0,0,0.2942149597859341,-1.705305576324463,-0.8303055167198181,base,No
4786,0,0,0.24508502416032488,-1.8251054286956787,-0.7001054883003235,base,no
4787,0,0,0.0953494648991095,-2.9892239570617676,-0.7392239570617676,base,no
4788,0,0,0.2689414448079646,-2.0063095092773438,-1.0063096284866333,base,no
4789,0,0,0.37754066879814546,-1.5293846130371094,-1.0293846130371094,base,no
4790,0,0,0.4073334000459302,-1.7126452922821045,-1.3376452922821045,base,no
4791,0,1,0.5312093733737563,-1.3021912574768066,-1.4271912574768066,base,yes
4792,0,0,0.2689414330889798,-1.7525298595428467,-0.7525299191474915,base,no
4793,0,0,0.24508501313237172,-1.9476344585418701,-0.8226344585418701,base,no
4794,0,0,0.37754066879814546,-1.7329291105270386,-1.2329291105270386,base,no
4795,0,0,0.46879062662624377,-1.388249158859253,-1.263249158859253,base,no
4796,0,0,0.24508501313237172,-1.9093095064163208,-0.7843095064163208,base,no
4797,0,0,0.20181322226037882,-2.159996509552002,-0.784996509552002,base,no
4798,0,0,0.18242553269617778,-2.293192148208618,-0.7931922078132629,base,no
4799,0,0,0.2689414330889798,-1.890005111694336,-0.8900051712989807,base,no
4800,0,0,0.29421497216298875,-1.6633782386779785,-0.7883782386779785,base,no
4801,0,0,0.2689414213699951,-1.8852378129959106,-0.8852378129959106,base,No
4802,0,0,0.22270013882530884,-2.258387327194214,-1.0083873271942139,base,no
4803,0,0,0.29421497216298875,-1.8831908702850342,-1.0081908702850342,base,no
4804,0,0,0.32082130082460697,-1.5147360563278198,-0.7647360563278198,base,no
4805,0,0,0.34864513533394575,-1.5674784183502197,-0.9424784183502197,base,no
4806,0,0,0.22270014914315833,-2.180112361907959,-0.9301124215126038,base,no
4807,0,0,0.14804719051380197,-2.6403605937957764,-0.8903605341911316,base,no
4808,0,0,0.18242551491653522,-2.177534341812134,-0.677534282207489,base,no
4809,0,0,0.22270011818961086,-2.1396942138671875,-0.889694094657898,base,no
4810,0,0,0.34864513533394575,-1.874347448348999,-1.249347448348999,base,no
4811,0,0,0.16451645470385742,-2.339005470275879,-0.7140054106712341,base,no
4812,0,0,0.4073334000459302,-1.6067631244659424,-1.2317631244659424,base,no
4813,0,0,0.16451647108926923,-2.192361354827881,-0.5673614144325256,base,no
4814,0,0,0.22270011818961086,-2.1649699211120605,-0.914969801902771,base,no
4815,0,0,0.20181321265898594,-1.9031670093536377,-0.5281669497489929,base,no
4816,0,0,0.1645164792819756,-2.3288817405700684,-0.7038818597793579,base,no
4817,0,0,0.34864513533394575,-1.8558613061904907,-1.2308613061904907,base,no
4818,0,0,0.29421497216298875,-1.9065355062484741,-1.0315355062484741,base,no
4819,0,0,0.29421497216298875,-1.9892029762268066,-1.1142029762268066,base,no
4820,0,0,0.1645164628965632,-2.236396312713623,-0.611396312713623,base,no
4821,0,0,0.09534947518185825,-2.8944435119628906,-0.6444436311721802,base,no
4822,0,0,0.1480471829959148,-2.3935437202453613,-0.6435436010360718,base,no
4823,0,0,0.13296424019782924,-2.5345516204833984,-0.6595516204833984,base,no
4824,0,0,0.3208212878370535,-1.7082061767578125,-0.9582061171531677,base,no
4825,0,0,0.18242552380635632,-2.378736734390259,-0.8787367343902588,base,no
4826,0,0,0.20181322226037882,-2.188380718231201,-0.8133807182312012,base,no
4827,0,0,0.18242552380635632,-2.293787717819214,-0.7937877178192139,base,no
4828,0,0,0.4073334000459302,-1.579773187637329,-1.204773187637329,base,no
4829,0,0,0.10669059394565118,-2.8603460788726807,-0.7353460788726807,base,no
4830,0,0,0.32082130082460697,-1.8356214761734009,-1.0856214761734009,base,no
4831,0,0,0.24508501313237172,-2.1356422901153564,-1.0106422901153564,base,no
4832,0,0,0.14804721306746543,-2.2507123947143555,-0.500712513923645,base,no
4833,0,0,0.13296424706933604,-2.42484450340271,-0.5498445630073547,base,no
4834,0,0,0.29421497216298875,-1.85508394241333,-0.9800839424133301,base,no
4835,0,0,0.18242552380635632,-1.9240210056304932,-0.42402100563049316,base,no
4836,0,1,0.6224593312018546,-1.206755518913269,-1.706755518913269,base,Yes
4837,0,0,0.05340333582602272,-3.502340793609619,-0.6273409128189087,base,no
4838,0,0,0.46879062662624377,-1.4655022621154785,-1.3405022621154785,base,no
4839,0,0,0.37754066879814546,-1.787605881690979,-1.287605881690979,base,no
4840,0,0,0.4073334000459302,-1.6618311405181885,-1.2868311405181885,base,No
4841,0,0,0.13296424019782924,-2.4431943893432617,-0.5681943893432617,base,no
4842,0,0,0.1824255415859996,-2.393441677093506,-0.8934417963027954,base,No
4843,0,0,0.24508501313237172,-2.1487057209014893,-1.0237057209014893,base,no
4844,0,0,0.10669060530721626,-2.725327491760254,-0.6003276109695435,base,no
4845,0,0,0.4378234991142019,-1.2613627910614014,-1.0113627910614014,base,no
4846,0,0,0.1480471829959148,-2.5923819541931152,-0.8423818349838257,base,no
4847,0,0,0.34864513533394575,-1.5647300481796265,-0.9397300481796265,base,No
4848,0,0,0.1480472055495773,-2.662440538406372,-0.9124405980110168,base,no
4849,0,0,0.3486451488696663,-1.5205340385437012,-0.895534098148346,base,no
4850,0,0,0.16451645470385742,-2.414844274520874,-0.7898442149162292,base,no
4851,0,0,0.2689414213699951,-1.9974913597106934,-0.9974913597106934,base,no
4852,0,0,0.11920291576401235,-2.8131747245788574,-0.8131746649742126,base,no
4853,0,0,0.32082130082460697,-1.8313491344451904,-1.0813491344451904,base,no
4854,0,0,0.11920293453832885,-2.5343728065490723,-0.5343729257583618,base,no
4855,0,0,0.46879062662624377,-1.3868682384490967,-1.2618682384490967,base,no
4856,0,0,0.2942149845400438,-1.6619069576263428,-0.7869070172309875,base,no
4857,0,0,0.11920293453832885,-2.610898971557617,-0.6108990907669067,base,no
4858,0,0,0.5,-1.4289101362228394,-1.4289101362228394,base,no
4859,0,0,0.2227001594610082,-2.117170810699463,-0.8671709299087524,base,No
4860,0,0,0.29421497216298875,-1.6896072626113892,-0.8146072626113892,base,No
4861,0,0,0.24508502416032488,-1.8815240859985352,-0.7565241456031799,base,No
4862,0,0,0.22270014914315833,-1.9015514850616455,-0.6515515446662903,base,no
4863,0,0,0.13296425394084313,-2.3946480751037598,-0.5196481943130493,base,no
4864,0,0,0.11920291576401235,-2.5903663635253906,-0.5903663039207458,base,No
4865,0,0,0.20181320305759334,-2.228752613067627,-0.8537524938583374,base,no
4866,0,0,0.2689414330889798,-1.8987128734588623,-0.8987129330635071,base,no
4867,0,0,0.34864513533394575,-1.7135488986968994,-1.0885488986968994,base,No
4868,0,0,0.1480472055495773,-2.58011531829834,-0.8301153779029846,base,No
4869,0,0,0.29421497216298875,-1.9767541885375977,-1.1017541885375977,base,No
4870,0,0,0.37754066879814546,-1.6249536275863647,-1.1249536275863647,base,no
4871,0,0,0.1480472055495773,-2.399742841720581,-0.6497429013252258,base,no
4872,0,0,0.08509904036636974,-2.938786745071411,-0.5637866854667664,base,no
4873,0,0,0.18242553269617778,-2.4520180225372314,-0.9520180821418762,base,no
4874,0,0,0.2689414213699951,-2.1170103549957275,-1.1170103549957275,base,no
4875,0,0,0.16451644651115205,-2.178020477294922,-0.5530203580856323,base,no
4876,0,0,0.11920292202211755,-2.516998767852783,-0.5169987678527832,base,no
4877,0,0,0.16451644651115205,-2.466399669647217,-0.8413995504379272,base,no
4878,0,0,0.14804719051380197,-2.4055049419403076,-0.6555048823356628,base,no
4879,0,0,0.13296425394084313,-2.6177501678466797,-0.7427502870559692,base,no
4880,0,0,0.24508501313237172,-1.8386943340301514,-0.7136943340301514,base,no
4881,0,0,0.46879062662624377,-1.4212286472320557,-1.2962286472320557,base,no
4882,0,0,0.20181322226037882,-2.0177419185638428,-0.6427419185638428,base,no
4883,0,0,0.24508501313237172,-2.1610891819000244,-1.0360891819000244,base,No
4884,0,0,0.13296424019782924,-2.5680062770843506,-0.6930062770843506,base,no
4885,0,0,0.16451647108926923,-2.2882630825042725,-0.6632631421089172,base,no
4886,0,0,0.32082130082460697,-1.6937003135681152,-0.9437003135681152,base,no
4887,0,0,0.5,-1.5449697971343994,-1.5449697971343994,base,no
4888,0,0,0.16451645470385742,-2.492370128631592,-0.867370069026947,base,no
4889,0,0,0.07585817584273653,-3.208258628845215,-0.7082585692405701,base,No
4890,0,0,0.2689414213699951,-1.835397481918335,-0.835397481918335,base,no
4891,0,0,0.2689414213699951,-1.9046608209609985,-0.9046608209609985,base,no
4892,0,0,0.16451646699291617,-2.0098226070404053,-0.38482263684272766,base,no
4893,0,0,0.29421497216298875,-1.9685933589935303,-1.0935933589935303,base,no
4894,0,0,0.29421497216298875,-1.7501623630523682,-0.8751623630523682,base,no
4895,0,0,0.14804719051380197,-2.3731303215026855,-0.6231302618980408,base,No
4896,0,0,0.29421497216298875,-1.9307098388671875,-1.0557098388671875,base,no
4897,0,0,0.2689414096510108,-1.856705904006958,-0.8567058444023132,base,no
4898,0,0,0.34864513533394575,-1.6869304180145264,-1.0619304180145264,base,no
4899,0,0,0.09534945461636171,-2.8011021614074707,-0.5511020421981812,base,no
4900,0,0,0.3208212878370535,-1.5634369850158691,-0.8134369254112244,base,no
4901,0,0,0.18242552380635632,-2.15975022315979,-0.65975022315979,base,no
4902,0,1,0.7981867873410141,-0.8447946906089783,-2.219794750213623,base,yes
4903,0,0,0.05340332678672523,-3.6119232177734375,-0.7369231581687927,base,No
4904,0,0,0.18242553269617778,-2.4234774112701416,-0.9234774708747864,base,No
4905,0,0,0.3775406547908327,-1.4230611324310303,-0.9230610728263855,base,No
4906,0,0,0.11920292202211755,-2.585754871368408,-0.5857548713684082,base,no
4907,0,0,0.22270013882530884,-1.9028475284576416,-0.6528475284576416,base,No
4908,0,0,0.34864513533394575,-1.6275920867919922,-1.0025920867919922,base,no
4909,0,0,0.18242551491653522,-2.219574451446533,-0.7195743918418884,base,no
4910,0,0,0.06754668363133542,-3.3288826942443848,-0.7038825750350952,base,no
4911,0,0,0.29421497216298875,-1.9572663307189941,-1.0822663307189941,base,no
4912,0,0,0.18242553269617778,-2.1343204975128174,-0.6343205571174622,base,no
4913,0,0,0.22270013882530884,-2.2268636226654053,-0.9768636226654053,base,no
4914,0,0,0.11920291576401235,-2.658006191253662,-0.6580061316490173,base,no
4915,0,0,0.22270013882530884,-2.1796953678131104,-0.9296953678131104,base,no
4916,0,0,0.13296424019782924,-2.303283452987671,-0.4282834529876709,base,No
4917,0,0,0.2689414448079646,-2.1388187408447266,-1.1388188600540161,base,no
4918,0,1,0.5312093733737563,-1.425573706626892,-1.550573706626892,base,Yes
4919,0,0,0.08509904964767095,-3.0636518001556396,-0.6886518597602844,base,no
4920,0,0,0.10669059394565118,-2.527176856994629,-0.4021768569946289,base,no
4921,0,0,0.29421497216298875,-1.625177264213562,-0.750177264213562,base,no
4922,0,0,0.34864513533394575,-1.8199458122253418,-1.1949458122253418,base,no
4923,0,0,0.20181321265898594,-1.997391939163208,-0.6223918795585632,base,no
4924,0,0,0.22270011818961086,-2.1620798110961914,-0.9120796918869019,base,No
4925,0,0,0.24508499107646636,-2.1280126571655273,-1.0030125379562378,base,no
4926,0,0,0.4073334000459302,-1.4115217924118042,-1.0365217924118042,base,no
4927,0,0,0.13296424706933604,-2.6537301540374756,-0.7787302136421204,base,no
4928,0,0,0.20181322226037882,-2.263763666152954,-0.8887636661529541,base,no
4929,0,0,0.1480471829959148,-2.3037405014038086,-0.553740382194519,base,no
4930,0,0,0.32082130082460697,-1.8441734313964844,-1.0941734313964844,base,no
4931,0,0,0.10669059962643358,-2.7655093669891357,-0.6405094265937805,base,no
4932,0,0,0.18242551491653522,-2.455721616744995,-0.9557215571403503,base,no
4933,0,0,0.20181324146316565,-2.238220691680908,-0.8632208108901978,base,no
4934,0,0,0.11920293453832885,-2.71870756149292,-0.7187076807022095,base,no
4935,0,0,0.2689414213699951,-1.962066411972046,-0.9620664119720459,base,no
4936,0,0,0.2689414213699951,-1.9567365646362305,-0.9567365646362305,base,no
4937,0,0,0.10669059394565118,-2.957954168319702,-0.8329541683197021,base,No
4938,0,1,0.5621765008857981,-1.3282077312469482,-1.5782077312469482,base,Yes
4939,0,0,0.24508502416032488,-2.1084444522857666,-0.9834445118904114,base,no
4940,0,0,0.2689414330889798,-1.9362154006958008,-0.9362154603004456,base,no
4941,0,0,0.24508501313237172,-1.9861842393875122,-0.8611842393875122,base,no
4942,0,0,0.1824255415859996,-2.1566333770751953,-0.6566334962844849,base,no
4943,0,0,0.2689414330889798,-1.743678331375122,-0.7436783909797668,base,no
4944,0,0,0.29421497216298875,-1.9152097702026367,-1.0402097702026367,base,no
4945,0,0,0.20181320305759334,-2.0759658813476562,-0.7009657621383667,base,no
4946,0,1,0.5312093733737563,-1.1080503463745117,-1.2330503463745117,base,Yes
4947,0,0,0.22270014914315833,-2.1663718223571777,-0.9163718819618225,base,no
4948,0,0,0.2689414213699951,-2.128756284713745,-1.1287562847137451,base,no
4949,0,0,0.4378234991142019,-1.5268046855926514,-1.2768046855926514,base,No
4950,0,0,0.46879062662624377,-1.4561820030212402,-1.3311820030212402,base,No
4951,0,0,0.37754066879814546,-1.7137458324432373,-1.2137458324432373,base,No
4952,0,0,0.22270013882530884,-1.9596025943756104,-0.7096025943756104,base,no
4953,0,0,0.1480472055495773,-2.4003074169158936,-0.6503074765205383,base,No
4954,0,0,0.24508501313237172,-2.1644132137298584,-1.0394132137298584,base,no
4955,0,0,0.4073334000459302,-1.645450472831726,-1.270450472831726,base,no
4956,0,0,0.37754066879814546,-1.5983071327209473,-1.0983071327209473,base,no
4957,0,0,0.37754066879814546,-1.5528674125671387,-1.0528674125671387,base,no
4958,0,0,0.0953494648991095,-2.8019461631774902,-0.5519461631774902,base,no
4959,0,0,0.20181324146316565,-2.0995869636535645,-0.724587082862854,base,no
4960,0,1,0.8933093946927838,-0.7661744356155396,-2.89117431640625,base,Yes
4961,0,0,0.37754066879814546,-1.7642091512680054,-1.2642091512680054,base,no
4962,0,0,0.2689414330889798,-1.7683711051940918,-0.7683711647987366,base,no
4963,0,0,0.32082130082460697,-1.5818731784820557,-0.8318731784820557,base,no
4964,0,0,0.24508502416032488,-1.835810899734497,-0.7108109593391418,base,no
4965,0,0,0.29421497216298875,-1.987093210220337,-1.112093210220337,base,no
4966,0,0,0.20181324146316565,-2.154987335205078,-0.7799874544143677,base,no
4967,0,0,0.4378234991142019,-1.5735793113708496,-1.3235793113708496,base,no
4968,0,0,0.09534945461636171,-3.055140495300293,-0.8051403760910034,base,no
4969,0,0,0.46879062662624377,-1.4610850811004639,-1.3360850811004639,base,no
4970,0,0,0.1824255415859996,-2.4394922256469727,-0.9394923448562622,base,No
4971,0,0,0.11920290950590741,-2.6236581802368164,-0.6236580610275269,base,no
4972,0,0,0.11920290950590741,-2.470853805541992,-0.47085368633270264,base,no
4973,0,0,0.1329642436335826,-2.279245376586914,-0.40424540638923645,base,no
4974,0,0,0.22270014914315833,-1.964569330215454,-0.7145693898200989,base,no
4975,0,0,0.16451645470385742,-2.382920503616333,-0.7579204440116882,base,no
4976,0,0,0.24508501313237172,-1.7934436798095703,-0.6684436798095703,base,no
4977,0,0,0.16451647108926923,-2.413409948348999,-0.7884100079536438,base,no
4978,0,0,0.22270011818961086,-2.271334648132324,-1.0213345289230347,base,no
4979,0,0,0.08509904500702024,-3.0223679542541504,-0.6473679542541504,base,no
4980,0,0,0.4073334000459302,-1.5758525133132935,-1.2008525133132935,base,no
4981,0,0,0.13296424706933604,-2.475019931793213,-0.6000199913978577,base,no
4982,0,0,0.22270013882530884,-2.181306838989258,-0.9313068389892578,base,no
4983,0,0,0.34864513533394575,-1.6832636594772339,-1.0582636594772339,base,no
4984,0,0,0.09534947004048376,-2.878889560699463,-0.6288896203041077,base,no
4985,0,0,0.22270013882530884,-2.185828924179077,-0.9358289241790771,base,no
4986,0,0,0.08509904964767095,-2.913271188735962,-0.5382712483406067,base,no
4987,0,0,0.10669059962643358,-2.658109188079834,-0.5331092476844788,base,no
4988,0,0,0.07585818419975078,-3.2203783988952637,-0.7203784584999084,base,no
4989,0,0,0.29421497216298875,-1.881033182144165,-1.006033182144165,base,no
4990,0,0,0.32082130082460697,-1.6713454723358154,-0.9213454723358154,base,no
4991,0,0,0.29421497216298875,-1.8266563415527344,-0.9516563415527344,base,no
4992,0,0,0.22270012850745968,-2.1449341773986816,-0.8949341177940369,base,no
4993,0,0,0.46879062662624377,-1.5795013904571533,-1.4545013904571533,base,no
4994,0,0,0.11920291576401235,-2.6980173587799072,-0.6980172991752625,base,no
4995,0,0,0.16451645470385742,-2.274580478668213,-0.6495804190635681,base,No
4996,0,0,0.1329642333263228,-2.5969386100769043,-0.7219385504722595,base,no
4997,0,0,0.2227001594610082,-2.074554443359375,-0.8245545625686646,base,no
4998,0,0,0.1645164628965632,-2.2742741107940674,-0.6492741107940674,base,no
4999,0,0,0.4073334000459302,-1.6978567838668823,-1.3228567838668823,base,no
5000,0,0,0.24508502416032488,-2.0528109073638916,-0.9278109669685364,base,no
5001,0,0,0.32082130082460697,-1.8470611572265625,-1.0970611572265625,base,no
5002,0,0,0.29421497216298875,-1.8111228942871094,-0.9361228942871094,base,No
5003,0,0,0.20181322226037882,-2.0128047466278076,-0.6378047466278076,base,No
5004,0,0,0.37754066879814546,-1.7193677425384521,-1.2193677425384521,base,no
5005,0,0,0.29421497216298875,-1.9004360437393188,-1.0254360437393188,base,no
5006,0,0,0.4378234991142019,-1.6124762296676636,-1.3624762296676636,base,no
5007,0,0,0.29421497216298875,-1.9409645795822144,-1.0659645795822144,base,no
5008,0,0,0.18242551491653522,-2.3641066551208496,-0.8641065955162048,base,no
5009,0,0,0.2689414213699951,-1.939231276512146,-0.939231276512146,base,no
5010,0,1,0.5621765008857981,-1.277449607849121,-1.527449607849121,base,Yes
5011,0,0,0.4378234991142019,-1.2819691896438599,-1.0319691896438599,base,No
5012,0,0,0.22270013882530884,-2.125138521194458,-0.875138521194458,base,no
5013,0,0,0.20181324146316565,-2.3040733337402344,-0.9290734529495239,base,no
5014,0,0,0.18242550602671442,-2.3889031410217285,-0.888903021812439,base,No
5015,0,0,0.11920292828022305,-2.590235471725464,-0.5902355313301086,base,no
5016,0,0,0.29421497216298875,-2.006195545196533,-1.1311955451965332,base,no
5017,0,0,0.2689414213699951,-1.7985607385635376,-0.7985607385635376,base,No
5018,0,0,0.2689414096510108,-1.870168685913086,-0.8701686263084412,base,no
5019,0,0,0.29421497216298875,-1.9619226455688477,-1.0869226455688477,base,no
5020,0,0,0.18242552380635632,-2.122363328933716,-0.6223633289337158,base,no
5021,0,0,0.18242553269617778,-2.399817943572998,-0.8998180031776428,base,no
5022,0,0,0.24508501313237172,-2.0569839477539062,-0.9319839477539062,base,no
5023,0,0,0.1329642333263228,-2.658345937728882,-0.7833458781242371,base,no
5024,0,0,0.2689414096510108,-1.9590260982513428,-0.959026038646698,base,no
5025,0,0,0.3208213138121609,-1.6427698135375977,-0.8927698731422424,base,No
5026,0,0,0.1480471980316895,-2.5741162300109863,-0.8241162300109863,base,no
5027,0,0,0.09534945975773548,-3.100203037261963,-0.8502029776573181,base,no
5028,0,0,0.24508501313237172,-1.9332822561264038,-0.8082822561264038,base,no
5029,0,0,0.20181323186177208,-1.9734666347503662,-0.598466694355011,base,no
5030,0,0,0.29421497216298875,-1.8624097108840942,-0.9874097108840942,base,no
5031,0,0,0.1329642264548166,-2.4316015243530273,-0.5566014051437378,base,no
5032,0,0,0.1329642333263228,-2.4204599857330322,-0.5454599261283875,base,no
5033,0,0,0.37754066879814546,-1.6861684322357178,-1.1861684322357178,base,no
5034,0,0,0.08509904964767095,-2.9451990127563477,-0.5701990723609924,base,no
5035,0,0,0.22270014914315833,-2.05375337600708,-0.8037534356117249,base,no
5036,0,0,0.07585817584273653,-2.9762346744537354,-0.4762346148490906,base,no
5037,0,0,0.24508501313237172,-1.999104380607605,-0.874104380607605,base,no
5038,0,0,0.18242552380635632,-2.081573486328125,-0.581573486328125,base,no
5039,0,0,0.29421497216298875,-1.953268051147461,-1.078268051147461,base,no
5040,0,0,0.11920292828022305,-2.670926094055176,-0.6709261536598206,base,no
5041,0,0,0.14804721306746543,-2.2696666717529297,-0.5196667909622192,base,no
5042,0,0,0.22270013882530884,-2.176478147506714,-0.9264781475067139,base,no
5043,0,0,0.22270014914315833,-2.06596302986145,-0.815963089466095,base,no
5044,0,0,0.22270014914315833,-1.9531888961791992,-0.703188955783844,base,no
5045,0,0,0.18242553269617778,-2.0232865810394287,-0.5232866406440735,base,no
5046,0,0,0.24508501313237172,-2.1543374061584473,-1.0293374061584473,base,no
5047,0,0,0.26894139793202687,-2.108001708984375,-1.1080015897750854,base,no
5048,0,0,0.4378234991142019,-1.2399548292160034,-0.9899548292160034,base,no
5049,0,0,0.2942149597859341,-1.6173877716064453,-0.7423877120018005,base,no
5050,0,0,0.18242552380635632,-2.369403123855591,-0.8694031238555908,base,no
5051,0,0,0.32082130082460697,-1.7544622421264648,-1.0044622421264648,base,no
5052,0,0,0.24508499107646636,-2.0427937507629395,-0.9177936315536499,base,no
5053,0,0,0.34864513533394575,-1.4923079013824463,-0.8673079013824463,base,no
5054,0,0,0.18242551491653522,-2.042433023452759,-0.542432963848114,base,No
5055,0,0,0.16451644651115205,-2.2446188926696777,-0.6196187734603882,base,no
5056,0,0,0.2942149845400438,-1.5635852813720703,-0.6885853409767151,base,No
5057,0,0,0.1480471980316895,-2.716839551925659,-0.9668395519256592,base,no
5058,0,0,0.3208213138121609,-1.6910738945007324,-0.9410739541053772,base,no
5059,0,0,0.22270013882530884,-1.9456342458724976,-0.6956342458724976,base,no
5060,0,0,0.29421497216298875,-1.6309682130813599,-0.7559682130813599,base,no
5061,0,0,0.29421497216298875,-1.892855167388916,-1.017855167388916,base,no
5062,0,0,0.20181322226037882,-2.0456314086914062,-0.6706314086914062,base,no
5063,0,0,0.07585817166422973,-3.130361557006836,-0.6303614377975464,base,no
5064,0,0,0.34864513533394575,-1.7596484422683716,-1.1346484422683716,base,no
5065,0,0,0.10669058826486906,-2.6855108737945557,-0.5605108141899109,base,No
5066,0,0,0.1480472055495773,-2.516448497772217,-0.7664485573768616,base,no
5067,0,0,0.18242553269617778,-2.2568507194519043,-0.7568507790565491,base,no
5068,0,0,0.16451644651115205,-2.4717068672180176,-0.846706748008728,base,no
5069,0,0,0.32082130082460697,-1.7540363073349,-1.0040363073349,base,no
5070,0,0,0.4073334000459302,-1.6182315349578857,-1.2432315349578857,base,no
5071,0,0,0.32082130082460697,-1.6419050693511963,-0.8919050693511963,base,No
5072,0,0,0.1480472055495773,-2.3870770931243896,-0.6370771527290344,base,no
5073,0,0,0.24508501313237172,-1.9931344985961914,-0.8681344985961914,base,no
5074,0,0,0.09534947004048376,-2.938901662826538,-0.6889017224311829,base,no
5075,0,0,0.24508501313237172,-2.1296420097351074,-1.0046420097351074,base,no
5076,0,0,0.16451645470385742,-2.532132625579834,-0.9071325659751892,base,no
5077,0,0,0.20181320305759334,-2.332512378692627,-0.9575122594833374,base,no
5078,0,0,0.16451644651115205,-2.226375102996826,-0.6013749837875366,base,no
5079,0,0,0.18242552380635632,-2.27417254447937,-0.7741725444793701,base,no
5080,0,0,0.14804721306746543,-2.4695191383361816,-0.7195192575454712,base,no
5081,0,0,0.29421497216298875,-1.687788486480713,-0.8127884864807129,base,no
5082,0,0,0.22270013882530884,-1.8324077129364014,-0.5824077129364014,base,No
5083,0,0,0.0850990542883219,-2.9965505599975586,-0.6215506792068481,base,no
5084,0,0,0.22270011818961086,-2.279247760772705,-1.0292476415634155,base,no
5085,0,0,0.11920290950590741,-2.6184449195861816,-0.6184448003768921,base,no
5086,0,0,0.29421497216298875,-1.8157374858856201,-0.9407374858856201,base,no
5087,0,0,0.2689414213699951,-1.916895866394043,-0.916895866394043,base,no
5088,0,0,0.24508500210441886,-1.7597386837005615,-0.6347386240959167,base,No
5089,0,0,0.29421497216298875,-1.6487716436386108,-0.7737716436386108,base,no
5090,0,0,0.0953494648991095,-3.0870091915130615,-0.8370091915130615,base,No
5091,0,0,0.37754066879814546,-1.668882966041565,-1.168882966041565,base,no
5092,0,0,0.22270013882530884,-1.996508002281189,-0.746508002281189,base,no
5093,0,0,0.10669059394565118,-2.772555112838745,-0.6475551128387451,base,no
5094,0,0,0.18242552380635632,-2.1735124588012695,-0.6735124588012695,base,no
5095,0,0,0.34864513533394575,-1.7701849937438965,-1.1451849937438965,base,No
5096,0,0,0.29421497216298875,-1.9561208486557007,-1.0811208486557007,base,no
5097,0,0,0.2942149845400438,-1.6648986339569092,-0.789898693561554,base,No
5098,0,0,0.18242551491653522,-2.3139126300811768,-0.813912570476532,base,no
5099,0,0,0.34864513533394575,-1.4853484630584717,-0.8603484630584717,base,no
5100,0,0,0.0953494648991095,-2.9043033123016357,-0.6543033123016357,base,no
5101,0,0,0.22270014914315833,-1.978560209274292,-0.7285602688789368,base,no
5102,0,0,0.24508501313237172,-2.1789207458496094,-1.0539207458496094,base,no
5103,0,0,0.08509904500702024,-3.0551199913024902,-0.6801199913024902,base,no
5104,0,0,0.1645164792819756,-2.4719343185424805,-0.84693443775177,base,No
5105,0,0,0.22270011818961086,-2.12973690032959,-0.8797367811203003,base,no
5106,0,0,0.24508503518827837,-2.1021156311035156,-0.9771157503128052,base,no
5107,0,0,0.18242551491653522,-2.012925863265991,-0.5129258036613464,base,no
5108,0,0,0.1480472055495773,-2.4265711307525635,-0.6765711903572083,base,no
5109,0,0,0.2689414096510108,-1.8324189186096191,-0.8324188590049744,base,no
5110,0,0,0.29421497216298875,-1.7605115175247192,-0.8855115175247192,base,no
5111,0,0,0.3208213138121609,-1.6018083095550537,-0.8518083691596985,base,no
5112,0,0,0.10669059962643358,-2.6391353607177734,-0.5141354203224182,base,no
5113,0,0,0.24508501313237172,-1.9521833658218384,-0.8271833658218384,base,no
5114,0,0,0.29421497216298875,-1.8004322052001953,-0.9254322052001953,base,no
5115,0,0,0.2689414213699951,-1.6873130798339844,-0.6873130798339844,base,no
5116,0,0,0.2942149597859341,-1.5828852653503418,-0.707885205745697,base,No
5117,0,0,0.29421497216298875,-1.9929654598236084,-1.1179654598236084,base,no
5118,0,0,0.1824255415859996,-2.393866539001465,-0.8938666582107544,base,no
5119,0,0,0.2942149845400438,-1.8058013916015625,-0.9308014512062073,base,no
5120,0,0,0.46879062662624377,-1.4338120222091675,-1.3088120222091675,base,no
5121,0,1,0.5926665999540697,-1.2470464706420898,-1.6220464706420898,base,Yes
5122,0,0,0.2689414213699951,-2.157222032546997,-1.157222032546997,base,no
5123,0,0,0.2942149845400438,-1.656280279159546,-0.7812803387641907,base,no
5124,0,0,0.22270013882530884,-2.2401983737945557,-0.9901983737945557,base,no
5125,0,0,0.05340332829327471,-3.3604185581207275,-0.48541852831840515,base,No
5126,0,0,0.20181321265898594,-2.101916790008545,-0.7269167304039001,base,no
5127,0,0,0.22270013882530884,-1.914494514465332,-0.664494514465332,base,no
5128,0,0,0.20181321265898594,-2.1130263805389404,-0.7380263209342957,base,no
5129,0,0,0.1824255415859996,-2.1780858039855957,-0.6780859231948853,base,no
5130,0,0,0.22270014914315833,-2.2207448482513428,-0.9707449078559875,base,no
5131,0,0,0.4073334000459302,-1.6229861974716187,-1.2479861974716187,base,no
5132,0,0,0.0953494648991095,-2.9351985454559326,-0.6851985454559326,base,no
5133,0,0,0.1645164792819756,-2.439969539642334,-0.8149696588516235,base,no
5134,0,0,0.16451644651115205,-2.2621989250183105,-0.637198805809021,base,no
5135,0,0,0.29421497216298875,-1.8190333843231201,-0.9440333843231201,base,no
5136,0,0,0.32082130082460697,-1.8593719005584717,-1.1093719005584717,base,no
5137,0,0,0.22270011818961086,-2.0888519287109375,-0.838851809501648,base,No
5138,0,0,0.11920290950590741,-2.664337158203125,-0.6643370389938354,base,no
5139,0,0,0.37754066879814546,-1.5915772914886475,-1.0915772914886475,base,no
5140,0,0,0.18242553269617778,-2.2977612018585205,-0.7977612614631653,base,No
5141,0,0,0.2227001594610082,-2.0804481506347656,-0.8304482698440552,base,no
5142,0,0,0.18242550602671442,-2.3689088821411133,-0.8689087629318237,base,no
5143,0,0,0.24508501313237172,-2.084728479385376,-0.959728479385376,base,no
5144,0,0,0.10669060530721626,-2.7480554580688477,-0.6230555772781372,base,no
5145,0,0,0.18242551491653522,-2.266883611679077,-0.7668835520744324,base,no
5146,0,0,0.22270014914315833,-1.932816743850708,-0.6828168034553528,base,no
5147,0,0,0.29421497216298875,-1.9130985736846924,-1.0380985736846924,base,No
5148,0,0,0.11920292828022305,-2.8105204105377197,-0.8105204701423645,base,no
5149,0,0,0.14804721306746543,-2.5319318771362305,-0.78193199634552,base,no
5150,0,0,0.1480472055495773,-2.452211618423462,-0.7022116780281067,base,no
5151,0,0,0.2689414213699951,-1.9366406202316284,-0.9366406202316284,base,no
5152,0,0,0.5,-1.2322248220443726,-1.2322248220443726,base,No
5153,0,0,0.24508502416032488,-1.944305658340454,-0.8193057179450989,base,no
5154,0,0,0.16451647108926923,-2.360421895980835,-0.7354219555854797,base,no
5155,0,0,0.26894139793202687,-2.1153788566589355,-1.115378737449646,base,no
5156,0,0,0.2689414213699951,-1.898692011833191,-0.8986920118331909,base,no
5157,0,0,0.18242553269617778,-2.2117760181427,-0.711776077747345,base,no
5158,0,0,0.20181320305759334,-2.225651264190674,-0.8506511449813843,base,no
5159,0,0,0.2689414096510108,-1.9703419208526611,-0.9703418612480164,base,no
5160,0,0,0.32082130082460697,-1.5133601427078247,-0.7633601427078247,base,No
5161,0,1,0.5312093733737563,-1.2570244073867798,-1.3820244073867798,base,yes
5162,0,0,0.2689414213699951,-1.9234877824783325,-0.9234877824783325,base,no
5163,0,0,0.11920292828022305,-2.740152597427368,-0.7401526570320129,base,no
5164,0,0,0.29421497216298875,-1.5048490762710571,-0.6298490762710571,base,no
5165,0,0,0.11920292202211755,-2.5438976287841797,-0.5438976287841797,base,no
5166,0,0,0.37754066879814546,-1.598477840423584,-1.098477840423584,base,no
5167,0,0,0.4073334000459302,-1.7768601179122925,-1.4018601179122925,base,no
5168,0,0,0.10669060530721626,-2.8192334175109863,-0.6942335367202759,base,no
5169,0,0,0.5,-1.4300708770751953,-1.4300708770751953,base,no
5170,0,0,0.1645164792819756,-2.231377601623535,-0.6063777208328247,base,No
5171,0,0,0.13296425394084313,-2.5416793823242188,-0.6666795015335083,base,No
5172,0,0,0.29421497216298875,-1.8131587505340576,-0.9381587505340576,base,no
5173,0,0,0.32082130082460697,-1.804113745689392,-1.054113745689392,base,no
5174,0,0,0.37754066879814546,-1.6260132789611816,-1.1260132789611816,base,no
5175,0,0,0.37754066879814546,-1.3709193468093872,-0.8709193468093872,base,No
5176,0,0,0.18242553269617778,-2.435075521469116,-0.935075581073761,base,no
5177,0,0,0.2689414213699951,-1.8988103866577148,-0.8988103866577148,base,no
5178,0,1,0.7310585786300049,-1.0364596843719482,-2.0364596843719482,base,Yes
5179,0,0,0.2942149597859341,-1.7941501140594482,-0.9191500544548035,base,no
5180,0,0,0.3486451217982255,-1.5750463008880615,-0.9500462412834167,base,no
5181,0,0,0.24508501313237172,-2.0606625080108643,-0.9356625080108643,base,no
5182,0,0,0.2689414213699951,-2.067095994949341,-1.0670959949493408,base,no
5183,0,0,0.34864513533394575,-1.600761890411377,-0.975761890411377,base,no
5184,0,0,0.22270013882530884,-2.0344321727752686,-0.7844321727752686,base,no
5185,0,0,0.32082130082460697,-1.8292962312698364,-1.0792962312698364,base,No
5186,0,0,0.22270013882530884,-2.0151636600494385,-0.7651636600494385,base,no
5187,0,0,0.2689414213699951,-1.990093469619751,-0.990093469619751,base,No
5188,0,0,0.2689414213699951,-1.8291057348251343,-0.8291057348251343,base,No
5189,0,0,0.22270013882530884,-2.162301778793335,-0.912301778793335,base,no
5190,0,0,0.2689414213699951,-2.040621519088745,-1.0406215190887451,base,No
5191,0,0,0.11920293453832885,-2.5003042221069336,-0.5003043413162231,base,no
5192,0,0,0.29421497216298875,-2.0870792865753174,-1.2120792865753174,base,no
5193,0,0,0.14804719051380197,-2.4233202934265137,-0.6733202338218689,base,no
5194,0,0,0.24508501313237172,-1.9742814302444458,-0.8492814302444458,base,no
5195,0,0,0.24508501313237172,-2.1176226139068604,-0.9926226139068604,base,no
5196,0,0,0.22270013882530884,-2.058488130569458,-0.808488130569458,base,no
5197,0,0,0.1645164628965632,-2.4461841583251953,-0.8211841583251953,base,no
5198,0,0,0.10669058826486906,-2.552468776702881,-0.4274687170982361,base,no
5199,0,0,0.32082130082460697,-1.656444787979126,-0.906444787979126,base,No
5200,0,0,0.11920291576401235,-2.627100706100464,-0.6271006464958191,base,no
5201,0,0,0.1824255415859996,-2.289722442626953,-0.7897225618362427,base,no
5202,0,0,0.29421497216298875,-1.7763005495071411,-0.9013005495071411,base,no
5203,0,0,0.2689414213699951,-2.0174944400787354,-1.0174944400787354,base,no
5204,0,0,0.24508501313237172,-2.007434606552124,-0.882434606552124,base,no
5205,0,0,0.20181324146316565,-2.136575222015381,-0.7615753412246704,base,no
5206,0,0,0.22270014914315833,-2.012690782546997,-0.7626908421516418,base,no
5207,0,0,0.2942149845400438,-1.8098576068878174,-0.9348576664924622,base,no
5208,0,1,0.7772998611746911,-0.8497326374053955,-2.0997326374053955,base,Yes
5209,0,0,0.22270012850745968,-2.0169177055358887,-0.7669176459312439,base,no
5210,0,0,0.13296425394084313,-2.503354072570801,-0.6283541917800903,base,no
5211,0,0,0.1645164628965632,-2.2229557037353516,-0.5979557037353516,base,no
5212,0,0,0.4073334000459302,-1.5696486234664917,-1.1946486234664917,base,no
5213,0,0,0.29421497216298875,-1.6677794456481934,-0.7927794456481934,base,No
5214,0,0,0.2227001594610082,-2.180905342102051,-0.9309054613113403,base,no
5215,0,0,0.24508502416032488,-1.913825511932373,-0.7888255715370178,base,no
5216,0,0,0.20181323186177208,-2.210340738296509,-0.8353407979011536,base,no
5217,0,0,0.22270011818961086,-2.334834575653076,-1.0848344564437866,base,no
5218,0,0,0.22270012850745968,-2.1461329460144043,-0.8961328864097595,base,no
5219,0,0,0.18242553269617778,-2.1295437812805176,-0.6295438408851624,base,no
5220,0,0,0.3486451488696663,-1.5131456851959229,-0.8881457448005676,base,no
5221,0,0,0.18242551491653522,-2.2602133750915527,-0.760213315486908,base,no
5222,0,0,0.1645164628965632,-2.3460357189178467,-0.7210357189178467,base,no
5223,0,0,0.2689414213699951,-1.845754861831665,-0.845754861831665,base,no
5224,0,1,0.8175744850834649,-0.9242221713066101,-2.424222230911255,base,Yes
5225,0,0,0.22270013882530884,-2.2213382720947266,-0.9713382720947266,base,no
5226,0,0,0.2227001594610082,-2.034299850463867,-0.7842999696731567,base,no
5227,0,0,0.07585818002124356,-3.140230417251587,-0.6402304172515869,base,no
5228,0,0,0.1066905825840872,-2.941877841949463,-0.8168777227401733,base,no
5229,0,0,0.22270013882530884,-2.2539756298065186,-1.0039756298065186,base,no
5230,0,0,0.5,-1.4097520112991333,-1.4097520112991333,base,No
5231,0,0,0.29421497216298875,-1.8031845092773438,-0.9281845092773438,base,no
5232,0,0,0.1480472055495773,-2.4977469444274902,-0.747747004032135,base,no
5233,0,0,0.1329642333263228,-2.5310041904449463,-0.6560041308403015,base,no
5234,0,0,0.16451645470385742,-2.227140188217163,-0.6021401286125183,base,no
5235,0,0,0.32082130082460697,-1.751927375793457,-1.001927375793457,base,no
5236,0,0,0.32082130082460697,-1.8696215152740479,-1.1196215152740479,base,no
5237,0,0,0.24508502416032488,-2.002066135406494,-0.8770661950111389,base,no
5238,0,0,0.10669058826486906,-2.9128637313842773,-0.7878636717796326,base,no
5239,0,0,0.14804721306746543,-2.3167362213134766,-0.5667363405227661,base,no
5240,0,0,0.1480471980316895,-2.2371561527252197,-0.4871561527252197,base,no
5241,0,0,0.24508501313237172,-2.134755849838257,-1.0097558498382568,base,no
5242,0,0,0.1329642333263228,-2.4507508277893066,-0.5757507681846619,base,no
5243,0,0,0.34864513533394575,-1.7739518880844116,-1.1489518880844116,base,no
5244,0,0,0.22270014914315833,-1.8820717334747314,-0.6320717930793762,base,No
5245,0,0,0.26894139793202687,-2.0077199935913086,-1.007719874382019,base,no
5246,0,0,0.29421497216298875,-1.9516005516052246,-1.0766005516052246,base,No
5247,0,0,0.2227001594610082,-2.216444969177246,-0.9664450883865356,base,no
5248,0,0,0.24508501313237172,-1.9283567667007446,-0.8033567667007446,base,no
5249,0,0,0.16451644651115205,-2.359365463256836,-0.7343653440475464,base,no
5250,0,0,0.13296424019782924,-2.31335711479187,-0.4383571147918701,base,no
5251,0,0,0.24508501313237172,-2.099379062652588,-0.9743790626525879,base,no
5252,0,0,0.1645164792819756,-2.28804349899292,-0.6630436182022095,base,no
5253,0,0,0.2689414213699951,-1.9488672018051147,-0.9488672018051147,base,no
5254,0,0,0.09534945975773548,-3.052781820297241,-0.8027817606925964,base,no
5255,0,0,0.22270013882530884,-1.956176519393921,-0.7061765193939209,base,no
5256,0,0,0.11920292828022305,-2.7888002395629883,-0.7888002991676331,base,no
5257,0,0,0.1480471980316895,-2.4009015560150146,-0.6509015560150146,base,no
5258,0,0,0.2689414213699951,-1.930774211883545,-0.9307742118835449,base,no
5259,0,0,0.24508501313237172,-2.146146297454834,-1.021146297454834,base,no
5260,0,0,0.34864513533394575,-1.6936479806900024,-1.0686479806900024,base,no
5261,0,0,0.29421497216298875,-1.8458179235458374,-0.9708179235458374,base,no
5262,0,0,0.10669059962643358,-2.799039363861084,-0.6740394234657288,base,no
5263,0,0,0.46879062662624377,-1.2907979488372803,-1.1657979488372803,base,no
5264,0,0,0.13296424019782924,-2.6139214038848877,-0.7389214038848877,base,no
5265,0,0,0.1824255415859996,-2.1041312217712402,-0.6041313409805298,base,no
5266,0,0,0.24508501313237172,-2.0684006214141846,-0.9434006214141846,base,no
5267,0,0,0.2942149597859341,-1.7356042861938477,-0.8606042265892029,base,No
5268,0,0,0.20181324146316565,-2.2225537300109863,-0.8475538492202759,base,no
5269,0,0,0.4378234991142019,-1.4510612487792969,-1.2010612487792969,base,no
5270,0,0,0.22270012850745968,-1.9471027851104736,-0.6971027255058289,base,no
5271,0,0,0.10669058826486906,-2.6585443019866943,-0.5335442423820496,base,no
5272,0,0,0.20181323186177208,-2.0681207180023193,-0.6931207776069641,base,no
5273,0,0,0.20181324146316565,-2.15596866607666,-0.7809687852859497,base,no
5274,0,0,0.16451644651115205,-2.100693702697754,-0.47569358348846436,base,no
5275,0,0,0.46879062662624377,-1.503110408782959,-1.378110408782959,base,no
5276,0,0,0.4073334000459302,-1.572478175163269,-1.197478175163269,base,no
5277,0,0,0.24508501313237172,-1.8429713249206543,-0.7179713249206543,base,no
5278,0,0,0.18242553269617778,-2.162238121032715,-0.6622381806373596,base,no
5279,0,0,0.20181320305759334,-2.0273098945617676,-0.652309775352478,base,no
5280,0,0,0.24508501313237172,-1.772838830947876,-0.647838830947876,base,No
5281,0,0,0.3775406828054583,-1.2823269367218018,-0.7823269963264465,base,No
5282,0,0,0.22270014914315833,-1.9766521453857422,-0.726652204990387,base,No
5283,0,0,0.37754066879814546,-1.5527962446212769,-1.0527962446212769,base,no
5284,0,0,0.2689414330889798,-1.831648588180542,-0.8316486477851868,base,no
5285,0,0,0.24508501313237172,-1.9561963081359863,-0.8311963081359863,base,no
5286,0,0,0.37754066879814546,-1.5184097290039062,-1.0184097290039062,base,no
5287,0,0,0.09534947004048376,-2.8024792671203613,-0.5524793267250061,base,no
5288,0,0,0.24508501313237172,-2.0254528522491455,-0.9004528522491455,base,no
5289,0,0,0.1329642333263228,-2.4705774784088135,-0.5955774188041687,base,no
5290,0,0,0.2689414213699951,-2.020770311355591,-1.0207703113555908,base,no
5291,0,0,0.3208213138121609,-1.4635367393493652,-0.71353679895401,base,no
5292,0,1,0.5312093733737563,-1.374131441116333,-1.499131441116333,base,Yes
5293,0,0,0.4073334000459302,-1.5756340026855469,-1.2006340026855469,base,no
5294,0,0,0.2689414448079646,-2.0948004722595215,-1.094800591468811,base,no
5295,0,0,0.34864513533394575,-1.8171350955963135,-1.1921350955963135,base,no
5296,0,0,0.22270014914315833,-2.026761531829834,-0.7767615914344788,base,no
5297,0,0,0.29421497216298875,-2.0303781032562256,-1.1553781032562256,base,no
5298,0,0,0.2689414448079646,-2.1132025718688965,-1.113202691078186,base,No
5299,0,0,0.4073334000459302,-1.540919542312622,-1.165919542312622,base,no
5300,0,1,0.5312093733737563,-1.3380988836288452,-1.4630988836288452,base,Yes
5301,0,0,0.22270013882530884,-1.9370304346084595,-0.6870304346084595,base,no
5302,0,0,0.34864513533394575,-1.471055507659912,-0.8460555076599121,base,no
5303,0,0,0.37754066879814546,-1.6311845779418945,-1.1311845779418945,base,no
5304,0,0,0.18242552380635632,-2.4532129764556885,-0.9532129764556885,base,no
5305,0,0,0.1480471980316895,-2.6412482261657715,-0.8912482261657715,base,no
5306,0,0,0.20181322226037882,-2.151179313659668,-0.776179313659668,base,no
5307,0,0,0.0953494648991095,-2.836850881576538,-0.5868508815765381,base,no
5308,0,0,0.2227001594610082,-2.0335283279418945,-0.7835284471511841,base,no
5309,0,0,0.18242552380635632,-2.270021915435791,-0.770021915435791,base,no
5310,0,0,0.29421497216298875,-1.9901694059371948,-1.1151694059371948,base,no
5311,0,0,0.18242550602671442,-2.254502296447754,-0.7545021772384644,base,no
5312,0,0,0.20181321265898594,-2.3434126377105713,-0.9684125781059265,base,no
5313,0,0,0.22270013882530884,-1.7684860229492188,-0.5184860229492188,base,no
5314,0,0,0.32082130082460697,-1.847898244857788,-1.097898244857788,base,no
5315,0,0,0.18242553269617778,-2.180701971054077,-0.6807020306587219,base,no
5316,0,0,0.11920291576401235,-2.7175283432006836,-0.7175282835960388,base,no
5317,0,0,0.18242552380635632,-2.401655912399292,-0.901655912399292,base,no
5318,0,0,0.2689414213699951,-1.7963430881500244,-0.7963430881500244,base,no
5319,0,0,0.29421497216298875,-1.9457170963287354,-1.0707170963287354,base,no
5320,0,1,0.6513548646660542,-1.2055867910385132,-1.8305867910385132,base,Yes
5321,0,0,0.2689414330889798,-1.8016343116760254,-0.8016343712806702,base,no
5322,0,0,0.34864513533394575,-1.7788337469100952,-1.1538337469100952,base,no
5323,0,0,0.14804721306746543,-2.495683193206787,-0.7456833124160767,base,no
5324,0,0,0.3208213138121609,-1.656486988067627,-0.9064870476722717,base,no
5325,0,0,0.10669059678604234,-2.524151086807251,-0.39915111660957336,base,no
5326,0,0,0.20181322226037882,-2.3010756969451904,-0.9260756969451904,base,no
5327,0,0,0.06754669489377622,-3.086176633834839,-0.46117669343948364,base,no
5328,0,0,0.14804719051380197,-2.4245784282684326,-0.6745783686637878,base,no
5329,0,0,0.1480472055495773,-2.4025464057922363,-0.6525464653968811,base,no
5330,0,0,0.13296424706933604,-2.516716957092285,-0.6417170166969299,base,no
5331,0,0,0.29421497216298875,-1.9075603485107422,-1.0325603485107422,base,no
5332,0,0,0.14804721306746543,-2.387279987335205,-0.6372801065444946,base,no
5333,0,0,0.22270014914315833,-2.0691096782684326,-0.8191097378730774,base,no
5334,0,0,0.32082130082460697,-1.813293218612671,-1.063293218612671,base,no
5335,0,0,0.29421497216298875,-1.9506930112838745,-1.0756930112838745,base,no
5336,0,0,0.37754066879814546,-1.5336296558380127,-1.0336296558380127,base,no
5337,0,0,0.22270011818961086,-2.1851439476013184,-0.9351438283920288,base,no
5338,0,0,0.5,-1.0956790447235107,-1.0956790447235107,base,No
5339,0,0,0.26894139793202687,-2.0217342376708984,-1.0217341184616089,base,no
5340,0,0,0.2689414448079646,-2.0619373321533203,-1.0619374513626099,base,no
5341,0,0,0.0534033328129234,-3.512242555618286,-0.6372426152229309,base,no
5342,0,0,0.18242552380635632,-2.2705764770507812,-0.7705764770507812,base,no
5343,0,0,0.2689414213699951,-2.0879857540130615,-1.0879857540130615,base,no
5344,0,0,0.11920292828022305,-2.7523014545440674,-0.7523015141487122,base,no
5345,0,0,0.29421497216298875,-1.9509556293487549,-1.0759556293487549,base,no
5346,0,0,0.13296424706933604,-2.460268497467041,-0.5852685570716858,base,no
5347,0,0,0.24508503518827837,-2.1669864654541016,-1.0419865846633911,base,no
5348,0,0,0.34864513533394575,-1.8433282375335693,-1.2183282375335693,base,no
5349,0,0,0.07585817584273653,-3.1434483528137207,-0.6434482932090759,base,No
5350,0,0,0.4378234991142019,-1.2274985313415527,-0.9774985313415527,base,no
5351,0,0,0.13296424019782924,-2.6776745319366455,-0.8026745319366455,base,No
5352,0,0,0.20181323186177208,-2.131237030029297,-0.7562370896339417,base,no
5353,0,0,0.2689414448079646,-2.109795570373535,-1.1097956895828247,base,No
5354,0,0,0.18242550602671442,-2.3215599060058594,-0.8215597867965698,base,no
5355,0,0,0.08509904964767095,-3.209477663040161,-0.8344777226448059,base,no
5356,0,0,0.2689414213699951,-1.8268184661865234,-0.8268184661865234,base,No
5357,0,0,0.20181323186177208,-2.1030426025390625,-0.7280426621437073,base,no
5358,0,0,0.34864513533394575,-1.6977356672286987,-1.0727356672286987,base,no
5359,0,0,0.08509904964767095,-3.106330156326294,-0.7313302159309387,base,no
5360,0,0,0.16451647108926923,-2.297546625137329,-0.6725466847419739,base,no
5361,0,0,0.1329642264548166,-2.487516403198242,-0.6125162839889526,base,No
5362,0,0,0.4378234991142019,-1.5057251453399658,-1.2557251453399658,base,no
5363,0,0,0.22270013882530884,-2.267961263656616,-1.0179612636566162,base,no
5364,0,0,0.11920292202211755,-2.7187325954437256,-0.7187325954437256,base,no
5365,0,0,0.4073334000459302,-1.5044655799865723,-1.1294655799865723,base,no
5366,0,0,0.2689414330889798,-1.8744044303894043,-0.8744044899940491,base,no
5367,0,0,0.37754066879814546,-1.7181164026260376,-1.2181164026260376,base,No
5368,0,0,0.1480472055495773,-2.5831665992736816,-0.8331666588783264,base,no
5369,0,0,0.08509904500702024,-3.202890396118164,-0.8278903961181641,base,no
5370,0,0,0.2942149845400438,-1.5467567443847656,-0.6717568039894104,base,No
5371,0,0,0.32082130082460697,-1.8713821172714233,-1.1213821172714233,base,no
5372,0,0,0.46879062662624377,-1.1437067985534668,-1.0187067985534668,base,no
5373,0,0,0.2689414213699951,-1.9810285568237305,-0.9810285568237305,base,No
5374,0,0,0.1480471980316895,-2.426687479019165,-0.676687479019165,base,no
5375,0,0,0.22270012850745968,-1.9322917461395264,-0.6822916865348816,base,no
5376,0,0,0.2689414213699951,-1.846827507019043,-0.846827507019043,base,no
5377,0,0,0.14804719051380197,-2.504969835281372,-0.7549697756767273,base,no
5378,0,0,0.18242552380635632,-2.3173727989196777,-0.8173727989196777,base,no
5379,0,0,0.0953494648991095,-3.1034326553344727,-0.8534326553344727,base,no
5380,0,0,0.24508501313237172,-2.084203004837036,-0.9592030048370361,base,no
5381,0,0,0.32082130082460697,-1.8948488235473633,-1.1448488235473633,base,no
5382,0,0,0.24508501313237172,-1.9578298330307007,-0.8328298330307007,base,no
5383,0,0,0.32082130082460697,-1.9051958322525024,-1.1551958322525024,base,No
5384,0,0,0.29421497216298875,-1.9274840354919434,-1.0524840354919434,base,no
5385,0,0,0.10669060530721626,-2.8339033126831055,-0.708903431892395,base,no
5386,0,0,0.22270013882530884,-2.0198893547058105,-0.7698893547058105,base,no
5387,0,0,0.29421497216298875,-1.9389969110488892,-1.0639969110488892,base,No
5388,0,0,0.10669058826486906,-2.675206422805786,-0.5502063632011414,base,no
5389,0,0,0.2227001594610082,-2.1279149055480957,-0.8779150247573853,base,No
5390,0,0,0.46879062662624377,-1.4417530298233032,-1.3167530298233032,base,no
5391,0,1,0.5621765008857981,-1.0825254917144775,-1.3325254917144775,base,Yes
5392,0,0,0.4073334000459302,-1.4607810974121094,-1.0857810974121094,base,No
5393,0,0,0.24508501313237172,-1.939292073249817,-0.8142920732498169,base,no
5394,0,0,0.22270013882530884,-2.21720290184021,-0.96720290184021,base,No
5395,0,0,0.1480472055495773,-2.6741790771484375,-0.9241791367530823,base,no
5396,0,0,0.11920292202211755,-2.5882012844085693,-0.5882012844085693,base,No
5397,0,0,0.11920291576401235,-2.6431968212127686,-0.6431967616081238,base,no
5398,0,0,0.22270012850745968,-2.127519130706787,-0.8775190711021423,base,no
5399,0,0,0.22270013882530884,-1.991270899772644,-0.741270899772644,base,No
5400,0,0,0.32082130082460697,-1.8321256637573242,-1.0821256637573242,base,no
5401,0,0,0.06008665017400762,-3.4975335597991943,-0.7475335597991943,base,no
5402,0,0,0.08509904036636974,-3.2226028442382812,-0.8476027846336365,base,no
5403,0,0,0.34864513533394575,-1.8513075113296509,-1.2263075113296509,base,no
5404,0,0,0.20181322226037882,-2.17716646194458,-0.8021664619445801,base,no
5405,0,0,0.2689414213699951,-1.8899255990982056,-0.8899255990982056,base,no
5406,0,0,0.22270011818961086,-2.0995092391967773,-0.8495091199874878,base,no
5407,0,0,0.11920293453832885,-2.563709259033203,-0.5637093782424927,base,no
5408,0,0,0.4073334000459302,-1.5992531776428223,-1.2242531776428223,base,no
5409,0,0,0.20181320305759334,-2.215933322906494,-0.8409332036972046,base,No
5410,0,0,0.16451644651115205,-2.311227321624756,-0.6862272024154663,base,No
5411,0,0,0.4378234991142019,-1.5574696063995361,-1.3074696063995361,base,no
5412,0,0,0.29421497216298875,-1.895931363105774,-1.020931363105774,base,no
5413,0,0,0.11920292202211755,-2.8756613731384277,-0.8756613731384277,base,no
5414,0,0,0.22270013882530884,-1.902146816253662,-0.6521468162536621,base,No
5415,0,0,0.11920292202211755,-2.6735146045684814,-0.6735146045684814,base,no
5416,0,0,0.1329642333263228,-2.582212209701538,-0.7072121500968933,base,no
5417,0,0,0.24508501313237172,-1.91437566280365,-0.7893756628036499,base,No
5418,0,0,0.29421497216298875,-1.9918670654296875,-1.1168670654296875,base,no
5419,0,0,0.1645164628965632,-2.5064806938171387,-0.8814806938171387,base,No
5420,0,0,0.06754669864792355,-3.322596549987793,-0.6975966691970825,base,no
5421,0,0,0.11920292828022305,-2.7718210220336914,-0.7718210816383362,base,no
5422,0,0,0.11920293140927592,-2.491358757019043,-0.49135884642601013,base,no
5423,0,0,0.34864513533394575,-1.6818652153015137,-1.0568652153015137,base,no
5424,0,0,0.22270013882530884,-2.1604743003845215,-0.9104743003845215,base,no
5425,0,0,0.16451644651115205,-2.3085718154907227,-0.6835716962814331,base,no
5426,0,0,0.22270013882530884,-2.1617746353149414,-0.9117746353149414,base,no
5427,0,0,0.32082130082460697,-1.7445034980773926,-0.9945034980773926,base,no
5428,0,0,0.4073334000459302,-1.6688028573989868,-1.2938028573989868,base,No
5429,0,0,0.24508501313237172,-1.9319602251052856,-0.8069602251052856,base,no
5430,0,0,0.1480472055495773,-2.306480646133423,-0.5564807057380676,base,no
5431,0,0,0.11920291576401235,-2.6604344844818115,-0.6604344248771667,base,no
5432,0,0,0.18242550602671442,-2.03627872467041,-0.5362786054611206,base,no
5433,0,0,0.34864513533394575,-1.7018153667449951,-1.0768153667449951,base,no
5434,0,0,0.1645164628965632,-2.347907066345215,-0.7229070663452148,base,no
5435,0,0,0.14804721306746543,-2.3913025856018066,-0.6413027048110962,base,no
5436,0,0,0.2689414213699951,-1.7278708219528198,-0.7278708219528198,base,no
5437,0,0,0.3486451217982255,-1.4735519886016846,-0.8485519289970398,base,No
5438,0,0,0.1329642333263228,-2.772125720977783,-0.8971256613731384,base,No
5439,0,0,0.29421497216298875,-1.8535152673721313,-0.9785152673721313,base,no
5440,0,0,0.1645164792819756,-2.3004226684570312,-0.6754227876663208,base,no
5441,0,0,0.5,-1.264927625656128,-1.264927625656128,base,no
5442,0,0,0.4378234991142019,-1.5002697706222534,-1.2502697706222534,base,no
5443,0,0,0.10669058826486906,-2.834606409072876,-0.7096063494682312,base,no
5444,0,0,0.10669058826486906,-2.783062219619751,-0.6580621600151062,base,no
5445,0,0,0.22270013882530884,-2.036849021911621,-0.7868490219116211,base,No
5446,0,0,0.07585817584273653,-3.135885715484619,-0.6358856558799744,base,no
5447,0,0,0.2689414330889798,-1.986821174621582,-0.9868212342262268,base,no
5448,0,0,0.16451644651115205,-2.4283008575439453,-0.8033007383346558,base,no
5449,0,0,0.2942149845400438,-1.8293514251708984,-0.9543514847755432,base,no
5450,0,0,0.053403329799824234,-3.5300798416137695,-0.6550798416137695,base,no
5451,0,0,0.2689414213699951,-1.9448938369750977,-0.9448938369750977,base,no
5452,0,0,0.2942149845400438,-1.7552309036254883,-0.8802309632301331,base,no
5453,0,0,0.11920290950590741,-2.530097007751465,-0.5300968885421753,base,no
5454,0,0,0.05340332678672523,-3.618572235107422,-0.7435721755027771,base,no
5455,0,0,0.18242553269617778,-2.1379597187042236,-0.6379597783088684,base,no
5456,0,0,0.4378234991142019,-1.2461789846420288,-0.9961789846420288,base,No
5457,0,0,0.1480472055495773,-2.6733458042144775,-0.9233458638191223,base,no
5458,0,0,0.1480472055495773,-2.555032253265381,-0.8050323128700256,base,no
5459,0,0,0.16451644651115205,-2.2231431007385254,-0.5981429815292358,base,no
5460,0,0,0.1645164628965632,-2.467805862426758,-0.8428058624267578,base,no
5461,0,0,0.24508501313237172,-1.823617696762085,-0.698617696762085,base,no
5462,0,0,0.34864513533394575,-1.6811389923095703,-1.0561389923095703,base,no
5463,0,0,0.4378234991142019,-1.2618329524993896,-1.0118329524993896,base,no
5464,0,0,0.4073334000459302,-1.6073719263076782,-1.2323719263076782,base,no
5465,0,0,0.13296424706933604,-2.737767219543457,-0.8627672791481018,base,No
5466,0,0,0.1645164628965632,-2.2016751766204834,-0.5766751766204834,base,No
5467,0,0,0.20181321265898594,-2.029285192489624,-0.6542851328849792,base,no
5468,0,0,0.11920293453832885,-2.5850491523742676,-0.5850492715835571,base,no
5469,0,0,0.22270013882530884,-2.004913330078125,-0.754913330078125,base,no
5470,0,0,0.2942149597859341,-1.7049620151519775,-0.8299619555473328,base,no
5471,0,0,0.32082130082460697,-1.7275513410568237,-0.9775513410568237,base,No
5472,0,0,0.18242552380635632,-2.3451452255249023,-0.8451452255249023,base,no
5473,0,0,0.1645164628965632,-2.136209726333618,-0.5112097263336182,base,No
5474,0,0,0.1480472055495773,-2.608895778656006,-0.8588958382606506,base,no
5475,0,0,0.1329642333263228,-2.8479244709014893,-0.9729244112968445,base,no
5476,0,0,0.07585818419975078,-3.1659083366394043,-0.6659083962440491,base,No
5477,0,0,0.16451645470385742,-2.3198070526123047,-0.6948069930076599,base,no
5478,0,0,0.20181322226037882,-2.1881227493286133,-0.8131227493286133,base,no
5479,0,0,0.16451647108926923,-2.2497851848602295,-0.6247852444648743,base,no
5480,0,0,0.13296424706933604,-2.7390990257263184,-0.8640990853309631,base,no
5481,0,0,0.2942149845400438,-1.8117518424987793,-0.9367519021034241,base,No
5482,0,0,0.18242553269617778,-2.4051766395568848,-0.9051766991615295,base,no
5483,0,0,0.2689414213699951,-1.8963329792022705,-0.8963329792022705,base,no
5484,0,0,0.22270012850745968,-2.010167121887207,-0.7601670622825623,base,no
5485,0,0,0.20181324146316565,-2.119283676147461,-0.7442837953567505,base,no
5486,0,1,0.6513548646660542,-1.2134137153625488,-1.8384137153625488,base,Yes
5487,0,0,0.0953494674697966,-2.6429879665374756,-0.392987996339798,base,no
5488,0,1,0.5621765008857981,-1.1499119997024536,-1.3999119997024536,base,yes
5489,0,0,0.1329642333263228,-2.4236481189727783,-0.5486480593681335,base,No
5490,0,0,0.20181324146316565,-2.359736919403076,-0.9847370386123657,base,no
5491,0,0,0.24508503518827837,-2.0935587882995605,-0.9685589075088501,base,no
5492,0,0,0.32082130082460697,-1.9050406217575073,-1.1550406217575073,base,no
5493,0,0,0.1480471980316895,-2.566331386566162,-0.8163313865661621,base,no
5494,0,0,0.29421497216298875,-2.0432286262512207,-1.1682286262512207,base,No
5495,0,0,0.22270013882530884,-2.2196831703186035,-0.9696831703186035,base,no
5496,0,0,0.1480472055495773,-2.5256240367889404,-0.7756240963935852,base,no
5497,0,0,0.18242552380635632,-2.4401745796203613,-0.9401745796203613,base,no
5498,0,0,0.22270014914315833,-2.0957911014556885,-0.8457911610603333,base,no
5499,0,0,0.11920290950590741,-2.8264365196228027,-0.8264364004135132,base,no
5500,0,0,0.16451647108926923,-2.327815294265747,-0.7028153538703918,base,no
5501,0,0,0.24508501313237172,-2.0202369689941406,-0.8952369689941406,base,no
5502,0,0,0.13296424706933604,-2.6428868770599365,-0.7678869366645813,base,no
5503,0,0,0.46879062662624377,-1.5436452627182007,-1.4186452627182007,base,no
5504,0,0,0.22270013882530884,-2.2070798873901367,-0.9570798873901367,base,no
5505,0,0,0.18242550602671442,-2.380185127258301,-0.8801850080490112,base,no
5506,0,0,0.1480471980316895,-2.5118086338043213,-0.7618086338043213,base,no
5507,0,0,0.13296425394084313,-2.7105674743652344,-0.8355675935745239,base,no
5508,0,0,0.18242552380635632,-2.198221445083618,-0.6982214450836182,base,no
5509,0,0,0.32082130082460697,-1.9396543502807617,-1.1896543502807617,base,no
5510,0,0,0.1480471829959148,-2.4879860877990723,-0.7379859685897827,base,no
5511,0,0,0.4073334000459302,-1.5011472702026367,-1.1261472702026367,base,no
5512,0,0,0.11920291576401235,-2.6404953002929688,-0.640495240688324,base,no
5513,0,0,0.13296425394084313,-2.699951648712158,-0.8249517679214478,base,no
5514,0,0,0.20181323186177208,-2.1706130504608154,-0.7956131100654602,base,no
5515,0,0,0.22270013882530884,-2.247344732284546,-0.9973447322845459,base,no
5516,0,0,0.08509904036636974,-3.1524124145507812,-0.7774123549461365,base,no
5517,0,0,0.11920292828022305,-2.646061897277832,-0.6460619568824768,base,no
5518,0,0,0.22270014914315833,-2.014488935470581,-0.7644889950752258,base,No
5519,0,0,0.13296424706933604,-2.3332266807556152,-0.45822674036026,base,no
5520,0,0,0.2689414213699951,-2.0985031127929688,-1.0985031127929688,base,No
5521,0,0,0.11920292828022305,-2.713710069656372,-0.7137101292610168,base,no
5522,0,0,0.2942149597859341,-1.6996192932128906,-0.8246192336082458,base,no
5523,0,0,0.11920293453832885,-2.7005114555358887,-0.7005115747451782,base,no
5524,0,0,0.32082130082460697,-1.775390386581421,-1.025390386581421,base,no
5525,0,0,0.1824255415859996,-2.3030710220336914,-0.803071141242981,base,no
5526,0,0,0.2689414213699951,-1.6006001234054565,-0.6006001234054565,base,No
5527,0,0,0.2689414096510108,-1.874647855758667,-0.8746477961540222,base,no
5528,0,0,0.10669060530721626,-2.8707962036132812,-0.7457963228225708,base,no
5529,0,0,0.1329642333263228,-2.7093958854675293,-0.8343958258628845,base,No
5530,0,0,0.34864513533394575,-1.7146384716033936,-1.0896384716033936,base,no
5531,0,0,0.2689414330889798,-1.8196492195129395,-0.8196492791175842,base,no
5532,0,0,0.34864513533394575,-1.774994969367981,-1.149994969367981,base,no
5533,0,0,0.5,-1.4564485549926758,-1.4564485549926758,base,no
5534,0,0,0.20181322226037882,-2.2800793647766113,-0.9050793647766113,base,no
5535,0,0,0.20181320305759334,-2.3230175971984863,-0.9480174779891968,base,no
5536,0,0,0.4073334000459302,-1.3990598917007446,-1.0240598917007446,base,no
5537,0,0,0.10669059394565118,-2.583958387374878,-0.45895838737487793,base,no
5538,0,0,0.20181322226037882,-2.1811037063598633,-0.8061037063598633,base,no
5539,0,0,0.1645164628965632,-2.1486477851867676,-0.5236477851867676,base,no
5540,0,0,0.08509904964767095,-2.9180116653442383,-0.5430117249488831,base,no
5541,0,0,0.20181323186177208,-1.9640610218048096,-0.5890610814094543,base,No
5542,0,0,0.5,-1.19959557056427,-1.19959557056427,base,no
5543,0,1,0.5926665999540697,-1.276750087738037,-1.651750087738037,base,Yes
5544,0,0,0.20181322226037882,-2.3267486095428467,-0.9517486095428467,base,No
5545,0,0,0.24508501313237172,-1.999648094177246,-0.8746480941772461,base,no
5546,0,0,0.2942149845400438,-1.784067153930664,-0.9090672135353088,base,no
5547,0,0,0.14804719051380197,-2.307365655899048,-0.5573655962944031,base,no
5548,0,0,0.29421497216298875,-1.8400039672851562,-0.9650039672851562,base,no
5549,0,0,0.06754668738548215,-3.101583957672119,-0.47658389806747437,base,no
5550,0,0,0.4073334000459302,-1.6428072452545166,-1.2678072452545166,base,no
5551,0,0,0.2689414330889798,-1.8638007640838623,-0.8638008236885071,base,no
5552,0,0,0.24508501313237172,-2.1794965267181396,-1.0544965267181396,base,no
5553,0,0,0.4073334000459302,-1.449308156967163,-1.074308156967163,base,no
5554,0,0,0.18242552380635632,-2.170057773590088,-0.6700577735900879,base,no
5555,0,0,0.13296424019782924,-2.4457802772521973,-0.5707802772521973,base,no
5556,0,0,0.4378234991142019,-1.539118766784668,-1.289118766784668,base,no
5557,0,0,0.1480471980316895,-2.673370361328125,-0.923370361328125,base,no
5558,0,0,0.2942149845400438,-1.8402161598205566,-0.9652162194252014,base,no
5559,0,0,0.4073334000459302,-1.3448536396026611,-0.9698536396026611,base,No
5560,0,0,0.34864513533394575,-1.673985481262207,-1.048985481262207,base,no
5561,0,0,0.34864513533394575,-1.6980810165405273,-1.0730810165405273,base,no
5562,0,0,0.1645164628965632,-2.19138240814209,-0.5663824081420898,base,no
5563,0,0,0.22270011818961086,-2.2389512062072754,-0.9889510869979858,base,No
5564,0,0,0.13296424019782924,-2.4474189281463623,-0.5724189281463623,base,no
5565,0,0,0.10669059394565118,-2.814023733139038,-0.6890237331390381,base,No
5566,0,0,0.18242553269617778,-2.2358312606811523,-0.7358313202857971,base,No
5567,0,0,0.2018132270610754,-1.8233190774917603,-0.44831910729408264,base,no
5568,0,0,0.11920292202211755,-2.619319438934326,-0.6193194389343262,base,no
5569,0,0,0.29421497216298875,-1.9368336200714111,-1.0618336200714111,base,no
5570,0,0,0.5,-1.4143770933151245,-1.4143770933151245,base,No
5571,0,0,0.1480472055495773,-2.4170005321502686,-0.6670005917549133,base,no
5572,0,0,0.4378234991142019,-1.539388656616211,-1.289388656616211,base,No
5573,0,0,0.18242552380635632,-2.348208427429199,-0.8482084274291992,base,no
5574,0,0,0.32082130082460697,-1.6625078916549683,-0.9125078916549683,base,no
5575,0,0,0.29421497216298875,-1.7447608709335327,-0.8697608709335327,base,no
5576,0,0,0.26894139793202687,-2.037851333618164,-1.0378512144088745,base,no
5577,0,0,0.24508502416032488,-1.8154950141906738,-0.6904950737953186,base,No
5578,0,1,0.5621765008857981,-1.276376724243164,-1.526376724243164,base,Yes
5579,0,0,0.37754066879814546,-1.6323431730270386,-1.1323431730270386,base,no
5580,0,0,0.08509904500702024,-3.1137096881866455,-0.7387096881866455,base,no
5581,0,0,0.1329642264548166,-2.716951370239258,-0.8419512510299683,base,no
5582,0,0,0.18242552380635632,-2.330155849456787,-0.8301558494567871,base,No
5583,0,0,0.24508501313237172,-1.9773029088974,-0.8523029088973999,base,no
5584,0,0,0.09534947004048376,-2.878099203109741,-0.628099262714386,base,No
5585,0,0,0.1329642264548166,-2.660104274749756,-0.7851041555404663,base,no
5586,0,0,0.24508501313237172,-2.0645229816436768,-0.9395229816436768,base,no
5587,0,0,0.14804721306746543,-2.2722511291503906,-0.5222512483596802,base,no
5588,0,0,0.22270014914315833,-2.1642274856567383,-0.9142275452613831,base,no
5589,0,0,0.22270014914315833,-2.1800827980041504,-0.9300828576087952,base,no
5590,0,0,0.34864513533394575,-1.461363434791565,-0.8363634347915649,base,No
5591,0,0,0.08509904500702024,-3.0197083950042725,-0.6447083950042725,base,no
5592,0,0,0.2689414213699951,-2.0516011714935303,-1.0516011714935303,base,No
5593,0,0,0.2689414213699951,-1.6971677541732788,-0.6971677541732788,base,no
5594,0,0,0.1645164628965632,-2.2812538146972656,-0.6562538146972656,base,no
5595,0,0,0.18242552380635632,-2.362518548965454,-0.8625185489654541,base,no
5596,0,0,0.34864513533394575,-1.5842528343200684,-0.9592528343200684,base,no
5597,0,0,0.24508502416032488,-1.9720299243927002,-0.847029983997345,base,no
5598,0,0,0.24508502416032488,-1.7488558292388916,-0.6238558888435364,base,no
5599,0,0,0.3208212878370535,-1.688601016998291,-0.9386009573936462,base,no
5600,0,0,0.2689414213699951,-1.8944875001907349,-0.8944875001907349,base,no
5601,0,0,0.46879062662624377,-1.610322117805481,-1.485322117805481,base,no
5602,0,0,0.13296424019782924,-2.7053747177124023,-0.8303747177124023,base,no
5603,0,0,0.29421497216298875,-1.853374719619751,-0.978374719619751,base,no
5604,0,0,0.22270013882530884,-2.3396215438842773,-1.0896215438842773,base,no
5605,0,0,0.22270012850745968,-2.140867233276367,-0.8908671736717224,base,no
5606,0,0,0.1645164628965632,-2.1574831008911133,-0.5324831008911133,base,no
5607,0,0,0.13296424019782924,-2.362557888031006,-0.48755788803100586,base,no
5608,0,0,0.18242550602671442,-2.19492244720459,-0.6949223279953003,base,no
5609,0,0,0.18242551491653522,-2.077861785888672,-0.5778617262840271,base,no
5610,0,0,0.1645164628965632,-2.3785126209259033,-0.7535126209259033,base,no
5611,0,0,0.22270013882530884,-1.8982256650924683,-0.6482256650924683,base,no
5612,0,0,0.13296424019782924,-2.6149637699127197,-0.7399637699127197,base,no
5613,0,0,0.4073334000459302,-1.36508309841156,-0.9900830984115601,base,no
5614,0,0,0.24508501313237172,-1.9503421783447266,-0.8253421783447266,base,no
5615,0,0,0.06754669489377622,-3.1273856163024902,-0.502385675907135,base,no
5616,0,0,0.34864513533394575,-1.5264683961868286,-0.9014683961868286,base,no
5617,0,0,0.2689414096510108,-1.9199748039245605,-0.9199747443199158,base,no
5618,0,0,0.20181320305759334,-2.0408663749694824,-0.6658662557601929,base,no
5619,0,0,0.08509904500702024,-3.234151840209961,-0.8591518402099609,base,no
5620,0,0,0.18242552380635632,-2.1161084175109863,-0.6161084175109863,base,No
5621,0,0,0.1645164628965632,-2.137830972671509,-0.5128309726715088,base,no
5622,0,1,0.5312093733737563,-1.3594459295272827,-1.4844459295272827,base,Yes
5623,0,0,0.46879062662624377,-1.5013413429260254,-1.3763413429260254,base,no
5624,0,0,0.4378234991142019,-1.5567554235458374,-1.3067554235458374,base,no
5625,0,0,0.29421497216298875,-1.9405722618103027,-1.0655722618103027,base,No
5626,0,0,0.16451644651115205,-2.5174264907836914,-0.8924263715744019,base,No
5627,0,0,0.1645164628965632,-2.4433956146240234,-0.8183956146240234,base,no
5628,0,0,0.13296424019782924,-2.5587105751037598,-0.6837105751037598,base,no
5629,0,0,0.2689414448079646,-2.099587917327881,-1.0995880365371704,base,no
5630,0,0,0.29421497216298875,-1.9528651237487793,-1.0778651237487793,base,no
5631,0,0,0.13296424019782924,-2.474149703979492,-0.5991497039794922,base,no
5632,0,0,0.1480471829959148,-2.361541748046875,-0.6115416288375854,base,no
5633,0,0,0.22270013882530884,-2.1654622554779053,-0.9154622554779053,base,no
5634,0,0,0.11920292202211755,-2.8797669410705566,-0.8797669410705566,base,no
5635,0,0,0.14804719051380197,-2.4051074981689453,-0.6551074385643005,base,no
5636,0,0,0.20181322226037882,-1.9626481533050537,-0.5876481533050537,base,no
5637,0,0,0.24508501313237172,-2.117626428604126,-0.992626428604126,base,no
5638,0,0,0.18242552380635632,-2.377868890762329,-0.8778688907623291,base,no
5639,0,0,0.24508501313237172,-1.9286675453186035,-0.8036675453186035,base,no
5640,0,0,0.13296424019782924,-2.6406712532043457,-0.7656712532043457,base,no
5641,0,0,0.24508501313237172,-2.038271903991699,-0.9132719039916992,base,no
5642,0,0,0.32082130082460697,-1.5767313241958618,-0.8267313241958618,base,no
5643,0,0,0.2689414213699951,-1.8922346830368042,-0.8922346830368042,base,no
5644,0,0,0.46879062662624377,-1.5141611099243164,-1.3891611099243164,base,no
5645,0,0,0.1480471980316895,-2.337153434753418,-0.587153434753418,base,no
5646,0,0,0.20181320305759334,-2.020326614379883,-0.6453264951705933,base,no
5647,0,0,0.22270012850745968,-1.9838721752166748,-0.73387211561203,base,no
5648,0,0,0.1329642333263228,-2.572679042816162,-0.6976789832115173,base,no
5649,0,0,0.1480472055495773,-2.543980598449707,-0.7939806580543518,base,no
5650,0,0,0.20181320305759334,-2.202320098876953,-0.8273199796676636,base,no
5651,0,0,0.37754066879814546,-1.716427206993103,-1.216427206993103,base,no
5652,0,0,0.34864513533394575,-1.679286241531372,-1.054286241531372,base,no
5653,0,0,0.0953494648991095,-2.6712546348571777,-0.42125463485717773,base,no
5654,0,0,0.24508501313237172,-2.1737356185913086,-1.0487356185913086,base,no
5655,0,0,0.11920292828022305,-2.761713743209839,-0.7617138028144836,base,no
5656,0,0,0.34864513533394575,-1.8699169158935547,-1.2449169158935547,base,no
5657,0,0,0.32082130082460697,-1.8420242071151733,-1.0920242071151733,base,no
5658,0,0,0.22270014914315833,-2.104816198348999,-0.8548162579536438,base,no
5659,0,0,0.16451645470385742,-2.298691749572754,-0.6736916899681091,base,no
5660,0,0,0.24508500210441886,-2.0781238079071045,-0.9531237483024597,base,no
5661,0,0,0.24508499107646636,-2.1151199340820312,-0.9901198148727417,base,no
5662,0,0,0.10669058826486906,-3.0205695629119873,-0.8955695033073425,base,no
5663,0,0,0.29421497216298875,-1.56235671043396,-0.68735671043396,base,no
5664,0,0,0.16451645470385742,-2.457906484603882,-0.8329064249992371,base,no
5665,0,0,0.20181324146316565,-2.4124979972839355,-1.037498116493225,base,no
5666,0,0,0.24508501313237172,-1.9178240299224854,-0.7928240299224854,base,no
5667,0,0,0.18242550602671442,-2.243833541870117,-0.7438334226608276,base,no
5668,0,0,0.1645164792819756,-2.3370728492736816,-0.7120729684829712,base,no
5669,0,0,0.24508502416032488,-1.8131942749023438,-0.6881943345069885,base,No
5670,0,0,0.22270013882530884,-2.0363855361938477,-0.7863855361938477,base,no
5671,0,0,0.4073334000459302,-1.4994988441467285,-1.1244988441467285,base,no
5672,0,0,0.34864513533394575,-1.7367631196975708,-1.1117631196975708,base,no
5673,0,0,0.13296424706933604,-2.5659544467926025,-0.6909545063972473,base,no
5674,0,0,0.0850990357257195,-2.8551034927368164,-0.48010337352752686,base,No
5675,0,0,0.37754066879814546,-1.3542850017547607,-0.8542850017547607,base,no
5676,0,0,0.20181321265898594,-2.0985002517700195,-0.7235001921653748,base,no
5677,0,0,0.13296424019782924,-2.723806619644165,-0.848806619644165,base,no
5678,0,0,0.09534947518185825,-2.966547966003418,-0.7165480852127075,base,no
5679,0,0,0.29421497216298875,-1.8092899322509766,-0.9342899322509766,base,no
5680,0,0,0.22270013882530884,-1.9964605569839478,-0.7464605569839478,base,no
5681,0,0,0.32082130082460697,-1.7636996507644653,-1.0136996507644653,base,no
5682,0,0,0.3208213138121609,-1.506955623626709,-0.7569556832313538,base,no
5683,0,0,0.18242552380635632,-2.147315263748169,-0.647315263748169,base,no
5684,0,0,0.24508501313237172,-1.9703397750854492,-0.8453397750854492,base,no
5685,0,0,0.20181320305759334,-2.367109775543213,-0.9921096563339233,base,no
5686,0,0,0.24508499107646636,-2.074159622192383,-0.9491595029830933,base,no
5687,0,0,0.20181324146316565,-2.228914737701416,-0.8539148569107056,base,no
5688,0,0,0.1824255415859996,-2.123605728149414,-0.6236058473587036,base,no
5689,0,0,0.18242553269617778,-2.1195433139801025,-0.6195433735847473,base,No
5690,0,0,0.18242552380635632,-2.1218199729919434,-0.6218199729919434,base,no
5691,0,0,0.32082130082460697,-1.864781141281128,-1.114781141281128,base,no
5692,0,0,0.32082130082460697,-1.6843363046646118,-0.9343363046646118,base,no
5693,0,0,0.2689414096510108,-1.9030036926269531,-0.9030036330223083,base,no
5694,0,0,0.24508500210441886,-1.7584433555603027,-0.633443295955658,base,no
5695,0,0,0.37754066879814546,-1.779967188835144,-1.279967188835144,base,no
5696,0,0,0.1645164628965632,-2.521836280822754,-0.8968362808227539,base,no
5697,0,0,0.10669058826486906,-2.908783197402954,-0.7837831377983093,base,no
5698,0,0,0.24508501313237172,-2.186443328857422,-1.0614433288574219,base,no
5699,0,0,0.34864513533394575,-1.7033933401107788,-1.0783933401107788,base,no
5700,0,0,0.1824255415859996,-2.2075648307800293,-0.7075649499893188,base,no
5701,0,0,0.32082130082460697,-1.628568172454834,-0.878568172454834,base,no
5702,0,0,0.32082130082460697,-1.6500945091247559,-0.9000945091247559,base,no
5703,0,0,0.3775406828054583,-1.40263032913208,-0.9026303887367249,base,no
5704,0,0,0.2942149597859341,-1.5995419025421143,-0.7245418429374695,base,No
5705,0,0,0.20181323186177208,-2.2650768756866455,-0.8900769352912903,base,no
5706,0,0,0.22270013882530884,-2.2000954151153564,-0.9500954151153564,base,no
5707,0,0,0.29421497216298875,-1.9729218482971191,-1.0979218482971191,base,no
5708,0,0,0.0675466911396291,-3.2224767208099365,-0.5974767208099365,base,no
5709,0,0,0.34864513533394575,-1.8168673515319824,-1.1918673515319824,base,no
5710,0,0,0.37754066879814546,-1.7931089401245117,-1.2931089401245117,base,no
5711,0,0,0.2689414096510108,-1.8579347133636475,-0.8579346537590027,base,no
5712,0,0,0.20181320305759334,-2.310969829559326,-0.9359697103500366,base,no
5713,0,0,0.22270013882530884,-2.1633293628692627,-0.9133293628692627,base,no
5714,0,0,0.2942149845400438,-1.8561615943908691,-0.9811616539955139,base,no
5715,0,0,0.1480472055495773,-2.371814727783203,-0.6218147873878479,base,no
5716,0,0,0.24508500210441886,-1.9142627716064453,-0.7892627120018005,base,no
5717,0,0,0.5,-1.402330994606018,-1.402330994606018,base,no
5718,0,0,0.22270014914315833,-2.033734083175659,-0.783734142780304,base,no
5719,0,0,0.4073334000459302,-1.6040631532669067,-1.2290631532669067,base,no
5720,0,0,0.1480471980316895,-2.212130546569824,-0.4621305465698242,base,no
5721,0,0,0.24508501313237172,-2.1458966732025146,-1.0208966732025146,base,no
5722,0,1,0.7549149868676283,-1.0686795711517334,-2.1936795711517334,base,Yes
5723,0,0,0.24508501313237172,-2.0013632774353027,-0.8763632774353027,base,no
5724,0,0,0.2689414096510108,-1.9480359554290771,-0.9480358958244324,base,No
5725,0,0,0.34864513533394575,-1.6786348819732666,-1.0536348819732666,base,No
5726,0,0,0.13296425394084313,-2.5295491218566895,-0.654549241065979,base,no
5727,0,0,0.37754066879814546,-1.3763911724090576,-0.8763911724090576,base,No
5728,0,0,0.34864513533394575,-1.6374995708465576,-1.0124995708465576,base,no
5729,0,0,0.20181322226037882,-2.2225334644317627,-0.8475334644317627,base,no
5730,0,0,0.24508500210441886,-1.9614975452423096,-0.8364974856376648,base,no
5731,0,0,0.22270013882530884,-1.8913310766220093,-0.6413310766220093,base,no
5732,0,0,0.3486451488696663,-1.4391241073608398,-0.8141241669654846,base,No
5733,0,0,0.11920292202211755,-2.5429930686950684,-0.5429930686950684,base,no
5734,0,0,0.10669059394565118,-2.861534357070923,-0.7365343570709229,base,No
5735,0,0,0.24508501313237172,-2.008190870285034,-0.8831908702850342,base,no
5736,0,0,0.2689414448079646,-2.1408848762512207,-1.1408849954605103,base,no
5737,0,1,0.6513548646660542,-1.1721409559249878,-1.7971409559249878,base,Yes
5738,0,0,0.2689414213699951,-1.5734816789627075,-0.5734816789627075,base,no
5739,0,0,0.2689414213699951,-1.8736284971237183,-0.8736284971237183,base,no
5740,0,0,0.13296424019782924,-2.6114678382873535,-0.7364678382873535,base,no
5741,0,0,0.22270011818961086,-2.173652172088623,-0.9236520528793335,base,No
5742,0,0,0.08509904964767095,-3.220710277557373,-0.8457103371620178,base,no
5743,0,0,0.22270012850745968,-1.9571092128753662,-0.7071091532707214,base,no
5744,0,0,0.32082130082460697,-1.8207142353057861,-1.0707142353057861,base,no
5745,0,0,0.20181322226037882,-2.043275833129883,-0.6682758331298828,base,no
5746,0,1,0.5926665999540697,-1.2827776670455933,-1.6577776670455933,base,Yes
5747,0,0,0.2689414213699951,-1.9851661920547485,-0.9851661920547485,base,no
5748,0,0,0.3208213138121609,-1.5009934902191162,-0.750993549823761,base,no
5749,0,0,0.37754066879814546,-1.7464312314987183,-1.2464312314987183,base,no
5750,0,0,0.24508499107646636,-2.1373891830444336,-1.012389063835144,base,no
5751,0,0,0.13296424019782924,-2.5593690872192383,-0.6843690872192383,base,no
5752,0,0,0.1066905825840872,-2.665473461151123,-0.5404733419418335,base,no
5753,0,0,0.20181320305759334,-2.3174376487731934,-0.9424375295639038,base,no
5754,0,0,0.16451645470385742,-2.2488014698028564,-0.6238014101982117,base,no
5755,0,0,0.11920292202211755,-2.587925434112549,-0.5879254341125488,base,no
5756,0,0,0.1824255415859996,-2.428389072418213,-0.9283891916275024,base,no
5757,0,0,0.34864513533394575,-1.8160207271575928,-1.1910207271575928,base,no
5758,0,0,0.18242551491653522,-2.316741704940796,-0.8167416453361511,base,no
5759,0,0,0.2689414213699951,-1.8774763345718384,-0.8774763345718384,base,no
5760,0,0,0.20181324146316565,-2.3292555809020996,-0.9542557001113892,base,no
5761,0,0,0.22270014914315833,-1.9087660312652588,-0.6587660908699036,base,no
5762,0,0,0.20181320305759334,-2.071638584136963,-0.6966384649276733,base,no
5763,0,0,0.11920292202211755,-2.4596452713012695,-0.45964527130126953,base,No
5764,0,0,0.20181321265898594,-2.3030295372009277,-0.928029477596283,base,no
5765,0,0,0.29421497216298875,-1.94880211353302,-1.07380211353302,base,No
5766,0,0,0.1480471980316895,-2.495357036590576,-0.7453570365905762,base,no
5767,0,0,0.2689414213699951,-1.7205477952957153,-0.7205477952957153,base,No
5768,0,0,0.10669060530721626,-2.81976318359375,-0.6947633028030396,base,no
5769,0,1,0.5621765008857981,-0.9088665246963501,-1.15886652469635,base,Yes
5770,0,0,0.20181322226037882,-2.258528470993042,-0.883528470993042,base,no
5771,0,0,0.18242551491653522,-2.187100887298584,-0.6871008276939392,base,no
5772,0,0,0.22270013882530884,-2.263279914855957,-1.013279914855957,base,No
5773,0,0,0.11920291576401235,-2.652961254119873,-0.6529611945152283,base,no
5774,0,0,0.11920292202211755,-2.645639657974243,-0.6456396579742432,base,no
5775,0,0,0.22270013882530884,-1.8647632598876953,-0.6147632598876953,base,no
5776,0,0,0.2689414213699951,-1.9680132865905762,-0.9680132865905762,base,no
5777,0,0,0.4378234991142019,-1.606465458869934,-1.356465458869934,base,no
5778,0,0,0.34864513533394575,-1.7336424589157104,-1.1086424589157104,base,no
5779,0,0,0.2689414330889798,-1.93790864944458,-0.9379087090492249,base,no
5780,0,0,0.1480471829959148,-2.2709856033325195,-0.52098548412323,base,no
5781,0,0,0.34864513533394575,-1.6882507801055908,-1.0632507801055908,base,no
5782,0,0,0.46879062662624377,-1.4052678346633911,-1.2802678346633911,base,no
5783,0,0,0.29421497216298875,-1.9095957279205322,-1.0345957279205322,base,no
5784,0,0,0.37754066879814546,-1.7217333316802979,-1.2217333316802979,base,no
5785,0,0,0.34864513533394575,-1.6009670495986938,-0.9759670495986938,base,no
5786,0,0,0.22270011818961086,-2.0381827354431152,-0.7881826162338257,base,no
5787,0,0,0.34864513533394575,-1.6973557472229004,-1.0723557472229004,base,no
5788,0,0,0.34864513533394575,-1.6926530599594116,-1.0676530599594116,base,no
5789,0,0,0.14804719051380197,-2.6123604774475098,-0.862360417842865,base,No
5790,0,0,0.1329642264548166,-2.5438294410705566,-0.6688293218612671,base,no
5791,0,0,0.1480472055495773,-2.5641674995422363,-0.8141675591468811,base,no
5792,0,0,0.18242553269617778,-2.2553374767303467,-0.7553375363349915,base,no
5793,0,0,0.18242550602671442,-2.0360474586486816,-0.5360473394393921,base,no
5794,0,0,0.3208213138121609,-1.6266796588897705,-0.8766797184944153,base,no
5795,0,0,0.09534947004048376,-2.8620028495788574,-0.6120029091835022,base,no
5796,0,0,0.3775406828054583,-1.495180606842041,-0.9951806664466858,base,no
5797,0,0,0.20181321265898594,-2.0259594917297363,-0.6509594321250916,base,No
5798,0,0,0.22270013882530884,-2.051088571548462,-0.8010885715484619,base,no
5799,0,0,0.2689414213699951,-1.9437404870986938,-0.9437404870986938,base,no
5800,0,0,0.2689414330889798,-1.8237276077270508,-0.8237276673316956,base,no
5801,0,0,0.2689414213699951,-1.760979413986206,-0.760979413986206,base,No
5802,0,0,0.11920292202211755,-2.572455883026123,-0.572455883026123,base,no
5803,0,0,0.22270011818961086,-2.2323551177978516,-0.982354998588562,base,no
5804,0,0,0.10669059962643358,-2.7727911472320557,-0.6477912068367004,base,no
5805,0,0,0.32082130082460697,-1.794498324394226,-1.044498324394226,base,no
5806,0,0,0.2227001594610082,-2.140942096710205,-0.8909422159194946,base,no
5807,0,0,0.37754066879814546,-1.7818388938903809,-1.2818388938903809,base,no
5808,0,0,0.08509904036636974,-3.07273268699646,-0.6977326273918152,base,no
5809,0,0,0.14804719051380197,-2.430116653442383,-0.680116593837738,base,no
5810,0,0,0.10669059678604234,-2.61118745803833,-0.48618748784065247,base,No
5811,0,0,0.22270014914315833,-1.9392437934875488,-0.6892438530921936,base,no
5812,0,0,0.46879062662624377,-1.4781806468963623,-1.3531806468963623,base,no
5813,0,0,0.11920292828022305,-2.8321378231048584,-0.8321378827095032,base,no
5814,0,0,0.29421497216298875,-1.9759869575500488,-1.1009869575500488,base,no
5815,0,0,0.24508502416032488,-1.9313101768493652,-0.80631023645401,base,no
5816,0,0,0.34864513533394575,-1.6553782224655151,-1.0303782224655151,base,no
5817,0,0,0.16451644651115205,-2.330084800720215,-0.7050846815109253,base,no
5818,0,0,0.11920291576401235,-2.723266839981079,-0.7232667803764343,base,no
5819,0,0,0.2689414213699951,-1.8488928079605103,-0.8488928079605103,base,no
5820,0,0,0.22270012850745968,-1.8960576057434082,-0.6460575461387634,base,no
5821,0,0,0.16451647108926923,-2.311671018600464,-0.6866710782051086,base,no
5822,0,0,0.24508501313237172,-1.9153157472610474,-0.7903157472610474,base,no
5823,0,0,0.2689414213699951,-1.8478063344955444,-0.8478063344955444,base,no
5824,0,0,0.29421497216298875,-1.8346720933914185,-0.9596720933914185,base,No
5825,0,0,0.24508501313237172,-1.9621469974517822,-0.8371469974517822,base,No
5826,0,0,0.29421497216298875,-1.7852450609207153,-0.9102450609207153,base,no
5827,0,0,0.22270014914315833,-2.079584836959839,-0.8295848965644836,base,no
5828,0,0,0.09534947518185825,-2.6823782920837402,-0.4323784112930298,base,no
5829,0,0,0.4378234991142019,-1.631395697593689,-1.381395697593689,base,no
5830,0,0,0.24508501313237172,-2.0499308109283447,-0.9249308109283447,base,no
5831,0,0,0.2689414213699951,-1.654455542564392,-0.6544555425643921,base,no
5832,0,0,0.2689414213699951,-1.8346563577651978,-0.8346563577651978,base,no
5833,0,0,0.22270013882530884,-2.324972629547119,-1.0749726295471191,base,no
5834,0,0,0.32082130082460697,-1.7959305047988892,-1.0459305047988892,base,no
5835,0,0,0.10669059962643358,-2.740161180496216,-0.6151612401008606,base,no
5836,0,0,0.0850990542883219,-3.0394978523254395,-0.664497971534729,base,no
5837,0,0,0.1066905825840872,-2.670926570892334,-0.5459264516830444,base,no
5838,0,0,0.16451644651115205,-2.5422911643981934,-0.9172910451889038,base,no
5839,0,0,0.3486451217982255,-1.503248691558838,-0.8782486319541931,base,No
5840,0,0,0.3208213138121609,-1.7018048763275146,-0.9518049359321594,base,no
5841,0,0,0.24508501313237172,-2.1125223636627197,-0.9875223636627197,base,no
5842,0,0,0.22270012850745968,-2.009669780731201,-0.7596697211265564,base,no
5843,0,0,0.053403329799824234,-3.505683183670044,-0.630683183670044,base,no
5844,0,0,0.1329642333263228,-2.610927104949951,-0.7359270453453064,base,no
5845,0,1,0.6224593312018546,-1.1557097434997559,-1.6557097434997559,base,Yes
5846,0,0,0.22270013882530884,-2.2758142948150635,-1.0258142948150635,base,no
5847,0,0,0.20181321265898594,-2.1026954650878906,-0.7276954054832458,base,no
5848,0,0,0.1066905825840872,-2.7870898246765137,-0.6620897054672241,base,no
5849,0,0,0.16451644651115205,-2.3057360649108887,-0.6807359457015991,base,no
5850,0,0,0.29421497216298875,-1.7650455236434937,-0.8900455236434937,base,no
5851,0,0,0.2942149845400438,-1.7395458221435547,-0.8645458817481995,base,no
5852,0,0,0.1645164628965632,-2.373114585876465,-0.7481145858764648,base,no
5853,0,0,0.24508499107646636,-2.11053466796875,-0.9855345487594604,base,no
5854,0,0,0.22270012850745968,-2.0111098289489746,-0.7611097693443298,base,no
5855,0,0,0.24508500210441886,-2.028506278991699,-0.9035062193870544,base,no
5856,0,0,0.2689414096510108,-1.6895182132720947,-0.68951815366745,base,no
5857,0,0,0.20181323186177208,-2.1063730716705322,-0.731373131275177,base,no
5858,0,0,0.13296425394084313,-2.713764190673828,-0.8387643098831177,base,no
5859,0,0,0.18242551491653522,-2.4582831859588623,-0.9582831263542175,base,no
5860,0,0,0.32082130082460697,-1.7776762247085571,-1.0276762247085571,base,no
5861,0,0,0.14804721306746543,-2.501096248626709,-0.7510963678359985,base,no
5862,0,0,0.10669059962643358,-2.640146493911743,-0.5151465535163879,base,no
5863,0,0,0.34864513533394575,-1.8440914154052734,-1.2190914154052734,base,no
5864,0,0,0.22270013882530884,-2.0116539001464844,-0.7616539001464844,base,no
5865,0,0,0.22270012850745968,-2.0173943042755127,-0.7673942446708679,base,No
5866,0,0,0.06754668738548215,-3.2786171436309814,-0.6536170840263367,base,no
5867,0,0,0.1645164628965632,-2.5062313079833984,-0.8812313079833984,base,No
5868,0,0,0.1066905825840872,-2.813769817352295,-0.6887696981430054,base,no
5869,0,0,0.20181324146316565,-2.0848817825317383,-0.7098819017410278,base,no
5870,0,0,0.18242550602671442,-2.501870632171631,-1.0018705129623413,base,no
5871,0,0,0.22270013882530884,-2.2791855335235596,-1.0291855335235596,base,no
5872,0,1,0.5312093733737563,-1.2215032577514648,-1.3465032577514648,base,Yes
5873,0,0,0.18242552380635632,-2.362922191619873,-0.862922191619873,base,no
5874,0,0,0.16451645470385742,-2.429189920425415,-0.8041898608207703,base,No
5875,0,0,0.32082130082460697,-1.8948105573654175,-1.1448105573654175,base,no
5876,0,0,0.2227001594610082,-2.004362106323242,-0.7543622255325317,base,No
5877,0,0,0.32082130082460697,-1.752026915550232,-1.002026915550232,base,no
5878,0,0,0.29421497216298875,-1.777828574180603,-0.902828574180603,base,no
5879,0,0,0.2227001594610082,-2.0567126274108887,-0.8067127466201782,base,no
5880,0,0,0.16451644651115205,-2.498541831970215,-0.8735417127609253,base,no
5881,0,0,0.24508502416032488,-1.955779790878296,-0.8307798504829407,base,no
5882,0,0,0.24508501313237172,-2.159620523452759,-1.0346205234527588,base,no
5883,0,0,0.22270012850745968,-2.0114681720733643,-0.7614681124687195,base,no
5884,0,0,0.13296425394084313,-2.6847686767578125,-0.809768795967102,base,no
5885,0,0,0.13296424706933604,-2.5125858783721924,-0.6375859379768372,base,no
5886,0,0,0.32082130082460697,-1.570266842842102,-0.820266842842102,base,no
5887,0,0,0.24508499107646636,-2.0070748329162598,-0.8820747137069702,base,no
5888,0,0,0.22270012850745968,-2.1751859188079834,-0.9251858592033386,base,No
5889,0,0,0.09534945975773548,-2.9349608421325684,-0.6849607825279236,base,no
5890,0,0,0.18242551491653522,-2.181760549545288,-0.6817604899406433,base,no
5891,0,0,0.22270014914315833,-1.9246928691864014,-0.6746929287910461,base,no
5892,0,0,0.34864513533394575,-1.5590099096298218,-0.9340099096298218,base,no
5893,0,0,0.10669059962643358,-2.597538709640503,-0.4725387692451477,base,No
5894,0,0,0.24508501313237172,-1.8124994039535522,-0.6874994039535522,base,no
5895,0,0,0.24508500210441886,-2.065748929977417,-0.9407488703727722,base,no
5896,0,0,0.3775406828054583,-1.3798201084136963,-0.8798201680183411,base,No
5897,0,0,0.32082130082460697,-1.6333736181259155,-0.8833736181259155,base,no
5898,0,0,0.22270014914315833,-1.9728350639343262,-0.722835123538971,base,no
5899,0,0,0.2689414096510108,-1.7284374237060547,-0.7284373641014099,base,no
5900,0,0,0.20181323186177208,-2.030489206314087,-0.6554892659187317,base,no
5901,0,0,0.37754066879814546,-1.55339515209198,-1.05339515209198,base,No
5902,0,0,0.20181323186177208,-2.1636505126953125,-0.7886505722999573,base,no
5903,0,0,0.20181321265898594,-2.1849255561828613,-0.8099254965782166,base,no
5904,0,0,0.2689414096510108,-1.924015760421753,-0.9240157008171082,base,no
5905,0,0,0.10669059962643358,-2.90153169631958,-0.7765317559242249,base,No
5906,0,0,0.09534945975773548,-2.8011159896850586,-0.5511159300804138,base,no
5907,0,0,0.24508501313237172,-1.9909718036651611,-0.8659718036651611,base,no
5908,0,0,0.18242550602671442,-2.4077858924865723,-0.9077857732772827,base,no
5909,0,0,0.24508500210441886,-1.9106626510620117,-0.7856625914573669,base,no
5910,0,0,0.10669059962643358,-2.8882017135620117,-0.7632017731666565,base,no
5911,0,0,0.2689414213699951,-2.008646249771118,-1.0086462497711182,base,no
5912,0,0,0.4073334000459302,-1.672309160232544,-1.297309160232544,base,No
5913,0,0,0.2942149597859341,-1.681391954421997,-0.8063918948173523,base,No
5914,0,0,0.2689414330889798,-1.9127471446990967,-0.9127472043037415,base,no
5915,0,0,0.22270014914315833,-2.0725271701812744,-0.8225272297859192,base,no
5916,0,0,0.20181321265898594,-2.0989181995391846,-0.7239181399345398,base,no
5917,0,0,0.20181322226037882,-2.181586742401123,-0.806586742401123,base,no
5918,0,0,0.37754066879814546,-1.5625879764556885,-1.0625879764556885,base,no
5919,0,0,0.2942149845400438,-1.7671732902526855,-0.8921733498573303,base,No
5920,0,0,0.24508500210441886,-2.110503673553467,-0.985503613948822,base,no
5921,0,0,0.22270014914315833,-2.0935094356536865,-0.8435094952583313,base,no
5922,0,0,0.20181324146316565,-2.2034049034118652,-0.8284050226211548,base,no
5923,0,0,0.13296424706933604,-2.6241040229797363,-0.7491040825843811,base,no
5924,0,0,0.34864513533394575,-1.664312720298767,-1.039312720298767,base,no
5925,0,0,0.37754066879814546,-1.720305323600769,-1.220305323600769,base,no
5926,0,0,0.1480471980316895,-2.397516965866089,-0.6475169658660889,base,no
5927,0,0,0.20181324146316565,-2.0673203468322754,-0.6923204660415649,base,no
5928,0,0,0.32082130082460697,-1.7812241315841675,-1.0312241315841675,base,no
5929,0,0,0.18242553269617778,-2.1685032844543457,-0.6685033440589905,base,no
5930,0,0,0.18242551491653522,-2.1027066707611084,-0.6027066111564636,base,no
5931,0,0,0.11920293453832885,-2.484292984008789,-0.4842931032180786,base,no
5932,0,0,0.0953494648991095,-2.8439784049987793,-0.5939784049987793,base,no
5933,0,0,0.18242552380635632,-2.159666061401367,-0.6596660614013672,base,no
5934,0,0,0.32082130082460697,-1.822858452796936,-1.072858452796936,base,no
5935,0,0,0.32082130082460697,-1.846855640411377,-1.096855640411377,base,no
5936,0,0,0.16451647108926923,-2.286015033721924,-0.6610150933265686,base,no
5937,0,0,0.29421497216298875,-1.8949966430664062,-1.0199966430664062,base,no
5938,0,0,0.29421497216298875,-1.8446271419525146,-0.9696271419525146,base,no
5939,0,0,0.2942149474088797,-2.0564608573913574,-1.1814607381820679,base,no
5940,0,0,0.1480471829959148,-2.2258410453796387,-0.4758409261703491,base,no
5941,0,0,0.20181323186177208,-2.1663477420806885,-0.7913478016853333,base,no
5942,0,0,0.20181322226037882,-1.8734169006347656,-0.4984169006347656,base,no
5943,0,0,0.37754066879814546,-1.4784395694732666,-0.9784395694732666,base,no
5944,0,0,0.22270011818961086,-2.0954298973083496,-0.8454297780990601,base,no
5945,0,0,0.34864513533394575,-1.4860440492630005,-0.8610440492630005,base,No
5946,0,0,0.11920292828022305,-2.596590042114258,-0.5965901017189026,base,no
5947,0,0,0.2689414330889798,-1.7813255786895752,-0.78132563829422,base,no
5948,0,0,0.2689414448079646,-2.0511813163757324,-1.051181435585022,base,no
5949,0,0,0.2689414213699951,-2.087512493133545,-1.087512493133545,base,no
5950,0,0,0.1645164628965632,-2.4057185649871826,-0.7807185649871826,base,no
5951,0,0,0.1824255415859996,-2.2283315658569336,-0.7283316850662231,base,no
5952,0,0,0.24508500210441886,-2.0142788887023926,-0.8892788290977478,base,no
5953,0,0,0.5,-1.4632731676101685,-1.4632731676101685,base,no
5954,0,0,0.08509904500702024,-2.9307026863098145,-0.5557026863098145,base,no
5955,0,0,0.32082130082460697,-1.8221303224563599,-1.0721303224563599,base,no
5956,0,0,0.32082130082460697,-1.7781388759613037,-1.0281388759613037,base,no
5957,0,0,0.24508501313237172,-1.9392434358596802,-0.8142434358596802,base,no
5958,0,0,0.07585818002124356,-3.0903635025024414,-0.5903635025024414,base,no
5959,0,0,0.16451645470385742,-2.4144182205200195,-0.7894181609153748,base,no
5960,0,0,0.32082130082460697,-1.6981333494186401,-0.9481333494186401,base,no
5961,0,0,0.32082130082460697,-1.942836880683899,-1.192836880683899,base,no
5962,0,0,0.20181324146316565,-2.0051088333129883,-0.6301089525222778,base,no
5963,0,0,0.18242553269617778,-2.2177205085754395,-0.7177205681800842,base,no
5964,0,0,0.32082130082460697,-1.8442891836166382,-1.0942891836166382,base,No
5965,0,0,0.32082130082460697,-1.6157586574554443,-0.8657586574554443,base,no
5966,0,0,0.2689414213699951,-1.988092303276062,-0.988092303276062,base,no
5967,0,0,0.29421497216298875,-1.676566243171692,-0.8015662431716919,base,no
5968,0,0,0.2689414096510108,-1.9751677513122559,-0.9751676917076111,base,no
5969,0,0,0.3775406828054583,-1.3667738437652588,-0.8667739033699036,base,No
5970,0,0,0.07585818419975078,-3.066237211227417,-0.5662372708320618,base,no
5971,0,0,0.10669059394565118,-2.8194243907928467,-0.6944243907928467,base,no
5972,0,1,0.6513548646660542,-0.9356081485748291,-1.560608148574829,base,yes
5973,0,0,0.13296424019782924,-2.570108652114868,-0.6951086521148682,base,no
5974,0,0,0.1645164628965632,-2.3003299236297607,-0.6753299236297607,base,no
5975,0,0,0.1645164628965632,-2.5615203380584717,-0.9365203380584717,base,no
5976,0,0,0.20181321265898594,-2.2697854042053223,-0.8947853446006775,base,no
5977,0,0,0.24508500210441886,-2.016432285308838,-0.8914322257041931,base,no
5978,0,0,0.29421497216298875,-1.9010186195373535,-1.0260186195373535,base,no
5979,0,0,0.1824255415859996,-2.378816604614258,-0.8788167238235474,base,no
5980,0,0,0.24508501313237172,-2.0872652530670166,-0.9622652530670166,base,no
5981,0,1,0.7549150089235336,-1.0766786336898804,-2.20167875289917,base,Yes
5982,0,0,0.32082130082460697,-1.8049498796463013,-1.0549498796463013,base,no
5983,0,0,0.22270013882530884,-2.0147812366485596,-0.7647812366485596,base,no
5984,0,0,0.20181321265898594,-1.9605202674865723,-0.5855202078819275,base,No
5985,0,0,0.22270014914315833,-1.8389151096343994,-0.5889151692390442,base,no
5986,0,0,0.20181321265898594,-2.267092704772949,-0.8920926451683044,base,no
5987,0,0,0.1824255415859996,-2.139915943145752,-0.6399160623550415,base,No
5988,0,0,0.34864513533394575,-1.8740129470825195,-1.2490129470825195,base,No
5989,0,0,0.20181324146316565,-2.2450766563415527,-0.8700767755508423,base,no
5990,0,0,0.08509904964767095,-3.0240836143493652,-0.64908367395401,base,no
5991,0,0,0.20181320305759334,-2.220675468444824,-0.8456753492355347,base,no
5992,0,0,0.4378234991142019,-1.539191484451294,-1.289191484451294,base,No
5993,0,0,0.1645164628965632,-2.467998504638672,-0.8429985046386719,base,no
5994,0,0,0.2227001594610082,-2.0278358459472656,-0.7778359651565552,base,no
5995,0,0,0.20181323186177208,-2.23276948928833,-0.8577695488929749,base,No
5996,0,0,0.34864513533394575,-1.6530145406723022,-1.0280145406723022,base,no
5997,0,0,0.1480471829959148,-2.6175341606140137,-0.8675340414047241,base,no
5998,0,0,0.1645164628965632,-2.410817861557007,-0.7858178615570068,base,no
5999,0,0,0.06008665017400762,-3.2381536960601807,-0.48815369606018066,base,no
