idx,y_true,y_pred,p_yes,lp_yes,lp_no,mode,raw_text
0,1,0,0.5,-0.8899271488189697,-0.8899271488189697,base,No
1,1,1,0.5312093733737563,-0.777146577835083,-0.902146577835083,base,Yes
2,1,1,0.7057850402140659,-0.49742335081100464,-1.3724234104156494,base,Yes
3,1,0,0.24508502416032488,-1.7126224040985107,-0.5876224637031555,base,No
4,1,0,0.22270014398423357,-1.6512703895568848,-0.40127041935920715,base,No
5,1,0,0.4073334000459302,-1.0197975635528564,-0.6447975635528564,base,No
6,1,0,0.3208212878370535,-1.2350995540618896,-0.4850994944572449,base,No
7,1,0,0.26894141551050293,-1.4879851341247559,-0.48798510432243347,base,No
8,1,1,0.7057850340255386,-0.4979442059993744,-1.3729442358016968,base,Yes
9,1,1,0.5312093733737563,-0.8463437557220459,-0.9713437557220459,base,Yes
10,1,0,0.11920291263495983,-2.260371446609497,-0.2603713572025299,base,No
11,1,0,0.22270013882530884,-1.7542142868041992,-0.5042142868041992,base,No
12,1,0,0.5,-0.8981032371520996,-0.8981032371520996,base,No
13,1,0,0.1480472055495773,-2.1282289028167725,-0.37822896242141724,base,No
14,1,0,0.5,-0.8416910767555237,-0.8416910767555237,base,No
15,1,0,0.29421497216298875,-1.5694260597229004,-0.6944260597229004,base,No
16,1,0,0.2942149783515162,-1.339455008506775,-0.4644550383090973,base,No
17,1,0,0.2689414213699951,-1.6387842893600464,-0.6387842893600464,base,No
18,1,0,0.34864513533394575,-1.260854721069336,-0.6358547210693359,base,No
19,1,0,0.32082130082460697,-1.3905147314071655,-0.6405147314071655,base,No
20,1,0,0.37754066879814546,-1.2875417470932007,-0.7875417470932007,base,No
21,1,0,0.22270013882530884,-1.7066545486450195,-0.45665454864501953,base,No
22,1,1,0.7310585669110203,-0.4814472794532776,-1.4814472198486328,base,Yes
23,1,0,0.3775406828054583,-1.2290351390838623,-0.7290351986885071,base,No
24,1,1,0.914900957313305,-0.26549288630485535,-2.6404929161071777,base,Yes
25,1,0,0.4378234991142019,-1.1062572002410889,-0.8562572002410889,base,No
26,1,1,0.7057850402140659,-0.5254184603691101,-1.4004185199737549,base,Yes
27,1,0,0.11920293453832885,-2.321869373321533,-0.32186949253082275,base,No
28,1,1,0.6513548511303336,-0.6076560616493225,-1.2326560020446777,base,Yes
29,1,1,0.6791786861878392,-0.48132044076919556,-1.2313203811645508,base,Yes
30,1,0,0.34864513533394575,-1.163674235343933,-0.5386742353439331,base,No
31,1,0,0.3775406828054583,-1.2595794200897217,-0.7595794796943665,base,No
32,1,0,0.32082130082460697,-1.3243807554244995,-0.5743807554244995,base,No
33,1,1,0.7310585786300049,-0.5896234512329102,-1.5896234512329102,base,Yes
34,1,0,0.5,-0.9409667253494263,-0.9409667253494263,base,No
35,1,0,0.13296424706933604,-2.262091636657715,-0.3870916962623596,base,No
36,1,0,0.18242553269617778,-2.01357364654541,-0.5135737061500549,base,No
37,1,1,0.7549149868676283,-0.7233425378799438,-1.8483425378799438,base,Yes
38,1,0,0.18242552380635632,-1.9201704263687134,-0.4201704263687134,base,No
39,1,0,0.08509904268669496,-2.618995428085327,-0.24399539828300476,base,No
40,1,1,0.5926665855647394,-0.7545652985572815,-1.1295652389526367,base,Yes
41,1,0,0.2942149597859341,-1.4508297443389893,-0.5758296847343445,base,No
42,1,0,0.14804718675485834,-2.1597719192504883,-0.4097718298435211,base,No
43,1,0,0.34864513533394575,-1.3218677043914795,-0.6968677043914795,base,No
44,1,1,0.5312093733737563,-0.7525765299797058,-0.8775765299797058,base,Yes
45,1,0,0.40733341443526055,-1.1232147216796875,-0.7482147812843323,base,No
46,1,0,0.20181321265898594,-1.7774672508239746,-0.40246719121932983,base,No
47,1,0,0.2689414213699951,-1.6299642324447632,-0.6299642324447632,base,No
48,1,0,0.46879062662624377,-0.8221893906593323,-0.6971893906593323,base,No
49,1,0,0.24508501313237172,-1.6621508598327637,-0.5371508598327637,base,No
50,1,0,0.4073334000459302,-1.0524545907974243,-0.6774545907974243,base,No
51,1,1,0.7310585786300049,-0.5307557582855225,-1.5307557582855225,base,Yes
52,1,0,0.3775406547908327,-1.1306586265563965,-0.6306585669517517,base,No
53,1,1,0.5926665855647394,-0.6473613381385803,-1.0223612785339355,base,Yes
54,1,1,0.7981867729389246,-0.367832213640213,-1.7428321838378906,base,Yes
55,1,0,0.4378234844434674,-1.090386152267456,-0.8403860926628113,base,No
56,1,0,0.1645164628965632,-2.0792858600616455,-0.4542858600616455,base,No
57,1,0,0.13296423676207594,-2.1584651470184326,-0.28346511721611023,base,No
58,1,0,0.29421497216298875,-1.4438145160675049,-0.5688145160675049,base,No
59,1,0,0.2689414213699951,-1.4601118564605713,-0.4601118564605713,base,No
60,1,0,0.4378234991142019,-0.9691386222839355,-0.7191386222839355,base,No
61,1,0,0.22270014398423357,-1.7424873113632202,-0.4924873411655426,base,No
62,1,0,0.20181322226037882,-1.793853759765625,-0.418853759765625,base,No
63,1,1,0.6513548646660542,-0.5978760719299316,-1.2228760719299316,base,Yes
64,1,0,0.2689414213699951,-1.5305060148239136,-0.5305060148239136,base,No
65,1,0,0.5,-0.8632639646530151,-0.8632639646530151,base,No
66,1,0,0.18242553269617778,-2.0548136234283447,-0.5548136830329895,base,No
67,1,0,0.34864513533394575,-1.2988708019256592,-0.6738708019256592,base,No
68,1,0,0.37754066879814546,-1.0436921119689941,-0.5436921119689941,base,No
69,1,1,0.9465966649272521,-0.20031248033046722,-3.075312376022339,base,Yes
70,1,0,0.13296425394084313,-2.381181240081787,-0.5061813592910767,base,No
71,1,0,0.11920292358664389,-2.2470626831054688,-0.24706269800662994,base,No
72,1,1,0.8519528019683106,-0.3145627975463867,-2.0645627975463867,base,Yes
73,1,0,0.3486451217982255,-1.1612837314605713,-0.5362836718559265,base,No
74,1,0,0.1645164628965632,-2.147614002227783,-0.5226140022277832,base,No
75,1,0,0.4378234844434674,-1.01059889793396,-0.7605988383293152,base,No
76,1,0,0.13296424019782924,-2.3362882137298584,-0.4612882137298584,base,No
77,1,1,0.5621765155565327,-0.7992410063743591,-1.049241065979004,base,Yes
78,1,1,0.7057850340255386,-0.45088741183280945,-1.3258874416351318,base,Yes
79,1,0,0.4378234991142019,-0.9325920343399048,-0.6825920343399048,base,No
80,1,0,0.3775406828054583,-1.1815235614776611,-0.6815236210823059,base,No
81,1,1,0.6513548782017746,-0.5757295489311218,-1.2007296085357666,base,Yes
82,1,0,0.37754066879814546,-1.1439299583435059,-0.6439299583435059,base,No
83,1,0,0.29421497216298875,-1.3384149074554443,-0.46341490745544434,base,No
84,1,0,0.3208212878370535,-1.3132953643798828,-0.563295304775238,base,No
85,1,0,0.1645164628965632,-1.9921082258224487,-0.36710822582244873,base,No
86,1,0,0.24508500210441886,-1.5628390312194824,-0.43783897161483765,base,No
87,1,0,0.2689414096510108,-1.5734310150146484,-0.5734309554100037,base,No
88,1,0,0.5,-0.8769373893737793,-0.8769373893737793,base,No
89,1,1,0.5312093733737563,-0.7637542486190796,-0.8887542486190796,base,Yes
90,1,0,0.22270014914315833,-1.7405261993408203,-0.4905262589454651,base,No
91,1,0,0.20181323186177208,-1.7139918804168701,-0.3389919400215149,base,No
92,1,0,0.46879062662624377,-0.9786224365234375,-0.8536224365234375,base,No
93,1,0,0.04208772671409796,-3.4683330059051514,-0.343332976102829,base,No
94,1,0,0.2018132174596823,-1.774357557296753,-0.39935752749443054,base,No
95,1,0,0.4073334000459302,-0.9434621930122375,-0.5684621930122375,base,No
96,1,0,0.3486451421018059,-1.1039631366729736,-0.478963166475296,base,No
97,1,0,0.46879062662624377,-0.8530559539794922,-0.7280559539794922,base,No
98,1,0,0.22270013882530884,-1.7532191276550293,-0.5032191276550293,base,No
99,1,0,0.4378234991142019,-0.9192514419555664,-0.6692514419555664,base,No
100,1,0,0.32082130082460697,-1.3311928510665894,-0.5811928510665894,base,No
101,1,0,0.1329642333263228,-2.222959041595459,-0.3479589819908142,base,No
102,1,0,0.14804718675485834,-2.23708176612854,-0.4870816767215729,base,No
103,1,0,0.32082130082460697,-1.211860179901123,-0.46186017990112305,base,No
104,1,0,0.3486451217982255,-1.1762070655822754,-0.5512070059776306,base,No
105,1,0,0.46879062662624377,-0.9753941893577576,-0.8503941893577576,base,No
106,1,0,0.11920293140927592,-2.2854092121124268,-0.2854093015193939,base,No
107,1,0,0.32082130082460697,-1.3618340492248535,-0.6118340492248535,base,No
108,1,0,0.46879062662624377,-0.9620282649993896,-0.8370282649993896,base,No
109,1,0,0.06754669864792355,-2.935354709625244,-0.3103548288345337,base,No
110,1,1,0.6513548511303336,-0.5604766011238098,-1.185476541519165,base,Yes
111,1,1,0.5312093733737563,-0.8624820709228516,-0.9874820709228516,base,Yes
112,1,0,0.16451645880021026,-2.0432586669921875,-0.4182586371898651,base,No
113,1,1,0.5312093733737563,-0.9776672124862671,-1.102667212486267,base,Yes
114,1,0,0.14804719427274565,-2.0921552181243896,-0.34215518832206726,base,No
115,1,0,0.2689414330889798,-1.437124490737915,-0.4371245503425598,base,No
116,1,1,0.9626731115849659,-0.2772839367389679,-3.5272839069366455,base,Yes
117,1,1,0.679178699175393,-0.5518072843551636,-1.3018072843551636,base,Yes
118,1,0,0.4073334000459302,-0.983566403388977,-0.608566403388977,base,No
119,1,0,0.4378234991142019,-1.1349530220031738,-0.8849530220031738,base,No
120,1,0,0.3775406547908327,-1.2453346252441406,-0.7453345656394958,base,No
121,1,0,0.1329642333263228,-2.222195863723755,-0.3471958041191101,base,No
122,1,0,0.18242551936144574,-1.8677663803100586,-0.3677663505077362,base,No
123,1,0,0.24508500210441886,-1.7613818645477295,-0.6363818049430847,base,No
124,1,0,0.11920293140927592,-2.3255114555358887,-0.32551154494285583,base,No
125,1,1,0.9399133481428692,-0.2614782154560089,-3.0114781856536865,base,Yes
126,1,0,0.22270012850745968,-1.7130413055419922,-0.4630412459373474,base,No
127,1,0,0.29421497216298875,-1.5389420986175537,-0.6639420986175537,base,No
128,1,0,0.3208213138121609,-1.3759005069732666,-0.6259005665779114,base,No
129,1,1,0.5621765008857981,-0.6401653289794922,-0.8901653289794922,base,Yes
130,1,0,0.1645164792819756,-2.179446220397949,-0.5544463396072388,base,No
131,1,1,0.679178699175393,-0.5232282876968384,-1.2732282876968384,base,Yes
132,1,0,0.46879062662624377,-0.9196940064430237,-0.7946940064430237,base,No
133,1,0,0.20181323186177208,-1.8641924858093262,-0.48919254541397095,base,No
134,1,1,0.6224593312018546,-0.6163409948348999,-1.1163409948349,base,Yes
135,1,0,0.2689414213699951,-1.4115103483200073,-0.4115103483200073,base,No
136,1,0,0.32082130082460697,-1.3702049255371094,-0.6202049255371094,base,No
137,1,1,0.6224593312018546,-0.6375558376312256,-1.1375558376312256,base,Yes
138,1,0,0.2689414096510108,-1.5604441165924072,-0.5604440569877625,base,No
139,1,0,0.2689414330889798,-1.769256353378296,-0.7692564129829407,base,No
140,1,1,0.5312093733737563,-0.7736705541610718,-0.8986705541610718,base,Yes
141,1,1,0.5312093733737563,-0.866956889629364,-0.991956889629364,base,Yes
142,1,0,0.22270014914315833,-1.777956247329712,-0.5279563069343567,base,No
143,1,0,0.2689414330889798,-1.4890916347503662,-0.489091694355011,base,No
144,1,0,0.4378234991142019,-0.9659226536750793,-0.7159226536750793,base,No
145,1,0,0.4378234991142019,-1.091593861579895,-0.841593861579895,base,No
146,1,1,0.5621765008857981,-0.7420268654823303,-0.9920268654823303,base,Yes
147,1,0,0.2689414213699951,-1.5501424074172974,-0.5501424074172974,base,No
148,1,0,0.22270011818961086,-2.095900058746338,-0.8458999395370483,base,no
149,1,0,0.2942149845400438,-1.5772745609283447,-0.7022746205329895,base,No
150,1,0,0.4378234991142019,-1.1144123077392578,-0.8644123077392578,base,No
151,1,1,0.5312093733737563,-0.7438175678253174,-0.8688175678253174,base,Yes
152,1,0,0.3208213138121609,-1.3034098148345947,-0.5534098744392395,base,No
153,1,1,0.8175744761936437,-0.4368109703063965,-1.9368109703063965,base,Yes
154,1,0,0.2689414096510108,-1.52524995803833,-0.5252498984336853,base,No
155,1,1,0.8175744673038221,-0.38973742723464966,-1.8897373676300049,base,Yes
156,1,0,0.4073334000459302,-1.1398625373840332,-0.7648625373840332,base,No
157,1,0,0.4378234991142019,-0.9669197797775269,-0.7169197797775269,base,No
158,1,1,0.6791787121629466,-0.5939804911613464,-1.3439805507659912,base,Yes
159,1,0,0.24508502416032488,-1.5322504043579102,-0.40725046396255493,base,No
160,1,1,0.7310585903489892,-0.49489349126815796,-1.4948935508728027,base,Yes
161,1,0,0.3208212878370535,-1.3644020557403564,-0.6144019961357117,base,No
162,1,0,0.3775406828054583,-1.1098175048828125,-0.6098175644874573,base,No
163,1,0,0.32082130082460697,-1.3868855237960815,-0.6368855237960815,base,No
164,1,1,0.6224593312018546,-0.5883458852767944,-1.0883458852767944,base,Yes
165,1,0,0.16451646699291617,-2.0483052730560303,-0.42330530285835266,base,No
166,1,0,0.1645164506075047,-2.12211537361145,-0.49711528420448303,base,No
167,1,0,0.5,-0.9307021498680115,-0.9307021498680115,base,No
168,1,0,0.24508500761839525,-1.5849698781967163,-0.4599698483943939,base,No
169,1,0,0.3775406547908327,-1.1792454719543457,-0.6792454123497009,base,No
170,1,1,0.5312093733737563,-0.855518102645874,-0.980518102645874,base,Yes
171,1,0,0.13296424019782924,-2.194948673248291,-0.319948673248291,base,No
172,1,0,0.3486451217982255,-1.2658264636993408,-0.640826404094696,base,No
173,1,0,0.34864513533394575,-1.3425209522247314,-0.7175209522247314,base,No
174,1,0,0.2689414272294874,-1.490946888923645,-0.4909469187259674,base,No
175,1,0,0.4073334000459302,-1.1330435276031494,-0.7580435276031494,base,No
176,1,0,0.37754066879814546,-1.1601976156234741,-0.6601976156234741,base,No
177,1,1,0.7549149813536518,-0.4108438789844513,-1.535843849182129,base,Yes
178,1,0,0.40733341443526055,-1.0197064876556396,-0.6447065472602844,base,No
179,1,1,0.7772998611746911,-0.753460168838501,-2.003460168838501,base,Yes
180,1,1,0.5312093733737563,-0.732486367225647,-0.857486367225647,base,Yes
181,1,1,0.5926665999540697,-0.6116948127746582,-0.9866948127746582,base,Yes
182,1,0,0.3775406547908327,-1.12955641746521,-0.6295563578605652,base,No
183,1,0,0.46879062662624377,-0.9718620777130127,-0.8468620777130127,base,No
184,1,0,0.09534947004048376,-2.8331246376037598,-0.5831246972084045,base,No
185,1,0,0.24508502416032488,-1.615821123123169,-0.4908211827278137,base,No
186,1,0,0.5,-0.8966354727745056,-0.8966354727745056,base,No
187,1,0,0.2689414213699951,-1.5206375122070312,-0.5206375122070312,base,No
188,1,0,0.34864513533394575,-1.2680381536483765,-0.6430381536483765,base,No
189,1,0,0.16451647518562237,-2.046398878097534,-0.42139896750450134,base,No
190,1,0,0.24508501313237172,-1.646745204925537,-0.5217452049255371,base,No
191,1,0,0.24508501313237172,-1.9360615015029907,-0.8110615015029907,base,No
192,1,0,0.32082130082460697,-1.294629454612732,-0.5446294546127319,base,No
193,1,0,0.16451645470385742,-2.241476058959961,-0.6164759993553162,base,No
194,1,0,0.3208212878370535,-1.6229135990142822,-0.8729135394096375,base,No
195,1,0,0.1645164628965632,-2.0811972618103027,-0.45619726181030273,base,No
196,1,1,0.5926665999540697,-0.6787618398666382,-1.0537618398666382,base,Yes
197,1,0,0.46879062662624377,-0.9878131151199341,-0.8628131151199341,base,No
198,1,0,0.3775406547908327,-1.2041699886322021,-0.7041699290275574,base,No
199,1,1,0.8519527982093668,-0.30254796147346497,-2.0525479316711426,base,Yes
200,1,1,0.679178699175393,-0.5544525384902954,-1.3044525384902954,base,Yes
201,1,0,0.22270014398423357,-1.676242470741272,-0.42624250054359436,base,No
202,1,0,0.37754066879814546,-1.1550415754318237,-0.6550415754318237,base,No
203,1,1,0.6791786861878392,-0.5047093033790588,-1.254709243774414,base,Yes
204,1,1,0.6513548782017746,-0.5496367812156677,-1.1746368408203125,base,Yes
205,1,0,0.34864513533394575,-1.303840160369873,-0.678840160369873,base,No
206,1,0,0.32082130082460697,-1.2671817541122437,-0.5171817541122437,base,No
207,1,0,0.4378234844434674,-1.0105187892913818,-0.7605187296867371,base,No
208,1,0,0.29421496597446145,-1.3124666213989258,-0.4374665915966034,base,No
209,1,1,0.5312093733737563,-0.7676939964294434,-0.8926939964294434,base,Yes
210,1,0,0.16451645470385742,-1.9081194400787354,-0.2831193804740906,base,No
211,1,1,0.7981867777396212,-0.3731333017349243,-1.7481333017349243,base,Yes
212,1,0,0.1480471980316895,-2.2069203853607178,-0.4569203853607178,base,No
213,1,0,0.34864513533394575,-1.167269229888916,-0.542269229888916,base,No
214,1,0,0.4073334000459302,-1.2070591449737549,-0.8320591449737549,base,No
215,1,0,0.46879062662624377,-0.9320316314697266,-0.8070316314697266,base,No
216,1,0,0.37754066879814546,-1.2123228311538696,-0.7123228311538696,base,No
217,1,1,0.5312093733737563,-0.7694076299667358,-0.8944076299667358,base,Yes
218,1,0,0.24508500761839525,-1.5665485858917236,-0.44154855608940125,base,No
219,1,0,0.16451646699291617,-2.025700807571411,-0.4007008373737335,base,No
220,1,1,0.9399133464597458,-0.3056665062904358,-3.055666446685791,base,Yes
221,1,0,0.2018132174596823,-1.8221594095230103,-0.44715937972068787,base,No
222,1,1,0.5621765008857981,-0.6853016018867493,-0.9353016018867493,base,Yes
223,1,1,0.5312093733737563,-0.9546823501586914,-1.0796823501586914,base,Yes
224,1,0,0.32082130082460697,-1.3765218257904053,-0.6265218257904053,base,No
225,1,0,0.2689414213699951,-1.8805232048034668,-0.8805232048034668,base,No
226,1,1,0.6224593312018546,-0.7530641555786133,-1.2530641555786133,base,Yes
227,1,1,0.6513548646660542,-0.5848844051361084,-1.2098844051361084,base,Yes
228,1,0,0.22270013882530884,-1.7762973308563232,-0.5262973308563232,base,No
229,1,0,0.4378234991142019,-1.0289971828460693,-0.7789971828460693,base,No
230,1,1,0.6513548646660542,-0.6858110427856445,-1.3108110427856445,base,Yes
231,1,0,0.5,-0.8761452436447144,-0.8761452436447144,base,No
232,1,0,0.22270013882530884,-1.6827332973480225,-0.43273329734802246,base,No
233,1,0,0.32082130082460697,-1.3697251081466675,-0.6197251081466675,base,No
234,1,0,0.18242553269617778,-1.9444847106933594,-0.44448477029800415,base,No
235,1,1,0.8175744806385543,-0.4116508662700653,-1.9116508960723877,base,Yes
236,1,0,0.4378234991142019,-0.9985840916633606,-0.7485840916633606,base,No
237,1,0,0.2689414213699951,-1.7697205543518066,-0.7697205543518066,base,No
238,1,0,0.09534945975773548,-2.754720449447632,-0.5047203898429871,base,No
239,1,0,0.16451647108926923,-2.153097152709961,-0.5280972123146057,base,No
240,1,0,0.1329642333263228,-2.310476303100586,-0.43547624349594116,base,No
241,1,1,0.7057850154599563,-0.4624488949775696,-1.3374488353729248,base,Yes
242,1,0,0.2689414213699951,-1.480284333229065,-0.48028433322906494,base,No
243,1,1,0.5926665999540697,-0.6831238269805908,-1.0581238269805908,base,Yes
244,1,0,0.2942149597859341,-1.3320326805114746,-0.45703262090682983,base,No
245,1,0,0.4378234991142019,-0.9958390593528748,-0.7458390593528748,base,No
246,1,0,0.5,-0.8770723342895508,-0.8770723342895508,base,No
247,1,0,0.18242551936144574,-1.8386566638946533,-0.33865663409233093,base,No
248,1,1,0.5621765155565327,-0.8966280817985535,-1.1466281414031982,base,Yes
249,1,1,0.5926665999540697,-0.8575445413589478,-1.2325445413589478,base,Yes
250,1,0,0.20181323186177208,-1.8432650566101074,-0.4682651162147522,base,No
251,1,0,0.24508501313237172,-1.6966172456741333,-0.5716172456741333,base,No
252,1,0,0.46879062662624377,-0.9756807684898376,-0.8506807684898376,base,No
253,1,0,0.24508500210441886,-1.6476891040802002,-0.5226890444755554,base,No
254,1,0,0.1645164792819756,-2.1303000450134277,-0.5053001642227173,base,No
255,1,0,0.4073334000459302,-1.1632606983184814,-0.7882606983184814,base,No
256,1,0,0.34864513533394575,-1.3788050413131714,-0.7538050413131714,base,No
257,1,1,0.893309411735131,-0.49269646406173706,-2.617696523666382,base,Yes
258,1,0,0.4378235137849365,-1.0079503059387207,-0.7579503655433655,base,No
259,1,0,0.4378234991142019,-0.920221745967865,-0.670221745967865,base,No
260,1,1,0.7057850154599563,-0.5435662865638733,-1.4185662269592285,base,Yes
261,1,0,0.16451645880021026,-1.9908515214920044,-0.365851491689682,base,No
262,1,0,0.3775406828054583,-1.1802563667297363,-0.6802564263343811,base,No
263,1,1,0.5621764862150634,-0.7826116681098938,-1.032611608505249,base,Yes
264,1,1,0.5621765008857981,-0.6730987429618835,-0.9230987429618835,base,Yes
265,1,0,0.4073333856566001,-1.183136224746704,-0.8081361651420593,base,No
266,1,0,0.5,-0.9703652858734131,-0.9703652858734131,base,No
267,1,0,0.22270013882530884,-1.939630150794983,-0.6896301507949829,base,No
268,1,0,0.4378234844434674,-1.0016183853149414,-0.7516183257102966,base,No
269,1,0,0.3775406828054583,-1.179645299911499,-0.6796453595161438,base,No
270,1,0,0.46879062662624377,-0.949998140335083,-0.824998140335083,base,No
271,1,1,0.7310585786300049,-0.5272765159606934,-1.5272765159606934,base,Yes
272,1,0,0.20181322226037882,-1.7800291776657104,-0.40502917766571045,base,No
273,1,1,0.731058584489497,-0.4389971196651459,-1.4389971494674683,base,Yes
274,1,0,0.24508502416032488,-1.6424362659454346,-0.5174363255500793,base,No
275,1,0,0.34864513533394575,-1.2854684591293335,-0.6604684591293335,base,No
276,1,0,0.3775406828054583,-1.1646003723144531,-0.6646004319190979,base,No
277,1,1,0.7772998560157665,-0.4382157623767853,-1.688215732574463,base,Yes
278,1,0,0.18242551936144574,-1.9139862060546875,-0.4139861762523651,base,No
279,1,1,0.9046505402422645,-0.2834407687187195,-2.5334408283233643,base,Yes
280,1,0,0.18242552380635632,-1.8763890266418457,-0.3763890266418457,base,No
281,1,0,0.20181322226037882,-1.8183515071868896,-0.44335150718688965,base,No
282,1,0,0.1480471980316895,-2.1961669921875,-0.4461669921875,base,No
283,1,0,0.16451647108926923,-2.1003198623657227,-0.47531992197036743,base,No
284,1,1,0.8670357649558007,-0.24717684090137482,-2.1221768856048584,base,Yes
285,1,0,0.22270013366638422,-1.6433064937591553,-0.3933064639568329,base,No
286,1,0,0.4378234991142019,-0.9632040858268738,-0.7132040858268738,base,No
287,1,0,0.4378234991142019,-1.0043796300888062,-0.7543796300888062,base,No
288,1,0,0.2689414213699951,-1.527370572090149,-0.5273705720901489,base,No
289,1,1,0.5312093733737563,-0.8130422830581665,-0.9380422830581665,base,Yes
290,1,1,0.5926665999540697,-0.6425981521606445,-1.0175981521606445,base,Yes
291,1,0,0.24508501313237172,-1.7217381000518799,-0.5967381000518799,base,No
292,1,0,0.10669058826486906,-2.5421926975250244,-0.41719263792037964,base,No
293,1,0,0.22270014914315833,-1.6916611194610596,-0.44166117906570435,base,No
294,1,1,0.5312093733737563,-0.7580475807189941,-0.8830475807189941,base,Yes
295,1,0,0.16451647108926923,-1.944383144378662,-0.3193832039833069,base,No
296,1,0,0.4073334000459302,-1.1243057250976562,-0.7493057250976562,base,No
297,1,0,0.14804720930852133,-2.1113193035125732,-0.3613193929195404,base,No
298,1,1,0.880797071719777,-0.443970263004303,-2.443970203399658,base,Yes
299,1,0,0.29421496597446145,-1.3347856998443604,-0.45978567004203796,base,No
300,1,0,0.20181322226037882,-1.8613464832305908,-0.4863464832305908,base,No
301,1,0,0.16451647108926923,-2.0933210849761963,-0.46832114458084106,base,No
302,1,1,0.731058584489497,-0.4234860837459564,-1.4234861135482788,base,Yes
303,1,0,0.18242553269617778,-1.910325527191162,-0.4103255867958069,base,No
304,1,0,0.3775406547908327,-1.1869685649871826,-0.6869685053825378,base,No
305,1,0,0.4378234991142019,-0.9647772908210754,-0.7147772908210754,base,No
306,1,0,0.3486451488696663,-1.3547942638397217,-0.7297943234443665,base,No
307,1,0,0.2942149845400438,-1.5816714763641357,-0.7066715359687805,base,No
308,1,0,0.11920290950590741,-2.31638240814209,-0.3163822889328003,base,No
309,1,1,0.679178699175393,-0.5768036842346191,-1.3268036842346191,base,Yes
310,1,0,0.2018132174596823,-1.8008984327316284,-0.42589840292930603,base,No
311,1,0,0.4378234991142019,-1.0091091394424438,-0.7591091394424438,base,No
312,1,0,0.3775406828054583,-1.1143407821655273,-0.6143408417701721,base,No
313,1,0,0.4378235137849365,-1.0932390689849854,-0.8432391285896301,base,No
314,1,0,0.22270013882530884,-1.9949266910552979,-0.7449266910552979,base,No
315,1,0,0.4073334000459302,-1.0338215827941895,-0.6588215827941895,base,No
316,1,0,0.5,-1.033207654953003,-1.033207654953003,base,No
317,1,0,0.34864513533394575,-1.3428741693496704,-0.7178741693496704,base,No
318,1,0,0.3486451217982255,-1.138056755065918,-0.5130566954612732,base,No
319,1,0,0.3775406547908327,-1.07643723487854,-0.5764371752738953,base,No
320,1,0,0.22270013882530884,-1.7464174032211304,-0.49641740322113037,base,No
321,1,0,0.3208212878370535,-1.293809175491333,-0.5438091158866882,base,No
322,1,0,0.2689414096510108,-1.4183950424194336,-0.4183949828147888,base,No
323,1,1,0.5621765008857981,-0.7303454279899597,-0.9803454279899597,base,Yes
324,1,0,0.46879062662624377,-0.9892755150794983,-0.8642755150794983,base,No
325,1,1,0.7549149868676283,-0.6703442335128784,-1.7953442335128784,base,Yes
326,1,0,0.2689414213699951,-1.5327794551849365,-0.5327794551849365,base,No
327,1,1,0.7549149868676283,-0.5781362056732178,-1.7031362056732178,base,Yes
328,1,1,0.5312093733737563,-1.0301913022994995,-1.1551913022994995,base,Yes
329,1,1,0.754914997895581,-0.38536256551742554,-1.5103626251220703,base,Yes
330,1,0,0.46879062662624377,-0.8822320103645325,-0.7572320103645325,base,No
331,1,0,0.2018132270610754,-1.7561858892440796,-0.381185919046402,base,No
332,1,0,0.5,-0.8688991069793701,-0.8688991069793701,base,No
333,1,0,0.1645164628965632,-2.346710443496704,-0.7217104434967041,base,No
334,1,0,0.34864513533394575,-1.226629376411438,-0.601629376411438,base,No
335,1,1,0.5926665999540697,-0.6268738508224487,-1.0018738508224487,base,Yes
336,1,0,0.34864513533394575,-1.3992059230804443,-0.7742059230804443,base,No
337,1,0,0.2689414272294874,-1.4658255577087402,-0.4658255875110626,base,No
338,1,0,0.37754066879814546,-1.200317144393921,-0.7003171443939209,base,No
339,1,0,0.46879062662624377,-1.024071216583252,-0.899071216583252,base,No
340,1,1,0.6224593452091672,-0.6390528082847595,-1.1390528678894043,base,Yes
341,1,0,0.14804720179063335,-2.0327651500701904,-0.2827651798725128,base,No
342,1,0,0.26894141551050293,-1.4272735118865967,-0.4272734820842743,base,No
343,1,0,0.46879061178313897,-1.0200557708740234,-0.8950557112693787,base,No
344,1,1,0.5926665999540697,-0.6528985500335693,-1.0278985500335693,base,Yes
345,1,0,0.16451647518562237,-2.0145766735076904,-0.3895767629146576,base,No
346,1,0,0.18242553269617778,-1.9037740230560303,-0.40377408266067505,base,No
347,1,0,0.29421497216298875,-1.4224551916122437,-0.5474551916122437,base,No
348,1,1,0.6513548646660542,-0.5813374519348145,-1.2063374519348145,base,Yes
349,1,0,0.34864513533394575,-1.1852662563323975,-0.5602662563323975,base,No
350,1,1,0.6513548646660542,-0.6526366472244263,-1.2776366472244263,base,Yes
351,1,0,0.2018132270610754,-1.8028279542922974,-0.42782798409461975,base,No
352,1,0,0.32082130082460697,-1.3733433485031128,-0.6233433485031128,base,No
353,1,0,0.3208213138121609,-1.2864868640899658,-0.5364869236946106,base,No
354,1,0,0.3208212878370535,-1.4199819564819336,-0.6699818968772888,base,No
355,1,1,0.817574471748733,-0.3861595690250397,-1.8861595392227173,base,Yes
356,1,0,0.29421497216298875,-1.414840579032898,-0.539840579032898,base,No
357,1,0,0.10669058826486906,-2.4211621284484863,-0.29616206884384155,base,No
358,1,0,0.10669059962643358,-2.4757981300354004,-0.35079818964004517,base,No
359,1,0,0.3208213138121609,-1.333486557006836,-0.5834866166114807,base,No
360,1,1,0.5621765008857981,-0.8399966955184937,-1.0899966955184937,base,Yes
361,1,1,0.5926665999540697,-0.6994103193283081,-1.074410319328308,base,Yes
362,1,0,0.4073334000459302,-1.0926021337509155,-0.7176021337509155,base,No
363,1,0,0.0850990357257195,-2.6390528678894043,-0.26405274868011475,base,No
364,1,1,0.7057850278370112,-0.5265014171600342,-1.4015014171600342,base,Yes
365,1,1,0.9465966732132748,-0.2752036452293396,-3.1502037048339844,base,Yes
366,1,0,0.5,-0.8171351552009583,-0.8171351552009583,base,No
367,1,0,0.3775406828054583,-1.1742806434631348,-0.6742807030677795,base,No
368,1,0,0.22270013882530884,-1.8299155235290527,-0.5799155235290527,base,No
369,1,1,0.5926665999540697,-0.7115358114242554,-1.0865358114242554,base,Yes
370,1,0,0.14804719427274565,-2.107131004333496,-0.3571309745311737,base,No
371,1,0,0.4378234991142019,-0.9742173552513123,-0.7242173552513123,base,No
372,1,0,0.16451646699291617,-1.9702112674713135,-0.34521129727363586,base,No
373,1,0,0.29421497216298875,-1.4311391115188599,-0.5561391115188599,base,No
374,1,0,0.37754066879814546,-1.1205366849899292,-0.6205366849899292,base,No
375,1,0,0.32082130082460697,-1.2707141637802124,-0.5207141637802124,base,No
376,1,0,0.4378234991142019,-1.0400724411010742,-0.7900724411010742,base,No
377,1,0,0.22270011818961086,-2.1263785362243652,-0.8763784170150757,base,no
378,1,0,0.24508501864634827,-1.572145700454712,-0.4471457302570343,base,No
379,1,0,0.22270013882530884,-1.9501649141311646,-0.7001649141311646,base,No
380,1,0,0.2689414213699951,-1.5168384313583374,-0.5168384313583374,base,No
381,1,0,0.3208213138121609,-1.2849435806274414,-0.5349436402320862,base,No
382,1,0,0.20181321265898594,-1.9632666110992432,-0.5882665514945984,base,No
383,1,1,0.5312093733737563,-0.7338395714759827,-0.8588395714759827,base,Yes
384,1,0,0.18242553269617778,-2.071054220199585,-0.5710542798042297,base,No
385,1,0,0.2689414213699951,-1.6588070392608643,-0.6588070392608643,base,No
386,1,0,0.2018132270610754,-1.8069355487823486,-0.431935578584671,base,No
387,1,0,0.37754066879814546,-1.0714136362075806,-0.5714136362075806,base,No
388,1,0,0.29421497216298875,-1.4138551950454712,-0.5388551950454712,base,No
389,1,0,0.3775406547908327,-1.2302076816558838,-0.730207622051239,base,No
390,1,0,0.1645164792819756,-2.1351871490478516,-0.5101872682571411,base,No
391,1,0,0.22270013882530884,-1.816402792930603,-0.566402792930603,base,No
392,1,1,0.5312093733737563,-0.867229163646698,-0.992229163646698,base,Yes
393,1,1,0.679178699175393,-0.5392061471939087,-1.2892061471939087,base,Yes
394,1,0,0.32082130082460697,-1.2895816564559937,-0.5395816564559937,base,No
395,1,0,0.46879062662624377,-0.9008954167366028,-0.7758954167366028,base,No
396,1,1,0.5312093733737563,-0.7683364152908325,-0.8933364152908325,base,Yes
397,1,0,0.4378234844434674,-1.0233521461486816,-0.7733520865440369,base,No
398,1,0,0.40733341443526055,-1.1394071578979492,-0.764407217502594,base,No
399,1,1,0.6224593171945417,-0.6274588704109192,-1.1274588108062744,base,Yes
400,1,0,0.4073334000459302,-1.0602306127548218,-0.6852306127548218,base,No
401,1,0,0.5,-0.8726695775985718,-0.8726695775985718,base,No
402,1,0,0.13296424019782924,-2.2588119506835938,-0.38381195068359375,base,No
403,1,0,0.3775406547908327,-1.1461882591247559,-0.6461881995201111,base,No
404,1,0,0.2689414213699951,-1.5224720239639282,-0.5224720239639282,base,No
405,1,0,0.3208213138121609,-1.3413972854614258,-0.5913973450660706,base,No
406,1,0,0.34864513533394575,-1.2461557388305664,-0.6211557388305664,base,No
407,1,1,0.8670357563664174,-0.4251153767108917,-2.3001153469085693,base,Yes
408,1,0,0.2689414096510108,-1.660059928894043,-0.6600598692893982,base,No
409,1,0,0.20181322226037882,-1.705000638961792,-0.330000638961792,base,No
410,1,0,0.34864513533394575,-1.2392665147781372,-0.6142665147781372,base,No
411,1,1,0.7057850216484838,-0.4266909658908844,-1.301690936088562,base,Yes
412,1,0,0.4073333856566001,-1.0837948322296143,-0.7087947726249695,base,No
413,1,0,0.18242551491653522,-1.970229148864746,-0.4702290892601013,base,No
414,1,1,0.7057850278370112,-0.4902520179748535,-1.3652520179748535,base,Yes
415,1,1,0.5621765008857981,-0.7112780809402466,-0.9612780809402466,base,Yes
416,1,0,0.32082130082460697,-1.2557668685913086,-0.5057668685913086,base,No
417,1,0,0.1645164792819756,-2.02321195602417,-0.3982120752334595,base,No
418,1,1,0.5312093733737563,-0.8604371547698975,-0.9854371547698975,base,Yes
419,1,0,0.24508500761839525,-1.5364415645599365,-0.41144153475761414,base,No
420,1,0,0.46879062662624377,-0.9023340940475464,-0.7773340940475464,base,No
421,1,0,0.24508500210441886,-1.7208106517791748,-0.59581059217453,base,No
422,1,0,0.18242553269617778,-1.971123456954956,-0.47112351655960083,base,No
423,1,0,0.2689414330889798,-1.4717769622802734,-0.4717770218849182,base,No
424,1,0,0.13296424019782924,-2.1525163650512695,-0.27751636505126953,base,No
425,1,0,0.22270013882530884,-1.8286900520324707,-0.5786900520324707,base,No
426,1,0,0.24508501313237172,-1.6452102661132812,-0.5202102661132812,base,No
427,1,1,0.6791787121629466,-0.5298261046409607,-1.2798261642456055,base,Yes
428,1,0,0.24508501313237172,-1.5823414325714111,-0.45734143257141113,base,No
429,1,0,0.24508501313237172,-1.7638201713562012,-0.6388201713562012,base,No
430,1,0,0.4378234991142019,-0.924034059047699,-0.674034059047699,base,No
431,1,0,0.22270013882530884,-1.7848623991012573,-0.5348623991012573,base,No
432,1,1,0.8519528057272543,-0.30909082293510437,-2.0590908527374268,base,Yes
433,1,0,0.1824255415859996,-2.048046112060547,-0.5480462312698364,base,No
434,1,0,0.2942149845400438,-1.3502399921417236,-0.4752400517463684,base,No
435,1,1,0.7057850340255386,-0.4531552493572235,-1.328155279159546,base,Yes
436,1,0,0.4073334000459302,-0.9765793085098267,-0.6015793085098267,base,No
437,1,0,0.3208213138121609,-1.3898158073425293,-0.6398158669471741,base,No
438,1,0,0.11920290950590741,-2.485318660736084,-0.48531854152679443,base,No
439,1,0,0.4378234991142019,-0.9844226837158203,-0.7344226837158203,base,No
440,1,0,0.5,-0.8560863733291626,-0.8560863733291626,base,No
441,1,0,0.22270013882530884,-1.7293518781661987,-0.47935187816619873,base,No
442,1,0,0.24508500210441886,-1.6492538452148438,-0.524253785610199,base,No
443,1,0,0.46879062662624377,-0.9318371415138245,-0.8068371415138245,base,No
444,1,0,0.24508500210441886,-1.5757668018341064,-0.45076674222946167,base,No
445,1,1,0.6791786926816161,-0.46878793835639954,-1.2187879085540771,base,Yes
446,1,0,0.40733341443526055,-1.08721923828125,-0.7122192978858948,base,No
447,1,0,0.32082130082460697,-1.3465696573257446,-0.5965696573257446,base,No
448,1,0,0.2689414213699951,-1.4744712114334106,-0.47447121143341064,base,No
449,1,0,0.1480471980316895,-2.277717351913452,-0.5277173519134521,base,No
450,1,0,0.2689414213699951,-1.5363041162490845,-0.5363041162490845,base,No
451,1,0,0.24508500210441886,-1.558955430984497,-0.4339553713798523,base,No
452,1,0,0.2689414330889798,-1.548628330230713,-0.5486283898353577,base,No
453,1,0,0.40733341443526055,-1.079244613647461,-0.7042446732521057,base,No
454,1,0,0.4073333856566001,-1.182920217514038,-0.8079201579093933,base,No
455,1,1,0.6224593312018546,-0.5902014970779419,-1.090201497077942,base,Yes
456,1,0,0.3486451488696663,-1.3032312393188477,-0.6782312989234924,base,No
457,1,0,0.32082130082460697,-1.2680678367614746,-0.5180678367614746,base,No
458,1,0,0.13296424019782924,-2.331982135772705,-0.4569821357727051,base,No
459,1,1,0.914900957313305,-0.3630041778087616,-2.738004207611084,base,Yes
460,1,0,0.37754066879814546,-1.3777787685394287,-0.8777787685394287,base,No
461,1,1,0.5926665999540697,-0.7535966634750366,-1.1285966634750366,base,Yes
462,1,0,0.1329642333263228,-2.3006296157836914,-0.42562955617904663,base,No
463,1,0,0.3208213138121609,-1.336670160293579,-0.5866702198982239,base,No
464,1,1,0.7057850278370112,-0.5751374959945679,-1.4501374959945679,base,Yes
465,1,0,0.3208213138121609,-1.3307528495788574,-0.5807529091835022,base,No
466,1,0,0.22270014914315833,-1.7088544368743896,-0.4588544964790344,base,No
467,1,0,0.16451645880021026,-1.9695361852645874,-0.344536155462265,base,No
468,1,0,0.18242551491653522,-1.9643878936767578,-0.46438783407211304,base,No
469,1,0,0.2689414213699951,-1.5528717041015625,-0.5528717041015625,base,No
470,1,0,0.09534947261117097,-2.645843029022217,-0.39584311842918396,base,No
471,1,0,0.0953494648991095,-2.7933146953582764,-0.5433146953582764,base,No
472,1,1,0.5621765008857981,-0.7497873902320862,-0.9997873902320862,base,Yes
473,1,0,0.2942149597859341,-1.3039004802703857,-0.42890042066574097,base,No
474,1,1,0.5312093733737563,-0.7616328597068787,-0.8866328597068787,base,Yes
475,1,0,0.32082130082460697,-1.3351644277572632,-0.5851644277572632,base,No
476,1,0,0.37754066879814546,-1.1092846393585205,-0.6092846393585205,base,No
477,1,0,0.4378234991142019,-1.0703845024108887,-0.8203845024108887,base,No
478,1,0,0.2689414213699951,-1.413875699043274,-0.4138756990432739,base,No
479,1,0,0.34864513533394575,-1.194644570350647,-0.569644570350647,base,No
480,1,1,0.9324533069832973,-0.29044631123542786,-2.9154462814331055,base,Yes
481,1,1,0.6791786861878392,-0.5232282280921936,-1.2732281684875488,base,Yes
482,1,0,0.4073334000459302,-1.0816839933395386,-0.7066839933395386,base,No
483,1,0,0.10669058826486906,-2.922541856765747,-0.7975417971611023,base,no
484,1,1,0.7057850340255386,-0.4750683009624481,-1.3500683307647705,base,Yes
485,1,0,0.11920293453832885,-2.7567734718322754,-0.7567735910415649,base,No
486,1,0,0.4378234991142019,-0.9773358106613159,-0.7273358106613159,base,No
487,1,0,0.3486451217982255,-1.366797685623169,-0.7417976260185242,base,No
488,1,1,0.679178699175393,-0.5025513172149658,-1.2525513172149658,base,Yes
489,1,0,0.5,-0.9563095569610596,-0.9563095569610596,base,No
490,1,0,0.32082130082460697,-1.2833905220031738,-0.5333905220031738,base,No
491,1,0,0.18242553269617778,-1.8629050254821777,-0.3629050850868225,base,No
492,1,1,0.7057850402140659,-0.4326860308647156,-1.3076860904693604,base,Yes
493,1,0,0.5,-0.9065502882003784,-0.9065502882003784,base,No
494,1,0,0.46879062662624377,-0.932579517364502,-0.807579517364502,base,No
495,1,0,0.34864513533394575,-1.2046822309494019,-0.5796822309494019,base,No
496,1,0,0.20181322226037882,-1.8419841527938843,-0.4669841527938843,base,No
497,1,0,0.37754066879814546,-1.1675394773483276,-0.6675394773483276,base,No
498,1,1,0.7981867777396212,-0.2737692594528198,-1.6487692594528198,base,Yes
499,1,0,0.4378234844434674,-1.0511143207550049,-0.8011142611503601,base,No
500,1,0,0.37754066879814546,-1.038985013961792,-0.538985013961792,base,No
501,1,0,0.4073333856566001,-1.0856919288635254,-0.7106918692588806,base,No
502,1,1,0.5621765155565327,-0.7542495131492615,-1.0042495727539062,base,Yes
503,1,0,0.22270014914315833,-1.65909743309021,-0.40909749269485474,base,No
504,1,0,0.4378234844434674,-1.1042234897613525,-0.8542234301567078,base,No
505,1,0,0.5,-0.8847392797470093,-0.8847392797470093,base,No
506,1,0,0.2689414330889798,-1.6026532649993896,-0.6026533246040344,base,No
507,1,0,0.46879062662624377,-0.9303286671638489,-0.8053286671638489,base,No
508,1,0,0.34864513533394575,-1.2217308282852173,-0.5967308282852173,base,No
509,1,0,0.4073334000459302,-1.0245764255523682,-0.6495764255523682,base,No
510,1,0,0.4378234991142019,-0.9885057806968689,-0.7385057806968689,base,No
511,1,0,0.2689414096510108,-1.6346685886383057,-0.6346685290336609,base,No
512,1,0,0.18242552825126704,-1.8629528284072876,-0.36295285820961,base,No
513,1,0,0.18242551491653522,-1.9720356464385986,-0.47203558683395386,base,No
514,1,0,0.5,-0.9178017377853394,-0.9178017377853394,base,No
515,1,0,0.24508501864634827,-1.6054246425628662,-0.4804246723651886,base,No
516,1,0,0.2689414096510108,-1.5924487113952637,-0.5924486517906189,base,No
517,1,0,0.22270013882530884,-1.820763349533081,-0.570763349533081,base,No
518,1,0,0.11920293140927592,-2.25801944732666,-0.2580195367336273,base,No
519,1,0,0.09534946618445303,-2.4791109561920166,-0.2291109710931778,base,No
520,1,0,0.32082130082460697,-1.3840172290802002,-0.6340172290802002,base,No
521,1,0,0.2689414213699951,-1.56061589717865,-0.5606158971786499,base,No
522,1,0,0.20181322226037882,-1.7178983688354492,-0.3428983688354492,base,No
523,1,1,0.6224593171945417,-0.6024909615516663,-1.1024909019470215,base,Yes
524,1,0,0.13296425222296632,-2.1120598316192627,-0.23705993592739105,base,No
525,1,0,0.2689414096510108,-1.503533124923706,-0.5035330653190613,base,No
526,1,1,0.7310585669110203,-0.5132556557655334,-1.5132555961608887,base,Yes
527,1,1,0.7057850278370112,-0.5775537490844727,-1.4525537490844727,base,Yes
528,1,1,0.5926665999540697,-0.6419329643249512,-1.0169329643249512,base,Yes
529,1,0,0.18242552380635632,-1.924635410308838,-0.4246354103088379,base,No
530,1,1,0.5926665999540697,-0.7425367832183838,-1.1175367832183838,base,Yes
531,1,1,0.7310585727705126,-0.43943896889686584,-1.4394389390945435,base,Yes
532,1,0,0.37754066879814546,-1.1459908485412598,-0.6459908485412598,base,No
533,1,0,0.3775406828054583,-1.2462406158447266,-0.7462406754493713,base,No
534,1,1,0.5621765008857981,-0.7338685393333435,-0.9838685393333435,base,Yes
535,1,0,0.5,-0.780799388885498,-0.780799388885498,base,No
536,1,0,0.26894141551050293,-1.4865950345993042,-0.4865950047969818,base,No
537,1,1,0.7981867777396212,-0.39373230934143066,-1.7687323093414307,base,Yes
538,1,1,0.5621765008857981,-0.9156230688095093,-1.1656230688095093,base,Yes
539,1,0,0.3208212878370535,-1.4479846954345703,-0.6979846358299255,base,No
540,1,0,0.2689414330889798,-1.458174705505371,-0.45817476511001587,base,No
541,1,0,0.2942149597859341,-1.3977313041687012,-0.5227312445640564,base,No
542,1,1,0.880797081106935,-0.23314377665519714,-2.2331438064575195,base,Yes
543,1,0,0.24508501864634827,-1.5705747604370117,-0.4455747902393341,base,No
544,1,1,0.5312093733737563,-0.8062766194343567,-0.9312766194343567,base,Yes
545,1,0,0.4378234991142019,-1.0707238912582397,-0.8207238912582397,base,No
546,1,1,0.7549149923816048,-0.37117430567741394,-1.4961743354797363,base,Yes
547,1,0,0.4073334000459302,-1.2074815034866333,-0.8324815034866333,base,No
548,1,0,0.2689414213699951,-1.8668423891067505,-0.8668423891067505,base,No
549,1,0,0.29421497216298875,-1.4592163562774658,-0.5842163562774658,base,No
550,1,0,0.13296423676207594,-2.2124269008636475,-0.3374268710613251,base,No
551,1,0,0.46879062662624377,-1.0555936098098755,-0.9305936098098755,base,No
552,1,1,0.6513548782017746,-0.6082410216331482,-1.233241081237793,base,Yes
553,1,0,0.06008665354025422,-3.0864179134368896,-0.3364179730415344,base,No
554,1,1,0.7772998663336157,-0.36689862608909607,-1.6168986558914185,base,Yes
555,1,1,0.679178699175393,-0.47736942768096924,-1.2273694276809692,base,Yes
556,1,0,0.29421497216298875,-1.442659616470337,-0.5676596164703369,base,No
557,1,0,0.1645164628965632,-1.9318320751190186,-0.30683207511901855,base,No
558,1,0,0.22270014398423357,-1.6779134273529053,-0.42791345715522766,base,No
559,1,0,0.11920292515117029,-2.3246066570281982,-0.32460668683052063,base,No
560,1,0,0.4073333856566001,-1.0804789066314697,-0.705478847026825,base,No
561,1,0,0.32082130082460697,-1.287654995918274,-0.5376549959182739,base,No
562,1,0,0.2942149845400438,-1.3862545490264893,-0.511254608631134,base,No
563,1,0,0.2689414213699951,-1.572647213935852,-0.572647213935852,base,No
564,1,0,0.3208213138121609,-1.3034098148345947,-0.5534098744392395,base,No
565,1,0,0.2942149597859341,-1.4635124206542969,-0.5885123610496521,base,No
566,1,0,0.3208212878370535,-1.4268248081207275,-0.6768247485160828,base,No
567,1,0,0.3208213138121609,-1.3699829578399658,-0.6199830174446106,base,No
568,1,1,0.8175744761936437,-0.33165574073791504,-1.831655740737915,base,Yes
569,1,1,0.7057850278370112,-0.4948539733886719,-1.3698539733886719,base,Yes
570,1,1,0.5312093733737563,-0.7763587832450867,-0.9013587832450867,base,Yes
571,1,1,0.679178699175393,-0.7211496829986572,-1.4711496829986572,base,Yes
572,1,0,0.3775406828054583,-1.1600072383880615,-0.6600072979927063,base,No
573,1,1,0.8670357666736773,-0.3778368830680847,-2.2528369426727295,base,Yes
574,1,0,0.22270013882530884,-1.7083004713058472,-0.45830047130584717,base,No
575,1,0,0.5,-0.9863331317901611,-0.9863331317901611,base,No
576,1,0,0.24508500761839525,-1.5967928171157837,-0.4717927873134613,base,No
577,1,0,0.2018132270610754,-1.8595560789108276,-0.48455610871315,base,No
578,1,0,0.3775406828054583,-1.155867338180542,-0.6558673977851868,base,No
579,1,0,0.5,-1.0331227779388428,-1.0331227779388428,base,No
580,1,0,0.3775406547908327,-1.128917932510376,-0.6289178729057312,base,No
581,1,0,0.4073334000459302,-1.2006531953811646,-0.8256531953811646,base,No
582,1,1,0.6224593171945417,-0.6116316914558411,-1.1116316318511963,base,Yes
583,1,0,0.4378234991142019,-0.9683015942573547,-0.7183015942573547,base,No
584,1,0,0.34864513533394575,-1.3075695037841797,-0.6825695037841797,base,No
585,1,0,0.3486451217982255,-1.4214198589324951,-0.7964197993278503,base,No
586,1,1,0.5621765008857981,-0.8498382568359375,-1.0998382568359375,base,Yes
587,1,1,0.5312093733737563,-0.8428577184677124,-0.9678577184677124,base,Yes
588,1,1,0.6224593171945417,-0.6583889126777649,-1.1583888530731201,base,Yes
589,1,0,0.32082130082460697,-1.4202684164047241,-0.6702684164047241,base,No
590,1,0,0.22270014398423357,-1.7088733911514282,-0.4588734209537506,base,No
591,1,0,0.22270013882530884,-1.8308379650115967,-0.5808379650115967,base,No
592,1,1,0.7981867873410141,-0.37978190183639526,-1.75478196144104,base,Yes
593,1,0,0.2018132270610754,-1.7979893684387207,-0.4229893982410431,base,No
594,1,1,0.5312093733737563,-0.8300528526306152,-0.9550528526306152,base,Yes
595,1,0,0.40733341443526055,-1.0600252151489258,-0.6850252747535706,base,No
596,1,1,0.8354835452961425,-0.4998142123222351,-2.12481427192688,base,Yes
597,1,1,0.9046505402422645,-0.3705558180809021,-2.620555877685547,base,Yes
598,1,0,0.24508500210441886,-1.6239864826202393,-0.4989864230155945,base,No
599,1,0,0.29421497216298875,-1.4562355279922485,-0.5812355279922485,base,No
600,1,1,0.7549149868676283,-0.5228921175003052,-1.6478921175003052,base,Yes
601,1,1,0.5621765008857981,-0.6893278360366821,-0.9393278360366821,base,Yes
602,1,0,0.1645164628965632,-2.134641408920288,-0.5096414089202881,base,No
603,1,0,0.3208212878370535,-1.3876018524169922,-0.6376017928123474,base,No
604,1,0,0.29421497216298875,-1.3996186256408691,-0.5246186256408691,base,No
605,1,0,0.20181322226037882,-1.8618090152740479,-0.48680901527404785,base,No
606,1,0,0.2689414330889798,-1.4452505111694336,-0.44525057077407837,base,No
607,1,0,0.1329642436335826,-2.2124712467193604,-0.33747127652168274,base,No
608,1,0,0.22270012850745968,-1.8298730850219727,-0.5798730254173279,base,No
609,1,0,0.4378234991142019,-0.98735511302948,-0.73735511302948,base,No
610,1,0,0.4378234991142019,-0.9406569600105286,-0.6906569600105286,base,No
611,1,0,0.22270013882530884,-1.7322807312011719,-0.4822807312011719,base,No
612,1,0,0.37754066879814546,-1.1915546655654907,-0.6915546655654907,base,No
613,1,0,0.14804720179063335,-2.0525169372558594,-0.30251696705818176,base,No
614,1,0,0.20181322226037882,-1.925594449043274,-0.5505944490432739,base,No
615,1,1,0.5312093733737563,-0.7986564636230469,-0.9236564636230469,base,Yes
616,1,0,0.32082130082460697,-1.4139636754989624,-0.6639636754989624,base,No
617,1,1,0.5312093733737563,-0.8101300001144409,-0.9351300001144409,base,Yes
618,1,0,0.3208212878370535,-1.2583138942718506,-0.5083138346672058,base,No
619,1,0,0.22270014398423357,-1.7424873113632202,-0.4924873411655426,base,No
620,1,0,0.13296425394084313,-2.411560535430908,-0.5365606546401978,base,No
621,1,1,0.5926666143433998,-0.6853753924369812,-1.060375452041626,base,Yes
622,1,1,0.7549149868676283,-0.5062098503112793,-1.6312098503112793,base,Yes
623,1,1,0.7549149868676283,-0.8222346305847168,-1.9472346305847168,base,Yes
624,1,0,0.34864513533394575,-1.275978446006775,-0.6509784460067749,base,No
625,1,0,0.3775406828054583,-1.3824267387390137,-0.8824267983436584,base,No
626,1,0,0.29421497216298875,-1.4236468076705933,-0.5486468076705933,base,No
627,1,1,0.5621765008857981,-0.7107806205749512,-0.9607806205749512,base,Yes
628,1,0,0.22270014398423357,-1.6813023090362549,-0.43130233883857727,base,No
629,1,1,0.5621765008857981,-0.7542258501052856,-1.0042258501052856,base,Yes
630,1,0,0.2689414213699951,-1.546586275100708,-0.546586275100708,base,No
631,1,0,0.22270013882530884,-1.769805908203125,-0.519805908203125,base,No
632,1,0,0.22270013882530884,-1.7269554138183594,-0.4769554138183594,base,No
633,1,0,0.46879062662624377,-0.8886048197746277,-0.7636048197746277,base,No
634,1,1,0.8354835493924953,-0.4142667353153229,-2.03926682472229,base,Yes
635,1,0,0.22270013882530884,-1.8959187269210815,-0.6459187269210815,base,No
636,1,0,0.3208213138121609,-1.2948479652404785,-0.5448480248451233,base,No
637,1,1,0.5621765155565327,-0.7923387885093689,-1.0423388481140137,base,Yes
638,1,1,0.5312093733737563,-0.8069004416465759,-0.9319004416465759,base,Yes
639,1,0,0.3208213138121609,-1.3903617858886719,-0.6403618454933167,base,No
640,1,0,0.5,-0.8875694274902344,-0.8875694274902344,base,No
641,1,0,0.2689414272294874,-1.4733773469924927,-0.47337737679481506,base,No
642,1,1,0.6224593312018546,-0.6152989864349365,-1.1152989864349365,base,Yes
643,1,1,0.5621765008857981,-0.7560932636260986,-1.0060932636260986,base,Yes
644,1,0,0.32082130082460697,-1.320074200630188,-0.570074200630188,base,No
645,1,0,0.22270012850745968,-1.712841510772705,-0.4628414511680603,base,No
646,1,0,0.4378235137849365,-1.104137897491455,-0.8541379570960999,base,No
647,1,0,0.29421497216298875,-1.447068452835083,-0.572068452835083,base,No
648,1,0,0.46879062662624377,-0.8838436603546143,-0.7588436603546143,base,No
649,1,0,0.2689414330889798,-1.8667066097259521,-0.8667066693305969,base,No
650,1,0,0.40733341443526055,-1.0706162452697754,-0.6956163048744202,base,No
651,1,0,0.4073333856566001,-1.2351443767547607,-0.860144317150116,base,No
652,1,0,0.29421497216298875,-1.4000383615493774,-0.5250383615493774,base,No
653,1,1,0.5312093733737563,-0.8318660259246826,-0.9568660259246826,base,Yes
654,1,0,0.20181322226037882,-1.8923695087432861,-0.5173695087432861,base,No
655,1,0,0.13296422989056964,-2.2152516841888428,-0.3402515947818756,base,No
656,1,1,0.8175744761936437,-0.27708959579467773,-1.7770895957946777,base,Yes
657,1,0,0.29421497216298875,-1.570641279220581,-0.695641279220581,base,No
658,1,0,0.18242551936144574,-1.873944640159607,-0.37394461035728455,base,No
659,1,0,0.18242552380635632,-2.029290199279785,-0.5292901992797852,base,No
660,1,1,0.6513548511303336,-0.477072536945343,-1.1020724773406982,base,Yes
661,1,0,0.2689414213699951,-1.4930869340896606,-0.49308693408966064,base,No
662,1,1,0.5312093733737563,-0.8363058567047119,-0.9613058567047119,base,Yes
663,1,0,0.2942149783515162,-1.353485345840454,-0.4784853756427765,base,No
664,1,0,0.22270013366638422,-1.6611127853393555,-0.4111127555370331,base,No
665,1,1,0.6791787121629466,-0.5471529364585876,-1.2971529960632324,base,Yes
666,1,0,0.37754066879814546,-1.2822418212890625,-0.7822418212890625,base,No
667,1,0,0.4073333856566001,-1.168210506439209,-0.7932104468345642,base,No
668,1,1,0.6224593312018546,-0.7283086776733398,-1.2283086776733398,base,Yes
669,1,1,0.5926665999540697,-0.755226731300354,-1.130226731300354,base,Yes
670,1,0,0.2689414213699951,-1.5521918535232544,-0.5521918535232544,base,No
671,1,1,0.7772998560157665,-0.34169092774391174,-1.5916908979415894,base,Yes
672,1,0,0.29421497216298875,-1.3492828607559204,-0.4742828607559204,base,No
673,1,0,0.11920292202211755,-2.2891666889190674,-0.2891666889190674,base,No
674,1,0,0.2689414272294874,-1.4772218465805054,-0.47722187638282776,base,No
675,1,1,0.5621765008857981,-0.734902560710907,-0.984902560710907,base,Yes
676,1,1,0.6513548646660542,-0.7592345476150513,-1.3842345476150513,base,Yes
677,1,0,0.37754066879814546,-1.149221420288086,-0.6492214202880859,base,No
678,1,1,0.7772998560157665,-0.30165067315101624,-1.5516506433486938,base,Yes
679,1,1,0.754914975839675,-0.616338312625885,-1.7413382530212402,base,Yes
680,1,0,0.09534947004048376,-2.6416215896606445,-0.3916216492652893,base,No
681,1,0,0.09534945590170514,-2.496786117553711,-0.24678601324558258,base,No
682,1,0,0.5,-0.8626607060432434,-0.8626607060432434,base,No
683,1,0,0.20181322226037882,-2.036271572113037,-0.6612715721130371,base,No
684,1,0,0.22270013882530884,-1.66311776638031,-0.41311776638031006,base,No
685,1,0,0.4378234991142019,-1.0571938753128052,-0.8071938753128052,base,No
686,1,0,0.40733341443526055,-1.1692681312561035,-0.7942681908607483,base,No
687,1,1,0.817574471748733,-0.3114493191242218,-1.8114492893218994,base,Yes
688,1,0,0.20181322226037882,-1.8631576299667358,-0.48815762996673584,base,No
689,1,0,0.5,-0.8328171372413635,-0.8328171372413635,base,No
690,1,0,0.34864513533394575,-1.2643203735351562,-0.6393203735351562,base,No
691,1,1,0.6224593171945417,-0.6537871956825256,-1.1537871360778809,base,Yes
692,1,1,0.5312093733737563,-0.8541857004165649,-0.9791857004165649,base,Yes
693,1,0,0.32082130082460697,-1.3034098148345947,-0.5534098148345947,base,No
694,1,1,0.754914997895581,-0.6178802847862244,-1.7428803443908691,base,Yes
695,1,0,0.24508500210441886,-1.9121174812316895,-0.7871174216270447,base,No
696,1,0,0.46879062662624377,-0.9339876174926758,-0.8089876174926758,base,No
697,1,1,0.7772998663336157,-0.3804630935192108,-1.6304631233215332,base,Yes
698,1,0,0.32082130082460697,-1.2794007062911987,-0.5294007062911987,base,No
699,1,0,0.1480471829959148,-2.094597339630127,-0.3445972204208374,base,No
700,1,1,0.5926665999540697,-0.7705912590026855,-1.1455912590026855,base,Yes
701,1,1,0.6513548646660542,-0.551445722579956,-1.176445722579956,base,Yes
702,1,1,0.5621765008857981,-0.8958290815353394,-1.1458290815353394,base,Yes
703,1,1,0.5312093733737563,-0.7863805294036865,-0.9113805294036865,base,Yes
704,1,1,0.7772998611746911,-0.34372687339782715,-1.5937268733978271,base,Yes
705,1,0,0.2942149845400438,-1.5139009952545166,-0.6389010548591614,base,No
706,1,1,0.8933093975331751,-0.28088197112083435,-2.405881881713867,base,Yes
707,1,1,0.5926665999540697,-0.8216162919998169,-1.196616291999817,base,Yes
708,1,0,0.2689414096510108,-1.5247323513031006,-0.5247322916984558,base,No
709,1,0,0.40733341443526055,-1.0937752723693848,-0.7187753319740295,base,No
710,1,0,0.14804719051380197,-2.244137763977051,-0.494137704372406,base,No
711,1,0,0.22270013882530884,-1.675484538078308,-0.4254845380783081,base,No
712,1,0,0.34864513533394575,-1.1659252643585205,-0.5409252643585205,base,No
713,1,0,0.32082130082460697,-1.5463883876800537,-0.7963883876800537,base,No
714,1,1,0.6224593312018546,-0.5879350900650024,-1.0879350900650024,base,Yes
715,1,1,0.5312093733737563,-0.8069576025009155,-0.9319576025009155,base,Yes
716,1,0,0.4378234991142019,-1.0941189527511597,-0.8441189527511597,base,No
717,1,0,0.4073334000459302,-1.0641582012176514,-0.6891582012176514,base,No
718,1,0,0.24508501313237172,-1.6818171739578247,-0.5568171739578247,base,No
719,1,1,0.5312093733737563,-0.7685624361038208,-0.8935624361038208,base,Yes
720,1,1,0.679178699175393,-0.5549749135971069,-1.304974913597107,base,Yes
721,1,0,0.4073333856566001,-1.1983273029327393,-0.8233272433280945,base,No
722,1,0,0.1480471980316895,-2.4944100379943848,-0.7444100379943848,base,No
723,1,0,0.2942149845400438,-1.4721975326538086,-0.5971975922584534,base,No
724,1,0,0.1480471980316895,-2.275409698486328,-0.5254096984863281,base,No
725,1,1,0.7981867729389246,-0.33613088726997375,-1.7111308574676514,base,Yes
726,1,0,0.4378234991142019,-0.9186750054359436,-0.6686750054359436,base,No
727,1,0,0.34864513533394575,-1.2180383205413818,-0.5930383205413818,base,No
728,1,0,0.46879062662624377,-0.961519718170166,-0.836519718170166,base,No
729,1,0,0.20181323186177208,-1.8600502014160156,-0.4850502610206604,base,No
730,1,0,0.24508500761839525,-1.6013200283050537,-0.4763199985027313,base,No
731,1,1,0.5621765008857981,-0.8785320520401001,-1.1285320520401,base,Yes
732,1,1,0.679178699175393,-0.5144119262695312,-1.2644119262695312,base,Yes
733,1,0,0.14804718675485834,-2.1397740840911865,-0.38977399468421936,base,No
734,1,0,0.24508501313237172,-1.6401060819625854,-0.5151060819625854,base,No
735,1,0,0.20181321265898594,-2.0265862941741943,-0.6515862345695496,base,No
736,1,0,0.4378234991142019,-0.9992415904998779,-0.7492415904998779,base,No
737,1,0,0.34864513533394575,-1.2426344156265259,-0.6176344156265259,base,No
738,1,0,0.1480471980316895,-2.262885332107544,-0.512885332107544,base,No
739,1,0,0.0953494648991095,-2.7591118812561035,-0.5091118812561035,base,No
740,1,0,0.24508501313237172,-1.7483670711517334,-0.6233670711517334,base,No
741,1,1,0.5312093733737563,-0.8030195236206055,-0.9280195236206055,base,Yes
742,1,1,0.7057850278370112,-0.4897199869155884,-1.3647199869155884,base,Yes
743,1,0,0.06008665354025422,-3.2058372497558594,-0.45583730936050415,base,No
744,1,0,0.32082130082460697,-1.3356850147247314,-0.5856850147247314,base,No
745,1,0,0.3775406828054583,-1.1548230648040771,-0.6548231244087219,base,No
746,1,0,0.5,-0.839634120464325,-0.839634120464325,base,No
747,1,0,0.3775406828054583,-1.2542405128479004,-0.7542405724525452,base,No
748,1,0,0.40733341443526055,-1.1190426349639893,-0.744042694568634,base,No
749,1,0,0.29421497216298875,-1.3935848474502563,-0.5185848474502563,base,No
750,1,0,0.18242551491653522,-1.944718837738037,-0.44471877813339233,base,No
751,1,1,0.8933094032139576,-0.2903132736682892,-2.415313243865967,base,Yes
752,1,0,0.20181322226037882,-1.8094667196273804,-0.43446671962738037,base,No
753,1,0,0.3486451488696663,-1.307676076889038,-0.6826761364936829,base,No
754,1,0,0.37754066879814546,-1.1227442026138306,-0.6227442026138306,base,No
755,1,1,0.5312093733737563,-0.7866548299789429,-0.9116548299789429,base,Yes
756,1,0,0.3208213138121609,-1.3219852447509766,-0.5719853043556213,base,No
757,1,0,0.46879062662624377,-0.8054526448249817,-0.6804526448249817,base,No
758,1,0,0.3486451488696663,-1.1298716068267822,-0.504871666431427,base,No
759,1,0,0.29421497216298875,-1.4845893383026123,-0.6095893383026123,base,No
760,1,0,0.4073333856566001,-1.168210506439209,-0.7932104468345642,base,No
761,1,0,0.24508502416032488,-1.5231688022613525,-0.3981688618659973,base,No
762,1,0,0.3775406547908327,-1.2458086013793945,-0.7458085417747498,base,No
763,1,0,0.2689414330889798,-1.5224616527557373,-0.5224617123603821,base,No
764,1,0,0.2689414213699951,-1.6268664598464966,-0.6268664598464966,base,No
765,1,0,0.14804720179063335,-2.2290308475494385,-0.47903087735176086,base,No
766,1,1,0.5312093733737563,-0.8079167604446411,-0.9329167604446411,base,Yes
767,1,0,0.1645164506075047,-2.0301053524017334,-0.40510526299476624,base,No
768,1,0,0.46879062662624377,-0.9982773065567017,-0.8732773065567017,base,No
769,1,1,0.8519528132451416,-0.35085049271583557,-2.1008505821228027,base,Yes
770,1,1,0.5312093882168609,-0.8938474059104919,-1.0188474655151367,base,Yes
771,1,1,0.6224593312018546,-0.6736040115356445,-1.1736040115356445,base,Yes
772,1,1,0.5926665999540697,-0.6229358315467834,-0.9979358315467834,base,Yes
773,1,0,0.18242552825126704,-1.9680049419403076,-0.46800497174263,base,No
774,1,1,0.5926665999540697,-0.9326306581497192,-1.3076306581497192,base,Yes
775,1,0,0.18242552825126704,-1.9405633211135864,-0.4405633509159088,base,No
776,1,1,0.8933093989533708,-0.20281775295734406,-2.327817678451538,base,Yes
777,1,0,0.3775406828054583,-1.123023509979248,-0.6230235695838928,base,No
778,1,1,0.5312093733737563,-1.115562081336975,-1.240562081336975,base,Yes
779,1,1,0.6513548646660542,-0.5690643787384033,-1.1940643787384033,base,Yes
780,1,0,0.22270013366638422,-1.6457611322402954,-0.395761102437973,base,No
781,1,0,0.34864513533394575,-1.2860968112945557,-0.6610968112945557,base,No
782,1,0,0.3208213138121609,-1.2206757068634033,-0.4706757664680481,base,No
783,1,0,0.2942149845400438,-1.339240312576294,-0.4642403721809387,base,No
784,1,0,0.11920291576401235,-2.5640296936035156,-0.5640296339988708,base,No
785,1,0,0.11920290950590741,-2.376495838165283,-0.37649571895599365,base,No
786,1,0,0.5,-1.0014643669128418,-1.0014643669128418,base,No
787,1,0,0.4073334000459302,-1.2371461391448975,-0.8621461391448975,base,No
788,1,0,0.13296425050508953,-2.312310218811035,-0.4373103082180023,base,No
789,1,0,0.4378234991142019,-0.9697051644325256,-0.7197051644325256,base,No
790,1,0,0.22270013882530884,-1.8178902864456177,-0.5678902864456177,base,No
791,1,0,0.37754066879814546,-1.1687843799591064,-0.6687843799591064,base,No
792,1,0,0.34864513533394575,-1.3509607315063477,-0.7259607315063477,base,No
793,1,0,0.5,-1.001464605331421,-1.001464605331421,base,No
794,1,0,0.2689414213699951,-1.603309154510498,-0.603309154510498,base,No
795,1,1,0.5312093733737563,-0.7249804735183716,-0.8499804735183716,base,Yes
796,1,0,0.1480471980316895,-2.069028377532959,-0.319028377532959,base,No
797,1,1,0.7772998611746911,-0.43283963203430176,-1.6828396320343018,base,Yes
798,1,0,0.5,-0.8875693082809448,-0.8875693082809448,base,No
799,1,0,0.24508501313237172,-1.6349377632141113,-0.5099377632141113,base,No
800,1,1,0.679178699175393,-0.5351940393447876,-1.2851940393447876,base,Yes
801,1,0,0.24508501313237172,-1.568443775177002,-0.44344377517700195,base,No
802,1,0,0.34864513533394575,-1.1934305429458618,-0.5684305429458618,base,No
803,1,0,0.4073334000459302,-1.1183570623397827,-0.7433570623397827,base,No
804,1,0,0.20181321265898594,-1.7890009880065918,-0.414000928401947,base,No
805,1,0,0.1480472055495773,-2.159032106399536,-0.4090321660041809,base,No
806,1,1,0.7549149923816048,-0.4230823218822479,-1.5480823516845703,base,Yes
807,1,0,0.10669060246682488,-2.5733656883239746,-0.4483657777309418,base,No
808,1,0,0.22270014914315833,-1.7405261993408203,-0.4905262589454651,base,No
809,1,0,0.20181323186177208,-1.830122947692871,-0.45512300729751587,base,No
810,1,1,0.5312093733737563,-0.7568486928939819,-0.8818486928939819,base,Yes
811,1,0,0.1480471980316895,-2.272519826889038,-0.5225198268890381,base,No
812,1,0,0.2942149597859341,-1.3799700736999512,-0.5049700140953064,base,No
813,1,0,0.2689414213699951,-1.5192424058914185,-0.5192424058914185,base,No
814,1,0,0.22270013882530884,-1.629866600036621,-0.3798666000366211,base,No
815,1,1,0.5621765008857981,-0.8254109621047974,-1.0754109621047974,base,Yes
816,1,0,0.22270013366638422,-1.5690414905548096,-0.3190414607524872,base,No
817,1,1,0.5312093733737563,-0.8430458903312683,-0.9680458903312683,base,Yes
818,1,0,0.10669059962643358,-2.502788782119751,-0.37778884172439575,base,No
819,1,0,0.4073334000459302,-1.0815070867538452,-0.7065070867538452,base,No
820,1,1,0.9046505325302034,-0.3016827404499054,-2.551682710647583,base,Yes
821,1,0,0.4378234991142019,-1.0225367546081543,-0.7725367546081543,base,No
822,1,0,0.18242552380635632,-1.9945555925369263,-0.49455559253692627,base,No
823,1,0,0.40733341443526055,-1.1100943088531494,-0.7350943684577942,base,No
824,1,0,0.3486451488696663,-1.2624702453613281,-0.6374703049659729,base,No
825,1,0,0.34864513533394575,-1.206627607345581,-0.581627607345581,base,No
826,1,0,0.4073334000459302,-1.0524715185165405,-0.6774715185165405,base,No
827,1,0,0.20181322226037882,-1.9219791889190674,-0.5469791889190674,base,No
828,1,0,0.46879062662624377,-1.0882476568222046,-0.9632476568222046,base,No
829,1,0,0.29421497216298875,-1.415459156036377,-0.540459156036377,base,No
830,1,1,0.9046505325302034,-0.2617500126361847,-2.5117499828338623,base,Yes
831,1,0,0.22270013882530884,-1.7260535955429077,-0.4760535955429077,base,No
832,1,0,0.24508500210441886,-1.8079791069030762,-0.6829790472984314,base,No
833,1,0,0.5,-0.8892896175384521,-0.8892896175384521,base,No
834,1,0,0.37754066879814546,-1.0599814653396606,-0.5599814653396606,base,No
835,1,0,0.060086656906500974,-3.0376334190368652,-0.2876335382461548,base,No
836,1,0,0.4378234991142019,-1.0007601976394653,-0.7507601976394653,base,No
837,1,0,0.2942149597859341,-1.3510971069335938,-0.476097047328949,base,No
838,1,0,0.1645164506075047,-2.0547995567321777,-0.42979946732521057,base,No
839,1,1,0.7772998611746911,-0.34984421730041504,-1.599844217300415,base,Yes
840,1,0,0.5,-0.8836439251899719,-0.8836439251899719,base,No
841,1,0,0.06754668363133542,-2.820883274078369,-0.1958831548690796,base,No
842,1,0,0.3486451488696663,-1.2694158554077148,-0.6444159150123596,base,No
843,1,0,0.46879062662624377,-0.9860789179801941,-0.8610789179801941,base,No
844,1,0,0.24508501313237172,-1.5817198753356934,-0.45671987533569336,base,No
845,1,0,0.18242552380635632,-1.9446336030960083,-0.4446336030960083,base,No
846,1,0,0.0850990519679964,-2.7055280208587646,-0.3305281102657318,base,No
847,1,0,0.46879062662624377,-0.9540687799453735,-0.8290687799453735,base,No
848,1,1,0.7549149923816048,-0.44096872210502625,-1.5659687519073486,base,Yes
849,1,0,0.22270013882530884,-1.7201709747314453,-0.4701709747314453,base,No
850,1,0,0.1480471980316895,-2.267091751098633,-0.5170917510986328,base,No
851,1,0,0.3208212878370535,-1.2775816917419434,-0.5275816321372986,base,No
852,1,1,0.6513548646660542,-0.5690164566040039,-1.194016456604004,base,Yes
853,1,0,0.4073334000459302,-1.1676231622695923,-0.7926231622695923,base,No
854,1,1,0.6224593312018546,-0.6558462381362915,-1.1558462381362915,base,Yes
855,1,1,0.5621765008857981,-0.724677562713623,-0.974677562713623,base,Yes
856,1,0,0.22270013882530884,-1.7614288330078125,-0.5114288330078125,base,No
857,1,0,0.3486451488696663,-1.259216547012329,-0.6342166066169739,base,No
858,1,0,0.34864513533394575,-1.097813606262207,-0.47281360626220703,base,No
859,1,1,0.679178699175393,-0.5190869569778442,-1.2690869569778442,base,Yes
860,1,0,0.46879062662624377,-0.9992839097976685,-0.8742839097976685,base,No
861,1,0,0.46879062662624377,-0.8248645663261414,-0.6998645663261414,base,No
862,1,1,0.5312093733737563,-0.8031157851219177,-0.9281157851219177,base,Yes
863,1,0,0.22270013882530884,-1.767852544784546,-0.5178525447845459,base,No
864,1,0,0.14804719051380197,-2.142362594604492,-0.3923625349998474,base,No
865,1,1,0.6224593452091672,-0.6299297213554382,-1.129929780960083,base,Yes
866,1,0,0.4378234991142019,-1.0306705236434937,-0.7806705236434937,base,No
867,1,0,0.22270013882530884,-1.8029334545135498,-0.5529334545135498,base,No
868,1,1,0.5312093733737563,-0.8341549634933472,-0.9591549634933472,base,Yes
869,1,0,0.24508502416032488,-1.6887187957763672,-0.563718855381012,base,No
870,1,0,0.20181321265898594,-1.9572200775146484,-0.5822200179100037,base,No
871,1,1,0.7772998714925403,-0.4005524516105652,-1.65055251121521,base,Yes
872,1,0,0.05340333582602272,-3.2598929405212402,-0.3848930597305298,base,No
873,1,0,0.2942149597859341,-1.4268896579742432,-0.5518895983695984,base,No
874,1,0,0.20181324146316565,-2.0521740913391113,-0.6771742105484009,base,No
875,1,1,0.679178699175393,-0.5356565713882446,-1.2856565713882446,base,Yes
876,1,0,0.29421497216298875,-1.3445595502853394,-0.46955955028533936,base,No
877,1,0,0.3486451488696663,-1.1090211868286133,-0.48402124643325806,base,No
878,1,0,0.18242551936144574,-1.9175071716308594,-0.417507141828537,base,No
879,1,1,0.6224593312018546,-0.5755127668380737,-1.0755127668380737,base,Yes
880,1,0,0.4378234991142019,-1.0046976804733276,-0.7546976804733276,base,No
881,1,0,0.2689414272294874,-1.3884632587432861,-0.3884632885456085,base,No
882,1,0,0.2942149845400438,-1.4513053894042969,-0.5763054490089417,base,No
883,1,1,0.7057850154599563,-0.5925245881080627,-1.467524528503418,base,Yes
884,1,0,0.24508501313237172,-1.718029260635376,-0.593029260635376,base,No
885,1,1,0.7310585786300049,-0.6491451263427734,-1.6491451263427734,base,Yes
886,1,0,0.2689414213699951,-1.5479249954223633,-0.5479249954223633,base,No
887,1,0,0.24508501313237172,-1.6439424753189087,-0.5189424753189087,base,No
888,1,1,0.5926665999540697,-0.6215830445289612,-0.9965830445289612,base,Yes
889,1,1,0.6224593312018546,-0.7551131248474121,-1.255113124847412,base,Yes
890,1,0,0.4073334000459302,-1.1705342531204224,-0.7955342531204224,base,No
891,1,0,0.4073334000459302,-1.0683783292770386,-0.6933783292770386,base,No
892,1,0,0.0953494648991095,-2.648284435272217,-0.3982844352722168,base,No
893,1,0,0.46879062662624377,-0.8963428735733032,-0.7713428735733032,base,No
894,1,0,0.4073334000459302,-1.1219544410705566,-0.7469544410705566,base,No
895,1,0,0.3208212878370535,-1.2583138942718506,-0.5083138346672058,base,No
896,1,0,0.46879062662624377,-0.9589197039604187,-0.8339197039604187,base,No
897,1,0,0.08509904036636974,-2.7119758129119873,-0.33697575330734253,base,No
898,1,0,0.3486451488696663,-1.1924738883972168,-0.5674739480018616,base,No
899,1,0,0.3775406547908327,-1.2521836757659912,-0.7521836161613464,base,No
900,1,1,0.7772998663336157,-0.4117833077907562,-1.6617833375930786,base,Yes
901,1,1,0.5312093733737563,-0.7838113307952881,-0.9088113307952881,base,Yes
902,1,0,0.18242552380635632,-2.0947482585906982,-0.5947482585906982,base,No
903,1,1,0.7772998611746911,-0.3048217296600342,-1.5548217296600342,base,Yes
904,1,0,0.1066905825840872,-2.672423839569092,-0.5474237203598022,base,No
905,1,0,0.46879062662624377,-0.9025596976280212,-0.7775596976280212,base,No
906,1,1,0.8354835248143776,-0.393101304769516,-2.018101215362549,base,Yes
907,1,0,0.32082130082460697,-1.3893942832946777,-0.6393942832946777,base,No
908,1,1,0.7549149868676283,-0.42138707637786865,-1.5463870763778687,base,Yes
909,1,0,0.5,-0.8383577466011047,-0.8383577466011047,base,No
910,1,1,0.8519527982093668,-0.34644678235054016,-2.0964467525482178,base,Yes
911,1,0,0.37754066879814546,-1.3665378093719482,-0.8665378093719482,base,No
912,1,0,0.34864513533394575,-1.504312515258789,-0.8793125152587891,base,No
913,1,1,0.5621765008857981,-0.6999775171279907,-0.9499775171279907,base,Yes
914,1,0,0.46879062662624377,-0.9188294410705566,-0.7938294410705566,base,No
915,1,0,0.1480472055495773,-2.2198851108551025,-0.4698851704597473,base,No
916,1,0,0.11920292202211755,-2.3543641567230225,-0.35436415672302246,base,No
917,1,1,0.5926665999540697,-0.7010111808776855,-1.0760111808776855,base,Yes
918,1,0,0.4378234844434674,-1.0078895092010498,-0.757889449596405,base,No
919,1,1,0.5621765008857981,-0.7621886730194092,-1.0121886730194092,base,Yes
920,1,1,0.6791786861878392,-0.5232282280921936,-1.2732281684875488,base,Yes
921,1,0,0.0474258704848281,-3.4188625812530518,-0.418862521648407,base,No
922,1,1,0.6513548646660542,-0.6138972043991089,-1.2388972043991089,base,Yes
923,1,0,0.3486451217982255,-1.2532715797424316,-0.6282715201377869,base,No
924,1,0,0.34864513533394575,-1.2511409521102905,-0.6261409521102905,base,No
925,1,0,0.20181322226037882,-1.8174726963043213,-0.4424726963043213,base,No
926,1,0,0.3208212878370535,-1.292923927307129,-0.5429238677024841,base,No
927,1,1,0.5312093733737563,-0.8408260345458984,-0.9658260345458984,base,Yes
928,1,1,0.5312093733737563,-0.8294515609741211,-0.9544515609741211,base,Yes
929,1,0,0.4073334000459302,-0.9735374450683594,-0.5985374450683594,base,No
930,1,0,0.1480472055495773,-2.126485586166382,-0.3764856457710266,base,No
931,1,0,0.24508500761839525,-1.5686014890670776,-0.44360145926475525,base,No
932,1,0,0.3486451488696663,-1.2404959201812744,-0.6154959797859192,base,No
933,1,0,0.2689414213699951,-1.5088776350021362,-0.5088776350021362,base,No
934,1,1,0.5926665999540697,-0.62384033203125,-0.99884033203125,base,Yes
935,1,0,0.4378234991142019,-0.9737431406974792,-0.7237431406974792,base,No
936,1,1,0.5312093733737563,-0.8207346200942993,-0.9457346200942993,base,Yes
937,1,0,0.08509904964767095,-2.7353696823120117,-0.3603697419166565,base,No
938,1,0,0.22270012850745968,-1.6617441177368164,-0.41174405813217163,base,No
939,1,0,0.10669060246682488,-2.4918816089630127,-0.36688169836997986,base,No
940,1,1,0.5312093733737563,-0.7406055927276611,-0.8656055927276611,base,Yes
941,1,1,0.5312093733737563,-0.7769300937652588,-0.9019300937652588,base,Yes
942,1,1,0.7310585669110203,-0.46592551469802856,-1.4659254550933838,base,Yes
943,1,0,0.04208773031866069,-3.5687737464904785,-0.4437738060951233,base,No
944,1,0,0.37754066879814546,-1.3495545387268066,-0.8495545387268066,base,No
945,1,1,0.7310585669110203,-0.4469459652900696,-1.4469459056854248,base,Yes
946,1,0,0.18242553269617778,-1.933622121810913,-0.43362218141555786,base,No
947,1,0,0.2018132174596823,-1.7862478494644165,-0.4112478196620941,base,No
948,1,0,0.4378235137849365,-1.001023292541504,-0.7510233521461487,base,No
949,1,0,0.3775406547908327,-1.122389793395996,-0.6223897337913513,base,No
950,1,1,0.5926666143433998,-0.7421414256095886,-1.1171414852142334,base,Yes
951,1,1,0.6224593452091672,-0.738365113735199,-1.2383651733398438,base,Yes
952,1,1,0.754914997895581,-0.5008880496025085,-1.6258881092071533,base,Yes
953,1,1,0.7310585903489892,-0.5347627997398376,-1.5347628593444824,base,Yes
954,1,0,0.34864513533394575,-1.22230863571167,-0.5973086357116699,base,No
955,1,0,0.18242551491653522,-2.029834032058716,-0.529833972454071,base,No
956,1,0,0.20181322226037882,-1.7963595390319824,-0.4213595390319824,base,No
957,1,0,0.1329642333263228,-2.2950217723846436,-0.4200217127799988,base,No
958,1,0,0.4073333856566001,-1.2007501125335693,-0.8257500529289246,base,No
959,1,1,0.6224593312018546,-0.5734028816223145,-1.0734028816223145,base,Yes
960,1,0,0.22270013882530884,-1.727660059928894,-0.47766005992889404,base,No
961,1,0,0.5,-0.9091095924377441,-0.9091095924377441,base,No
962,1,0,0.32082130082460697,-1.3746520280838013,-0.6246520280838013,base,No
963,1,0,0.3208213138121609,-1.2222495079040527,-0.4722495675086975,base,No
964,1,0,0.16451645470385742,-2.1186861991882324,-0.49368613958358765,base,No
965,1,0,0.37754066879814546,-1.0697152614593506,-0.5697152614593506,base,No
966,1,0,0.5,-0.8988192081451416,-0.8988192081451416,base,No
967,1,0,0.3775406547908327,-1.0352778434753418,-0.535277783870697,base,No
968,1,0,0.34864513533394575,-1.258588433265686,-0.633588433265686,base,No
969,1,0,0.37754066879814546,-1.160097360610962,-0.6600973606109619,base,No
970,1,0,0.2942149597859341,-1.450298547744751,-0.5752984881401062,base,No
971,1,1,0.6224593452091672,-0.6335720419883728,-1.1335721015930176,base,Yes
972,1,0,0.4378234991142019,-0.9369009733200073,-0.6869009733200073,base,No
973,1,0,0.24508502416032488,-1.664482831954956,-0.5394828915596008,base,No
974,1,1,0.5926665999540697,-0.6898431777954102,-1.0648431777954102,base,Yes
975,1,0,0.40733341443526055,-1.0852465629577637,-0.7102466225624084,base,No
976,1,0,0.2942149845400438,-1.4536943435668945,-0.5786944031715393,base,No
977,1,0,0.26894141551050293,-1.497316598892212,-0.4973165690898895,base,No
978,1,0,0.34864513533394575,-1.2554773092269897,-0.6304773092269897,base,No
979,1,0,0.46879062662624377,-0.8843193054199219,-0.7593193054199219,base,No
980,1,0,0.37754066879814546,-1.3649461269378662,-0.8649461269378662,base,No
981,1,0,0.1066905854244781,-2.483366012573242,-0.358365923166275,base,No
982,1,0,0.16451644651115205,-2.1339926719665527,-0.5089925527572632,base,No
983,1,0,0.3775406547908327,-1.1695621013641357,-0.669562041759491,base,No
984,1,1,0.7310585727705126,-0.4256804287433624,-1.42568039894104,base,Yes
985,1,0,0.32082130082460697,-1.3905645608901978,-0.6405645608901978,base,No
986,1,1,0.5312093882168609,-0.8819984793663025,-1.0069985389709473,base,Yes
987,1,1,0.9706877709445761,-0.32361096143722534,-3.82361102104187,base,Yes
988,1,0,0.09534947004048376,-2.646127223968506,-0.39612728357315063,base,No
989,1,0,0.37754066879814546,-1.0995819568634033,-0.5995819568634033,base,No
990,1,0,0.29421497216298875,-1.393540859222412,-0.5185408592224121,base,No
991,1,0,0.22270014914315833,-1.8231046199798584,-0.5731046795845032,base,No
992,1,0,0.4073333856566001,-1.1549313068389893,-0.7799312472343445,base,No
993,1,1,0.679178699175393,-0.6764860153198242,-1.4264860153198242,base,Yes
994,1,0,0.3208212878370535,-1.459970235824585,-0.7099701762199402,base,No
995,1,0,0.24508501313237172,-1.5793225765228271,-0.45432257652282715,base,No
996,1,0,0.20181321265898594,-1.852379322052002,-0.4773792624473572,base,No
997,1,0,0.2689414272294874,-1.4952731132507324,-0.4952731430530548,base,No
998,1,0,0.32082130082460697,-1.271226167678833,-0.521226167678833,base,No
999,1,0,0.20181322226037882,-1.8244940042495728,-0.44949400424957275,base,No
1000,1,0,0.40733341443526055,-1.09639573097229,-0.7213957905769348,base,No
1001,1,1,0.8354835452961425,-0.2754797339439392,-1.900479793548584,base,Yes
1002,1,0,0.3486451217982255,-1.203275203704834,-0.5782751441001892,base,No
1003,1,0,0.4073334000459302,-1.1140412092208862,-0.7390412092208862,base,No
1004,1,1,0.7549149923816048,-0.47910603880882263,-1.604106068611145,base,Yes
1005,1,0,0.4378234991142019,-0.9946911931037903,-0.7446911931037903,base,No
1006,1,0,0.5,-0.8223226070404053,-0.8223226070404053,base,No
1007,1,0,0.1192029188930649,-2.3735413551330566,-0.37354132533073425,base,No
1008,1,0,0.46879062662624377,-0.9380744099617004,-0.8130744099617004,base,No
1009,1,1,0.8807970873650403,-0.3498958647251129,-2.34989595413208,base,Yes
1010,1,0,0.46879062662624377,-0.9776118993759155,-0.8526118993759155,base,No
1011,1,0,0.3208213138121609,-1.4086134433746338,-0.6586135029792786,base,No
1012,1,0,0.34864513533394575,-1.5677013397216797,-0.9427013397216797,base,No
1013,1,0,0.2689414096510108,-1.5491821765899658,-0.549182116985321,base,No
1014,1,1,0.6224593171945417,-0.5921674370765686,-1.0921673774719238,base,Yes
1015,1,1,0.5312093733737563,-0.7214528918266296,-0.8464528918266296,base,Yes
1016,1,0,0.34864513533394575,-1.2379692792892456,-0.6129692792892456,base,No
1017,1,1,0.7057850154599563,-0.508669912815094,-1.3836698532104492,base,Yes
1018,1,0,0.2018132174596823,-1.7315664291381836,-0.3565663993358612,base,No
1019,1,0,0.32082130082460697,-1.4822266101837158,-0.7322266101837158,base,No
1020,1,0,0.4378235137849365,-1.1093816757202148,-0.8593817353248596,base,No
1021,1,1,0.8670357563664174,-0.23993399739265442,-2.114933967590332,base,Yes
1022,1,1,0.6791786861878392,-0.5441372990608215,-1.2941372394561768,base,Yes
1023,1,0,0.20181322226037882,-1.917214274406433,-0.5422142744064331,base,No
1024,1,0,0.32082130082460697,-1.3197685480117798,-0.5697685480117798,base,No
1025,1,1,0.6224593312018546,-0.5885776281356812,-1.0885776281356812,base,Yes
1026,1,1,0.5621765008857981,-0.750601053237915,-1.000601053237915,base,Yes
1027,1,0,0.1480472055495773,-2.2040443420410156,-0.4540444016456604,base,No
1028,1,1,0.6513548646660542,-0.7037142515182495,-1.3287142515182495,base,Yes
1029,1,0,0.11920293140927592,-2.374877452850342,-0.37487754225730896,base,No
1030,1,0,0.4378234991142019,-0.9335733652114868,-0.6835733652114868,base,No
1031,1,0,0.14804720930852133,-2.117161512374878,-0.3671616017818451,base,No
1032,1,0,0.13296424019782924,-2.15006685256958,-0.2750668525695801,base,No
1033,1,0,0.37754066879814546,-1.3790477514266968,-0.8790477514266968,base,No
1034,1,0,0.26894141551050293,-1.3726208209991455,-0.3726207911968231,base,No
1035,1,0,0.22270013882530884,-1.757415771484375,-0.507415771484375,base,No
1036,1,1,0.5621765155565327,-0.775063693523407,-1.0250637531280518,base,Yes
1037,1,1,0.9579122684798184,-0.2593463361263275,-3.3843462467193604,base,Yes
1038,1,1,0.6513548511303336,-0.5709920525550842,-1.1959919929504395,base,Yes
1039,1,1,0.8519528019683106,-0.545464038848877,-2.295464038848877,base,Yes
1040,1,0,0.2689414213699951,-1.466758370399475,-0.4667583703994751,base,No
1041,1,0,0.4073334000459302,-1.0985406637191772,-0.7235406637191772,base,No
1042,1,0,0.20181322226037882,-1.8189239501953125,-0.4439239501953125,base,No
1043,1,1,0.8175744806385543,-0.3695712983608246,-1.869571328163147,base,Yes
1044,1,1,0.754914975839675,-0.4398420453071594,-1.5648419857025146,base,Yes
1045,1,0,0.20181322226037882,-1.9237581491470337,-0.5487581491470337,base,No
1046,1,0,0.1066905854244781,-2.4781742095947266,-0.3531741201877594,base,No
1047,1,0,0.2689414330889798,-1.4920358657836914,-0.4920359253883362,base,No
1048,1,0,0.4378234991142019,-0.9749063849449158,-0.7249063849449158,base,No
1049,1,1,0.5312093733737563,-0.8132469654083252,-0.9382469654083252,base,Yes
1050,1,1,0.8354835371034369,-0.29045069217681885,-1.9154506921768188,base,Yes
1051,1,0,0.32082130082460697,-1.559741735458374,-0.809741735458374,base,No
1052,1,0,0.2689414213699951,-1.5101344585418701,-0.5101344585418701,base,No
1053,1,0,0.32082130082460697,-1.2898786067962646,-0.5398786067962646,base,No
1054,1,1,0.6224593312018546,-0.6570426225662231,-1.1570426225662231,base,Yes
1055,1,0,0.24508500210441886,-1.7026073932647705,-0.5776073336601257,base,No
1056,1,0,0.11920291576401235,-2.662297487258911,-0.6622974276542664,base,No
1057,1,1,0.679178699175393,-0.5855016708374023,-1.3355016708374023,base,Yes
1058,1,0,0.16451645470385742,-2.0440683364868164,-0.41906827688217163,base,No
1059,1,0,0.2942149597859341,-1.4221274852752686,-0.5471274256706238,base,No
1060,1,0,0.4073333856566001,-1.215503215789795,-0.8405031561851501,base,No
1061,1,0,0.2942149845400438,-1.442695140838623,-0.5676952004432678,base,No
1062,1,0,0.24508502416032488,-1.6191959381103516,-0.49419599771499634,base,No
1063,1,0,0.18242551491653522,-2.03680419921875,-0.5368041396141052,base,No
1064,1,0,0.34864513533394575,-1.2540967464447021,-0.6290967464447021,base,No
1065,1,0,0.24508501864634827,-1.5814133882522583,-0.4564134180545807,base,No
1066,1,0,0.20181321265898594,-1.8135552406311035,-0.43855518102645874,base,No
1067,1,0,0.11920291576401235,-2.562617301940918,-0.5626172423362732,base,No
1068,1,0,0.24508501313237172,-1.6596457958221436,-0.5346457958221436,base,No
1069,1,0,0.4378234991142019,-1.0425684452056885,-0.7925684452056885,base,No
1070,1,0,0.22270013882530884,-1.8870360851287842,-0.6370360851287842,base,No
1071,1,0,0.29421497216298875,-1.444132924079895,-0.569132924079895,base,No
1072,1,1,0.5621765008857981,-0.7107186913490295,-0.9607186913490295,base,Yes
1073,1,0,0.2942149845400438,-1.4310691356658936,-0.5560691952705383,base,No
1074,1,1,0.6224593452091672,-0.5984110236167908,-1.0984110832214355,base,Yes
1075,1,0,0.4073333856566001,-1.0629973411560059,-0.6879972815513611,base,No
1076,1,0,0.3775406828054583,-1.1886868476867676,-0.6886869072914124,base,No
1077,1,1,0.5312093733737563,-0.7912870049476624,-0.9162870049476624,base,Yes
1078,1,0,0.24508501313237172,-1.6734402179718018,-0.5484402179718018,base,No
1079,1,0,0.18242551936144574,-1.9643268585205078,-0.4643268287181854,base,No
1080,1,0,0.11920293140927592,-2.369591236114502,-0.3695913255214691,base,No
1081,1,0,0.14804719051380197,-2.113698959350586,-0.36369889974594116,base,No
1082,1,0,0.20181320305759334,-2.070988178253174,-0.6959880590438843,base,No
1083,1,0,0.1645164628965632,-2.1301841735839844,-0.5051841735839844,base,No
1084,1,0,0.4378235137849365,-1.032440423965454,-0.7824404835700989,base,No
1085,1,0,0.18242552380635632,-2.0279273986816406,-0.5279273986816406,base,No
1086,1,0,0.37754066879814546,-1.178977608680725,-0.6789776086807251,base,No
1087,1,0,0.32082130082460697,-1.208988070487976,-0.4589880704879761,base,No
1088,1,0,0.2689414213699951,-1.5470377206802368,-0.5470377206802368,base,No
1089,1,0,0.2018132174596823,-1.8360741138458252,-0.4610740840435028,base,No
1090,1,0,0.4378234991142019,-0.9920839667320251,-0.7420839667320251,base,No
1091,1,0,0.2942149597859341,-1.5053484439849854,-0.6303483843803406,base,No
1092,1,0,0.3486451488696663,-1.2673702239990234,-0.6423702836036682,base,No
1093,1,0,0.18242552825126704,-1.881746530532837,-0.3817465603351593,base,No
1094,1,0,0.37754066879814546,-1.1478681564331055,-0.6478681564331055,base,No
1095,1,0,0.0953494674697966,-2.5186445713043213,-0.2686446011066437,base,No
1096,1,0,0.3486451217982255,-1.2488644123077393,-0.6238643527030945,base,No
1097,1,0,0.24508501864634827,-1.6228618621826172,-0.4978618919849396,base,No
1098,1,0,0.10669059394565118,-2.4845662117004395,-0.35956621170043945,base,No
1099,1,0,0.46879062662624377,-0.9358444809913635,-0.8108444809913635,base,No
1100,1,1,0.5312093733737563,-0.8160234093666077,-0.9410234093666077,base,Yes
1101,1,0,0.32082130082460697,-1.3109990358352661,-0.5609990358352661,base,No
1102,1,1,0.9149009480320036,-0.20682081580162048,-2.5818207263946533,base,Yes
1103,1,1,0.6791787121629466,-0.5310103297233582,-1.281010389328003,base,Yes
1104,1,0,0.4378234991142019,-1.0050700902938843,-0.7550700902938843,base,No
1105,1,1,0.6224593312018546,-0.6694471836090088,-1.1694471836090088,base,Yes
1106,1,0,0.5,-0.9051088094711304,-0.9051088094711304,base,No
1107,1,0,0.3775406828054583,-1.273630142211914,-0.7736302018165588,base,No
1108,1,0,0.4378234991142019,-0.986298143863678,-0.736298143863678,base,No
1109,1,0,0.20181321265898594,-1.8115370273590088,-0.436536967754364,base,No
1110,1,0,0.24508502416032488,-1.590327501296997,-0.46532756090164185,base,No
1111,1,1,0.7549149813536518,-0.40547552704811096,-1.5304754972457886,base,Yes
1112,1,0,0.14804720930852133,-2.178065061569214,-0.42806515097618103,base,No
1113,1,1,0.7981867777396212,-0.33635199069976807,-1.711351990699768,base,Yes
1114,1,0,0.22270013882530884,-1.927146315574646,-0.677146315574646,base,No
1115,1,0,0.20181321265898594,-2.0335187911987305,-0.6585187315940857,base,No
1116,1,0,0.46879062662624377,-0.9494856595993042,-0.8244856595993042,base,No
1117,1,0,0.2942149845400438,-1.3982174396514893,-0.523217499256134,base,No
1118,1,1,0.7310585903489892,-0.48637455701828003,-1.4863746166229248,base,Yes
1119,1,0,0.3775406828054583,-1.1935577392578125,-0.6935577988624573,base,No
1120,1,0,0.3486451217982255,-1.2367093563079834,-0.6117092967033386,base,No
1121,1,0,0.32082130082460697,-1.305612564086914,-0.5556125640869141,base,No
1122,1,0,0.4073333856566001,-1.1715092658996582,-0.7965092062950134,base,No
1123,1,0,0.2689414272294874,-1.4507101774215698,-0.4507102072238922,base,No
1124,1,0,0.37754066879814546,-1.5921176671981812,-1.0921176671981812,base,No
1125,1,1,0.8519527944504226,-0.2977150082588196,-2.047714948654175,base,Yes
1126,1,1,0.7310585786300049,-0.5107946395874023,-1.5107946395874023,base,Yes
1127,1,0,0.16451646699291617,-2.1234192848205566,-0.49841931462287903,base,No
1128,1,0,0.4073334000459302,-1.0535801649093628,-0.6785801649093628,base,No
1129,1,0,0.2018132174596823,-1.771880865097046,-0.3968808352947235,base,No
1130,1,0,0.46879062662624377,-0.8317033648490906,-0.7067033648490906,base,No
1131,1,0,0.24508502416032488,-1.5835013389587402,-0.458501398563385,base,No
1132,1,0,0.0850990519679964,-2.782973527908325,-0.40797361731529236,base,No
1133,1,0,0.2689414213699951,-1.6042931079864502,-0.6042931079864502,base,No
1134,1,0,0.32082130082460697,-1.3935924768447876,-0.6435924768447876,base,No
1135,1,0,0.2689414213699951,-1.5723824501037598,-0.5723824501037598,base,No
1136,1,0,0.1645164506075047,-2.0186080932617188,-0.3936080038547516,base,No
1137,1,0,0.13296425394084313,-2.346405029296875,-0.47140514850616455,base,No
1138,1,1,0.5926665855647394,-0.6885889172554016,-1.0635888576507568,base,Yes
1139,1,1,0.5926665999540697,-0.6370065212249756,-1.0120065212249756,base,Yes
1140,1,0,0.5,-0.7945411801338196,-0.7945411801338196,base,No
1141,1,1,0.6224593452091672,-0.6311001181602478,-1.1311001777648926,base,Yes
1142,1,0,0.37754066879814546,-1.1183865070343018,-0.6183865070343018,base,No
1143,1,0,0.2942149845400438,-1.6456866264343262,-0.770686686038971,base,No
1144,1,1,0.679178699175393,-0.5217361450195312,-1.2717361450195312,base,Yes
1145,1,0,0.34864513533394575,-1.1245489120483398,-0.49954891204833984,base,No
1146,1,1,0.9626731099786093,-0.23196227848529816,-3.481962203979492,base,Yes
1147,1,0,0.1480472055495773,-2.1571593284606934,-0.40715938806533813,base,No
1148,1,0,0.2689414330889798,-1.525909662246704,-0.5259097218513489,base,No
1149,1,0,0.13296424019782924,-2.3358755111694336,-0.4608755111694336,base,No
1150,1,1,0.9149009526726544,-0.315306693315506,-2.6903066635131836,base,Yes
1151,1,0,0.1329642436335826,-2.271542549133301,-0.39654257893562317,base,No
1152,1,0,0.24508501313237172,-1.6786433458328247,-0.5536433458328247,base,No
1153,1,1,0.880797071719777,-0.3327026963233948,-2.33270263671875,base,Yes
1154,1,0,0.06754668363133542,-3.019533634185791,-0.39453351497650146,base,No
1155,1,1,0.6513548646660542,-0.6560940742492676,-1.2810940742492676,base,Yes
1156,1,0,0.4378234991142019,-1.1892088651657104,-0.9392088651657104,base,No
1157,1,1,0.7981867729389246,-0.46327081322669983,-1.8382707834243774,base,Yes
1158,1,0,0.22270014914315833,-1.832340955734253,-0.5823410153388977,base,No
1159,1,1,0.9324533069832973,-0.2878094017505646,-2.912809371948242,base,Yes
1160,1,0,0.4073334000459302,-1.0119991302490234,-0.6369991302490234,base,No
1161,1,1,0.5621765008857981,-1.0336815118789673,-1.2836815118789673,base,Yes
1162,1,0,0.37754066879814546,-1.115022897720337,-0.6150228977203369,base,No
1163,1,0,0.2689414213699951,-1.4499115943908691,-0.44991159439086914,base,No
1164,1,0,0.2018132174596823,-1.8080021142959595,-0.4330020844936371,base,No
1165,1,0,0.24508501313237172,-1.7683857679367065,-0.6433857679367065,base,No
1166,1,0,0.46879062662624377,-0.8778741359710693,-0.7528741359710693,base,No
1167,1,1,0.679178699175393,-0.5805554389953613,-1.3305554389953613,base,Yes
1168,1,1,0.7310585786300049,-0.511035680770874,-1.511035680770874,base,Yes
1169,1,1,0.5621764862150634,-0.8122690320014954,-1.0622689723968506,base,Yes
1170,1,0,0.24508501313237172,-1.8873050212860107,-0.7623050212860107,base,No
1171,1,1,0.8354835330070839,-0.4006357491016388,-2.0256357192993164,base,Yes
1172,1,0,0.1480471829959148,-2.5329971313476562,-0.7829970121383667,base,No
1173,1,0,0.3775406547908327,-1.1786980628967285,-0.6786980032920837,base,No
1174,1,0,0.4378234991142019,-1.0417876243591309,-0.7917876243591309,base,No
1175,1,0,0.3775406547908327,-1.1941566467285156,-0.6941565871238708,base,No
1176,1,0,0.2689414213699951,-1.6014246940612793,-0.6014246940612793,base,No
1177,1,0,0.29421497216298875,-1.7252613306045532,-0.8502613306045532,base,No
1178,1,0,0.46879062662624377,-0.9952315092086792,-0.8702315092086792,base,No
1179,1,0,0.3486451217982255,-1.2377612590789795,-0.6127611994743347,base,No
1180,1,1,0.9669140211345884,-0.16606594622135162,-3.5410659313201904,base,Yes
1181,1,0,0.24508500210441886,-1.6083471775054932,-0.4833471179008484,base,No
1182,1,0,0.46879062662624377,-0.9684404134750366,-0.8434404134750366,base,No
1183,1,0,0.2689414096510108,-1.5198287963867188,-0.519828736782074,base,No
1184,1,1,0.6513548646660542,-0.652157187461853,-1.277157187461853,base,Yes
1185,1,0,0.46879062662624377,-0.9306676983833313,-0.8056676983833313,base,No
1186,1,0,0.29421497216298875,-1.6350765228271484,-0.7600765228271484,base,No
1187,1,0,0.37754066879814546,-1.1453526020050049,-0.6453526020050049,base,No
1188,1,0,0.32082130082460697,-1.3285173177719116,-0.5785173177719116,base,No
1189,1,1,0.6513548646660542,-0.5408493280410767,-1.1658493280410767,base,Yes
1190,1,1,0.7057850278370112,-0.5096395015716553,-1.3846395015716553,base,Yes
1191,1,0,0.5,-0.8246412873268127,-0.8246412873268127,base,No
1192,1,0,0.4073334000459302,-1.0225712060928345,-0.6475712060928345,base,No
1193,1,0,0.3486451488696663,-1.2291417121887207,-0.6041417717933655,base,No
1194,1,0,0.13296422989056964,-2.1944034099578857,-0.3194033205509186,base,No
1195,1,0,0.5,-0.8636231422424316,-0.8636231422424316,base,No
1196,1,0,0.2689414213699951,-1.7382394075393677,-0.7382394075393677,base,No
1197,1,0,0.34864513533394575,-1.2968682050704956,-0.6718682050704956,base,No
1198,1,1,0.8354835371034369,-0.4649169445037842,-2.089916944503784,base,Yes
1199,1,0,0.2689414330889798,-1.5837206840515137,-0.5837207436561584,base,No
1200,1,0,0.46879062662624377,-0.8721593022346497,-0.7471593022346497,base,No
1201,1,1,0.5312093733737563,-0.843352198600769,-0.968352198600769,base,Yes
1202,1,0,0.2689414330889798,-1.379075527191162,-0.3790755867958069,base,No
1203,1,1,0.6224593171945417,-0.753155529499054,-1.2531554698944092,base,Yes
1204,1,0,0.24508502416032488,-1.873535394668579,-0.7485354542732239,base,No
1205,1,0,0.34864513533394575,-1.671616554260254,-1.046616554260254,base,no
1206,1,0,0.11920291263495983,-2.370370626449585,-0.3703705370426178,base,No
1207,1,0,0.37754066879814546,-1.163068413734436,-0.663068413734436,base,No
1208,1,0,0.4378234991142019,-0.9099290370941162,-0.6599290370941162,base,No
1209,1,0,0.18242550602671442,-2.06442928314209,-0.5644291639328003,base,No
1210,1,0,0.2689414213699951,-1.4336978197097778,-0.43369781970977783,base,No
1211,1,1,0.8519527982093668,-0.34953573346138,-2.0995357036590576,base,Yes
1212,1,0,0.2689414213699951,-1.5601685047149658,-0.5601685047149658,base,No
1213,1,1,0.5621765008857981,-0.6533449292182922,-0.9033449292182922,base,Yes
1214,1,0,0.34864513533394575,-1.1932330131530762,-0.5682330131530762,base,No
1215,1,0,0.32082130082460697,-1.2507766485214233,-0.5007766485214233,base,No
1216,1,1,0.731058584489497,-0.49177810549736023,-1.4917781352996826,base,Yes
1217,1,1,0.6224593312018546,-0.7446813583374023,-1.2446813583374023,base,Yes
1218,1,1,0.5926665999540697,-0.6565440893173218,-1.0315440893173218,base,Yes
1219,1,0,0.07585818211049715,-2.7624621391296387,-0.26246216893196106,base,No
1220,1,0,0.2942149597859341,-1.38818359375,-0.5131835341453552,base,No
1221,1,0,0.32082130082460697,-1.2366504669189453,-0.4866504669189453,base,No
1222,1,0,0.16451645880021026,-2.0500664710998535,-0.42506644129753113,base,No
1223,1,1,0.9324533013520764,-0.20860731601715088,-2.8336071968078613,base,Yes
1224,1,0,0.2689414213699951,-1.6641969680786133,-0.6641969680786133,base,No
1225,1,0,0.29421497216298875,-1.4386156797409058,-0.5636156797409058,base,No
1226,1,0,0.1480472055495773,-2.215043544769287,-0.4650436043739319,base,No
1227,1,0,0.4378234991142019,-1.2289667129516602,-0.9789667129516602,base,No
1228,1,0,0.2018132270610754,-1.8629626035690308,-0.48796263337135315,base,No
1229,1,1,0.8175744850834649,-0.3544139266014099,-1.8544139862060547,base,Yes
1230,1,0,0.4378234991142019,-1.0006269216537476,-0.7506269216537476,base,No
1231,1,0,0.3208212878370535,-1.341569423675537,-0.5915693640708923,base,No
1232,1,0,0.5,-0.8276749849319458,-0.8276749849319458,base,No
1233,1,0,0.16451645880021026,-2.0822834968566895,-0.45728346705436707,base,No
1234,1,1,0.6513548646660542,-0.6891391277313232,-1.3141391277313232,base,Yes
1235,1,1,0.679178699175393,-0.6169842481613159,-1.366984248161316,base,Yes
1236,1,0,0.4073333856566001,-1.0573821067810059,-0.6823820471763611,base,No
1237,1,0,0.3208212878370535,-1.3895468711853027,-0.639546811580658,base,No
1238,1,0,0.40733341443526055,-1.0591328144073486,-0.6841328740119934,base,No
1239,1,1,0.5621765008857981,-0.7199389934539795,-0.9699389934539795,base,Yes
1240,1,0,0.32082130082460697,-1.295620322227478,-0.545620322227478,base,No
1241,1,0,0.32082130082460697,-1.366127848625183,-0.6161278486251831,base,No
1242,1,0,0.29421497216298875,-1.3780404329299927,-0.5030404329299927,base,No
1243,1,0,0.5,-0.7702546119689941,-0.7702546119689941,base,No
1244,1,1,0.5621765008857981,-0.7139555215835571,-0.9639555215835571,base,Yes
1245,1,1,0.5621765008857981,-0.7501798868179321,-1.0001798868179321,base,Yes
1246,1,0,0.46879062662624377,-1.022835373878479,-0.897835373878479,base,No
1247,1,0,0.4378235137849365,-1.1054999828338623,-0.8555000424385071,base,No
1248,1,0,0.5,-0.9028576612472534,-0.9028576612472534,base,No
1249,1,1,0.7057850278370112,-0.482175350189209,-1.357175350189209,base,Yes
1250,1,1,0.5621765008857981,-0.7242631316184998,-0.9742631316184998,base,Yes
1251,1,0,0.08509904732734556,-2.6261394023895264,-0.25113943219184875,base,No
1252,1,0,0.4073334000459302,-1.0851895809173584,-0.7101895809173584,base,No
1253,1,0,0.32082130082460697,-1.389923334121704,-0.6399233341217041,base,No
1254,1,0,0.46879062662624377,-1.1056660413742065,-0.9806660413742065,base,No
1255,1,0,0.20181322226037882,-1.6609125137329102,-0.28591251373291016,base,No
1256,1,0,0.16451645470385742,-1.9986083507537842,-0.3736082911491394,base,No
1257,1,1,0.8175744761936437,-0.3844165802001953,-1.8844165802001953,base,Yes
1258,1,0,0.2942149845400438,-1.4422125816345215,-0.5672126412391663,base,No
1259,1,0,0.1329642333263228,-2.1328556537628174,-0.2578555941581726,base,No
1260,1,0,0.18242551936144574,-1.9936493635177612,-0.49364933371543884,base,No
1261,1,0,0.2689414096510108,-1.4819934368133545,-0.4819933772087097,base,No
1262,1,0,0.5,-0.8816309571266174,-0.8816309571266174,base,No
1263,1,0,0.46879062662624377,-0.8861284852027893,-0.7611284852027893,base,No
1264,1,1,0.754914997895581,-0.5529643893241882,-1.677964448928833,base,Yes
1265,1,1,0.5926665999540697,-0.9331117868423462,-1.3081117868423462,base,Yes
1266,1,0,0.2942149597859341,-1.4168579578399658,-0.541857898235321,base,No
1267,1,0,0.22270013882530884,-1.581479549407959,-0.331479549407959,base,No
1268,1,1,0.5312093733737563,-0.8344185948371887,-0.9594185948371887,base,Yes
1269,1,1,0.7549149813536518,-0.4128834307193756,-1.5378834009170532,base,Yes
1270,1,0,0.3208213138121609,-1.4018089771270752,-0.65180903673172,base,No
1271,1,0,0.14804721306746543,-2.143432140350342,-0.39343225955963135,base,No
1272,1,0,0.3208213138121609,-1.3338303565979004,-0.5838304162025452,base,No
1273,1,0,0.22270012850745968,-1.7318050861358643,-0.4818050265312195,base,No
1274,1,0,0.20181323186177208,-1.9258110523223877,-0.5508111119270325,base,No
1275,1,0,0.2689414330889798,-1.5549108982086182,-0.5549109578132629,base,No
1276,1,0,0.29421496597446145,-1.3087459802627563,-0.43374595046043396,base,No
1277,1,0,0.22270014398423357,-1.650511622428894,-0.40051165223121643,base,No
1278,1,1,0.5312093733737563,-0.7832715511322021,-0.9082715511322021,base,Yes
1279,1,0,0.20181321265898594,-1.9494976997375488,-0.574497640132904,base,No
1280,1,0,0.5,-0.8166368007659912,-0.8166368007659912,base,No
1281,1,0,0.24508501313237172,-1.8447808027267456,-0.7197808027267456,base,No
1282,1,0,0.2689414213699951,-1.8791329860687256,-0.8791329860687256,base,No
1283,1,0,0.24508502416032488,-1.8028955459594727,-0.6778956055641174,base,No
1284,1,0,0.2689414213699951,-1.5746177434921265,-0.5746177434921265,base,No
1285,1,0,0.08509904500702024,-2.8271610736846924,-0.4521610736846924,base,No
1286,1,0,0.34864513533394575,-1.2156686782836914,-0.5906686782836914,base,No
1287,1,0,0.4378234991142019,-0.9259006381034851,-0.6759006381034851,base,No
1288,1,0,0.3775406828054583,-1.3266589641571045,-0.8266590237617493,base,No
1289,1,0,0.18242551491653522,-1.998356819152832,-0.49835675954818726,base,No
1290,1,1,0.7772998611746911,-0.5153074264526367,-1.7653074264526367,base,Yes
1291,1,0,0.46879062662624377,-0.9323953986167908,-0.8073953986167908,base,No
1292,1,1,0.754914997895581,-0.6189057230949402,-1.743905782699585,base,Yes
1293,1,0,0.4073334000459302,-0.9950100779533386,-0.6200100779533386,base,No
1294,1,0,0.37754066879814546,-1.3035818338394165,-0.8035818338394165,base,No
1295,1,1,0.5926665999540697,-0.7236757278442383,-1.0986757278442383,base,Yes
1296,1,1,0.6513548782017746,-0.80597323179245,-1.4309732913970947,base,Yes
1297,1,0,0.14804719051380197,-2.31066632270813,-0.5606662631034851,base,No
1298,1,0,0.4378234991142019,-1.2074995040893555,-0.9574995040893555,base,No
1299,1,0,0.2942149845400438,-1.417778730392456,-0.5427787899971008,base,No
1300,1,0,0.24508501864634827,-1.5372748374938965,-0.41227486729621887,base,No
1301,1,0,0.34864513533394575,-1.1895240545272827,-0.5645240545272827,base,No
1302,1,0,0.3486451217982255,-1.2367360591888428,-0.611735999584198,base,No
1303,1,0,0.29421497216298875,-1.4809328317642212,-0.6059328317642212,base,No
1304,1,0,0.37754066879814546,-1.1793092489242554,-0.6793092489242554,base,No
1305,1,0,0.24508500761839525,-1.606675624847412,-0.4816755950450897,base,No
1306,1,0,0.16451647108926923,-2.153097152709961,-0.5280972123146057,base,No
1307,1,0,0.3775406828054583,-1.223067045211792,-0.7230671048164368,base,No
1308,1,1,0.5926666143433998,-0.7374793887138367,-1.1124794483184814,base,Yes
1309,1,0,0.4073334000459302,-1.0297397375106812,-0.6547397375106812,base,No
1310,1,0,0.2689414330889798,-1.4412643909454346,-0.44126445055007935,base,No
1311,1,1,0.5621765008857981,-0.7648066282272339,-1.0148066282272339,base,Yes
1312,1,0,0.4073334000459302,-1.0120327472686768,-0.6370327472686768,base,No
1313,1,0,0.3486451217982255,-1.2236170768737793,-0.5986170172691345,base,No
1314,1,0,0.2689414330889798,-1.5083246231079102,-0.5083246827125549,base,No
1315,1,0,0.2689414096510108,-1.6072494983673096,-0.6072494387626648,base,No
1316,1,0,0.46879062662624377,-0.8877225518226624,-0.7627225518226624,base,No
1317,1,1,0.8670357735451834,-0.29003608226776123,-2.165036201477051,base,Yes
1318,1,0,0.2942149597859341,-1.4181442260742188,-0.543144166469574,base,No
1319,1,1,0.5926665999540697,-0.6301922798156738,-1.0051922798156738,base,Yes
1320,1,0,0.20181322226037882,-1.8233766555786133,-0.4483766555786133,base,No
1321,1,0,0.0850990542883219,-2.7938146591186523,-0.4188147783279419,base,No
1322,1,0,0.2689414213699951,-1.445567011833191,-0.4455670118331909,base,No
1323,1,0,0.5,-0.8830535411834717,-0.8830535411834717,base,No
1324,1,0,0.2689414213699951,-1.5409561395645142,-0.5409561395645142,base,No
1325,1,0,0.2689414096510108,-1.5103461742401123,-0.5103461146354675,base,No
1326,1,0,0.2689414096510108,-1.541477918624878,-0.5414778590202332,base,No
1327,1,0,0.40733341443526055,-1.0882737636566162,-0.713273823261261,base,No
1328,1,0,0.40733341443526055,-1.0142457485198975,-0.6392458081245422,base,No
1329,1,0,0.32082130082460697,-1.2370110750198364,-0.4870110750198364,base,No
1330,1,1,0.6224593312018546,-0.5543116331100464,-1.0543116331100464,base,Yes
1331,1,0,0.22270012850745968,-1.9515986442565918,-0.701598584651947,base,No
1332,1,1,0.5312093733737563,-0.8196432590484619,-0.9446432590484619,base,Yes
1333,1,0,0.1066905911052601,-2.4504294395446777,-0.32542940974235535,base,No
1334,1,1,0.679178699175393,-0.5940384864807129,-1.344038486480713,base,Yes
1335,1,0,0.34864513533394575,-1.2504926919937134,-0.6254926919937134,base,No
1336,1,1,0.7981867729389246,-0.3534528315067291,-1.7284528017044067,base,Yes
1337,1,0,0.37754066879814546,-1.1859538555145264,-0.6859538555145264,base,No
1338,1,0,0.3208212878370535,-1.3537249565124512,-0.6037248969078064,base,No
1339,1,0,0.24508501313237172,-1.6295838356018066,-0.5045838356018066,base,No
1340,1,0,0.22270014914315833,-1.8816006183624268,-0.6316006779670715,base,No
1341,1,0,0.14804719051380197,-2.1618289947509766,-0.4118289351463318,base,No
1342,1,0,0.1645164792819756,-2.0007262229919434,-0.3757263422012329,base,No
1343,1,0,0.37754066879814546,-1.177031397819519,-0.677031397819519,base,No
1344,1,0,0.16451647108926923,-2.030083656311035,-0.40508371591567993,base,No
1345,1,0,0.29421497216298875,-1.493296504020691,-0.6182965040206909,base,No
1346,1,1,0.6513548511303336,-0.7684643864631653,-1.3934643268585205,base,Yes
1347,1,0,0.3486451217982255,-1.2792208194732666,-0.6542207598686218,base,No
1348,1,1,0.5926665999540697,-0.6299774646759033,-1.0049774646759033,base,Yes
1349,1,0,0.2942149783515162,-1.336779236793518,-0.46177926659584045,base,No
1350,1,0,0.46879062662624377,-0.8822305798530579,-0.7572305798530579,base,No
1351,1,0,0.3486451217982255,-1.2627692222595215,-0.6377691626548767,base,No
1352,1,0,0.37754066879814546,-1.1422398090362549,-0.6422398090362549,base,No
1353,1,0,0.16451646699291617,-1.9898144006729126,-0.364814430475235,base,No
1354,1,0,0.46879062662624377,-0.9713464975357056,-0.8463464975357056,base,No
1355,1,0,0.2689414096510108,-1.5743987560272217,-0.5743986964225769,base,No
1356,1,0,0.3486451488696663,-1.2717015743255615,-0.6467016339302063,base,No
1357,1,0,0.11920290950590741,-2.3408799171447754,-0.34087979793548584,base,No
1358,1,0,0.2689414213699951,-1.6167700290679932,-0.6167700290679932,base,No
1359,1,0,0.34864513533394575,-1.3676875829696655,-0.7426875829696655,base,No
1360,1,0,0.5,-0.9051088094711304,-0.9051088094711304,base,No
1361,1,0,0.32082130082460697,-1.3882535696029663,-0.6382535696029663,base,No
1362,1,1,0.5926665855647394,-0.8216314911842346,-1.1966314315795898,base,Yes
1363,1,0,0.3486451217982255,-1.1748237609863281,-0.5498237013816833,base,No
1364,1,0,0.4073333856566001,-1.0543310642242432,-0.6793310046195984,base,No
1365,1,0,0.2689414330889798,-1.4831633567810059,-0.48316341638565063,base,No
1366,1,1,0.5926665999540697,-0.6522767543792725,-1.0272767543792725,base,Yes
1367,1,0,0.18242552380635632,-1.9781688451766968,-0.4781688451766968,base,No
1368,1,1,0.8354835371034369,-0.294567346572876,-1.919567346572876,base,Yes
1369,1,1,0.7057850278370112,-0.5881000757217407,-1.4631000757217407,base,Yes
1370,1,1,0.8519528057272543,-0.32648608088493347,-2.076486110687256,base,Yes
1371,1,0,0.40733341443526055,-1.101095199584961,-0.7260952591896057,base,No
1372,1,1,0.7549149868676283,-0.40382909774780273,-1.5288290977478027,base,Yes
1373,1,0,0.2942149845400438,-1.6246604919433594,-0.7496605515480042,base,No
1374,1,0,0.5,-0.8710183501243591,-0.8710183501243591,base,No
1375,1,0,0.46879062662624377,-0.8152746558189392,-0.6902746558189392,base,No
1376,1,0,0.24508502416032488,-1.6408617496490479,-0.5158618092536926,base,No
1377,1,1,0.6224593312018546,-0.6732039451599121,-1.173203945159912,base,Yes
1378,1,0,0.20181322226037882,-1.8886178731918335,-0.5136178731918335,base,No
1379,1,0,0.24508502416032488,-1.6605985164642334,-0.5355985760688782,base,No
1380,1,0,0.46879062662624377,-0.9575504064559937,-0.8325504064559937,base,No
1381,1,0,0.22270013882530884,-1.7873499393463135,-0.5373499393463135,base,No
1382,1,0,0.3486451217982255,-1.1700770854949951,-0.5450770258903503,base,No
1383,1,0,0.2942149597859341,-1.4971497058868408,-0.622149646282196,base,No
1384,1,0,0.4073333856566001,-1.0860888957977295,-0.7110888361930847,base,No
1385,1,1,0.5926665855647394,-0.6596229672431946,-1.0346229076385498,base,Yes
1386,1,1,0.679178699175393,-0.529692530632019,-1.279692530632019,base,Yes
1387,1,0,0.3208212878370535,-1.5802991390228271,-0.8302990794181824,base,No
1388,1,0,0.32082130082460697,-1.440435528755188,-0.690435528755188,base,No
1389,1,1,0.7772998611746911,-0.45088374614715576,-1.7008837461471558,base,Yes
1390,1,0,0.18242551936144574,-1.9248391389846802,-0.4248391091823578,base,No
1391,1,0,0.18242551491653522,-1.9422709941864014,-0.4422709345817566,base,No
1392,1,1,0.8670357563664174,-0.40423277020454407,-2.2792327404022217,base,Yes
1393,1,1,0.5621765008857981,-0.6918613314628601,-0.9418613314628601,base,Yes
1394,1,0,0.4073334000459302,-1.0434644222259521,-0.6684644222259521,base,No
1395,1,0,0.08509904036636974,-2.8725380897521973,-0.4975380301475525,base,No
1396,1,0,0.20181323186177208,-1.7814385890960693,-0.4064386487007141,base,No
1397,1,0,0.22270014914315833,-1.7561233043670654,-0.5061233639717102,base,No
1398,1,1,0.6224593171945417,-0.7030842900276184,-1.2030842304229736,base,Yes
1399,1,0,0.4073334000459302,-0.9729372262954712,-0.5979372262954712,base,No
1400,1,0,0.3775406828054583,-1.2951910495758057,-0.7951911091804504,base,No
1401,1,0,0.24508501313237172,-1.8805885314941406,-0.7555885314941406,base,No
1402,1,1,0.904650527388829,-0.32415255904197693,-2.5741524696350098,base,Yes
1403,1,1,0.7310585669110203,-0.47890979051589966,-1.4789097309112549,base,Yes
1404,1,0,0.32082130082460697,-1.31019127368927,-0.56019127368927,base,No
1405,1,0,0.24508500761839525,-1.6227903366088867,-0.49779030680656433,base,No
1406,1,1,0.8519527906914787,-0.38987287878990173,-2.1398727893829346,base,Yes
1407,1,0,0.24508501313237172,-1.6581580638885498,-0.5331580638885498,base,No
1408,1,1,0.6791787121629466,-0.5518149733543396,-1.3018150329589844,base,Yes
1409,1,0,0.37754066879814546,-1.1133224964141846,-0.6133224964141846,base,No
1410,1,0,0.5,-0.8638516664505005,-0.8638516664505005,base,No
1411,1,0,0.18242552380635632,-2.0566792488098145,-0.5566792488098145,base,No
1412,1,0,0.4073334000459302,-1.0597549676895142,-0.6847549676895142,base,No
1413,1,0,0.2942149845400438,-1.4053800106048584,-0.5303800702095032,base,No
1414,1,0,0.5,-0.858902096748352,-0.858902096748352,base,No
1415,1,0,0.22270013882530884,-1.773298740386963,-0.5232987403869629,base,No
1416,1,1,0.6224593171945417,-0.6386602520942688,-1.138660192489624,base,Yes
1417,1,0,0.18242552380635632,-2.036433458328247,-0.5364334583282471,base,No
1418,1,1,0.8175744673038221,-0.4110580086708069,-1.911057949066162,base,Yes
1419,1,0,0.4073334000459302,-1.026091456413269,-0.651091456413269,base,No
1420,1,0,0.2018132174596823,-1.7731293439865112,-0.39812931418418884,base,No
1421,1,1,0.7310585786300049,-0.5116814374923706,-1.5116814374923706,base,Yes
1422,1,0,0.2689414096510108,-1.4390475749969482,-0.43904751539230347,base,No
1423,1,0,0.22270013366638422,-1.714072823524475,-0.4640727937221527,base,No
1424,1,1,0.8175744584140004,-0.502848744392395,-2.0028486251831055,base,Yes
1425,1,1,0.5926665999540697,-0.6913220882415771,-1.0663220882415771,base,Yes
1426,1,0,0.3486451488696663,-1.3978164196014404,-0.7728164792060852,base,No
1427,1,0,0.29421497216298875,-1.3674298524856567,-0.49242985248565674,base,No
1428,1,1,0.5621764862150634,-0.7658730149269104,-1.0158729553222656,base,Yes
1429,1,0,0.20181324146316565,-2.1203713417053223,-0.7453714609146118,base,No
1430,1,0,0.4073334000459302,-1.090649127960205,-0.7156491279602051,base,No
1431,1,0,0.4073333856566001,-1.123323917388916,-0.7483238577842712,base,No
1432,1,1,0.6791786861878392,-0.5075955986976624,-1.2575955390930176,base,Yes
1433,1,0,0.37754066879814546,-1.160097360610962,-0.6600973606109619,base,No
1434,1,0,0.20181322226037882,-1.7083613872528076,-0.3333613872528076,base,No
1435,1,0,0.4378234991142019,-1.1881963014602661,-0.9381963014602661,base,No
1436,1,0,0.22270013366638422,-1.696506142616272,-0.4465061128139496,base,No
1437,1,0,0.34864513533394575,-1.1937968730926514,-0.5687968730926514,base,No
1438,1,0,0.3486451217982255,-1.3365910053253174,-0.7115909457206726,base,No
1439,1,0,0.18242552380635632,-2.0031938552856445,-0.5031938552856445,base,No
1440,1,0,0.4378234991142019,-1.0071426630020142,-0.7571426630020142,base,No
1441,1,0,0.29421496597446145,-1.333126187324524,-0.45812615752220154,base,No
1442,1,1,0.5926665999540697,-0.6972026824951172,-1.0722026824951172,base,Yes
1443,1,0,0.46879062662624377,-0.8938021659851074,-0.7688021659851074,base,No
1444,1,0,0.1329642264548166,-2.4098262786865234,-0.5348261594772339,base,No
1445,1,0,0.32082130082460697,-1.3834680318832397,-0.6334680318832397,base,No
1446,1,0,0.40733341443526055,-1.1117827892303467,-0.7367828488349915,base,No
1447,1,0,0.37754066879814546,-1.1390671730041504,-0.6390671730041504,base,No
1448,1,1,0.5312093733737563,-0.7224419116973877,-0.8474419116973877,base,Yes
1449,1,1,0.8519528019683106,-0.419323205947876,-2.169323205947876,base,Yes
1450,1,0,0.34864513533394575,-1.2410660982131958,-0.6160660982131958,base,No
1451,1,1,0.5312093733737563,-0.7922562956809998,-0.9172562956809998,base,Yes
1452,1,1,0.5926665999540697,-0.7777230739593506,-1.1527230739593506,base,Yes
1453,1,0,0.3486451217982255,-1.3046624660491943,-0.6796624064445496,base,No
1454,1,0,0.14804720179063335,-2.0250399112701416,-0.275039941072464,base,No
1455,1,1,0.5312093733737563,-0.8242218494415283,-0.9492218494415283,base,Yes
1456,1,0,0.20181322226037882,-1.6786538362503052,-0.3036538362503052,base,No
1457,1,0,0.34864513533394575,-1.2403228282928467,-0.6153228282928467,base,No
1458,1,0,0.18242552380635632,-2.0495493412017822,-0.5495493412017822,base,No
1459,1,1,0.6791786926816161,-0.4978252947330475,-1.247825264930725,base,Yes
1460,1,0,0.29421497216298875,-1.5814625024795532,-0.7064625024795532,base,No
1461,1,0,0.2942149597859341,-1.4692447185516357,-0.594244658946991,base,No
1462,1,0,0.08509904964767095,-2.6396567821502686,-0.26465684175491333,base,No
1463,1,0,0.32082130082460697,-1.2480502128601074,-0.4980502128601074,base,No
1464,1,0,0.4073334000459302,-1.100961685180664,-0.7259616851806641,base,No
1465,1,0,0.32082130082460697,-1.3474467992782593,-0.5974467992782593,base,No
1466,1,0,0.2689414213699951,-1.4540536403656006,-0.4540536403656006,base,No
1467,1,0,0.40733341443526055,-1.1511080265045166,-0.7761080861091614,base,No
1468,1,0,0.32082130082460697,-1.319648027420044,-0.569648027420044,base,No
1469,1,0,0.2018132270610754,-1.7387877702713013,-0.36378780007362366,base,No
1470,1,0,0.4378235137849365,-1.0323615074157715,-0.7823615670204163,base,No
1471,1,1,0.7310585903489892,-0.6526615023612976,-1.6526615619659424,base,Yes
1472,1,1,0.8807970873650403,-0.37651053071022034,-2.3765106201171875,base,Yes
1473,1,0,0.46879064146934857,-1.067755937576294,-0.9427559971809387,base,No
1474,1,0,0.10669059394565118,-2.6337597370147705,-0.5087597370147705,base,No
1475,1,0,0.3775406547908327,-1.2351560592651367,-0.7351559996604919,base,No
1476,1,0,0.29421497216298875,-1.3752193450927734,-0.5002193450927734,base,No
1477,1,1,0.5621765008857981,-0.7435770630836487,-0.9935770630836487,base,Yes
1478,1,1,0.6513548646660542,-0.5635713338851929,-1.1885713338851929,base,Yes
1479,1,1,0.880797068590724,-0.3816417157649994,-2.3816416263580322,base,Yes
1480,1,1,0.6513548646660542,-0.7037500143051147,-1.3287500143051147,base,Yes
1481,1,0,0.24508500210441886,-1.5301334857940674,-0.4051334261894226,base,No
1482,1,0,0.14804718675485834,-2.086948871612549,-0.33694878220558167,base,No
1483,1,1,0.7057850278370112,-0.4943201541900635,-1.3693201541900635,base,Yes
1484,1,1,0.7772998611746911,-0.5354472398757935,-1.7854472398757935,base,Yes
1485,1,0,0.32082130082460697,-1.3945101499557495,-0.6445101499557495,base,No
1486,1,0,0.2942149845400438,-1.459778070449829,-0.5847781300544739,base,No
1487,1,0,0.1329642333263228,-2.312879800796509,-0.437879741191864,base,No
1488,1,1,0.7310585903489892,-0.400634229183197,-1.4006342887878418,base,Yes
1489,1,0,0.37754066879814546,-1.145324468612671,-0.6453244686126709,base,No
1490,1,0,0.18242553269617778,-1.9350783824920654,-0.4350784420967102,base,No
1491,1,0,0.4073334000459302,-1.1243057250976562,-0.7493057250976562,base,No
1492,1,1,0.7772998611746911,-0.5299023389816284,-1.7799023389816284,base,Yes
1493,1,0,0.2018132174596823,-1.8016934394836426,-0.4266934096813202,base,No
1494,1,0,0.46879062662624377,-1.037315011024475,-0.9123150110244751,base,No
1495,1,0,0.20181322226037882,-1.894824743270874,-0.519824743270874,base,No
1496,1,0,0.40733341443526055,-1.0588905811309814,-0.6838906407356262,base,No
1497,1,0,0.37754066879814546,-1.303634524345398,-0.803634524345398,base,No
1498,1,0,0.37754066879814546,-1.1214244365692139,-0.6214244365692139,base,No
1499,1,1,0.5926665999540697,-0.6598197221755981,-1.0348197221755981,base,Yes
1500,1,0,0.24508501313237172,-1.5630046129226685,-0.43800461292266846,base,No
1501,1,0,0.34864513533394575,-1.3353883028030396,-0.7103883028030396,base,No
1502,1,0,0.29421497216298875,-1.4475159645080566,-0.5725159645080566,base,No
1503,1,0,0.3208213138121609,-1.4167487621307373,-0.6667488217353821,base,No
1504,1,1,0.5621765155565327,-0.8100668787956238,-1.0600669384002686,base,Yes
1505,1,0,0.24508501864634827,-1.621383547782898,-0.49638357758522034,base,No
1506,1,0,0.13296422989056964,-2.2933130264282227,-0.4183129370212555,base,No
1507,1,0,0.4073334000459302,-0.9994869232177734,-0.6244869232177734,base,No
1508,1,0,0.3208212878370535,-1.3090558052062988,-0.559055745601654,base,No
1509,1,0,0.2689414213699951,-1.5092681646347046,-0.5092681646347046,base,No
1510,1,1,0.6224593312018546,-0.6863360404968262,-1.1863360404968262,base,Yes
1511,1,0,0.2689414213699951,-1.4524108171463013,-0.45241081714630127,base,No
1512,1,0,0.3486451488696663,-1.1559362411499023,-0.5309363007545471,base,No
1513,1,1,0.7310585786300049,-0.43166589736938477,-1.4316658973693848,base,Yes
1514,1,0,0.29421497216298875,-1.5327632427215576,-0.6577632427215576,base,No
1515,1,0,0.2689414213699951,-1.4714233875274658,-0.4714233875274658,base,No
1516,1,0,0.32082130082460697,-1.4063609838485718,-0.6563609838485718,base,No
1517,1,0,0.46879062662624377,-0.9074734449386597,-0.7824734449386597,base,No
1518,1,0,0.20181322226037882,-1.8107001781463623,-0.4357001781463623,base,No
1519,1,0,0.24508501313237172,-1.7590686082839966,-0.6340686082839966,base,No
1520,1,0,0.4378234991142019,-0.9217162728309631,-0.6717162728309631,base,No
1521,1,0,0.46879062662624377,-1.05251944065094,-0.9275194406509399,base,No
1522,1,0,0.4378234991142019,-0.9242480993270874,-0.6742480993270874,base,No
1523,1,1,0.7310585786300049,-0.42430734634399414,-1.4243073463439941,base,Yes
1524,1,0,0.05340332829327471,-3.154074192047119,-0.27907416224479675,base,No
1525,1,0,0.2942149597859341,-1.4666831493377686,-0.5916830897331238,base,No
1526,1,0,0.2689414213699951,-1.5478016138076782,-0.5478016138076782,base,No
1527,1,0,0.1480471980316895,-2.1517937183380127,-0.4017937183380127,base,No
1528,1,1,0.7772998663336157,-0.4253809154033661,-1.6753809452056885,base,Yes
1529,1,0,0.5,-0.9995287656784058,-0.9995287656784058,base,No
1530,1,0,0.37754066879814546,-1.1202176809310913,-0.6202176809310913,base,No
1531,1,1,0.7310585786300049,-0.5059595108032227,-1.5059595108032227,base,Yes
1532,1,0,0.34864513533394575,-1.278658151626587,-0.6536581516265869,base,No
1533,1,0,0.3208213138121609,-1.3803613185882568,-0.6303613781929016,base,No
1534,1,0,0.29421497216298875,-1.4083384275436401,-0.5333384275436401,base,No
1535,1,1,0.5312093733737563,-0.8611059188842773,-0.9861059188842773,base,Yes
1536,1,1,0.5926665999540697,-0.62384033203125,-0.99884033203125,base,Yes
1537,1,0,0.22270012850745968,-1.7401843070983887,-0.4901842474937439,base,No
1538,1,1,0.5926665999540697,-0.7683062553405762,-1.1433062553405762,base,Yes
1539,1,0,0.5,-0.8758699297904968,-0.8758699297904968,base,No
1540,1,0,0.34864513533394575,-1.2571203708648682,-0.6321203708648682,base,No
1541,1,0,0.4378234991142019,-0.9992552399635315,-0.7492552399635315,base,No
1542,1,0,0.3775406828054583,-1.2405650615692139,-0.7405651211738586,base,No
1543,1,1,0.5312093733737563,-0.8416324853897095,-0.9666324853897095,base,Yes
1544,1,0,0.4378234991142019,-1.0064663887023926,-0.7564663887023926,base,No
1545,1,0,0.22270013882530884,-1.6998828649520874,-0.4498828649520874,base,No
1546,1,0,0.4073334000459302,-1.1010794639587402,-0.7260794639587402,base,No
1547,1,1,0.5621765008857981,-0.7659368515014648,-1.0159368515014648,base,Yes
1548,1,0,0.20181322226037882,-1.8882547616958618,-0.5132547616958618,base,No
1549,1,1,0.5312093733737563,-0.9256811141967773,-1.0506811141967773,base,Yes
1550,1,1,0.5621765008857981,-0.7170966863632202,-0.9670966863632202,base,Yes
1551,1,0,0.14804720179063335,-2.1686244010925293,-0.4186244308948517,base,No
1552,1,0,0.11920291263495983,-2.3901774883270264,-0.3901773989200592,base,No
1553,1,1,0.7549149868676283,-0.3552584648132324,-1.4802584648132324,base,Yes
1554,1,0,0.22270012850745968,-1.6681814193725586,-0.4181813597679138,base,No
1555,1,0,0.29421497216298875,-1.5712312459945679,-0.6962312459945679,base,No
1556,1,0,0.3208212878370535,-1.3857510089874268,-0.635750949382782,base,No
1557,1,0,0.4073334000459302,-1.0098044872283936,-0.6348044872283936,base,No
1558,1,0,0.37754066879814546,-1.2513399124145508,-0.7513399124145508,base,No
1559,1,0,0.2689414213699951,-1.661355972290039,-0.6613559722900391,base,No
1560,1,1,0.9046505376715775,-0.32422420382499695,-2.5742242336273193,base,Yes
1561,1,0,0.1066905911052601,-2.4232311248779297,-0.2982310950756073,base,No
1562,1,0,0.4073333856566001,-1.2118020057678223,-0.8368019461631775,base,No
1563,1,1,0.851952809486198,-0.3715142607688904,-2.121514320373535,base,Yes
1564,1,0,0.2689414213699951,-1.5963584184646606,-0.5963584184646606,base,No
1565,1,0,0.22270013882530884,-1.7552752494812012,-0.5052752494812012,base,No
1566,1,0,0.18242552825126704,-1.8304119110107422,-0.3304119408130646,base,No
1567,1,1,0.5926666143433998,-0.6313220858573914,-1.0063221454620361,base,Yes
1568,1,0,0.24508500210441886,-1.6448936462402344,-0.5198935866355896,base,No
1569,1,0,0.0850990357257195,-2.7946243286132812,-0.4196242094039917,base,No
1570,1,0,0.3775406828054583,-1.1908743381500244,-0.6908743977546692,base,No
1571,1,0,0.3775406547908327,-1.310314655303955,-0.8103145956993103,base,No
1572,1,0,0.10669058826486906,-2.6369972229003906,-0.5119971632957458,base,No
1573,1,0,0.18242551936144574,-1.9525221586227417,-0.4525221288204193,base,No
1574,1,0,0.37754066879814546,-1.26084566116333,-0.7608456611633301,base,No
1575,1,0,0.22270013882530884,-1.9794399738311768,-0.7294399738311768,base,No
1576,1,0,0.22270013366638422,-1.721961259841919,-0.47196123003959656,base,No
1577,1,0,0.16451645880021026,-2.0495870113372803,-0.4245869815349579,base,No
1578,1,0,0.20181321265898594,-1.8390696048736572,-0.46406954526901245,base,No
1579,1,0,0.26894141551050293,-1.475085973739624,-0.47508594393730164,base,No
1580,1,0,0.5,-0.7935183048248291,-0.7935183048248291,base,No
1581,1,1,0.8933094032139576,-0.29256466031074524,-2.417564630508423,base,Yes
1582,1,1,0.5312093733737563,-0.8573876619338989,-0.9823876619338989,base,Yes
1583,1,0,0.4378234991142019,-0.9607047438621521,-0.7107047438621521,base,No
1584,1,0,0.4378234991142019,-0.9618690609931946,-0.7118690609931946,base,No
1585,1,0,0.2689414213699951,-1.5284990072250366,-0.5284990072250366,base,No
1586,1,1,0.679178699175393,-0.5864347219467163,-1.3364347219467163,base,Yes
1587,1,1,0.754914975839675,-0.4194484353065491,-1.5444483757019043,base,Yes
1588,1,0,0.22270013882530884,-1.7435861825942993,-0.4935861825942993,base,No
1589,1,0,0.5,-0.8748908638954163,-0.8748908638954163,base,No
1590,1,0,0.22270013882530884,-1.7920622825622559,-0.5420622825622559,base,No
1591,1,1,0.8354835452961425,-0.35257285833358765,-1.9775729179382324,base,Yes
1592,1,0,0.22270013882530884,-1.6647356748580933,-0.41473567485809326,base,No
1593,1,0,0.46879062662624377,-0.9504982233047485,-0.8254982233047485,base,No
1594,1,0,0.24508500210441886,-1.521026849746704,-0.3960267901420593,base,No
1595,1,1,0.5621764862150634,-0.8272541165351868,-1.077254056930542,base,Yes
1596,1,0,0.46879062662624377,-1.0359828472137451,-0.9109828472137451,base,No
1597,1,0,0.3486451217982255,-1.2931530475616455,-0.6681529879570007,base,No
1598,1,0,0.4378234991142019,-0.9252607822418213,-0.6752607822418213,base,No
1599,1,0,0.2689414213699951,-1.5059263706207275,-0.5059263706207275,base,No
1600,1,0,0.18242552380635632,-1.9281991720199585,-0.4281991720199585,base,No
1601,1,0,0.2942149597859341,-1.4952983856201172,-0.6202983260154724,base,No
1602,1,0,0.29421497216298875,-1.3846783638000488,-0.5096783638000488,base,No
1603,1,0,0.2689414272294874,-1.4547418355941772,-0.45474186539649963,base,No
1604,1,1,0.8933094174159129,-0.44525468349456787,-2.5702548027038574,base,Yes
1605,1,1,0.5926665999540697,-0.6391485929489136,-1.0141485929489136,base,Yes
1606,1,0,0.18242551491653522,-2.1300225257873535,-0.6300224661827087,base,No
1607,1,0,0.32082130082460697,-1.3307838439941406,-0.5807838439941406,base,No
1608,1,1,0.7057850278370112,-0.4662543535232544,-1.3412543535232544,base,Yes
1609,1,0,0.2689414213699951,-1.7266889810562134,-0.7266889810562134,base,No
1610,1,0,0.22270013882530884,-1.720442533493042,-0.470442533493042,base,No
1611,1,0,0.34864513533394575,-1.261328101158142,-0.6363281011581421,base,No
1612,1,0,0.20181323186177208,-1.9129791259765625,-0.5379791855812073,base,No
1613,1,0,0.2689414330889798,-1.5001366138458252,-0.50013667345047,base,No
1614,1,0,0.4073333856566001,-1.0856919288635254,-0.7106918692588806,base,No
1615,1,0,0.20181323186177208,-1.8129961490631104,-0.4379962086677551,base,No
1616,1,1,0.5312093733737563,-0.8316975235939026,-0.9566975235939026,base,Yes
1617,1,0,0.3775406547908327,-1.2475509643554688,-0.747550904750824,base,No
1618,1,0,0.5,-0.9585628509521484,-0.9585628509521484,base,No
1619,1,1,0.9465966717067252,-0.4632229506969452,-3.3382229804992676,base,Yes
1620,1,0,0.24508500210441886,-1.5808460712432861,-0.45584601163864136,base,No
1621,1,0,0.1329642436335826,-2.3058338165283203,-0.4308338463306427,base,No
1622,1,0,0.37754066879814546,-1.255332350730896,-0.755332350730896,base,No
1623,1,0,0.46879062662624377,-0.9218054413795471,-0.7968054413795471,base,No
1624,1,0,0.4378234991142019,-1.0811723470687866,-0.8311723470687866,base,No
1625,1,0,0.1645164628965632,-2.1152403354644775,-0.49024033546447754,base,No
1626,1,1,0.679178699175393,-0.6477646827697754,-1.3977646827697754,base,Yes
1627,1,0,0.1645164792819756,-2.153097152709961,-0.5280972719192505,base,No
1628,1,1,0.5621765008857981,-0.7057121992111206,-0.9557121992111206,base,Yes
1629,1,1,0.5926665999540697,-0.6131181716918945,-0.9881181716918945,base,Yes
1630,1,0,0.2689414272294874,-1.4840469360351562,-0.48404696583747864,base,No
1631,1,0,0.37754066879814546,-1.3787881135940552,-0.8787881135940552,base,No
1632,1,0,0.24508500210441886,-1.6965563297271729,-0.5715562701225281,base,No
1633,1,0,0.2942149597859341,-1.51594877243042,-0.6409487128257751,base,No
1634,1,0,0.4073334000459302,-1.0185803174972534,-0.6435803174972534,base,No
1635,1,1,0.7981867825403176,-0.4650590121746063,-1.8400590419769287,base,Yes
1636,1,0,0.24508502416032488,-1.681792974472046,-0.5567930340766907,base,No
1637,1,1,0.5621764862150634,-0.8481789231300354,-1.0981788635253906,base,Yes
1638,1,1,0.5312093733737563,-0.802141010761261,-0.927141010761261,base,Yes
1639,1,0,0.2689414330889798,-1.6612129211425781,-0.6612129807472229,base,No
1640,1,0,0.1645164628965632,-1.9821034669876099,-0.35710346698760986,base,No
1641,1,1,0.6224593312018546,-0.6258596181869507,-1.1258596181869507,base,Yes
1642,1,0,0.3208212878370535,-1.3812401294708252,-0.6312400698661804,base,No
1643,1,0,0.2942149597859341,-1.4112319946289062,-0.5362319350242615,base,No
1644,1,0,0.46879062662624377,-1.0004745721817017,-0.8754745721817017,base,No
1645,1,0,0.4073334000459302,-1.0155683755874634,-0.6405683755874634,base,No
1646,1,0,0.24508500210441886,-1.73045015335083,-0.6054500937461853,base,No
1647,1,1,0.754914975839675,-0.43680912256240845,-1.5618090629577637,base,Yes
1648,1,0,0.32082130082460697,-1.3328150510787964,-0.5828150510787964,base,No
1649,1,0,0.32082130082460697,-1.275008201599121,-0.5250082015991211,base,No
1650,1,0,0.46879062662624377,-0.8281002044677734,-0.7031002044677734,base,No
1651,1,1,0.679178699175393,-0.5922609567642212,-1.3422609567642212,base,Yes
1652,1,0,0.37754066879814546,-1.3658547401428223,-0.8658547401428223,base,No
1653,1,0,0.34864513533394575,-1.2145264148712158,-0.5895264148712158,base,No
1654,1,0,0.5,-0.8372617363929749,-0.8372617363929749,base,No
1655,1,1,0.7981867825403176,-0.4319389760494232,-1.8069390058517456,base,Yes
1656,1,0,0.22270012850745968,-1.7445454597473145,-0.4945454001426697,base,No
1657,1,0,0.2689414213699951,-1.4732208251953125,-0.4732208251953125,base,No
1658,1,0,0.4378234991142019,-1.0906996726989746,-0.8406996726989746,base,No
1659,1,0,0.32082130082460697,-1.3284770250320435,-0.5784770250320435,base,No
1660,1,0,0.24508501313237172,-1.6445034742355347,-0.5195034742355347,base,No
1661,1,1,0.5926666143433998,-0.7128834128379822,-1.087883472442627,base,Yes
1662,1,1,0.6791787121629466,-0.45074886083602905,-1.2007489204406738,base,Yes
1663,1,0,0.24508501313237172,-1.672534465789795,-0.5475344657897949,base,No
1664,1,0,0.10669059394565118,-2.4417386054992676,-0.3167386054992676,base,No
1665,1,0,0.22270013882530884,-1.7467681169509888,-0.49676811695098877,base,No
1666,1,1,0.7772998611746911,-0.4608008861541748,-1.7108008861541748,base,Yes
1667,1,0,0.5,-0.9051085710525513,-0.9051085710525513,base,No
1668,1,0,0.07585818419975078,-2.8692779541015625,-0.3692780137062073,base,No
1669,1,0,0.24508501313237172,-1.6363180875778198,-0.5113180875778198,base,No
1670,1,0,0.24508501313237172,-1.7033069133758545,-0.5783069133758545,base,No
1671,1,0,0.2689414213699951,-1.5308514833450317,-0.5308514833450317,base,No
1672,1,0,0.46879062662624377,-1.1021933555603027,-0.9771933555603027,base,No
1673,1,0,0.18242551491653522,-1.917588710784912,-0.41758865118026733,base,No
1674,1,1,0.5621765008857981,-0.763795018196106,-1.013795018196106,base,Yes
1675,1,0,0.18242552380635632,-1.9456218481063843,-0.4456218481063843,base,No
1676,1,1,0.9626731137267751,-0.2745365798473358,-3.524536609649658,base,Yes
1677,1,1,0.5926665855647394,-0.646226704120636,-1.0212266445159912,base,Yes
1678,1,1,0.5312093733737563,-0.8284842371940613,-0.9534842371940613,base,Yes
1679,1,0,0.4073334000459302,-1.0402692556381226,-0.6652692556381226,base,No
1680,1,0,0.37754066879814546,-1.3786203861236572,-0.8786203861236572,base,No
1681,1,0,0.2689414213699951,-1.5487480163574219,-0.5487480163574219,base,No
1682,1,0,0.4378234991142019,-0.956601083278656,-0.706601083278656,base,No
1683,1,0,0.14804719051380197,-2.1301839351654053,-0.3801838755607605,base,No
1684,1,0,0.29421497216298875,-1.3912287950515747,-0.5162287950515747,base,No
1685,1,0,0.18242552380635632,-1.9447308778762817,-0.44473087787628174,base,No
1686,1,1,0.7981867729389246,-0.3993341028690338,-1.7743340730667114,base,Yes
1687,1,0,0.5,-0.7710583806037903,-0.7710583806037903,base,No
1688,1,1,0.5926665999540697,-0.6986486911773682,-1.0736486911773682,base,Yes
1689,1,0,0.14804718675485834,-2.054222345352173,-0.3042222559452057,base,No
1690,1,0,0.24508502416032488,-1.604841947555542,-0.47984200716018677,base,No
1691,1,0,0.32082130082460697,-1.2950670719146729,-0.5450670719146729,base,No
1692,1,1,0.7981867825403176,-0.3663012683391571,-1.7413012981414795,base,Yes
1693,1,0,0.18242552380635632,-2.1399435997009277,-0.6399435997009277,base,No
1694,1,0,0.18242552380635632,-1.9705179929733276,-0.47051799297332764,base,No
1695,1,0,0.05340333130637379,-3.2993011474609375,-0.4243011772632599,base,No
1696,1,0,0.2689414213699951,-1.4945037364959717,-0.4945037364959717,base,No
1697,1,1,0.5926666143433998,-0.6998650431632996,-1.0748651027679443,base,Yes
1698,1,0,0.37754066879814546,-1.3776401281356812,-0.8776401281356812,base,No
1699,1,0,0.2689414096510108,-1.4869015216827393,-0.4869014620780945,base,No
1700,1,0,0.34864513533394575,-1.2365636825561523,-0.6115636825561523,base,No
1701,1,0,0.2689414096510108,-1.6383318901062012,-0.6383318305015564,base,No
1702,1,0,0.37754066879814546,-1.1850990056991577,-0.6850990056991577,base,No
1703,1,0,0.5,-0.8759268522262573,-0.8759268522262573,base,No
1704,1,0,0.2942149845400438,-1.3851830959320068,-0.5101831555366516,base,No
1705,1,1,0.5926665999540697,-0.7629971504211426,-1.1379971504211426,base,Yes
1706,1,0,0.46879062662624377,-0.9269940853118896,-0.8019940853118896,base,No
1707,1,0,0.4073334000459302,-1.0023661851882935,-0.6273661851882935,base,No
1708,1,0,0.16451647518562237,-2.000978946685791,-0.3759790360927582,base,No
1709,1,0,0.2018132270610754,-1.7390652894973755,-0.3640653192996979,base,No
1710,1,0,0.24508501313237172,-1.6723039150238037,-0.5473039150238037,base,No
1711,1,1,0.6513548646660542,-0.5127018690109253,-1.1377018690109253,base,Yes
1712,1,0,0.26894141551050293,-1.4552158117294312,-0.45521578192710876,base,No
1713,1,0,0.4073333856566001,-1.048924446105957,-0.6739243865013123,base,No
1714,1,0,0.4073334000459302,-0.9663293957710266,-0.5913293957710266,base,No
1715,1,0,0.24508502416032488,-1.5837430953979492,-0.458743155002594,base,No
1716,1,1,0.6513548646660542,-0.6341737508773804,-1.2591737508773804,base,Yes
1717,1,0,0.29421497216298875,-1.4646378755569458,-0.5896378755569458,base,No
1718,1,0,0.37754066879814546,-1.234325647354126,-0.734325647354126,base,No
1719,1,1,0.5926665855647394,-0.6643112301826477,-1.039311170578003,base,Yes
1720,1,0,0.2689414213699951,-1.547317385673523,-0.547317385673523,base,No
1721,1,0,0.20181321265898594,-1.895139217376709,-0.5201391577720642,base,No
1722,1,1,0.5312093733737563,-0.7181676626205444,-0.8431676626205444,base,Yes
1723,1,0,0.22270011818961086,-2.0238795280456543,-0.7738794088363647,base,No
1724,1,0,0.2689414213699951,-1.448220133781433,-0.4482201337814331,base,No
1725,1,1,0.8519528132451416,-0.34337297081947327,-2.0933730602264404,base,Yes
1726,1,0,0.14804719051380197,-2.2464709281921387,-0.4964708685874939,base,No
1727,1,0,0.40733341443526055,-1.0678036212921143,-0.692803680896759,base,No
1728,1,0,0.4378235137849365,-1.0220608711242676,-0.7720609307289124,base,No
1729,1,1,0.5312093733737563,-0.8945400714874268,-1.0195400714874268,base,Yes
1730,1,0,0.3486451488696663,-1.2673702239990234,-0.6423702836036682,base,No
1731,1,0,0.18242553269617778,-1.8305926322937012,-0.33059269189834595,base,No
1732,1,0,0.2018132270610754,-1.7774670124053955,-0.4024670422077179,base,No
1733,1,1,0.5926665855647394,-0.6498058438301086,-1.0248057842254639,base,Yes
1734,1,0,0.4073334000459302,-1.0761315822601318,-0.7011315822601318,base,No
1735,1,0,0.37754066879814546,-1.068772315979004,-0.5687723159790039,base,No
1736,1,0,0.20181322226037882,-2.1291768550872803,-0.7541768550872803,base,No
1737,1,0,0.22270012850745968,-1.699127197265625,-0.4491271376609802,base,No
1738,1,0,0.16451644651115205,-2.0202817916870117,-0.39528167247772217,base,No
1739,1,0,0.3208212878370535,-1.4619064331054688,-0.711906373500824,base,No
1740,1,0,0.29421497216298875,-1.6084874868392944,-0.7334874868392944,base,No
1741,1,0,0.2689414213699951,-1.524549961090088,-0.5245499610900879,base,No
1742,1,0,0.24508500210441886,-1.8015110492706299,-0.6765109896659851,base,No
1743,1,0,0.32082130082460697,-1.3263808488845825,-0.5763808488845825,base,No
1744,1,1,0.679178699175393,-0.5519523620605469,-1.3019523620605469,base,Yes
1745,1,1,0.6513548511303336,-0.5602288842201233,-1.1852288246154785,base,Yes
1746,1,0,0.46879062662624377,-0.9113665223121643,-0.7863665223121643,base,No
1747,1,0,0.4378234991142019,-0.9794843196868896,-0.7294843196868896,base,No
1748,1,0,0.4073334000459302,-1.1188606023788452,-0.7438606023788452,base,No
1749,1,0,0.5,-0.8006808757781982,-0.8006808757781982,base,No
1750,1,0,0.3208213138121609,-1.4019534587860107,-0.6519535183906555,base,No
1751,1,1,0.6224593312018546,-0.6254063844680786,-1.1254063844680786,base,Yes
1752,1,0,0.37754066879814546,-1.1480629444122314,-0.6480629444122314,base,No
1753,1,0,0.5,-0.828664243221283,-0.828664243221283,base,No
1754,1,0,0.24508502416032488,-1.5951628684997559,-0.47016292810440063,base,No
1755,1,1,0.7057850278370112,-0.5119204521179199,-1.38692045211792,base,Yes
1756,1,1,0.5926666143433998,-0.6675290465354919,-1.0425291061401367,base,Yes
1757,1,1,0.5312093733737563,-0.7529274821281433,-0.8779274821281433,base,Yes
1758,1,0,0.14804721306746543,-2.3404674530029297,-0.5904675722122192,base,No
1759,1,1,0.7772998508568416,-0.44895702600479126,-1.6989569664001465,base,Yes
1760,1,0,0.5,-0.7959985733032227,-0.7959985733032227,base,No
1761,1,0,0.2689414213699951,-1.5726741552352905,-0.5726741552352905,base,No
1762,1,0,0.20181323186177208,-1.8996920585632324,-0.5246921181678772,base,No
1763,1,0,0.20181322226037882,-1.986815094947815,-0.6118150949478149,base,No
1764,1,0,0.32082130082460697,-1.4136956930160522,-0.6636956930160522,base,No
1765,1,0,0.3486451488696663,-1.569657325744629,-0.9446573853492737,base,No
1766,1,0,0.08509904500702024,-2.7394614219665527,-0.36446142196655273,base,No
1767,1,0,0.37754066879814546,-1.2746537923812866,-0.7746537923812866,base,No
1768,1,0,0.2689414213699951,-1.7594785690307617,-0.7594785690307617,base,No
1769,1,0,0.14804719427274565,-2.1082088947296143,-0.35820886492729187,base,No
1770,1,1,0.5621765008857981,-0.6999773979187012,-0.9499773979187012,base,Yes
1771,1,1,0.754914975839675,-0.4269943833351135,-1.5519943237304688,base,Yes
1772,1,0,0.1645164628965632,-2.1292624473571777,-0.5042624473571777,base,No
1773,1,0,0.32082130082460697,-1.4621297121047974,-0.7121297121047974,base,No
1774,1,0,0.1645164506075047,-2.0471160411834717,-0.4221159517765045,base,No
1775,1,1,0.7772998611746911,-0.36777007579803467,-1.6177700757980347,base,Yes
1776,1,0,0.24508500761839525,-1.5648586750030518,-0.43985864520072937,base,No
1777,1,0,0.18242552825126704,-1.922830581665039,-0.42283061146736145,base,No
1778,1,0,0.46879062662624377,-0.993034839630127,-0.868034839630127,base,No
1779,1,1,0.7310585786300049,-0.5020874738693237,-1.5020874738693237,base,Yes
1780,1,0,0.46879062662624377,-0.9626428484916687,-0.8376428484916687,base,No
1781,1,0,0.16451647108926923,-2.082440137863159,-0.45744019746780396,base,No
1782,1,0,0.37754066879814546,-1.1881639957427979,-0.6881639957427979,base,No
1783,1,0,0.46879062662624377,-0.8821232318878174,-0.7571232318878174,base,No
1784,1,1,0.7549149923816048,-0.42806848883628845,-1.5530685186386108,base,Yes
1785,1,1,0.679178699175393,-0.5608482360839844,-1.3108482360839844,base,Yes
1786,1,1,0.7549149868676283,-0.4477252960205078,-1.5727252960205078,base,Yes
1787,1,0,0.46879061178313897,-1.0260024070739746,-0.9010023474693298,base,No
1788,1,1,0.5312093733737563,-0.8127005696296692,-0.9377005696296692,base,Yes
1789,1,0,0.4378234991142019,-1.3773281574249268,-1.1273281574249268,base,No
1790,1,0,0.37754066879814546,-1.1113361120224,-0.6113361120223999,base,No
1791,1,1,0.5312093733737563,-0.7899678945541382,-0.9149678945541382,base,Yes
1792,1,1,0.679178699175393,-0.5476932525634766,-1.2976932525634766,base,Yes
1793,1,0,0.2689414213699951,-1.547378420829773,-0.547378420829773,base,No
1794,1,0,0.1645164628965632,-1.9391452074050903,-0.31414520740509033,base,No
1795,1,0,0.29421497216298875,-1.5837242603302002,-0.7087242603302002,base,No
1796,1,0,0.22270013882530884,-1.6276297569274902,-0.37762975692749023,base,No
1797,1,0,0.1480471980316895,-2.44631028175354,-0.69631028175354,base,No
1798,1,0,0.22270013882530884,-1.8243664503097534,-0.5743664503097534,base,No
1799,1,1,0.5926665855647394,-0.6834138035774231,-1.0584137439727783,base,Yes
1800,1,0,0.5,-0.777625322341919,-0.777625322341919,base,No
1801,1,0,0.3208213138121609,-1.215794324874878,-0.4657943844795227,base,No
1802,1,0,0.37754066879814546,-1.1508733034133911,-0.6508733034133911,base,No
1803,1,0,0.2942149597859341,-1.5249359607696533,-0.6499359011650085,base,No
1804,1,1,0.5926666143433998,-0.891244113445282,-1.2662441730499268,base,Yes
1805,1,1,0.851952809486198,-0.3920363783836365,-2.1420364379882812,base,Yes
1806,1,1,0.5621765008857981,-0.7089641094207764,-0.9589641094207764,base,Yes
1807,1,1,0.7310585669110203,-0.4825969338417053,-1.4825968742370605,base,Yes
1808,1,0,0.18242552380635632,-2.133004903793335,-0.633004903793335,base,No
1809,1,0,0.24508502416032488,-1.6035676002502441,-0.4785676598548889,base,No
1810,1,1,0.7549149868676283,-0.5256023406982422,-1.6506023406982422,base,Yes
1811,1,0,0.29421497216298875,-1.383244514465332,-0.508244514465332,base,No
1812,1,0,0.34864513533394575,-1.281437635421753,-0.6564376354217529,base,No
1813,1,1,0.6224593312018546,-0.6583888530731201,-1.1583888530731201,base,Yes
1814,1,0,0.37754066879814546,-1.0686713457107544,-0.5686713457107544,base,No
1815,1,0,0.3775406547908327,-1.2434916496276855,-0.7434915900230408,base,No
1816,1,0,0.24508500210441886,-1.5577068328857422,-0.4327067732810974,base,No
1817,1,0,0.2689414213699951,-1.4768898487091064,-0.47688984870910645,base,No
1818,1,0,0.4073334000459302,-1.0180295705795288,-0.6430295705795288,base,No
1819,1,0,0.29421497216298875,-1.5331528186798096,-0.6581528186798096,base,No
1820,1,1,0.5926666143433998,-0.73344486951828,-1.1084449291229248,base,Yes
1821,1,0,0.4378235137849365,-1.0311391353607178,-0.7811391949653625,base,No
1822,1,1,0.8175744761936437,-0.4923504590988159,-1.992350459098816,base,Yes
1823,1,0,0.2942149783515162,-1.3136156797409058,-0.43861570954322815,base,No
1824,1,0,0.29421496597446145,-1.3140016794204712,-0.4390016496181488,base,No
1825,1,1,0.7310585903489892,-0.484466016292572,-1.4844660758972168,base,Yes
1826,1,1,0.5621765008857981,-0.7176293730735779,-0.9676293730735779,base,Yes
1827,1,0,0.2689414213699951,-1.503319263458252,-0.503319263458252,base,No
1828,1,0,0.22270012850745968,-1.762725591659546,-0.5127255320549011,base,No
1829,1,0,0.3486451217982255,-1.3735063076019287,-0.7485062479972839,base,No
1830,1,0,0.2689414096510108,-1.4994053840637207,-0.4994053244590759,base,No
1831,1,1,0.5621765008857981,-0.7286901473999023,-0.9786901473999023,base,Yes
1832,1,1,0.6224593312018546,-0.5628352165222168,-1.0628352165222168,base,Yes
1833,1,0,0.22270012850745968,-1.7153165340423584,-0.4653164744377136,base,No
1834,1,0,0.24508501313237172,-1.671666145324707,-0.546666145324707,base,No
1835,1,0,0.20181322226037882,-1.8839610815048218,-0.5089610815048218,base,No
1836,1,0,0.1192029188930649,-2.342073678970337,-0.3420736491680145,base,No
1837,1,0,0.20181322226037882,-1.7703992128372192,-0.39539921283721924,base,No
1838,1,0,0.37754066879814546,-1.1502708196640015,-0.6502708196640015,base,No
1839,1,0,0.4378234991142019,-0.9592363238334656,-0.7092363238334656,base,No
1840,1,0,0.18242552380635632,-2.0008292198181152,-0.5008292198181152,base,No
1841,1,1,0.9579122720843811,-0.37037038803100586,-3.495370388031006,base,Yes
1842,1,0,0.46879062662624377,-0.9118378758430481,-0.7868378758430481,base,No
1843,1,0,0.34864513533394575,-1.2717143297195435,-0.6467143297195435,base,No
1844,1,1,0.5312093882168609,-0.9355797171592712,-1.060579776763916,base,Yes
1845,1,1,0.8354835371034369,-0.3296632766723633,-1.9546632766723633,base,Yes
1846,1,0,0.46879062662624377,-0.9321717023849487,-0.8071717023849487,base,No
1847,1,0,0.32082130082460697,-1.4727810621261597,-0.7227810621261597,base,No
1848,1,0,0.18242552380635632,-2.0936009883880615,-0.5936009883880615,base,No
1849,1,0,0.24508501313237172,-1.7978726625442505,-0.6728726625442505,base,No
1850,1,1,0.5621765008857981,-0.7474175691604614,-0.9974175691604614,base,Yes
1851,1,1,0.7057850402140659,-0.49837368726730347,-1.3733737468719482,base,Yes
1852,1,0,0.20181321265898594,-1.8158354759216309,-0.4408354163169861,base,No
1853,1,0,0.08509903804604459,-2.681881904602051,-0.3068818151950836,base,No
1854,1,0,0.32082130082460697,-1.2803946733474731,-0.5303946733474731,base,No
1855,1,0,0.14804718675485834,-2.132458209991455,-0.3824581205844879,base,No
1856,1,0,0.29421497216298875,-1.3785090446472168,-0.5035090446472168,base,No
1857,1,0,0.14804718675485834,-2.2066123485565186,-0.4566122591495514,base,No
1858,1,0,0.5,-0.7844042181968689,-0.7844042181968689,base,No
1859,1,1,0.5926665855647394,-0.6740041375160217,-1.049004077911377,base,Yes
1860,1,0,0.4073334000459302,-1.081329107284546,-0.7063291072845459,base,No
1861,1,0,0.20181322226037882,-1.952150821685791,-0.577150821685791,base,No
1862,1,1,0.8519527906914787,-0.34477338194847107,-2.094773292541504,base,Yes
1863,1,0,0.29421497216298875,-1.2847535610198975,-0.40975356101989746,base,No
1864,1,0,0.3486451217982255,-1.3503599166870117,-0.7253598570823669,base,No
1865,1,0,0.46879062662624377,-0.8739665746688843,-0.7489665746688843,base,No
1866,1,0,0.22270013882530884,-1.7713717222213745,-0.5213717222213745,base,No
1867,1,0,0.29421497216298875,-1.4601079225540161,-0.5851079225540161,base,No
1868,1,0,0.24508501313237172,-1.662001371383667,-0.537001371383667,base,No
1869,1,0,0.5,-0.8074880242347717,-0.8074880242347717,base,No
1870,1,1,0.5621765008857981,-0.7041865587234497,-0.9541865587234497,base,Yes
1871,1,0,0.2689414330889798,-1.7435107231140137,-0.7435107827186584,base,No
1872,1,0,0.11920292984474948,-2.235901355743408,-0.23590143024921417,base,No
1873,1,0,0.4378234991142019,-0.9582726359367371,-0.7082726359367371,base,No
1874,1,0,0.37754066879814546,-1.2440028190612793,-0.7440028190612793,base,No
1875,1,0,0.46879062662624377,-0.8993962407112122,-0.7743962407112122,base,No
1876,1,0,0.3486451488696663,-1.5510530471801758,-0.9260531067848206,base,No
1877,1,0,0.4073334000459302,-1.1477415561676025,-0.7727415561676025,base,No
1878,1,1,0.8519528132451416,-0.32205143570899963,-2.072051525115967,base,Yes
1879,1,0,0.5,-0.9061551094055176,-0.9061551094055176,base,No
1880,1,1,0.6791786926816161,-0.48926571011543274,-1.2392656803131104,base,Yes
1881,1,0,0.2689414096510108,-1.6337125301361084,-0.6337124705314636,base,No
1882,1,1,0.8354835411997897,-0.2675785720348358,-1.8925786018371582,base,Yes
1883,1,1,0.5312093733737563,-0.8135787844657898,-0.9385787844657898,base,Yes
1884,1,0,0.2942149597859341,-1.493948221206665,-0.6189481616020203,base,No
1885,1,0,0.4378234991142019,-0.9090304970741272,-0.6590304970741272,base,No
1886,1,1,0.9149009596336303,-0.3132304549217224,-2.688230514526367,base,Yes
1887,1,0,0.32082130082460697,-1.3016287088394165,-0.5516287088394165,base,No
1888,1,0,0.10669060530721626,-2.674013137817383,-0.5490132570266724,base,No
1889,1,1,0.5312093733737563,-0.7694202661514282,-0.8944202661514282,base,Yes
1890,1,1,0.6513548646660542,-0.6503913402557373,-1.2753913402557373,base,Yes
1891,1,0,0.20181323186177208,-2.002812147140503,-0.6278122067451477,base,No
1892,1,1,0.7057850154599563,-0.4951232075691223,-1.3701231479644775,base,Yes
1893,1,0,0.5,-0.9171963930130005,-0.9171963930130005,base,No
1894,1,0,0.5,-0.8665076494216919,-0.8665076494216919,base,No
1895,1,0,0.46879062662624377,-1.0719999074935913,-0.9469999074935913,base,No
1896,1,0,0.4073333856566001,-1.0518193244934082,-0.6768192648887634,base,No
1897,1,0,0.09534945975773548,-2.5359761714935303,-0.2859761118888855,base,No
1898,1,0,0.22270014914315833,-1.697566032409668,-0.44756609201431274,base,No
1899,1,0,0.32082130082460697,-1.388933777809143,-0.6389337778091431,base,No
1900,1,0,0.46879062662624377,-0.9627884030342102,-0.8377884030342102,base,No
1901,1,0,0.34864513533394575,-1.1908514499664307,-0.5658514499664307,base,No
1902,1,1,0.5926665999540697,-0.7216528654098511,-1.096652865409851,base,Yes
1903,1,0,0.4378234844434674,-1.0087080001831055,-0.7587079405784607,base,No
1904,1,0,0.3486451217982255,-1.2974050045013428,-0.672404944896698,base,No
1905,1,1,0.8670357666736773,-0.35233157873153687,-2.2273316383361816,base,Yes
1906,1,0,0.32082130082460697,-1.3599191904067993,-0.6099191904067993,base,No
1907,1,1,0.6224593452091672,-0.6823627352714539,-1.1823627948760986,base,Yes
1908,1,0,0.34864513533394575,-1.2169824838638306,-0.5919824838638306,base,No
1909,1,1,0.9241418220680101,-0.24059435725212097,-2.7405943870544434,base,Yes
1910,1,0,0.37754066879814546,-1.0797094106674194,-0.5797094106674194,base,No
1911,1,1,0.5312093733737563,-0.9072080850601196,-1.0322080850601196,base,Yes
1912,1,0,0.37754066879814546,-1.3207119703292847,-0.8207119703292847,base,No
1913,1,1,0.5926665999540697,-0.6238311529159546,-0.9988311529159546,base,Yes
1914,1,0,0.22270014398423357,-1.6041591167449951,-0.3541591465473175,base,No
1915,1,0,0.2689414096510108,-1.482459545135498,-0.48245948553085327,base,No
1916,1,0,0.32082130082460697,-1.4154446125030518,-0.6654446125030518,base,No
1917,1,1,0.8807970779778823,-0.3314225673675537,-2.3314225673675537,base,Yes
1918,1,1,0.5926665999540697,-0.6235288977622986,-0.9985288977622986,base,Yes
1919,1,0,0.2689414213699951,-1.7395336627960205,-0.7395336627960205,base,No
1920,1,0,0.46879061178313897,-1.0389492511749268,-0.913949191570282,base,No
1921,1,0,0.32082130082460697,-1.3505749702453613,-0.6005749702453613,base,No
1922,1,1,0.5312093882168609,-0.9403104186058044,-1.0653104782104492,base,Yes
1923,1,0,0.2942149597859341,-1.3696014881134033,-0.49460142850875854,base,No
1924,1,0,0.24508501313237172,-1.8080779314041138,-0.6830779314041138,base,No
1925,1,0,0.14804721306746543,-2.265615463256836,-0.5156155824661255,base,No
1926,1,0,0.4073333856566001,-1.056731939315796,-0.6817318797111511,base,No
1927,1,1,0.6224593171945417,-0.684364378452301,-1.1843643188476562,base,Yes
1928,1,0,0.24508502416032488,-1.6025886535644531,-0.4775887131690979,base,No
1929,1,1,0.5312093733737563,-0.7703819870948792,-0.8953819870948792,base,Yes
1930,1,0,0.32082130082460697,-1.4025205373764038,-0.6525205373764038,base,No
1931,1,1,0.679178699175393,-0.5255477428436279,-1.275547742843628,base,Yes
1932,1,0,0.1066905911052601,-2.485130548477173,-0.36013051867485046,base,No
1933,1,1,0.5312093733737563,-0.9733127355575562,-1.0983127355575562,base,Yes
1934,1,0,0.20181322226037882,-1.8999544382095337,-0.5249544382095337,base,No
1935,1,0,0.16451645880021026,-1.9987571239471436,-0.37375709414482117,base,No
1936,1,1,0.6513548782017746,-0.5842899680137634,-1.2092900276184082,base,Yes
1937,1,0,0.24508502416032488,-1.6669418811798096,-0.5419419407844543,base,No
1938,1,0,0.24508501313237172,-1.973913311958313,-0.848913311958313,base,No
1939,1,0,0.4378234991142019,-0.9904558658599854,-0.7404558658599854,base,No
1940,1,0,0.3208212878370535,-1.3218302726745605,-0.5718302130699158,base,No
1941,1,1,0.5621765155565327,-0.7586917281150818,-1.0086917877197266,base,Yes
1942,1,0,0.16451645470385742,-2.0493648052215576,-0.42436474561691284,base,No
1943,1,0,0.4378234991142019,-1.090780258178711,-0.8407802581787109,base,No
1944,1,0,0.46879062662624377,-1.0354392528533936,-0.9104392528533936,base,No
1945,1,0,0.46879062662624377,-0.9271336197853088,-0.8021336197853088,base,No
1946,1,0,0.2018132270610754,-1.8643733263015747,-0.4893733561038971,base,No
1947,1,0,0.5,-0.887471079826355,-0.887471079826355,base,No
1948,1,0,0.22270014914315833,-1.7032246589660645,-0.45322471857070923,base,No
1949,1,0,0.4378234844434674,-1.0615952014923096,-0.8115951418876648,base,No
1950,1,1,0.7772998560157665,-0.41207459568977356,-1.6620745658874512,base,Yes
1951,1,0,0.34864513533394575,-1.1818856000900269,-0.5568856000900269,base,No
1952,1,0,0.5,-0.9133310914039612,-0.9133310914039612,base,No
1953,1,0,0.2689414213699951,-1.9366364479064941,-0.9366364479064941,base,No
1954,1,0,0.2689414096510108,-1.5292212963104248,-0.52922123670578,base,No
1955,1,1,0.6513548782017746,-0.590192973613739,-1.2151930332183838,base,Yes
1956,1,0,0.11920293453832885,-2.528341293334961,-0.5283414125442505,base,No
1957,1,0,0.16451646699291617,-2.0704505443573,-0.4454505741596222,base,No
1958,1,0,0.2689414213699951,-1.490742802619934,-0.4907428026199341,base,No
1959,1,0,0.24508501313237172,-1.646284818649292,-0.521284818649292,base,No
1960,1,1,0.5621765008857981,-0.746841311454773,-0.996841311454773,base,Yes
1961,1,0,0.4073333856566001,-1.0275967121124268,-0.652596652507782,base,No
1962,1,1,0.7057850278370112,-0.5309770107269287,-1.4059770107269287,base,Yes
1963,1,1,0.5621765008857981,-0.6801260113716125,-0.9301260113716125,base,Yes
1964,1,1,0.6513548646660542,-0.8070849180221558,-1.4320849180221558,base,Yes
1965,1,0,0.34864513533394575,-1.1663275957107544,-0.5413275957107544,base,No
1966,1,0,0.24508502416032488,-1.508094310760498,-0.3830943703651428,base,No
1967,1,0,0.4073334000459302,-1.187138557434082,-0.812138557434082,base,No
1968,1,0,0.37754066879814546,-1.1765655279159546,-0.6765655279159546,base,No
1969,1,0,0.2689414096510108,-1.5539186000823975,-0.5539185404777527,base,No
1970,1,0,0.29421497216298875,-1.486768364906311,-0.611768364906311,base,No
1971,1,0,0.2689414213699951,-1.4505959749221802,-0.4505959749221802,base,No
1972,1,0,0.1480471980316895,-2.206839084625244,-0.45683908462524414,base,No
1973,1,0,0.24508501313237172,-1.6023143529891968,-0.4773143529891968,base,No
1974,1,0,0.18242551936144574,-1.998698115348816,-0.49869808554649353,base,No
1975,1,0,0.4378234991142019,-0.9426436424255371,-0.6926436424255371,base,No
1976,1,0,0.37754066879814546,-1.1257191896438599,-0.6257191896438599,base,No
1977,1,0,0.34864513533394575,-1.3497116565704346,-0.7247116565704346,base,No
1978,1,0,0.3486451217982255,-1.3862535953521729,-0.7612535357475281,base,No
1979,1,0,0.4378235137849365,-1.0689468383789062,-0.818946897983551,base,No
1980,1,1,0.8670357494949105,-0.2952331006526947,-2.1702330112457275,base,Yes
1981,1,0,0.5,-0.8348037004470825,-0.8348037004470825,base,No
1982,1,1,0.7057850278370112,-0.5501803159713745,-1.4251803159713745,base,Yes
1983,1,1,0.6791787121629466,-0.4783784747123718,-1.2283785343170166,base,Yes
1984,1,0,0.13296425050508953,-2.2958996295928955,-0.42089971899986267,base,No
1985,1,0,0.3208212878370535,-1.2254514694213867,-0.47545140981674194,base,No
1986,1,0,0.18242551936144574,-1.9259241819381714,-0.425924152135849,base,No
1987,1,0,0.16451647108926923,-2.2044906616210938,-0.5794907212257385,base,No
1988,1,0,0.13296424706933604,-2.2606706619262695,-0.3856707215309143,base,No
1989,1,0,0.3775406828054583,-1.1831791400909424,-0.6831791996955872,base,No
1990,1,1,0.7057850154599563,-0.5819247364997864,-1.4569246768951416,base,Yes
1991,1,0,0.2689414330889798,-1.5754671096801758,-0.5754671692848206,base,No
1992,1,0,0.2689414330889798,-1.5749475955963135,-0.5749476552009583,base,No
1993,1,0,0.20181322226037882,-1.8934355974197388,-0.5184355974197388,base,No
1994,1,0,0.4378234844434674,-1.068244218826294,-0.8182441592216492,base,No
1995,1,0,0.2689414330889798,-1.563666820526123,-0.5636668801307678,base,No
1996,1,0,0.3486451217982255,-1.254617691040039,-0.6296176314353943,base,No
1997,1,0,0.34864513533394575,-1.2343473434448242,-0.6093473434448242,base,No
1998,1,0,0.3486451488696663,-1.3042945861816406,-0.6792946457862854,base,No
1999,1,0,0.3486451488696663,-1.1994273662567139,-0.5744274258613586,base,No
2000,1,0,0.20181321265898594,-1.7247655391693115,-0.34976547956466675,base,No
2001,1,0,0.29421497216298875,-1.4593160152435303,-0.5843160152435303,base,No
2002,1,1,0.6224593171945417,-0.6475775837898254,-1.1475775241851807,base,Yes
2003,1,0,0.34864513533394575,-1.2559986114501953,-0.6309986114501953,base,No
2004,1,1,0.6513548782017746,-0.599918782711029,-1.2249188423156738,base,Yes
2005,1,1,0.5621765155565327,-0.7829646468162537,-1.0329647064208984,base,Yes
2006,1,0,0.3486451488696663,-1.196042776107788,-0.5710428357124329,base,No
2007,1,0,0.22270013882530884,-1.7318848371505737,-0.48188483715057373,base,No
2008,1,1,0.6224593171945417,-0.6091087460517883,-1.1091086864471436,base,Yes
2009,1,0,0.4073334000459302,-1.11562979221344,-0.7406297922134399,base,No
2010,1,0,0.16451647108926923,-2.0525944232940674,-0.42759448289871216,base,No
2011,1,0,0.3775406828054583,-1.0187125205993652,-0.51871258020401,base,No
2012,1,0,0.2942149783515162,-1.370758056640625,-0.4957580864429474,base,No
2013,1,0,0.10669060530721626,-2.770444869995117,-0.6454449892044067,base,no
2014,1,0,0.5,-0.7994337677955627,-0.7994337677955627,base,No
2015,1,0,0.1824255415859996,-2.0127811431884766,-0.5127812623977661,base,No
2016,1,0,0.1645164792819756,-2.076063632965088,-0.45106375217437744,base,No
2017,1,1,0.5312093733737563,-0.842898428440094,-0.967898428440094,base,Yes
2018,1,1,0.6513548782017746,-0.6080588698387146,-1.2330589294433594,base,Yes
2019,1,1,0.5312093733737563,-0.7906316518783569,-0.9156316518783569,base,Yes
2020,1,0,0.4378234991142019,-1.1392539739608765,-0.8892539739608765,base,No
2021,1,0,0.1645164628965632,-1.9651942253112793,-0.3401942253112793,base,No
2022,1,1,0.5621765008857981,-0.7088860869407654,-0.9588860869407654,base,Yes
2023,1,0,0.09534947518185825,-2.8246803283691406,-0.5746804475784302,base,No
2024,1,0,0.3208213138121609,-1.3034098148345947,-0.5534098744392395,base,No
2025,1,0,0.32082130082460697,-1.3061165809631348,-0.5561165809631348,base,No
2026,1,1,0.5621765008857981,-0.7373415231704712,-0.9873415231704712,base,Yes
2027,1,0,0.11920291576401235,-2.7137203216552734,-0.7137202620506287,base,No
2028,1,0,0.20181322226037882,-1.815903902053833,-0.440903902053833,base,No
2029,1,0,0.3486451217982255,-1.3034915924072266,-0.6784915328025818,base,No
2030,1,0,0.07585818211049715,-2.8717293739318848,-0.37172940373420715,base,No
2031,1,0,0.3486451217982255,-1.1991796493530273,-0.5741795897483826,base,No
2032,1,1,0.8354835330070839,-0.31365635991096497,-1.9386563301086426,base,Yes
2033,1,0,0.5,-0.8669963479042053,-0.8669963479042053,base,No
2034,1,0,0.4378234991142019,-1.152578592300415,-0.902578592300415,base,No
2035,1,1,0.6513548511303336,-0.5377464890480042,-1.1627464294433594,base,Yes
2036,1,0,0.18242551936144574,-1.8771724700927734,-0.37717244029045105,base,No
2037,1,0,0.07585817584273653,-3.023122787475586,-0.5231227278709412,base,No
2038,1,0,0.1480471980316895,-2.381023645401001,-0.631023645401001,base,No
2039,1,0,0.46879062662624377,-0.8776504397392273,-0.7526504397392273,base,No
2040,1,0,0.37754066879814546,-1.1722185611724854,-0.6722185611724854,base,No
2041,1,1,0.679178699175393,-0.5445579290390015,-1.2945579290390015,base,Yes
2042,1,0,0.4378234844434674,-1.0196998119354248,-0.76969975233078,base,No
2043,1,0,0.40733341443526055,-1.1362333297729492,-0.761233389377594,base,No
2044,1,1,0.5312093733737563,-0.8479844331741333,-0.9729844331741333,base,Yes
2045,1,1,0.6224593452091672,-0.6357507109642029,-1.1357507705688477,base,Yes
2046,1,1,0.5621765008857981,-0.732842206954956,-0.982842206954956,base,Yes
2047,1,0,0.4073334000459302,-1.099915623664856,-0.724915623664856,base,No
2048,1,1,0.6224593312018546,-0.7028576135635376,-1.2028576135635376,base,Yes
2049,1,0,0.4073334000459302,-1.271573543548584,-0.896573543548584,base,No
2050,1,0,0.5,-0.944851279258728,-0.944851279258728,base,No
2051,1,0,0.1480471980316895,-2.2996413707733154,-0.5496413707733154,base,No
2052,1,0,0.2689414330889798,-1.5250632762908936,-0.5250633358955383,base,No
2053,1,1,0.6513548646660542,-0.5613062381744385,-1.1863062381744385,base,Yes
2054,1,0,0.24508500210441886,-1.623779296875,-0.4987792372703552,base,No
2055,1,0,0.2942149845400438,-1.422597885131836,-0.5475979447364807,base,No
2056,1,0,0.0758581737534831,-2.8508834838867188,-0.3508833944797516,base,No
2057,1,0,0.4378234991142019,-0.9031640291213989,-0.6531640291213989,base,No
2058,1,0,0.4073333856566001,-1.242088794708252,-0.8670887351036072,base,No
2059,1,0,0.2689414213699951,-1.6500487327575684,-0.6500487327575684,base,No
2060,1,0,0.060086656906500974,-3.105919361114502,-0.3559194803237915,base,No
2061,1,0,0.4378235137849365,-1.0129318237304688,-0.7629318833351135,base,No
2062,1,0,0.2018132270610754,-1.7426592111587524,-0.36765924096107483,base,No
2063,1,0,0.22270013882530884,-1.717697024345398,-0.46769702434539795,base,No
2064,1,1,0.6224593312018546,-0.5832239389419556,-1.0832239389419556,base,Yes
2065,1,0,0.37754066879814546,-1.051058292388916,-0.551058292388916,base,No
2066,1,1,0.6513548511303336,-0.5829373002052307,-1.207937240600586,base,Yes
2067,1,0,0.34864513533394575,-1.2083280086517334,-0.5833280086517334,base,No
2068,1,0,0.20181322226037882,-2.04581880569458,-0.6708188056945801,base,No
2069,1,0,0.22270013882530884,-1.9676686525344849,-0.7176686525344849,base,No
2070,1,1,0.7057850216484838,-0.4948538839817047,-1.3698538541793823,base,Yes
2071,1,0,0.2942149845400438,-1.6509325504302979,-0.7759326100349426,base,No
2072,1,0,0.5,-0.9297031760215759,-0.9297031760215759,base,No
2073,1,1,0.9399133481428692,-0.3298087418079376,-3.0798087120056152,base,Yes
2074,1,0,0.16451645880021026,-2.057708501815796,-0.4327084720134735,base,No
2075,1,0,0.2689414213699951,-1.6317139863967896,-0.6317139863967896,base,No
2076,1,0,0.3208212878370535,-1.3525586128234863,-0.6025585532188416,base,No
2077,1,0,0.2942149845400438,-1.5541443824768066,-0.6791444420814514,base,No
2078,1,0,0.11920290950590741,-2.2732973098754883,-0.27329719066619873,base,No
2079,1,1,0.5926665855647394,-0.701487123966217,-1.0764870643615723,base,Yes
2080,1,0,0.4378234991142019,-0.9196733236312866,-0.6696733236312866,base,No
2081,1,0,0.3486451217982255,-1.4606738090515137,-0.8356737494468689,base,No
2082,1,0,0.34864513533394575,-1.2188459634780884,-0.5938459634780884,base,No
2083,1,0,0.3486451488696663,-1.2537007331848145,-0.6287007927894592,base,No
2084,1,0,0.4073334000459302,-1.0474967956542969,-0.6724967956542969,base,No
2085,1,1,0.7549149813536518,-0.3875826895236969,-1.5125826597213745,base,Yes
2086,1,1,0.9740426435557125,-0.29207155108451843,-3.917071580886841,base,Yes
2087,1,1,0.6791786861878392,-0.507921040058136,-1.2579209804534912,base,Yes
2088,1,0,0.3486451217982255,-1.2299926280975342,-0.6049925684928894,base,No
2089,1,0,0.06754669489377622,-2.8820223808288574,-0.2570224404335022,base,No
2090,1,0,0.5,-0.8168418407440186,-0.8168418407440186,base,No
2091,1,1,0.5621765008857981,-0.7328404784202576,-0.9828404784202576,base,Yes
2092,1,0,0.20181322226037882,-1.8755754232406616,-0.5005754232406616,base,No
2093,1,0,0.11920292515117029,-2.2750983238220215,-0.27509835362434387,base,No
2094,1,1,0.7981867873410141,-0.39094871282577515,-1.76594877243042,base,Yes
2095,1,0,0.3208212878370535,-1.3040835857391357,-0.554083526134491,base,No
2096,1,0,0.3775406547908327,-1.2547078132629395,-0.7547077536582947,base,No
2097,1,0,0.3208213138121609,-1.3307151794433594,-0.5807152390480042,base,No
2098,1,1,0.5621765155565327,-0.8248717188835144,-1.0748717784881592,base,Yes
2099,1,1,0.7057850278370112,-0.5074518918991089,-1.3824518918991089,base,Yes
2100,1,0,0.4378234991142019,-1.185356855392456,-0.935356855392456,base,No
2101,1,1,0.754914975839675,-0.37669163942337036,-1.5016915798187256,base,Yes
2102,1,0,0.34864513533394575,-1.423295259475708,-0.798295259475708,base,No
2103,1,0,0.40733341443526055,-1.085930585861206,-0.7109306454658508,base,No
2104,1,0,0.46879062662624377,-0.9724668264389038,-0.8474668264389038,base,No
2105,1,0,0.20181324146316565,-2.034806728363037,-0.6598068475723267,base,No
2106,1,0,0.20181321265898594,-1.9294025897979736,-0.5544025301933289,base,No
2107,1,1,0.798186768138228,-0.41084200143814087,-1.785841941833496,base,Yes
2108,1,0,0.29421497216298875,-1.4184483289718628,-0.5434483289718628,base,No
2109,1,0,0.3775406828054583,-1.1586277484893799,-0.6586278080940247,base,No
2110,1,1,0.5926665999540697,-0.6493449211120605,-1.0243449211120605,base,Yes
2111,1,1,0.6513548646660542,-0.5716637372970581,-1.196663737297058,base,Yes
2112,1,0,0.4378234844434674,-1.0245029926300049,-0.7745029330253601,base,No
2113,1,0,0.4073333856566001,-1.0918118953704834,-0.7168118357658386,base,No
2114,1,0,0.18242552825126704,-1.8361108303070068,-0.3361108601093292,base,No
2115,1,0,0.46879062662624377,-0.9583725929260254,-0.8333725929260254,base,No
2116,1,0,0.1066905911052601,-2.483004570007324,-0.35800454020500183,base,No
2117,1,1,0.5312093733737563,-0.8006247878074646,-0.9256247878074646,base,Yes
2118,1,0,0.22270013882530884,-1.7004272937774658,-0.4504272937774658,base,No
2119,1,0,0.26894141551050293,-1.3732619285583496,-0.3732618987560272,base,No
2120,1,1,0.5926665999540697,-0.6221806406974792,-0.9971806406974792,base,Yes
2121,1,0,0.3775406828054583,-1.0582249164581299,-0.5582249760627747,base,No
2122,1,0,0.24508502416032488,-1.621981143951416,-0.4969812035560608,base,No
2123,1,1,0.5312093733737563,-0.8505536913871765,-0.9755536913871765,base,Yes
2124,1,0,0.40733341443526055,-1.0993459224700928,-0.7243459820747375,base,No
2125,1,0,0.2689414272294874,-1.4897211790084839,-0.4897212088108063,base,No
2126,1,1,0.5312093733737563,-0.8001866936683655,-0.9251866936683655,base,Yes
2127,1,1,0.7057850278370112,-0.5396733283996582,-1.4146733283996582,base,Yes
2128,1,1,0.679178699175393,-0.5362693071365356,-1.2862693071365356,base,Yes
2129,1,0,0.2689414213699951,-1.5679852962493896,-0.5679852962493896,base,No
2130,1,1,0.880797068590724,-0.27747806906700134,-2.277477979660034,base,Yes
2131,1,0,0.05340332829327471,-3.2824196815490723,-0.4074196517467499,base,No
2132,1,1,0.880797071719777,-0.2907562851905823,-2.2907562255859375,base,Yes
2133,1,0,0.22270011818961086,-2.032660484313965,-0.7826603651046753,base,No
2134,1,1,0.5926666143433998,-0.6965793967247009,-1.0715794563293457,base,Yes
2135,1,0,0.46879062662624377,-0.9846970438957214,-0.8596970438957214,base,No
2136,1,1,0.6224593171945417,-0.560143768787384,-1.0601437091827393,base,Yes
2137,1,0,0.5,-0.7359643578529358,-0.7359643578529358,base,No
2138,1,0,0.3775406547908327,-1.1438543796539307,-0.6438543200492859,base,No
2139,1,1,0.851952809486198,-0.2829849123954773,-2.032984972000122,base,Yes
2140,1,0,0.4073334000459302,-1.1243057250976562,-0.7493057250976562,base,No
2141,1,0,0.46879062662624377,-0.9631614685058594,-0.8381614685058594,base,No
2142,1,1,0.6513548646660542,-0.531301736831665,-1.156301736831665,base,Yes
2143,1,1,0.7310585903489892,-0.4698166251182556,-1.4698166847229004,base,Yes
2144,1,1,0.5312093733737563,-0.8040362596511841,-0.9290362596511841,base,Yes
2145,1,1,0.6513548511303336,-0.5500224232673645,-1.1750223636627197,base,Yes
2146,1,0,0.5,-0.8778330087661743,-0.8778330087661743,base,No
2147,1,0,0.4378234991142019,-1.052725911140442,-0.8027259111404419,base,No
2148,1,0,0.22270014914315833,-1.658935785293579,-0.4089358448982239,base,No
2149,1,0,0.22270012850745968,-1.8021855354309082,-0.5521854758262634,base,No
2150,1,1,0.8175744939732856,-0.592098593711853,-2.0920987129211426,base,Yes
2151,1,1,0.7549149923816048,-0.37711891531944275,-1.5021189451217651,base,Yes
2152,1,0,0.2689414096510108,-1.668968915939331,-0.6689688563346863,base,No
2153,1,0,0.4378234991142019,-1.0172590017318726,-0.7672590017318726,base,No
2154,1,0,0.4378234991142019,-0.9098934531211853,-0.6598934531211853,base,No
2155,1,1,0.5312093733737563,-0.7975964546203613,-0.9225964546203613,base,Yes
2156,1,0,0.2689414213699951,-1.5481196641921997,-0.5481196641921997,base,No
2157,1,0,0.11920290950590741,-2.4613475799560547,-0.46134746074676514,base,No
2158,1,0,0.22270014398423357,-1.6726717948913574,-0.4226718246936798,base,No
2159,1,0,0.34864513533394575,-1.2175253629684448,-0.5925253629684448,base,No
2160,1,0,0.2689414272294874,-1.4716295003890991,-0.4716295301914215,base,No
2161,1,1,0.5926665999540697,-0.6867793798446655,-1.0617793798446655,base,Yes
2162,1,0,0.16451645470385742,-2.0978829860687256,-0.4728829264640808,base,No
2163,1,1,0.5312093733737563,-0.7807444334030151,-0.9057444334030151,base,Yes
2164,1,1,0.5312093733737563,-0.7784321904182434,-0.9034321904182434,base,Yes
2165,1,0,0.14804719051380197,-2.238682746887207,-0.48868268728256226,base,No
2166,1,0,0.4073333856566001,-1.077803373336792,-0.7028033137321472,base,No
2167,1,0,0.08509904964767095,-2.9047422409057617,-0.5297423005104065,base,No
2168,1,1,0.7772998611746911,-0.4339118003845215,-1.6839118003845215,base,Yes
2169,1,0,0.18242551936144574,-1.8922761678695679,-0.3922761380672455,base,No
2170,1,1,0.5621765008857981,-0.6617431640625,-0.9117431640625,base,Yes
2171,1,0,0.1192029188930649,-2.2221124172210693,-0.22211238741874695,base,No
2172,1,0,0.2689414096510108,-1.503561019897461,-0.5035609602928162,base,No
2173,1,0,0.3775406547908327,-1.1277008056640625,-0.6277007460594177,base,No
2174,1,0,0.24508500761839525,-1.5518183708190918,-0.4268183410167694,base,No
2175,1,0,0.18242550602671442,-2.060147762298584,-0.5601476430892944,base,No
2176,1,0,0.4073333856566001,-1.1227195262908936,-0.7477194666862488,base,No
2177,1,0,0.4073334000459302,-1.0320377349853516,-0.6570377349853516,base,No
2178,1,0,0.3775406828054583,-1.1696946620941162,-0.669694721698761,base,No
2179,1,0,0.2689414096510108,-1.6245367527008057,-0.6245366930961609,base,No
2180,1,1,0.7057850278370112,-0.5147852897644043,-1.3897852897644043,base,Yes
2181,1,1,0.7057850278370112,-0.46244895458221436,-1.3374489545822144,base,Yes
2182,1,0,0.29421497216298875,-1.6373717784881592,-0.7623717784881592,base,No
2183,1,0,0.2689414213699951,-1.5209099054336548,-0.5209099054336548,base,No
2184,1,0,0.4378234991142019,-1.0263714790344238,-0.7763714790344238,base,No
2185,1,0,0.07585817584273653,-2.8752176761627197,-0.37521761655807495,base,No
2186,1,0,0.20181322226037882,-1.8621416091918945,-0.48714160919189453,base,No
2187,1,1,0.8175744850834649,-0.3681411147117615,-1.8681411743164062,base,Yes
2188,1,0,0.18242552380635632,-1.8613568544387817,-0.36135685443878174,base,No
2189,1,0,0.16451647108926923,-2.324424982070923,-0.6994250416755676,base,No
2190,1,1,0.5621765008857981,-0.6497669219970703,-0.8997669219970703,base,Yes
2191,1,1,0.7772998508568416,-0.4513924717903137,-1.701392412185669,base,Yes
2192,1,0,0.2689414213699951,-1.575086236000061,-0.575086236000061,base,No
2193,1,1,0.5621765008857981,-0.839218020439148,-1.089218020439148,base,Yes
2194,1,1,0.6513548511303336,-0.6497882008552551,-1.2747881412506104,base,Yes
2195,1,0,0.3486451217982255,-1.4895083904266357,-0.864508330821991,base,No
2196,1,0,0.13296424019782924,-2.2662081718444824,-0.3912081718444824,base,No
2197,1,1,0.7310585786300049,-0.5271608829498291,-1.527160882949829,base,Yes
2198,1,1,0.754914997895581,-0.42032092809677124,-1.545320987701416,base,Yes
2199,1,1,0.7772998611746911,-0.36008286476135254,-1.6100828647613525,base,Yes
2200,1,0,0.32082130082460697,-1.3790419101715088,-0.6290419101715088,base,No
2201,1,0,0.2689414330889798,-1.6689832210540771,-0.6689832806587219,base,No
2202,1,0,0.2689414330889798,-1.6598749160766602,-0.6598749756813049,base,No
2203,1,0,0.22270013882530884,-1.7810853719711304,-0.5310853719711304,base,No
2204,1,0,0.3486451488696663,-1.1837737560272217,-0.5587738156318665,base,No
2205,1,0,0.11920291263495983,-2.2099530696868896,-0.20995298027992249,base,No
2206,1,0,0.4073334000459302,-0.9963723421096802,-0.6213723421096802,base,No
2207,1,1,0.7549149868676283,-0.47482073307037354,-1.5998207330703735,base,Yes
2208,1,0,0.3486451217982255,-1.2351586818695068,-0.6101586222648621,base,No
2209,1,1,0.6513548646660542,-0.5044621229171753,-1.1294621229171753,base,Yes
2210,1,0,0.5,-1.0696685314178467,-1.0696685314178467,base,No
2211,1,1,0.6224593312018546,-0.5401132106781006,-1.0401132106781006,base,Yes
2212,1,1,0.5621765008857981,-0.746841311454773,-0.996841311454773,base,Yes
2213,1,1,0.5926665999540697,-0.7722442150115967,-1.1472442150115967,base,Yes
2214,1,1,0.9626731169394882,-0.2508662939071655,-3.500866413116455,base,Yes
2215,1,0,0.16451647108926923,-2.052793025970459,-0.42779308557510376,base,No
2216,1,1,0.6224593171945417,-0.5601997971534729,-1.0601997375488281,base,Yes
2217,1,0,0.14804720930852133,-2.1282951831817627,-0.37829527258872986,base,No
2218,1,0,0.4378234991142019,-1.0048649311065674,-0.7548649311065674,base,No
2219,1,0,0.5,-0.8840857744216919,-0.8840857744216919,base,No
2220,1,0,0.1192029188930649,-2.389937162399292,-0.3899371325969696,base,No
2221,1,0,0.32082130082460697,-1.368026614189148,-0.618026614189148,base,No
2222,1,1,0.6224593312018546,-0.6717923879623413,-1.1717923879623413,base,Yes
2223,1,0,0.46879062662624377,-0.9057866334915161,-0.7807866334915161,base,No
2224,1,0,0.40733341443526055,-1.0856916904449463,-0.7106917500495911,base,No
2225,1,1,0.5312093733737563,-0.8404470086097717,-0.9654470086097717,base,Yes
2226,1,0,0.4378235137849365,-1.061051607131958,-0.8110516667366028,base,No
2227,1,0,0.32082130082460697,-1.3533490896224976,-0.6033490896224976,base,No
2228,1,0,0.3775406547908327,-1.1212315559387207,-0.6212314963340759,base,No
2229,1,0,0.2942149597859341,-1.3998284339904785,-0.5248283743858337,base,No
2230,1,1,0.8175744850834649,-0.38686317205429077,-1.8868632316589355,base,Yes
2231,1,0,0.4378235137849365,-1.063927412033081,-0.8139274716377258,base,No
2232,1,0,0.29421497216298875,-1.3671327829360962,-0.4921327829360962,base,No
2233,1,0,0.4378234844434674,-1.0683817863464355,-0.8183817267417908,base,No
2234,1,0,0.34864513533394575,-1.5251855850219727,-0.9001855850219727,base,No
2235,1,1,0.5621765008857981,-0.7620949745178223,-1.0120949745178223,base,Yes
2236,1,0,0.2942149597859341,-1.3832976818084717,-0.5082976222038269,base,No
2237,1,0,0.5,-0.8316507339477539,-0.8316507339477539,base,No
2238,1,0,0.2018132174596823,-1.8413523435592651,-0.46635231375694275,base,No
2239,1,1,0.7549149868676283,-0.49596166610717773,-1.6209616661071777,base,Yes
2240,1,0,0.22270013882530884,-1.8292090892791748,-0.5792090892791748,base,No
2241,1,1,0.5926665999540697,-0.6664415597915649,-1.041441559791565,base,Yes
2242,1,1,0.8933093975331751,-0.2327938973903656,-2.3577938079833984,base,Yes
2243,1,0,0.22270013882530884,-1.819920301437378,-0.5699203014373779,base,No
2244,1,0,0.24508501864634827,-1.5862833261489868,-0.4612833559513092,base,No
2245,1,0,0.4378234991142019,-1.1144345998764038,-0.8644345998764038,base,No
2246,1,0,0.2689414096510108,-1.4256772994995117,-0.42567723989486694,base,No
2247,1,0,0.2942149845400438,-1.478917121887207,-0.6039171814918518,base,No
2248,1,0,0.29421497216298875,-1.3959176540374756,-0.5209176540374756,base,No
2249,1,0,0.34864513533394575,-1.258476734161377,-0.633476734161377,base,No
2250,1,0,0.18242552380635632,-1.9816173315048218,-0.4816173315048218,base,No
2251,1,0,0.37754066879814546,-1.1163462400436401,-0.6163462400436401,base,No
2252,1,0,0.37754066879814546,-1.2729852199554443,-0.7729852199554443,base,No
2253,1,0,0.37754066879814546,-1.061755895614624,-0.561755895614624,base,No
2254,1,0,0.3775406828054583,-1.167388677597046,-0.6673887372016907,base,No
2255,1,0,0.46879062662624377,-1.0214534997940063,-0.8964534997940063,base,No
2256,1,0,0.3208212878370535,-1.3422582149505615,-0.5922581553459167,base,No
2257,1,0,0.37754066879814546,-1.1803185939788818,-0.6803185939788818,base,No
2258,1,0,0.37754066879814546,-1.1372451782226562,-0.6372451782226562,base,No
2259,1,0,0.2689414330889798,-1.592529058456421,-0.5925291180610657,base,No
2260,1,0,0.5,-0.7593294978141785,-0.7593294978141785,base,No
2261,1,0,0.32082130082460697,-1.324713110923767,-0.5747131109237671,base,No
2262,1,1,0.6791787121629466,-0.6894616484642029,-1.4394617080688477,base,Yes
2263,1,0,0.40733341443526055,-1.1571731567382812,-0.782173216342926,base,No
2264,1,0,0.46879062662624377,-0.8825273513793945,-0.7575273513793945,base,No
2265,1,0,0.4073333856566001,-1.0333034992218018,-0.658303439617157,base,No
2266,1,0,0.5,-1.0014643669128418,-1.0014643669128418,base,No
2267,1,1,0.8519527906914787,-0.3659869134426117,-2.1159868240356445,base,Yes
2268,1,0,0.0953494674697966,-2.5082499980926514,-0.25825002789497375,base,No
2269,1,0,0.08509904500702024,-2.6959385871887207,-0.3209385871887207,base,No
2270,1,0,0.3775406828054583,-1.0535235404968262,-0.553523600101471,base,No
2271,1,0,0.1329642264548166,-2.276632785797119,-0.4016326665878296,base,No
2272,1,0,0.32082130082460697,-1.3272002935409546,-0.5772002935409546,base,No
2273,1,0,0.0850990357257195,-2.649507999420166,-0.27450788021087646,base,No
2274,1,1,0.817574471748733,-0.3576691448688507,-1.8576691150665283,base,Yes
2275,1,1,0.6224593312018546,-0.6003848314285278,-1.1003848314285278,base,Yes
2276,1,0,0.29421497216298875,-1.4302135705947876,-0.5552135705947876,base,No
2277,1,0,0.22270013366638422,-1.663978099822998,-0.41397807002067566,base,No
2278,1,0,0.2689414213699951,-1.7406716346740723,-0.7406716346740723,base,No
2279,1,1,0.7549149813536518,-0.4137970507144928,-1.5387970209121704,base,Yes
2280,1,0,0.14804720930852133,-2.1570992469787598,-0.40709933638572693,base,No
2281,1,0,0.07585817793199003,-2.912296772003174,-0.41229674220085144,base,No
2282,1,0,0.3208212878370535,-1.2896599769592285,-0.5396599173545837,base,No
2283,1,0,0.24508501313237172,-1.771095871925354,-0.646095871925354,base,No
2284,1,1,0.5926665999540697,-0.6987262964248657,-1.0737262964248657,base,Yes
2285,1,0,0.29421497216298875,-1.4720730781555176,-0.5970730781555176,base,No
2286,1,0,0.2689414213699951,-1.4508041143417358,-0.45080411434173584,base,No
2287,1,1,0.8670357494949105,-0.306771844625473,-2.181771755218506,base,Yes
2288,1,0,0.46879062662624377,-0.8075051307678223,-0.6825051307678223,base,No
2289,1,0,0.4378234991142019,-1.0055011510849,-0.7555011510848999,base,No
2290,1,1,0.6513548646660542,-0.6521338224411011,-1.277133822441101,base,Yes
2291,1,1,0.5621764862150634,-0.766139805316925,-1.0161397457122803,base,Yes
2292,1,1,0.8175744761936437,-0.3531665802001953,-1.8531665802001953,base,Yes
2293,1,1,0.754914997895581,-0.5818845629692078,-1.7068846225738525,base,Yes
2294,1,0,0.16451647518562237,-2.00602126121521,-0.3810213506221771,base,No
2295,1,1,0.8670357598021706,-0.3304445743560791,-2.205444574356079,base,Yes
2296,1,0,0.09534947261117097,-2.596090793609619,-0.3460908830165863,base,No
2297,1,0,0.2689414213699951,-1.5346453189849854,-0.5346453189849854,base,No
2298,1,1,0.8519527944504226,-0.24550014734268188,-1.995500087738037,base,Yes
2299,1,0,0.32082130082460697,-1.246454119682312,-0.496454119682312,base,No
2300,1,0,0.1645164628965632,-2.1281979084014893,-0.5031979084014893,base,No
2301,1,0,0.16451645470385742,-2.1287941932678223,-0.5037941336631775,base,No
2302,1,0,0.5,-1.0521074533462524,-1.0521074533462524,base,No
2303,1,0,0.22270013366638422,-1.6927391290664673,-0.4427390992641449,base,No
2304,1,0,0.20181323186177208,-1.9476189613342285,-0.5726190209388733,base,No
2305,1,0,0.4378234991142019,-0.9979658126831055,-0.7479658126831055,base,No
2306,1,1,0.6224593452091672,-0.6300742030143738,-1.1300742626190186,base,Yes
2307,1,0,0.13296424019782924,-2.602163553237915,-0.727163553237915,base,No
2308,1,0,0.3486451217982255,-1.2788152694702148,-0.6538152098655701,base,No
2309,1,0,0.5,-0.8816127777099609,-0.8816127777099609,base,No
2310,1,1,0.5621765008857981,-0.753395676612854,-1.003395676612854,base,Yes
2311,1,0,0.18242551936144574,-1.9426374435424805,-0.4426374137401581,base,No
2312,1,0,0.2689414213699951,-1.4773119688034058,-0.47731196880340576,base,No
2313,1,1,0.5621765008857981,-0.7722116708755493,-1.0222116708755493,base,Yes
2314,1,0,0.18242551936144574,-1.8408387899398804,-0.340838760137558,base,No
2315,1,0,0.32082130082460697,-1.3434590101242065,-0.5934590101242065,base,No
2316,1,0,0.37754066879814546,-1.2081586122512817,-0.7081586122512817,base,No
2317,1,0,0.22270014398423357,-1.663106918334961,-0.4131069481372833,base,No
2318,1,0,0.20181323186177208,-1.7256500720977783,-0.3506501317024231,base,No
2319,1,0,0.3208213138121609,-1.40846586227417,-0.6584659218788147,base,No
2320,1,0,0.2689414096510108,-1.4694328308105469,-0.4694327712059021,base,No
2321,1,0,0.2689414213699951,-1.541724443435669,-0.541724443435669,base,No
2322,1,0,0.5,-0.8875691890716553,-0.8875691890716553,base,No
2323,1,1,0.7549149813536518,-0.4785853922367096,-1.6035853624343872,base,Yes
2324,1,0,0.4073334000459302,-1.0130467414855957,-0.6380467414855957,base,No
2325,1,0,0.1645164628965632,-1.954429268836975,-0.3294292688369751,base,No
2326,1,0,0.2942149783515162,-1.3587933778762817,-0.4837934076786041,base,No
2327,1,0,0.16451645880021026,-1.9727208614349365,-0.34772083163261414,base,No
2328,1,1,0.6791786861878392,-0.5205753445625305,-1.2705752849578857,base,Yes
2329,1,1,0.6224593312018546,-0.6008374691009521,-1.1008374691009521,base,Yes
2330,1,1,0.5621764862150634,-0.7756925225257874,-1.0256924629211426,base,Yes
2331,1,0,0.29421497216298875,-1.4556573629379272,-0.5806573629379272,base,No
2332,1,1,0.8670357735451834,-0.4040735960006714,-2.279073715209961,base,Yes
2333,1,1,0.5926665999540697,-0.6531989574432373,-1.0281989574432373,base,Yes
2334,1,1,0.5621765008857981,-0.6970231533050537,-0.9470231533050537,base,Yes
2335,1,0,0.34864513533394575,-1.1387193202972412,-0.5137193202972412,base,No
2336,1,0,0.2689414213699951,-1.5713369846343994,-0.5713369846343994,base,No
2337,1,0,0.40733341443526055,-1.0605249404907227,-0.6855250000953674,base,No
2338,1,0,0.29421497216298875,-1.3034182786941528,-0.42841827869415283,base,No
2339,1,0,0.3486451488696663,-1.1803972721099854,-0.5553973317146301,base,No
2340,1,1,0.8354835330070839,-0.3715631067752838,-1.9965630769729614,base,Yes
2341,1,0,0.24508501313237172,-1.580819010734558,-0.4558190107345581,base,No
2342,1,1,0.5926665855647394,-0.6579533219337463,-1.0329532623291016,base,Yes
2343,1,0,0.5,-0.8929432034492493,-0.8929432034492493,base,No
2344,1,0,0.32082130082460697,-1.3136433362960815,-0.5636433362960815,base,No
2345,1,1,0.914900950352329,-0.3663240075111389,-2.741323947906494,base,Yes
2346,1,0,0.29421497216298875,-1.4607884883880615,-0.5857884883880615,base,No
2347,1,0,0.46879062662624377,-0.8627416491508484,-0.7377416491508484,base,No
2348,1,0,0.37754066879814546,-1.223597526550293,-0.723597526550293,base,No
2349,1,0,0.22270013882530884,-1.9001240730285645,-0.6501240730285645,base,No
2350,1,0,0.32082130082460697,-1.3413070440292358,-0.5913070440292358,base,No
2351,1,0,0.18242553269617778,-1.9231846332550049,-0.42318469285964966,base,No
2352,1,1,0.5926665855647394,-0.7305803894996643,-1.1055803298950195,base,Yes
2353,1,0,0.4378234991142019,-1.0365540981292725,-0.7865540981292725,base,No
2354,1,0,0.2689414272294874,-1.4736167192459106,-0.47361674904823303,base,No
2355,1,0,0.06754668363133542,-3.019533634185791,-0.39453351497650146,base,No
2356,1,1,0.7981867825403176,-0.3746386468410492,-1.7496386766433716,base,Yes
2357,1,1,0.9324533051062237,-0.2713378071784973,-2.8963377475738525,base,Yes
2358,1,0,0.29421497216298875,-1.4727258682250977,-0.5977258682250977,base,No
2359,1,1,0.5926665999540697,-0.7380003929138184,-1.1130003929138184,base,Yes
2360,1,0,0.2942149597859341,-1.425555944442749,-0.5505558848381042,base,No
2361,1,0,0.32082130082460697,-1.389407753944397,-0.639407753944397,base,No
2362,1,0,0.37754066879814546,-1.2082865238189697,-0.7082865238189697,base,No
2363,1,1,0.6224593312018546,-0.6583888530731201,-1.1583888530731201,base,Yes
2364,1,0,0.20181321265898594,-1.7551836967468262,-0.3801836371421814,base,No
2365,1,1,0.5312093733737563,-0.7890923619270325,-0.9140923619270325,base,Yes
2366,1,0,0.32082130082460697,-1.3105038404464722,-0.5605038404464722,base,No
2367,1,0,0.32082130082460697,-1.3205246925354004,-0.5705246925354004,base,No
2368,1,0,0.2689414096510108,-1.4677839279174805,-0.4677838683128357,base,No
2369,1,0,0.2018132174596823,-1.817407250404358,-0.4424072206020355,base,No
2370,1,1,0.5621765008857981,-0.7824118137359619,-1.032411813735962,base,Yes
2371,1,0,0.1645164628965632,-2.083400011062622,-0.45840001106262207,base,No
2372,1,0,0.24508500210441886,-1.6457858085632324,-0.5207857489585876,base,No
2373,1,1,0.5312093733737563,-0.7336047887802124,-0.8586047887802124,base,Yes
2374,1,1,0.679178699175393,-0.5908529758453369,-1.340852975845337,base,Yes
2375,1,0,0.3486451488696663,-1.2554771900177002,-0.630477249622345,base,No
2376,1,1,0.5312093733737563,-0.8130422830581665,-0.9380422830581665,base,Yes
2377,1,1,0.754914997895581,-0.630940854549408,-1.7559409141540527,base,Yes
2378,1,1,0.8175744761936437,-0.4349571466445923,-1.9349571466445923,base,Yes
2379,1,0,0.4378234991142019,-1.005670189857483,-0.7556701898574829,base,No
2380,1,0,0.40733341443526055,-1.1083459854125977,-0.7333460450172424,base,No
2381,1,1,0.8670357563664174,-0.26554325222969055,-2.140543222427368,base,Yes
2382,1,0,0.34864513533394575,-1.2415499687194824,-0.6165499687194824,base,No
2383,1,0,0.37754066879814546,-1.4516243934631348,-0.9516243934631348,base,No
2384,1,1,0.5621765008857981,-0.746841311454773,-0.996841311454773,base,Yes
2385,1,0,0.18242552380635632,-1.9526118040084839,-0.4526118040084839,base,No
2386,1,0,0.4378234991142019,-1.0223313570022583,-0.7723313570022583,base,No
2387,1,0,0.3775406547908327,-1.12367582321167,-0.6236757636070251,base,No
2388,1,1,0.7057850278370112,-0.4948539733886719,-1.3698539733886719,base,Yes
2389,1,0,0.2689414330889798,-1.4629249572753906,-0.4629250168800354,base,No
2390,1,1,0.6513548782017746,-0.7367743849754333,-1.3617744445800781,base,Yes
2391,1,0,0.4378234991142019,-0.9081162214279175,-0.6581162214279175,base,No
2392,1,1,0.5621765008857981,-0.7152662873268127,-0.9652662873268127,base,Yes
2393,1,0,0.46879062662624377,-1.0153257846832275,-0.8903257846832275,base,No
2394,1,0,0.4378234991142019,-1.152299165725708,-0.902299165725708,base,No
2395,1,1,0.5312093733737563,-0.9712700843811035,-1.0962700843811035,base,Yes
2396,1,1,0.754914975839675,-0.4500187039375305,-1.5750186443328857,base,Yes
2397,1,0,0.20181323186177208,-1.8448681831359863,-0.4698682427406311,base,No
2398,1,0,0.3775406547908327,-1.2191846370697021,-0.7191845774650574,base,No
2399,1,0,0.4378234991142019,-1.0702383518218994,-0.8202383518218994,base,No
2400,1,0,0.1645164506075047,-2.0993809700012207,-0.47438088059425354,base,No
2401,1,0,0.40733341443526055,-1.076030969619751,-0.7010310292243958,base,No
2402,1,0,0.2018132174596823,-1.8131588697433472,-0.4381588399410248,base,No
2403,1,1,0.7310585786300049,-0.4443683624267578,-1.4443683624267578,base,Yes
2404,1,1,0.5621765008857981,-0.807790994644165,-1.057790994644165,base,Yes
2405,1,0,0.24508501313237172,-1.6720073223114014,-0.5470073223114014,base,No
2406,1,0,0.29421497216298875,-1.5349291563034058,-0.6599291563034058,base,No
2407,1,1,0.5926665999540697,-0.6895918846130371,-1.064591884613037,base,Yes
2408,1,1,0.8933094046341532,-0.2202901989221573,-2.345290184020996,base,Yes
2409,1,1,0.7310585786300049,-0.624004602432251,-1.624004602432251,base,Yes
2410,1,0,0.2942149597859341,-1.4924712181091309,-0.6174711585044861,base,No
2411,1,0,0.18242551936144574,-1.8805174827575684,-0.38051745295524597,base,No
2412,1,0,0.1645164792819756,-2.002634048461914,-0.3776341676712036,base,No
2413,1,1,0.5926665999540697,-0.6661380529403687,-1.0411380529403687,base,Yes
2414,1,0,0.22270014914315833,-1.7424871921539307,-0.49248725175857544,base,No
2415,1,0,0.20181322226037882,-1.8985185623168945,-0.5235185623168945,base,No
2416,1,0,0.20181322226037882,-1.8059494495391846,-0.43094944953918457,base,No
2417,1,1,0.5621765008857981,-0.6592651605606079,-0.9092651605606079,base,Yes
2418,1,0,0.1824255415859996,-2.3294005393981934,-0.8294006586074829,base,No
2419,1,0,0.32082130082460697,-1.3039954900741577,-0.5539954900741577,base,No
2420,1,0,0.24508501313237172,-1.6735260486602783,-0.5485260486602783,base,No
2421,1,0,0.18242552380635632,-2.0216593742370605,-0.5216593742370605,base,No
2422,1,0,0.4378234991142019,-0.9726650714874268,-0.7226650714874268,base,No
2423,1,0,0.4073334000459302,-1.1167607307434082,-0.7417607307434082,base,No
2424,1,1,0.7057850340255386,-0.48747631907463074,-1.3624763488769531,base,Yes
2425,1,1,0.6224593171945417,-0.6376133561134338,-1.137613296508789,base,Yes
2426,1,0,0.46879062662624377,-0.900101900100708,-0.775101900100708,base,No
2427,1,0,0.3486451488696663,-1.2569968700408936,-0.6319969296455383,base,No
2428,1,0,0.1329642436335826,-2.184176445007324,-0.3091764748096466,base,No
2429,1,0,0.29421497216298875,-1.438957929611206,-0.563957929611206,base,No
2430,1,1,0.6791786861878392,-0.5250089764595032,-1.2750089168548584,base,Yes
2431,1,0,0.2689414330889798,-1.682325839996338,-0.6823258996009827,base,No
2432,1,1,0.6791786861878392,-0.5165250897407532,-1.2665250301361084,base,Yes
2433,1,1,0.6513548511303336,-0.6032100319862366,-1.2282099723815918,base,Yes
2434,1,0,0.46879062662624377,-0.9607172608375549,-0.8357172608375549,base,No
2435,1,0,0.3486451488696663,-1.3641157150268555,-0.7391157746315002,base,No
2436,1,0,0.11920290950590741,-2.4514570236206055,-0.4514569044113159,base,No
2437,1,1,0.7772998611746911,-0.4680666923522949,-1.718066692352295,base,Yes
2438,1,0,0.14804719051380197,-2.182309865951538,-0.4323098063468933,base,No
2439,1,0,0.14804721306746543,-2.2355732917785645,-0.485573410987854,base,No
2440,1,0,0.5,-0.9299685955047607,-0.9299685955047607,base,No
2441,1,0,0.46879062662624377,-0.9837002754211426,-0.8587002754211426,base,No
2442,1,1,0.8175744850834649,-0.5132736563682556,-2.0132737159729004,base,Yes
2443,1,1,0.8807970748488297,-0.26242950558662415,-2.2624294757843018,base,Yes
2444,1,0,0.4378234991142019,-0.9252428412437439,-0.6752428412437439,base,No
2445,1,1,0.8670357563664174,-0.3151593506336212,-2.190159320831299,base,Yes
2446,1,0,0.5,-0.9989515542984009,-0.9989515542984009,base,No
2447,1,0,0.2689414213699951,-1.4687106609344482,-0.46871066093444824,base,No
2448,1,0,0.46879062662624377,-0.8478364944458008,-0.7228364944458008,base,No
2449,1,1,0.8354835371034369,-0.38989806175231934,-2.0148980617523193,base,Yes
2450,1,0,0.32082130082460697,-1.2850208282470703,-0.5350208282470703,base,No
2451,1,0,0.22270012850745968,-1.7050299644470215,-0.4550299048423767,base,No
2452,1,0,0.1645164628965632,-2.134392499923706,-0.509392499923706,base,No
2453,1,0,0.3775406828054583,-1.0682461261749268,-0.5682461857795715,base,No
2454,1,0,0.2018132270610754,-1.8135526180267334,-0.4385526478290558,base,No
2455,1,1,0.6224593452091672,-0.6119157671928406,-1.1119158267974854,base,Yes
2456,1,0,0.06754669489377622,-3.019533395767212,-0.3945334553718567,base,No
2457,1,1,0.893309411735131,-0.29321926832199097,-2.4182193279266357,base,Yes
2458,1,1,0.5926665999540697,-0.8707773685455322,-1.2457773685455322,base,Yes
2459,1,1,0.8175744761936437,-0.3364664316177368,-1.8364664316177368,base,Yes
2460,1,0,0.5,-0.9434413909912109,-0.9434413909912109,base,No
2461,1,0,0.5,-0.8831109404563904,-0.8831109404563904,base,No
2462,1,0,0.46879062662624377,-0.9724559783935547,-0.8474559783935547,base,No
2463,1,1,0.7057850216484838,-0.4629729092121124,-1.33797287940979,base,Yes
2464,1,1,0.679178699175393,-0.6027050018310547,-1.3527050018310547,base,Yes
2465,1,0,0.0675466977093867,-2.793576717376709,-0.16857682168483734,base,No
2466,1,0,0.34864513533394575,-1.258687973022461,-0.6336879730224609,base,No
2467,1,0,0.3208213138121609,-1.335845947265625,-0.5858460068702698,base,No
2468,1,0,0.3486451217982255,-1.2045512199401855,-0.5795511603355408,base,No
2469,1,0,0.4378234991142019,-0.9775429368019104,-0.7275429368019104,base,No
2470,1,0,0.1329642264548166,-2.3116044998168945,-0.436604380607605,base,No
2471,1,1,0.5312093733737563,-0.8400443196296692,-0.9650443196296692,base,Yes
2472,1,1,0.7772998663336157,-0.35170742869377136,-1.6017074584960938,base,Yes
2473,1,0,0.2689414330889798,-1.5486598014831543,-0.5486598610877991,base,No
2474,1,0,0.5,-0.9098303318023682,-0.9098303318023682,base,No
2475,1,0,0.10669060530721626,-2.6790452003479004,-0.5540453195571899,base,No
2476,1,0,0.4073334000459302,-1.036041021347046,-0.6610410213470459,base,No
2477,1,1,0.5621765008857981,-0.631035327911377,-0.881035327911377,base,Yes
2478,1,0,0.20181321265898594,-1.888617753982544,-0.5136176943778992,base,No
2479,1,0,0.3486451217982255,-1.2374377250671387,-0.6124376654624939,base,No
2480,1,1,0.5312093733737563,-0.9267553091049194,-1.0517553091049194,base,Yes
2481,1,0,0.46879062662624377,-0.9506939053535461,-0.8256939053535461,base,No
2482,1,0,0.22270013366638422,-1.6685558557510376,-0.4185558259487152,base,No
2483,1,0,0.1066905825840872,-2.417607307434082,-0.2926071882247925,base,No
2484,1,0,0.24508501313237172,-1.6435658931732178,-0.5185658931732178,base,No
2485,1,1,0.5312093733737563,-0.879493236541748,-1.004493236541748,base,Yes
2486,1,1,0.5926665999540697,-0.6238402724266052,-0.9988402724266052,base,Yes
2487,1,0,0.4378235137849365,-1.0455775260925293,-0.7955775856971741,base,No
2488,1,1,0.5312093733737563,-0.8955591917037964,-1.0205591917037964,base,Yes
2489,1,0,0.46879062662624377,-0.886195182800293,-0.761195182800293,base,No
2490,1,1,0.6224593312018546,-0.6989234685897827,-1.1989234685897827,base,Yes
2491,1,0,0.10669059678604234,-2.416111469268799,-0.2911114990711212,base,No
2492,1,0,0.22270012850745968,-1.661191463470459,-0.4111914038658142,base,No
2493,1,1,0.679178699175393,-0.5796381235122681,-1.329638123512268,base,Yes
2494,1,0,0.3486451488696663,-1.2286834716796875,-0.6036835312843323,base,No
2495,1,0,0.3486451217982255,-1.2852628231048584,-0.6602627635002136,base,No
2496,1,1,0.7057850278370112,-0.5458468198776245,-1.4208468198776245,base,Yes
2497,1,1,0.5312093733737563,-0.843415379524231,-0.968415379524231,base,Yes
2498,1,1,0.5926665999540697,-0.6238402128219604,-0.9988402128219604,base,Yes
2499,1,1,0.6224593312018546,-0.6944514513015747,-1.1944514513015747,base,Yes
2500,1,0,0.2689414330889798,-1.6488885879516602,-0.6488886475563049,base,No
2501,1,1,0.7981867777396212,-0.33032703399658203,-1.705327033996582,base,Yes
2502,1,0,0.32082130082460697,-1.4266151189804077,-0.6766151189804077,base,No
2503,1,1,0.5926665999540697,-0.6997418403625488,-1.0747418403625488,base,Yes
2504,1,1,0.6224593312018546,-0.6222679615020752,-1.1222679615020752,base,Yes
2505,1,0,0.14804719051380197,-2.2678470611572266,-0.5178470015525818,base,No
2506,1,0,0.4073334000459302,-1.389439582824707,-1.014439582824707,base,No
2507,1,0,0.3486451488696663,-1.3136768341064453,-0.6886768937110901,base,No
2508,1,0,0.5,-0.784336268901825,-0.784336268901825,base,No
2509,1,1,0.6513548646660542,-0.5873938798904419,-1.212393879890442,base,Yes
2510,1,0,0.20181322226037882,-1.7661772966384888,-0.39117729663848877,base,No
2511,1,0,0.24508500210441886,-1.6790497303009033,-0.5540496706962585,base,No
2512,1,0,0.4073334000459302,-1.078281283378601,-0.7032812833786011,base,No
2513,1,0,0.1480472055495773,-2.369515895843506,-0.6195159554481506,base,No
2514,1,0,0.3208212878370535,-1.2583138942718506,-0.5083138346672058,base,No
2515,1,1,0.893309401793762,-0.2320733517408371,-2.3570733070373535,base,Yes
2516,1,0,0.22270014914315833,-1.7956688404083252,-0.54566890001297,base,No
2517,1,0,0.46879062662624377,-0.8394608497619629,-0.7144608497619629,base,No
2518,1,0,0.13296425394084313,-2.4511241912841797,-0.5761243104934692,base,No
2519,1,0,0.22270011818961086,-2.020545482635498,-0.7705453634262085,base,No
2520,1,1,0.5926665999540697,-0.747051477432251,-1.122051477432251,base,Yes
2521,1,0,0.04208772431105632,-3.432788372039795,-0.30778828263282776,base,No
2522,1,0,0.2689414330889798,-1.5545692443847656,-0.5545693039894104,base,No
2523,1,0,0.3208212878370535,-1.3876280784606934,-0.6376280188560486,base,No
2524,1,0,0.4073334000459302,-1.135538935661316,-0.7605389356613159,base,No
2525,1,0,0.4378234991142019,-0.9531818628311157,-0.7031818628311157,base,No
2526,1,0,0.3775406828054583,-1.1672675609588623,-0.6672676205635071,base,No
2527,1,1,0.6791787121629466,-0.6306206583976746,-1.3806207180023193,base,Yes
2528,1,1,0.6224593312018546,-0.7236214876174927,-1.2236214876174927,base,Yes
2529,1,1,0.9579122738866624,-0.23323960602283478,-3.3582396507263184,base,Yes
2530,1,0,0.2689414213699951,-1.568202257156372,-0.5682022571563721,base,No
2531,1,0,0.20181323186177208,-1.8938159942626953,-0.5188160538673401,base,No
2532,1,1,0.6791786861878392,-0.5193007588386536,-1.2693006992340088,base,Yes
2533,1,0,0.20181322226037882,-1.9059315919876099,-0.5309315919876099,base,No
2534,1,0,0.16451646699291617,-2.1081039905548096,-0.48310402035713196,base,No
2535,1,0,0.32082130082460697,-1.3112066984176636,-0.5612066984176636,base,No
2536,1,0,0.2018132174596823,-1.7850695848464966,-0.4100695550441742,base,No
2537,1,1,0.798186768138228,-0.3609958291053772,-1.7359957695007324,base,Yes
2538,1,0,0.5,-0.8193297386169434,-0.8193297386169434,base,No
2539,1,0,0.18242551491653522,-1.9633381366729736,-0.46333807706832886,base,No
2540,1,0,0.32082130082460697,-1.471592664718628,-0.7215926647186279,base,No
2541,1,0,0.2689414213699951,-1.5407378673553467,-0.5407378673553467,base,No
2542,1,0,0.24508501313237172,-1.5586042404174805,-0.43360424041748047,base,No
2543,1,0,0.46879062662624377,-0.9942607879638672,-0.8692607879638672,base,No
2544,1,1,0.5621765008857981,-0.738050103187561,-0.988050103187561,base,Yes
2545,1,0,0.3208212878370535,-1.564779281616211,-0.8147792220115662,base,No
2546,1,0,0.34864513533394575,-1.2295151948928833,-0.6045151948928833,base,No
2547,1,0,0.3486451488696663,-1.2604715824127197,-0.6354716420173645,base,No
2548,1,0,0.40733341443526055,-1.1141536235809326,-0.7391536831855774,base,No
2549,1,1,0.7057850340255386,-0.49430450797080994,-1.3693045377731323,base,Yes
2550,1,0,0.18242553269617778,-2.041531562805176,-0.5415316224098206,base,No
2551,1,0,0.24508501313237172,-1.700695276260376,-0.575695276260376,base,No
2552,1,1,0.7057850402140659,-0.4489735960960388,-1.3239736557006836,base,Yes
2553,1,1,0.9241418241572634,-0.2784075140953064,-2.778407573699951,base,Yes
2554,1,0,0.26894141551050293,-1.452335238456726,-0.4523352086544037,base,No
2555,1,0,0.16451645470385742,-2.303758144378662,-0.6787580847740173,base,No
2556,1,0,0.18242551936144574,-1.8440909385681152,-0.34409090876579285,base,No
2557,1,0,0.16451644651115205,-2.044044017791748,-0.4190438985824585,base,No
2558,1,0,0.34864513533394575,-1.1485759019851685,-0.5235759019851685,base,No
2559,1,0,0.3775406828054583,-1.2694766521453857,-0.7694767117500305,base,No
2560,1,1,0.7310585903489892,-0.4403528571128845,-1.4403529167175293,base,Yes
2561,1,0,0.3775406547908327,-1.176236629486084,-0.6762365698814392,base,No
2562,1,0,0.29421497216298875,-1.3537347316741943,-0.47873473167419434,base,No
2563,1,0,0.34864513533394575,-1.1994647979736328,-0.5744647979736328,base,No
2564,1,0,0.4073334000459302,-1.1140412092208862,-0.7390412092208862,base,No
2565,1,0,0.1645164628965632,-2.0128636360168457,-0.3878636360168457,base,No
2566,1,0,0.5,-0.8862472176551819,-0.8862472176551819,base,No
2567,1,0,0.3486451217982255,-1.2689733505249023,-0.6439732909202576,base,No
2568,1,0,0.34864513533394575,-1.2237993478775024,-0.5987993478775024,base,No
2569,1,0,0.24508502416032488,-2.030651569366455,-0.9056516289710999,base,no
2570,1,0,0.22270014914315833,-1.8913891315460205,-0.6413891911506653,base,No
2571,1,0,0.46879062662624377,-0.892278254032135,-0.767278254032135,base,No
2572,1,0,0.11920291263495983,-2.4823217391967773,-0.4823216497898102,base,No
2573,1,0,0.3775406828054583,-1.190864086151123,-0.6908641457557678,base,No
2574,1,1,0.5621765008857981,-0.6739943027496338,-0.9239943027496338,base,Yes
2575,1,0,0.3486451217982255,-1.38401198387146,-0.7590119242668152,base,No
2576,1,0,0.3486451217982255,-1.363950490951538,-0.7389504313468933,base,No
2577,1,1,0.5312093733737563,-0.7573438286781311,-0.8823438286781311,base,Yes
2578,1,1,0.754914975839675,-0.5900266766548157,-1.715026617050171,base,Yes
2579,1,0,0.29421497216298875,-1.4721976518630981,-0.5971976518630981,base,No
2580,1,0,0.18242551491653522,-2.07159686088562,-0.5715968012809753,base,No
2581,1,0,0.22270013882530884,-1.798202633857727,-0.548202633857727,base,No
2582,1,0,0.3486451217982255,-1.3287880420684814,-0.7037879824638367,base,No
2583,1,1,0.6224593312018546,-0.6373779773712158,-1.1373779773712158,base,Yes
2584,1,0,0.32082130082460697,-1.258313775062561,-0.508313775062561,base,No
2585,1,1,0.679178699175393,-0.523653507232666,-1.273653507232666,base,Yes
2586,1,1,0.7981867729389246,-0.3790140450000763,-1.754014015197754,base,Yes
2587,1,0,0.2942149845400438,-1.4845390319824219,-0.6095390915870667,base,No
2588,1,1,0.5312093733737563,-0.8032776713371277,-0.9282776713371277,base,Yes
2589,1,1,0.5926665999540697,-0.6392911672592163,-1.0142911672592163,base,Yes
2590,1,0,0.4073334000459302,-1.120815396308899,-0.7458153963088989,base,No
2591,1,0,0.3486451217982255,-1.233945369720459,-0.6089453101158142,base,No
2592,1,0,0.20181323186177208,-1.8670923709869385,-0.49209243059158325,base,No
2593,1,0,0.3775406828054583,-1.1759636402130127,-0.6759636998176575,base,No
2594,1,1,0.6224593312018546,-0.6187556982040405,-1.1187556982040405,base,Yes
2595,1,1,0.754914975839675,-0.46140915155410767,-1.586409091949463,base,Yes
2596,1,0,0.3775406547908327,-1.3553276062011719,-0.8553275465965271,base,No
2597,1,1,0.5312093733737563,-0.7429552674293518,-0.8679552674293518,base,Yes
2598,1,0,0.40733341443526055,-1.0670726299285889,-0.6920726895332336,base,No
2599,1,0,0.24508500210441886,-1.6638686656951904,-0.5388686060905457,base,No
2600,1,0,0.2689414213699951,-1.4894882440567017,-0.48948824405670166,base,No
2601,1,1,0.6513548646660542,-0.6446229219436646,-1.2696229219436646,base,Yes
2602,1,0,0.2689414096510108,-1.485762119293213,-0.4857620596885681,base,No
2603,1,0,0.16451645470385742,-2.031874656677246,-0.4068745970726013,base,No
2604,1,0,0.22270013882530884,-1.869654655456543,-0.619654655456543,base,No
2605,1,0,0.32082130082460697,-1.3686161041259766,-0.6186161041259766,base,No
2606,1,0,0.20181322226037882,-1.7929145097732544,-0.4179145097732544,base,No
2607,1,1,0.7981867873410141,-0.3828818202018738,-1.7578818798065186,base,Yes
2608,1,0,0.05340332829327471,-3.228395938873291,-0.35339590907096863,base,No
2609,1,1,0.9525741308615412,-0.34761229157447815,-3.3476123809814453,base,Yes
2610,1,0,0.24508500210441886,-1.6415295600891113,-0.5165295004844666,base,No
2611,1,0,0.32082130082460697,-1.3898158073425293,-0.6398158073425293,base,No
2612,1,0,0.46879062662624377,-0.9370807409286499,-0.8120807409286499,base,No
2613,1,1,0.8175744761936437,-0.30024731159210205,-1.800247311592102,base,Yes
2614,1,0,0.4073334000459302,-1.0974854230880737,-0.7224854230880737,base,No
2615,1,0,0.16451647108926923,-1.9869298934936523,-0.3619299530982971,base,No
2616,1,0,0.1645164628965632,-2.101175308227539,-0.47617530822753906,base,No
2617,1,0,0.22270013882530884,-1.774965524673462,-0.5249655246734619,base,No
2618,1,0,0.29421497216298875,-1.3022041320800781,-0.4272041320800781,base,No
2619,1,0,0.24508502416032488,-1.6568207740783691,-0.5318208336830139,base,No
2620,1,0,0.3775406547908327,-1.13541841506958,-0.6354183554649353,base,No
2621,1,0,0.4378234991142019,-0.9592873454093933,-0.7092873454093933,base,No
2622,1,0,0.32082130082460697,-1.412899136543274,-0.6628991365432739,base,No
2623,1,0,0.4378234844434674,-1.1173126697540283,-0.8673126101493835,base,No
2624,1,0,0.37754066879814546,-1.2300763130187988,-0.7300763130187988,base,No
2625,1,0,0.4378234991142019,-0.9909022450447083,-0.7409022450447083,base,No
2626,1,1,0.5926666143433998,-0.6310545802116394,-1.0060546398162842,base,Yes
2627,1,0,0.24508501313237172,-1.7090394496917725,-0.5840394496917725,base,No
2628,1,0,0.4073334000459302,-1.0963014364242554,-0.7213014364242554,base,No
2629,1,1,0.5312093733737563,-0.7610359191894531,-0.8860359191894531,base,Yes
2630,1,0,0.46879062662624377,-0.8661438226699829,-0.7411438226699829,base,No
2631,1,1,0.754914997895581,-0.4358829855918884,-1.5608830451965332,base,Yes
2632,1,0,0.37754066879814546,-1.1893391609191895,-0.6893391609191895,base,No
2633,1,0,0.20181323186177208,-1.823134183883667,-0.44813424348831177,base,No
2634,1,1,0.6791787121629466,-0.5532943606376648,-1.3032944202423096,base,Yes
2635,1,1,0.6791787121629466,-0.5604795813560486,-1.3104796409606934,base,Yes
2636,1,1,0.9324533013520764,-0.2898050546646118,-2.9148049354553223,base,Yes
2637,1,0,0.32082130082460697,-1.363874912261963,-0.6138749122619629,base,No
2638,1,0,0.2689414213699951,-1.6552218198776245,-0.6552218198776245,base,No
2639,1,0,0.37754066879814546,-1.2906991243362427,-0.7906991243362427,base,No
2640,1,1,0.6224593312018546,-0.5586813688278198,-1.0586813688278198,base,Yes
2641,1,0,0.16451646699291617,-2.1009490489959717,-0.47594907879829407,base,No
2642,1,1,0.9465966686936261,-0.2317056953907013,-3.106705665588379,base,Yes
2643,1,1,0.6224593312018546,-0.6713114976882935,-1.1713114976882935,base,Yes
2644,1,1,0.679178699175393,-0.530068039894104,-1.280068039894104,base,Yes
2645,1,0,0.4073333856566001,-1.1001851558685303,-0.7251850962638855,base,No
2646,1,1,0.6513548782017746,-0.5201587080955505,-1.1451587677001953,base,Yes
2647,1,0,0.29421497216298875,-1.4186623096466064,-0.5436623096466064,base,No
2648,1,0,0.4073333856566001,-1.0568013191223145,-0.6818012595176697,base,No
2649,1,0,0.1480471829959148,-2.123455047607422,-0.3734549283981323,base,No
2650,1,1,0.5312093733737563,-0.7162290811538696,-0.8412290811538696,base,Yes
2651,1,0,0.22270013366638422,-1.6802635192871094,-0.430263489484787,base,No
2652,1,0,0.2018132174596823,-1.8655718564987183,-0.4905718266963959,base,No
2653,1,0,0.10669059962643358,-2.4602808952331543,-0.3352809548377991,base,No
2654,1,1,0.7772998560157665,-0.3897682726383209,-1.6397682428359985,base,Yes
2655,1,1,0.7057850278370112,-0.48617708683013916,-1.3611770868301392,base,Yes
2656,1,0,0.29421497216298875,-1.3992317914962769,-0.5242317914962769,base,No
2657,1,0,0.46879062662624377,-0.9294601678848267,-0.8044601678848267,base,No
2658,1,1,0.7772998560157665,-0.37384167313575745,-1.623841643333435,base,Yes
2659,1,0,0.29421497216298875,-1.3191757202148438,-0.44417572021484375,base,No
2660,1,0,0.34864513533394575,-1.3065307140350342,-0.6815307140350342,base,No
2661,1,0,0.34864513533394575,-1.2341593503952026,-0.6091593503952026,base,No
2662,1,0,0.32082130082460697,-1.2694050073623657,-0.5194050073623657,base,No
2663,1,0,0.29421497216298875,-1.4127389192581177,-0.5377389192581177,base,No
2664,1,1,0.9046505428129514,-0.30415382981300354,-2.5541539192199707,base,Yes
2665,1,0,0.4378234991142019,-1.0392788648605347,-0.7892788648605347,base,No
2666,1,0,0.20181321265898594,-1.66689133644104,-0.29189127683639526,base,No
2667,1,1,0.8519527869325346,-0.2607046365737915,-2.010704517364502,base,Yes
2668,1,1,0.754914997895581,-0.41873377561569214,-1.543733835220337,base,Yes
2669,1,0,0.5,-0.9316179156303406,-0.9316179156303406,base,No
2670,1,1,0.5621765008857981,-0.7953903675079346,-1.0453903675079346,base,Yes
2671,1,0,0.2942149845400438,-1.506626844406128,-0.6316269040107727,base,No
2672,1,0,0.20181322226037882,-2.0365777015686035,-0.6615777015686035,base,No
2673,1,0,0.34864513533394575,-1.3231465816497803,-0.6981465816497803,base,No
2674,1,0,0.46879062662624377,-0.9273539185523987,-0.8023539185523987,base,No
2675,1,0,0.13296425394084313,-2.382168769836426,-0.5071688890457153,base,No
2676,1,0,0.1192029188930649,-2.3504717350006104,-0.35047170519828796,base,No
2677,1,0,0.2689414096510108,-1.563549280166626,-0.5635492205619812,base,No
2678,1,0,0.22270013882530884,-1.7399510145187378,-0.4899510145187378,base,No
2679,1,0,0.24508502416032488,-1.624650478363037,-0.4996505379676819,base,No
2680,1,0,0.2689414213699951,-1.6631447076797485,-0.6631447076797485,base,No
2681,1,1,0.9324533144915912,-0.2186087667942047,-2.843608856201172,base,Yes
2682,1,0,0.2689414213699951,-1.6319758892059326,-0.6319758892059326,base,No
2683,1,0,0.22270013366638422,-1.742560863494873,-0.49256083369255066,base,No
2684,1,0,0.32082130082460697,-1.2827765941619873,-0.5327765941619873,base,No
2685,1,1,0.7057850216484838,-0.4533827602863312,-1.3283827304840088,base,Yes
2686,1,0,0.11920290950590741,-2.290475845336914,-0.2904757261276245,base,No
2687,1,0,0.4378234991142019,-0.9797446727752686,-0.7297446727752686,base,No
2688,1,0,0.22270012850745968,-1.799842119216919,-0.5498420596122742,base,No
2689,1,0,0.22270012850745968,-1.740562915802002,-0.4905628561973572,base,No
2690,1,1,0.6791786861878392,-0.47819167375564575,-1.228191614151001,base,Yes
2691,1,1,0.5621765008857981,-0.647430419921875,-0.897430419921875,base,Yes
2692,1,1,0.7057850278370112,-0.5008107423782349,-1.3758107423782349,base,Yes
2693,1,0,0.46879062662624377,-1.0733311176300049,-0.9483311176300049,base,No
2694,1,0,0.32082130082460697,-1.5638657808303833,-0.8138657808303833,base,No
2695,1,0,0.3486451217982255,-1.4960863590240479,-0.8710862994194031,base,No
2696,1,0,0.4378234991142019,-0.9990083575248718,-0.7490083575248718,base,No
2697,1,0,0.37754066879814546,-1.3230122327804565,-0.8230122327804565,base,No
2698,1,0,0.4378234991142019,-0.8884567022323608,-0.6384567022323608,base,No
2699,1,0,0.18242552825126704,-1.9732930660247803,-0.47329309582710266,base,No
2700,1,1,0.5312093733737563,-0.7539148330688477,-0.8789148330688477,base,Yes
2701,1,0,0.5,-0.8837372064590454,-0.8837372064590454,base,No
2702,1,0,0.16451645470385742,-2.4944040775299072,-0.8694040179252625,base,no
2703,1,0,0.4073334000459302,-1.2078485488891602,-0.8328485488891602,base,No
2704,1,0,0.34864513533394575,-1.2600418329238892,-0.6350418329238892,base,No
2705,1,1,0.5312093733737563,-0.7591759562492371,-0.8841759562492371,base,Yes
2706,1,0,0.16451647518562237,-2.067241907119751,-0.44224199652671814,base,No
2707,1,0,0.16451647518562237,-2.063847541809082,-0.4388476312160492,base,No
2708,1,1,0.7310585727705126,-0.47331514954566956,-1.4733151197433472,base,Yes
2709,1,1,0.5312093733737563,-0.7956678867340088,-0.9206678867340088,base,Yes
2710,1,0,0.20181322226037882,-1.9296833276748657,-0.5546833276748657,base,No
2711,1,0,0.06008665354025422,-3.1416168212890625,-0.3916168808937073,base,No
2712,1,0,0.20181322226037882,-1.9812244176864624,-0.6062244176864624,base,No
2713,1,1,0.8933093946927838,-0.3912726640701294,-2.51627254486084,base,Yes
2714,1,0,0.46879062662624377,-1.206763505935669,-1.081763505935669,base,No
2715,1,0,0.37754066879814546,-1.2429286241531372,-0.7429286241531372,base,No
2716,1,0,0.29421497216298875,-1.4572110176086426,-0.5822110176086426,base,No
2717,1,0,0.13296423676207594,-2.199831485748291,-0.32483145594596863,base,No
2718,1,1,0.6224593312018546,-0.6482123136520386,-1.1482123136520386,base,Yes
2719,1,0,0.2689414213699951,-1.6676048040390015,-0.6676048040390015,base,No
2720,1,0,0.4073333856566001,-1.168210506439209,-0.7932104468345642,base,No
2721,1,0,0.4378235137849365,-1.1232800483703613,-0.8732801079750061,base,No
2722,1,0,0.34864513533394575,-1.2798689603805542,-0.6548689603805542,base,No
2723,1,0,0.2942149597859341,-1.426805019378662,-0.5518049597740173,base,No
2724,1,0,0.34864513533394575,-1.2120530605316162,-0.5870530605316162,base,No
2725,1,0,0.3208212878370535,-1.3890442848205566,-0.6390442252159119,base,No
2726,1,0,0.34864513533394575,-1.251837968826294,-0.626837968826294,base,No
2727,1,1,0.6513548646660542,-0.7882770299911499,-1.41327702999115,base,Yes
2728,1,1,0.5621764862150634,-0.7906032204627991,-1.0406031608581543,base,Yes
2729,1,1,0.7057850402140659,-0.4840978980064392,-1.359097957611084,base,Yes
2730,1,1,0.679178699175393,-0.6326225996017456,-1.3826225996017456,base,Yes
2731,1,0,0.2942149845400438,-1.392831563949585,-0.5178316235542297,base,No
2732,1,0,0.18242550602671442,-2.0996274948120117,-0.5996273756027222,base,No
2733,1,0,0.4378234991142019,-1.251591444015503,-1.001591444015503,base,No
2734,1,0,0.46879062662624377,-0.9127828478813171,-0.7877828478813171,base,No
2735,1,0,0.4073334000459302,-1.0944929122924805,-0.7194929122924805,base,No
2736,1,1,0.5621765008857981,-0.7567191123962402,-1.0067191123962402,base,Yes
2737,1,0,0.22270013882530884,-1.7066856622695923,-0.4566856622695923,base,No
2738,1,1,0.5621765008857981,-0.6591381430625916,-0.9091381430625916,base,Yes
2739,1,0,0.37754066879814546,-1.1464684009552002,-0.6464684009552002,base,No
2740,1,0,0.3486451217982255,-1.402897596359253,-0.7778975367546082,base,No
2741,1,1,0.7057850154599563,-0.4781420826911926,-1.3531420230865479,base,Yes
2742,1,1,0.5926665999540697,-0.720723032951355,-1.095723032951355,base,Yes
2743,1,0,0.11920292515117029,-2.2984085083007812,-0.29840853810310364,base,No
2744,1,0,0.053403333566198224,-3.0262389183044434,-0.15123899281024933,base,No
2745,1,0,0.46879062662624377,-0.9316481947898865,-0.8066481947898865,base,No
2746,1,1,0.5621765008857981,-0.7911888360977173,-1.0411888360977173,base,Yes
2747,1,0,0.29421497216298875,-1.366947889328003,-0.49194788932800293,base,No
2748,1,0,0.4378234991142019,-0.9799845218658447,-0.7299845218658447,base,No
2749,1,0,0.37754066879814546,-1.3422709703445435,-0.8422709703445435,base,No
2750,1,0,0.37754066879814546,-1.1839277744293213,-0.6839277744293213,base,No
2751,1,1,0.6224593312018546,-0.6576153039932251,-1.157615303993225,base,Yes
2752,1,0,0.46879062662624377,-0.9137753248214722,-0.7887753248214722,base,No
2753,1,0,0.1480472055495773,-2.2725820541381836,-0.5225821137428284,base,No
2754,1,0,0.34864513533394575,-1.2426398992538452,-0.6176398992538452,base,No
2755,1,0,0.29421497216298875,-1.4286376237869263,-0.5536376237869263,base,No
2756,1,1,0.5312093733737563,-0.7666200399398804,-0.8916200399398804,base,Yes
2757,1,0,0.24508502416032488,-1.61855149269104,-0.4935515522956848,base,No
2758,1,1,0.6513548646660542,-0.6742949485778809,-1.2992949485778809,base,Yes
2759,1,0,0.40733341443526055,-1.2651119232177734,-0.8901119828224182,base,No
2760,1,0,0.3486451217982255,-1.4251878261566162,-0.8001877665519714,base,No
2761,1,0,0.18242551491653522,-1.953366994857788,-0.4533669352531433,base,No
2762,1,0,0.14804720930852133,-2.182663679122925,-0.43266376852989197,base,No
2763,1,0,0.29421497216298875,-1.382185935974121,-0.5071859359741211,base,No
2764,1,0,0.3775406547908327,-1.2059969902038574,-0.7059969305992126,base,No
2765,1,0,0.22270013882530884,-1.6982066631317139,-0.44820666313171387,base,No
2766,1,0,0.4378234991142019,-0.9056547284126282,-0.6556547284126282,base,No
2767,1,0,0.37754066879814546,-1.0462287664413452,-0.5462287664413452,base,No
2768,1,0,0.18242551491653522,-2.072145700454712,-0.5721456408500671,base,No
2769,1,0,0.24508502416032488,-1.5783445835113525,-0.4533446431159973,base,No
2770,1,0,0.20181322226037882,-1.8997024297714233,-0.5247024297714233,base,No
2771,1,1,0.5926665999540697,-0.6320432424545288,-1.0070432424545288,base,Yes
2772,1,0,0.29421497216298875,-1.3235399723052979,-0.44853997230529785,base,No
2773,1,0,0.4073334000459302,-1.1243057250976562,-0.7493057250976562,base,No
2774,1,0,0.18242552825126704,-1.8304189443588257,-0.33041897416114807,base,No
2775,1,0,0.46879062662624377,-0.8174059391021729,-0.6924059391021729,base,No
2776,1,0,0.10669060530721626,-2.7205004692077637,-0.5955005884170532,base,No
2777,1,1,0.5312093733737563,-0.8347244262695312,-0.9597244262695312,base,Yes
2778,1,0,0.5,-1.1418347358703613,-1.1418347358703613,base,No
2779,1,1,0.8670357598021706,-0.3707852363586426,-2.2457852363586426,base,Yes
2780,1,0,0.16451645880021026,-1.9821537733078003,-0.3571537435054779,base,No
2781,1,0,0.29421497216298875,-1.5167301893234253,-0.6417301893234253,base,No
2782,1,0,0.29421497216298875,-1.572513222694397,-0.697513222694397,base,No
2783,1,1,0.6224593312018546,-0.5952936410903931,-1.095293641090393,base,Yes
2784,1,0,0.16451647518562237,-2.0822365283966064,-0.4572366178035736,base,No
2785,1,0,0.3208212878370535,-1.250194787979126,-0.5001947283744812,base,No
2786,1,0,0.1192029188930649,-2.335886240005493,-0.3358862102031708,base,No
2787,1,0,0.2689414330889798,-1.4679758548736572,-0.467975914478302,base,No
2788,1,0,0.4378234991142019,-0.9852636456489563,-0.7352636456489563,base,No
2789,1,1,0.5926665855647394,-0.6436370015144348,-1.01863694190979,base,Yes
2790,1,0,0.1645164792819756,-2.0493392944335938,-0.4243394136428833,base,No
2791,1,0,0.46879062662624377,-0.8851376175880432,-0.7601376175880432,base,No
2792,1,0,0.22270012850745968,-1.634190320968628,-0.38419026136398315,base,No
2793,1,1,0.5621764862150634,-0.7863166928291321,-1.0363166332244873,base,Yes
2794,1,0,0.4378234991142019,-1.0219001770019531,-0.7719001770019531,base,No
2795,1,1,0.6224593312018546,-0.5390870571136475,-1.0390870571136475,base,Yes
2796,1,1,0.7310585786300049,-0.4467165470123291,-1.446716547012329,base,Yes
2797,1,0,0.2942149845400438,-1.3948025703430176,-0.5198026299476624,base,No
2798,1,1,0.7310585786300049,-0.4714548587799072,-1.4714548587799072,base,Yes
2799,1,0,0.32082130082460697,-1.290112853050232,-0.5401128530502319,base,No
2800,1,0,0.1192029188930649,-2.3401105403900146,-0.34011051058769226,base,No
2801,1,0,0.37754066879814546,-1.2912710905075073,-0.7912710905075073,base,No
2802,1,0,0.3486451488696663,-1.1985414028167725,-0.5735414624214172,base,No
2803,1,0,0.3486451488696663,-1.269179105758667,-0.6441791653633118,base,No
2804,1,0,0.3208212878370535,-1.2290475368499756,-0.4790474772453308,base,No
2805,1,0,0.3775406547908327,-1.192737102508545,-0.6927370429039001,base,No
2806,1,1,0.932453315430128,-0.22935761511325836,-2.8543577194213867,base,Yes
2807,1,0,0.22270014398423357,-1.7272608280181885,-0.47726085782051086,base,No
2808,1,0,0.22270013882530884,-1.7863342761993408,-0.5363342761993408,base,No
2809,1,0,0.20181322226037882,-1.8249881267547607,-0.44998812675476074,base,No
2810,1,0,0.3775406547908327,-1.114288330078125,-0.6142882704734802,base,No
2811,1,1,0.5621765008857981,-0.6988551616668701,-0.9488551616668701,base,Yes
2812,1,0,0.2018132270610754,-1.7034881114959717,-0.32848814129829407,base,No
2813,1,0,0.24508500761839525,-1.5345779657363892,-0.4095779359340668,base,No
2814,1,0,0.37754066879814546,-1.1147128343582153,-0.6147128343582153,base,No
2815,1,1,0.5926665999540697,-0.7030291557312012,-1.0780291557312012,base,Yes
2816,1,1,0.8670357494949105,-0.2935856282711029,-2.1685855388641357,base,Yes
2817,1,0,0.18242552380635632,-1.8902908563613892,-0.39029085636138916,base,No
2818,1,0,0.4378234991142019,-0.8927680850028992,-0.6427680850028992,base,No
2819,1,0,0.24508500761839525,-1.6160703897476196,-0.49107035994529724,base,No
2820,1,0,0.18242551936144574,-1.948270559310913,-0.4482705295085907,base,No
2821,1,1,0.5312093733737563,-0.8476787805557251,-0.9726787805557251,base,Yes
2822,1,0,0.1645164628965632,-2.138686180114746,-0.5136861801147461,base,No
2823,1,0,0.08509904732734556,-2.7102277278900146,-0.33522775769233704,base,No
2824,1,0,0.1645164628965632,-2.210794448852539,-0.5857944488525391,base,No
2825,1,0,0.22270013366638422,-1.6627615690231323,-0.41276153922080994,base,No
2826,1,0,0.5,-0.9572852849960327,-0.9572852849960327,base,No
2827,1,0,0.10669059394565118,-2.4450671672821045,-0.3200671672821045,base,No
2828,1,1,0.7549149923816048,-0.4174838960170746,-1.542483925819397,base,Yes
2829,1,1,0.6224593312018546,-0.5660717487335205,-1.0660717487335205,base,Yes
2830,1,0,0.4073334000459302,-1.0228136777877808,-0.6478136777877808,base,No
2831,1,0,0.3486451488696663,-1.4278066158294678,-0.8028066754341125,base,No
2832,1,0,0.3208213138121609,-1.4053881168365479,-0.6553881764411926,base,No
2833,1,0,0.22270013882530884,-1.6399953365325928,-0.3899953365325928,base,No
2834,1,0,0.46879062662624377,-0.8404788374900818,-0.7154788374900818,base,No
2835,1,0,0.4073334000459302,-1.0829119682312012,-0.7079119682312012,base,No
2836,1,0,0.24508501313237172,-1.7678370475769043,-0.6428370475769043,base,No
2837,1,0,0.29421496597446145,-1.3409883975982666,-0.4659883677959442,base,No
2838,1,0,0.5,-0.8457943201065063,-0.8457943201065063,base,No
2839,1,0,0.32082130082460697,-1.3806895017623901,-0.6306895017623901,base,No
2840,1,1,0.5621765008857981,-0.7486967444419861,-0.9986967444419861,base,Yes
2841,1,0,0.4378235137849365,-1.053746223449707,-0.8037462830543518,base,No
2842,1,1,0.6791787121629466,-0.5373930335044861,-1.2873930931091309,base,Yes
2843,1,0,0.2942149597859341,-1.4006049633026123,-0.5256049036979675,base,No
2844,1,0,0.2942149783515162,-1.3034316301345825,-0.4284316599369049,base,No
2845,1,0,0.3775406547908327,-1.1803052425384521,-0.6803051829338074,base,No
2846,1,0,0.1192029188930649,-2.4509572982788086,-0.4509572684764862,base,No
2847,1,0,0.14804720179063335,-2.170933961868286,-0.4209339916706085,base,No
2848,1,0,0.24508501864634827,-1.5494579076766968,-0.42445793747901917,base,No
2849,1,0,0.24508500210441886,-1.578995943069458,-0.45399588346481323,base,No
2850,1,0,0.2942149597859341,-1.3790695667266846,-0.5040695071220398,base,No
2851,1,0,0.5,-0.8161168098449707,-0.8161168098449707,base,No
2852,1,0,0.22270013882530884,-1.7221001386642456,-0.4721001386642456,base,No
2853,1,1,0.7310585786300049,-0.44079744815826416,-1.4407974481582642,base,Yes
2854,1,0,0.4378234991142019,-0.9407748579978943,-0.6907748579978943,base,No
2855,1,0,0.37754066879814546,-1.168625831604004,-0.6686258316040039,base,No
2856,1,1,0.6513548646660542,-0.6317692995071411,-1.2567692995071411,base,Yes
2857,1,0,0.4073334000459302,-0.9866019487380981,-0.6116019487380981,base,No
2858,1,1,0.7310585903489892,-0.6206478476524353,-1.62064790725708,base,Yes
2859,1,0,0.46879062662624377,-0.8802138566970825,-0.7552138566970825,base,No
2860,1,0,0.20181322226037882,-1.9087042808532715,-0.5337042808532715,base,No
2861,1,1,0.8807970842359877,-0.2950827479362488,-2.2950828075408936,base,Yes
2862,1,0,0.3486451217982255,-1.4220759868621826,-0.7970759272575378,base,No
2863,1,1,0.7549149868676283,-0.38353490829467773,-1.5085349082946777,base,Yes
2864,1,0,0.24508500210441886,-1.6441996097564697,-0.519199550151825,base,No
2865,1,1,0.5312093733737563,-0.7477632761001587,-0.8727632761001587,base,Yes
2866,1,1,0.5312093733737563,-0.822592556476593,-0.947592556476593,base,Yes
2867,1,0,0.22270014398423357,-1.6761035919189453,-0.4261036217212677,base,No
2868,1,1,0.5926665855647394,-0.9117797017097473,-1.2867796421051025,base,Yes
2869,1,0,0.5,-0.8360937833786011,-0.8360937833786011,base,No
2870,1,1,0.8354835330070839,-0.32522550225257874,-1.9502254724502563,base,Yes
2871,1,1,0.6791786861878392,-0.5318439602851868,-1.281843900680542,base,Yes
2872,1,1,0.6224593171945417,-0.5682795643806458,-1.068279504776001,base,Yes
2873,1,0,0.4378234991142019,-0.8853234648704529,-0.6353234648704529,base,No
2874,1,0,0.37754066879814546,-1.1600972414016724,-0.6600972414016724,base,No
2875,1,0,0.18242552380635632,-2.0276124477386475,-0.5276124477386475,base,No
2876,1,1,0.6224593312018546,-0.604153037071228,-1.104153037071228,base,Yes
2877,1,1,0.5312093733737563,-0.7742671966552734,-0.8992671966552734,base,Yes
2878,1,1,0.5621765008857981,-0.7434090971946716,-0.9934090971946716,base,Yes
2879,1,0,0.24508501313237172,-1.8247265815734863,-0.6997265815734863,base,No
2880,1,0,0.06754668738548215,-3.0910017490386963,-0.4660016894340515,base,No
2881,1,0,0.46879062662624377,-0.8900666236877441,-0.7650666236877441,base,No
2882,1,1,0.5312093733737563,-0.8518437743186951,-0.9768437743186951,base,Yes
2883,1,0,0.5,-0.8291274905204773,-0.8291274905204773,base,No
2884,1,0,0.3486451217982255,-1.2340795993804932,-0.6090795397758484,base,No
2885,1,0,0.34864513533394575,-1.1302402019500732,-0.5052402019500732,base,No
2886,1,0,0.2689414213699951,-1.5409307479858398,-0.5409307479858398,base,No
2887,1,0,0.2689414213699951,-1.5256158113479614,-0.5256158113479614,base,No
2888,1,0,0.4073334000459302,-1.1363139152526855,-0.7613139152526855,base,No
2889,1,1,0.5312093733737563,-0.8223631381988525,-0.9473631381988525,base,Yes
2890,1,0,0.1480471980316895,-2.308434009552002,-0.558434009552002,base,No
2891,1,1,0.8670357735451834,-0.4982565641403198,-2.3732566833496094,base,Yes
2892,1,1,0.7310585786300049,-0.5357791185379028,-1.5357791185379028,base,Yes
2893,1,0,0.37754066879814546,-1.0780375003814697,-0.5780375003814697,base,No
2894,1,1,0.5312093733737563,-0.8437846899032593,-0.9687846899032593,base,Yes
2895,1,1,0.5312093733737563,-0.8051840662956238,-0.9301840662956238,base,Yes
2896,1,0,0.24508501313237172,-1.6330811977386475,-0.5080811977386475,base,No
2897,1,0,0.3208213138121609,-1.4515440464019775,-0.7015441060066223,base,No
2898,1,0,0.18242551491653522,-1.8768279552459717,-0.3768278956413269,base,No
2899,1,0,0.32082130082460697,-1.3160459995269775,-0.5660459995269775,base,No
2900,1,1,0.5621765008857981,-0.7862964868545532,-1.0362964868545532,base,Yes
2901,1,1,0.5926666143433998,-0.8206061720848083,-1.1956062316894531,base,Yes
2902,1,0,0.3486451488696663,-1.2477772235870361,-0.6227772831916809,base,No
2903,1,0,0.22270014398423357,-1.6249903440475464,-0.3749903738498688,base,No
2904,1,1,0.6513548646660542,-0.6890112161636353,-1.3140112161636353,base,Yes
2905,1,0,0.46879062662624377,-0.9761844277381897,-0.8511844277381897,base,No
2906,1,0,0.5,-0.9285763502120972,-0.9285763502120972,base,No
2907,1,0,0.18242552825126704,-1.9115114212036133,-0.41151145100593567,base,No
2908,1,0,0.4073334000459302,-1.2151625156402588,-0.8401625156402588,base,No
2909,1,0,0.22270013882530884,-1.7786891460418701,-0.5286891460418701,base,No
2910,1,1,0.5312093733737563,-0.9105883836746216,-1.0355883836746216,base,Yes
2911,1,0,0.3486451217982255,-1.2602980136871338,-0.635297954082489,base,No
2912,1,0,0.24508501313237172,-1.6461365222930908,-0.5211365222930908,base,No
2913,1,0,0.0850990542883219,-2.860846996307373,-0.4858471155166626,base,No
2914,1,0,0.2689414213699951,-1.5912843942642212,-0.5912843942642212,base,No
2915,1,0,0.34864513533394575,-1.2927523851394653,-0.6677523851394653,base,No
2916,1,1,0.6224593312018546,-0.6842674016952515,-1.1842674016952515,base,Yes
2917,1,0,0.3208213138121609,-1.3469624519348145,-0.5969625115394592,base,No
2918,1,0,0.1329642264548166,-2.3723888397216797,-0.49738872051239014,base,No
2919,1,0,0.34864513533394575,-1.251716136932373,-0.626716136932373,base,No
2920,1,0,0.22270013882530884,-1.7412558794021606,-0.49125587940216064,base,No
2921,1,1,0.9046505248181417,-0.37469208240509033,-2.624691963195801,base,Yes
2922,1,1,0.6224593171945417,-0.695662796497345,-1.1956627368927002,base,Yes
2923,1,1,0.7057850278370112,-0.6520746946334839,-1.5270746946334839,base,Yes
2924,1,0,0.32082130082460697,-1.342365026473999,-0.592365026473999,base,No
2925,1,1,0.9046505453836383,-0.25280654430389404,-2.5028066635131836,base,Yes
2926,1,0,0.3208212878370535,-1.249253511428833,-0.49925345182418823,base,No
2927,1,1,0.679178699175393,-0.5800764560699463,-1.3300764560699463,base,Yes
2928,1,0,0.3486451217982255,-1.3560750484466553,-0.7310749888420105,base,No
2929,1,1,0.6224593312018546,-0.6307426691055298,-1.1307426691055298,base,Yes
2930,1,0,0.2942149597859341,-1.5589261054992676,-0.6839260458946228,base,No
2931,1,0,0.3486451488696663,-1.2472400665283203,-0.6222401261329651,base,No
2932,1,0,0.11920293140927592,-2.328666925430298,-0.328667014837265,base,No
2933,1,0,0.37754066879814546,-1.2218961715698242,-0.7218961715698242,base,No
2934,1,0,0.2942149845400438,-1.4318740367889404,-0.5568740963935852,base,No
2935,1,0,0.22270014914315833,-1.9257781505584717,-0.6757782101631165,base,No
2936,1,0,0.24508501313237172,-1.6033958196640015,-0.47839581966400146,base,No
2937,1,0,0.13296423676207594,-2.171293020248413,-0.2962929904460907,base,No
2938,1,0,0.18242552380635632,-1.8942468166351318,-0.39424681663513184,base,No
2939,1,1,0.7549149868676283,-0.44249236583709717,-1.5674923658370972,base,Yes
2940,1,0,0.3486451217982255,-1.2829301357269287,-0.6579300761222839,base,No
2941,1,0,0.22270013882530884,-1.8593213558197021,-0.6093213558197021,base,No
2942,1,0,0.4073334000459302,-1.14972722530365,-0.7747272253036499,base,No
2943,1,0,0.3486451217982255,-1.2510082721710205,-0.6260082125663757,base,No
2944,1,0,0.5,-0.8704671859741211,-0.8704671859741211,base,No
2945,1,1,0.6513548646660542,-0.6056376695632935,-1.2306376695632935,base,Yes
2946,1,0,0.16451647108926923,-2.200984477996826,-0.575984537601471,base,No
2947,1,0,0.24508500210441886,-1.7296490669250488,-0.604649007320404,base,No
2948,1,0,0.2018132270610754,-1.7058457136154175,-0.33084574341773987,base,No
2949,1,0,0.14804720179063335,-2.1077113151550293,-0.3577113449573517,base,No
2950,1,0,0.34864513533394575,-1.2819547653198242,-0.6569547653198242,base,No
2951,1,1,0.5926666143433998,-0.7043394446372986,-1.0793395042419434,base,Yes
2952,1,0,0.22270013882530884,-1.8128046989440918,-0.5628046989440918,base,No
2953,1,0,0.24508502416032488,-1.4727776050567627,-0.34777766466140747,base,No
2954,1,0,0.07585818002124356,-2.8729135990142822,-0.3729135990142822,base,No
2955,1,0,0.29421496597446145,-1.336821436882019,-0.46182140707969666,base,No
2956,1,1,0.8670357598021706,-0.30465245246887207,-2.179652452468872,base,Yes
2957,1,0,0.06008665522337757,-3.02722430229187,-0.2772243916988373,base,No
2958,1,1,0.5926666143433998,-0.6824302077293396,-1.0574302673339844,base,Yes
2959,1,0,0.29421497216298875,-1.46035635471344,-0.5853563547134399,base,No
2960,1,0,0.22270014398423357,-1.6931273937225342,-0.44312742352485657,base,No
2961,1,0,0.46879062662624377,-0.8306180238723755,-0.7056180238723755,base,No
2962,1,0,0.18242552380635632,-1.9422413110733032,-0.4422413110733032,base,No
2963,1,0,0.37754066879814546,-1.0429039001464844,-0.5429039001464844,base,No
2964,1,0,0.4073334000459302,-1.0393415689468384,-0.6643415689468384,base,No
2965,1,1,0.9149009480320036,-0.30547937750816345,-2.6804792881011963,base,Yes
2966,1,0,0.10669059394565118,-2.5759665966033936,-0.45096659660339355,base,No
2967,1,1,0.8670357563664174,-0.2723751366138458,-2.1473751068115234,base,Yes
2968,1,1,0.6513548646660542,-0.581708550453186,-1.206708550453186,base,Yes
2969,1,1,0.5926665999540697,-0.712414026260376,-1.087414026260376,base,Yes
2970,1,0,0.40733341443526055,-1.097541332244873,-0.7225413918495178,base,No
2971,1,0,0.24508500210441886,-1.6873810291290283,-0.5623809695243835,base,No
2972,1,0,0.16451645470385742,-2.075471878051758,-0.45047181844711304,base,No
2973,1,1,0.7549149923816048,-0.38225147128105164,-1.507251501083374,base,Yes
2974,1,0,0.4378234991142019,-1.0187842845916748,-0.7687842845916748,base,No
2975,1,0,0.2689414213699951,-1.5041425228118896,-0.5041425228118896,base,No
2976,1,1,0.5621765008857981,-1.1562743186950684,-1.4062743186950684,base,Yes
2977,1,0,0.3486451421018059,-1.0977352857589722,-0.47273531556129456,base,No
2978,1,0,0.2689414213699951,-1.5249650478363037,-0.5249650478363037,base,No
2979,1,0,0.24508502416032488,-1.7565133571624756,-0.6315134167671204,base,No
2980,1,1,0.5926666143433998,-0.7936827540397644,-1.1686828136444092,base,Yes
2981,1,0,0.29421497216298875,-1.451661467552185,-0.5766614675521851,base,No
2982,1,0,0.16451647108926923,-2.203702688217163,-0.5787027478218079,base,No
2983,1,0,0.2942149845400438,-1.4358348846435547,-0.5608349442481995,base,No
2984,1,0,0.37754066879814546,-1.1926460266113281,-0.6926460266113281,base,No
2985,1,0,0.46879062662624377,-0.9616410732269287,-0.8366410732269287,base,No
2986,1,1,0.7772998611746911,-0.4862421751022339,-1.7362421751022339,base,Yes
2987,1,0,0.2942149783515162,-1.361014723777771,-0.4860147535800934,base,No
2988,1,0,0.32082130082460697,-1.4967854022979736,-0.7467854022979736,base,No
2989,1,1,0.5621765008857981,-0.7949920892715454,-1.0449920892715454,base,Yes
2990,1,0,0.07585817584273653,-2.6839804649353027,-0.18398040533065796,base,No
2991,1,0,0.4378235137849365,-1.023477554321289,-0.7734776139259338,base,No
2992,1,0,0.46879062662624377,-0.9609578847885132,-0.8359578847885132,base,No
2993,1,0,0.5,-1.0206103324890137,-1.0206103324890137,base,No
2994,1,1,0.6224593312018546,-0.5618840456008911,-1.0618840456008911,base,Yes
2995,1,0,0.13296424019782924,-2.6002418994903564,-0.7252418994903564,base,No
2996,1,0,0.09534945975773548,-2.6149075031280518,-0.364907443523407,base,No
2997,1,1,0.5312093733737563,-0.8550062775611877,-0.9800062775611877,base,Yes
2998,1,0,0.26894141551050293,-1.4918667078018188,-0.49186667799949646,base,No
2999,1,0,0.2689414213699951,-1.3844527006149292,-0.3844527006149292,base,No
3000,0,0,0.06008665522337757,-3.099763870239258,-0.349763959646225,base,No
3001,0,0,0.2689414213699951,-1.833600401878357,-0.8336004018783569,base,No
3002,0,0,0.11920290950590741,-2.4000940322875977,-0.4000939130783081,base,No
3003,0,0,0.14804719051380197,-2.238976001739502,-0.4889759421348572,base,No
3004,0,0,0.4073334000459302,-1.2294689416885376,-0.8544689416885376,base,No
3005,0,0,0.32082130082460697,-1.357419729232788,-0.6074197292327881,base,No
3006,0,0,0.18242551491653522,-2.0010547637939453,-0.5010547041893005,base,No
3007,0,0,0.1480471980316895,-2.203451156616211,-0.45345115661621094,base,No
3008,0,0,0.29421497216298875,-1.413770079612732,-0.5387700796127319,base,No
3009,0,0,0.11920293453832885,-2.5370163917541504,-0.5370165109634399,base,No
3010,0,0,0.32082130082460697,-1.3202489614486694,-0.5702489614486694,base,No
3011,0,0,0.0474258704848281,-3.6954586505889893,-0.6954585909843445,base,No
3012,0,0,0.2942149597859341,-1.6692378520965576,-0.7942377924919128,base,No
3013,0,0,0.08509904732734556,-2.8273580074310303,-0.45235803723335266,base,No
3014,0,0,0.14804720930852133,-2.1288676261901855,-0.3788677155971527,base,No
3015,0,0,0.2689414272294874,-1.3828984498977661,-0.3828984797000885,base,No
3016,0,0,0.18242553269617778,-2.2354018688201904,-0.7354019284248352,base,No
3017,0,0,0.2942149597859341,-1.5854952335357666,-0.7104951739311218,base,No
3018,0,0,0.20181321265898594,-2.005033016204834,-0.6300329566001892,base,No
3019,0,0,0.1329642333263228,-2.3515408039093018,-0.476540744304657,base,No
3020,0,0,0.22270012850745968,-1.6620275974273682,-0.4120275378227234,base,No
3021,0,0,0.24508501313237172,-1.6744598150253296,-0.5494598150253296,base,No
3022,0,0,0.13296424019782924,-2.286358118057251,-0.411358118057251,base,No
3023,0,0,0.11920291576401235,-2.5219132900238037,-0.5219132304191589,base,No
3024,0,0,0.24508501313237172,-1.6733293533325195,-0.5483293533325195,base,No
3025,0,0,0.11920292828022305,-2.6692819595336914,-0.6692820191383362,base,No
3026,0,0,0.11920291576401235,-2.4276819229125977,-0.4276818633079529,base,No
3027,0,0,0.16451647108926923,-1.9456367492675781,-0.3206368088722229,base,No
3028,0,0,0.08509904964767095,-2.757366895675659,-0.38236695528030396,base,No
3029,0,0,0.1824255415859996,-2.02219820022583,-0.5221983194351196,base,No
3030,0,0,0.09534947004048376,-2.8387677669525146,-0.5887678265571594,base,No
3031,0,0,0.0850990519679964,-2.679100275039673,-0.30410036444664,base,No
3032,0,0,0.20181321265898594,-1.850600004196167,-0.4755999445915222,base,No
3033,0,0,0.13296423676207594,-2.2975826263427734,-0.42258259654045105,base,No
3034,0,0,0.18242552380635632,-2.0470099449157715,-0.5470099449157715,base,No
3035,0,0,0.5,-0.895386278629303,-0.895386278629303,base,No
3036,0,0,0.4073333856566001,-1.169193983078003,-0.7941939234733582,base,No
3037,0,0,0.2689414096510108,-1.6075904369354248,-0.60759037733078,base,No
3038,0,0,0.1192029188930649,-2.3237459659576416,-0.3237459361553192,base,No
3039,0,1,0.6791786861878392,-0.4989851117134094,-1.2489850521087646,base,Yes
3040,0,0,0.18242553269617778,-1.8658485412597656,-0.3658486008644104,base,No
3041,0,0,0.32082130082460697,-1.2092747688293457,-0.4592747688293457,base,No
3042,0,0,0.2689414330889798,-1.377406358718872,-0.37740641832351685,base,No
3043,0,0,0.40733341443526055,-1.059089183807373,-0.6840892434120178,base,No
3044,0,0,0.14804719051380197,-2.168347120285034,-0.4183470606803894,base,No
3045,0,0,0.2689414213699951,-1.5505650043487549,-0.5505650043487549,base,No
3046,0,0,0.2942149597859341,-1.559678316116333,-0.6846782565116882,base,No
3047,0,0,0.46879062662624377,-0.954891562461853,-0.829891562461853,base,No
3048,0,0,0.34864513533394575,-1.231869101524353,-0.606869101524353,base,No
3049,0,0,0.16451646699291617,-2.0685150623321533,-0.4435150921344757,base,No
3050,0,0,0.18242552380635632,-1.9674867391586304,-0.46748673915863037,base,No
3051,0,0,0.46879062662624377,-0.9467848539352417,-0.8217848539352417,base,No
3052,0,0,0.46879062662624377,-0.9684361815452576,-0.8434361815452576,base,No
3053,0,0,0.2689414330889798,-1.93672513961792,-0.9367251992225647,base,No
3054,0,0,0.16451645470385742,-1.9411957263946533,-0.31619566679000854,base,No
3055,0,0,0.34864513533394575,-1.2574509382247925,-0.6324509382247925,base,No
3056,0,0,0.4073334000459302,-0.9979444146156311,-0.6229444146156311,base,No
3057,0,0,0.2942149845400438,-1.7765212059020996,-0.9015212655067444,base,No
3058,0,0,0.16451647108926923,-2.0663318634033203,-0.4413319230079651,base,No
3059,0,0,0.0675466911396291,-3.0414788722991943,-0.41647887229919434,base,No
3060,0,0,0.32082130082460697,-1.433835506439209,-0.683835506439209,base,No
3061,0,0,0.4073334000459302,-1.0745649337768555,-0.6995649337768555,base,No
3062,0,0,0.11920291576401235,-2.528559684753418,-0.5285596251487732,base,No
3063,0,0,0.24508500761839525,-1.5189967155456543,-0.3939966857433319,base,No
3064,0,0,0.34864513533394575,-1.2348276376724243,-0.6098276376724243,base,No
3065,0,0,0.20181321265898594,-1.88938307762146,-0.5143830180168152,base,No
3066,0,0,0.07585817793199003,-2.827923059463501,-0.3279230296611786,base,No
3067,0,1,0.7772998714925403,-0.4817327857017517,-1.7317328453063965,base,Yes
3068,0,0,0.22270012850745968,-1.724411964416504,-0.47441190481185913,base,No
3069,0,0,0.2942149597859341,-1.3407437801361084,-0.4657437205314636,base,No
3070,0,0,0.2689414096510108,-1.55741548538208,-0.5574154257774353,base,No
3071,0,0,0.1645164628965632,-2.149155616760254,-0.5241556167602539,base,No
3072,0,0,0.05340333431947304,-3.265432119369507,-0.390432208776474,base,No
3073,0,0,0.11920292515117029,-2.379492998123169,-0.37949302792549133,base,No
3074,0,0,0.1066905911052601,-2.539604663848877,-0.41460463404655457,base,No
3075,0,0,0.1645164792819756,-2.179577350616455,-0.5545774698257446,base,No
3076,0,0,0.09534947261117097,-2.597055435180664,-0.3470555245876312,base,No
3077,0,0,0.29421497216298875,-1.8152852058410645,-0.9402852058410645,base,No
3078,0,0,0.2018132174596823,-1.8225669860839844,-0.447566956281662,base,No
3079,0,0,0.32082130082460697,-1.3859989643096924,-0.6359989643096924,base,No
3080,0,0,0.14804721306746543,-2.1409659385681152,-0.3909660577774048,base,No
3081,0,0,0.06008665017400762,-3.2262349128723145,-0.47623491287231445,base,No
3082,0,0,0.37754066879814546,-1.1150844097137451,-0.6150844097137451,base,No
3083,0,0,0.1480471829959148,-2.265839099884033,-0.5158389806747437,base,No
3084,0,0,0.4378234844434674,-1.074352502822876,-0.8243524432182312,base,No
3085,0,0,0.3775406828054583,-1.131009817123413,-0.6310098767280579,base,No
3086,0,0,0.13296424019782924,-2.2614190578460693,-0.38641905784606934,base,No
3087,0,0,0.24508500761839525,-1.541438341140747,-0.4164383113384247,base,No
3088,0,0,0.22270013882530884,-1.7012964487075806,-0.45129644870758057,base,No
3089,0,0,0.40733341443526055,-1.0984535217285156,-0.7234535813331604,base,No
3090,0,0,0.11920291263495983,-2.273064136505127,-0.2730640470981598,base,No
3091,0,0,0.16451646699291617,-2.0323562622070312,-0.40735629200935364,base,No
3092,0,0,0.34864513533394575,-1.4500644207000732,-0.8250644207000732,base,No
3093,0,0,0.46879062662624377,-0.8910350799560547,-0.7660350799560547,base,No
3094,0,0,0.18242552380635632,-1.878675103187561,-0.37867510318756104,base,No
3095,0,0,0.11920292515117029,-2.3930718898773193,-0.3930719196796417,base,No
3096,0,0,0.2942149845400438,-1.433762788772583,-0.5587628483772278,base,No
3097,0,0,0.2942149845400438,-1.4457049369812012,-0.570704996585846,base,No
3098,0,1,0.6513548511303336,-0.5888236165046692,-1.2138235569000244,base,Yes
3099,0,1,0.5926666143433998,-0.7106825709342957,-1.0856826305389404,base,Yes
3100,0,1,0.5926665999540697,-0.8262304067611694,-1.2012304067611694,base,Yes
3101,0,0,0.34864513533394575,-1.301085352897644,-0.676085352897644,base,No
3102,0,0,0.20181321265898594,-1.9193994998931885,-0.5443994402885437,base,No
3103,0,0,0.3208213138121609,-1.323951244354248,-0.5739513039588928,base,No
3104,0,0,0.18242552380635632,-1.874230146408081,-0.37423014640808105,base,No
3105,0,0,0.18242552380635632,-2.050271511077881,-0.5502715110778809,base,No
3106,0,0,0.06754668738548215,-2.9447593688964844,-0.3197593092918396,base,No
3107,0,0,0.053403329799824234,-3.1074724197387695,-0.23247241973876953,base,No
3108,0,0,0.4073334000459302,-1.1631265878677368,-0.7881265878677368,base,No
3109,0,0,0.18242552380635632,-1.884969711303711,-0.38496971130371094,base,No
3110,0,0,0.10669059394565118,-2.4432592391967773,-0.31825923919677734,base,No
3111,0,0,0.3208212878370535,-1.2723853588104248,-0.52238529920578,base,No
3112,0,0,0.1329642436335826,-2.191423177719116,-0.3164232075214386,base,No
3113,0,0,0.13296424019782924,-2.281708240509033,-0.4067082405090332,base,No
3114,0,0,0.22270012850745968,-1.8259572982788086,-0.5759572386741638,base,No
3115,0,0,0.2689414213699951,-1.61563241481781,-0.6156324148178101,base,No
3116,0,1,0.6224593171945417,-0.7383161187171936,-1.2383160591125488,base,Yes
3117,0,0,0.32082130082460697,-1.4393699169158936,-0.6893699169158936,base,No
3118,0,0,0.2689414330889798,-1.5339257717132568,-0.5339258313179016,base,No
3119,0,0,0.13296424706933604,-2.2817792892456055,-0.40677934885025024,base,No
3120,0,0,0.2689414213699951,-1.5798507928848267,-0.5798507928848267,base,No
3121,0,0,0.16451647108926923,-1.954219102859497,-0.32921916246414185,base,No
3122,0,0,0.29421497216298875,-1.4090452194213867,-0.5340452194213867,base,No
3123,0,0,0.32082130082460697,-1.3716471195220947,-0.6216471195220947,base,No
3124,0,0,0.13296425050508953,-2.3063273429870605,-0.4313274323940277,base,No
3125,0,0,0.1480472055495773,-2.037196159362793,-0.28719621896743774,base,No
3126,0,0,0.16451647108926923,-2.12699294090271,-0.5019930005073547,base,No
3127,0,1,0.5926666143433998,-0.6892146468162537,-1.0642147064208984,base,Yes
3128,0,0,0.20181323186177208,-1.9957427978515625,-0.6207428574562073,base,No
3129,0,1,0.5926665999540697,-0.8311582803726196,-1.2061582803726196,base,Yes
3130,0,0,0.18242552380635632,-1.9539686441421509,-0.4539686441421509,base,No
3131,0,0,0.18242552825126704,-1.928594708442688,-0.4285947382450104,base,No
3132,0,0,0.1480472055495773,-2.2392516136169434,-0.48925167322158813,base,No
3133,0,0,0.1192029188930649,-2.3226139545440674,-0.322613924741745,base,No
3134,0,0,0.11920292828022305,-2.521476984024048,-0.5214770436286926,base,No
3135,0,0,0.3775406547908327,-1.138188362121582,-0.6381883025169373,base,No
3136,0,0,0.4073334000459302,-1.0995628833770752,-0.7245628833770752,base,No
3137,0,0,0.16451645470385742,-2.253145456314087,-0.6281453967094421,base,No
3138,0,0,0.24508500210441886,-1.5884625911712646,-0.4634625315666199,base,No
3139,0,0,0.1824255415859996,-2.071837902069092,-0.5718380212783813,base,No
3140,0,0,0.3208213138121609,-1.2807812690734863,-0.5307813286781311,base,No
3141,0,0,0.10669059678604234,-2.48642635345459,-0.36142638325691223,base,No
3142,0,0,0.2689414213699951,-1.5167601108551025,-0.5167601108551025,base,No
3143,0,0,0.11920292828022305,-2.3657872676849365,-0.3657873272895813,base,No
3144,0,0,0.09534947004048376,-2.640266180038452,-0.3902662396430969,base,No
3145,0,0,0.0675466911396291,-3.063694715499878,-0.43869471549987793,base,No
3146,0,0,0.14804718675485834,-2.14654803276062,-0.39654794335365295,base,No
3147,0,0,0.11920291263495983,-2.3007726669311523,-0.3007725775241852,base,No
3148,0,0,0.1329642264548166,-2.3386178016662598,-0.4636176824569702,base,No
3149,0,0,0.2689414213699951,-1.6776713132858276,-0.6776713132858276,base,No
3150,0,0,0.24508501313237172,-2.0912024974823,-0.9662024974822998,base,no
3151,0,0,0.2689414213699951,-1.7795236110687256,-0.7795236110687256,base,No
3152,0,0,0.4073334000459302,-1.1272319555282593,-0.7522319555282593,base,No
3153,0,0,0.2689414213699951,-1.4900013208389282,-0.4900013208389282,base,No
3154,0,0,0.37754066879814546,-1.1899641752243042,-0.6899641752243042,base,No
3155,0,0,0.3208212878370535,-1.3277273178100586,-0.5777272582054138,base,No
3156,0,0,0.46879062662624377,-0.997471034526825,-0.872471034526825,base,No
3157,0,0,0.37754066879814546,-1.083247184753418,-0.583247184753418,base,No
3158,0,0,0.11920292202211755,-2.3326995372772217,-0.3326995372772217,base,No
3159,0,0,0.1066905854244781,-2.4433486461639404,-0.31834855675697327,base,No
3160,0,0,0.0534033328129234,-3.3661229610443115,-0.4911230206489563,base,No
3161,0,0,0.5,-0.852685809135437,-0.852685809135437,base,No
3162,0,0,0.13296424706933604,-2.289031744003296,-0.4140318036079407,base,No
3163,0,0,0.0534033328129234,-3.152193784713745,-0.2771938443183899,base,No
3164,0,0,0.08509904500702024,-2.7277841567993164,-0.3527841567993164,base,No
3165,0,0,0.24508500210441886,-1.8014769554138184,-0.6764768958091736,base,No
3166,0,0,0.2689414213699951,-1.6022950410842896,-0.6022950410842896,base,No
3167,0,0,0.1329642264548166,-2.5902490615844727,-0.7152489423751831,base,No
3168,0,0,0.07585818837825822,-3.226935863494873,-0.7269359827041626,base,No
3169,0,0,0.4378235137849365,-1.0205776691436768,-0.7705777287483215,base,No
3170,0,0,0.1645164628965632,-1.9929609298706055,-0.36796092987060547,base,No
3171,0,0,0.4378235137849365,-1.0077307224273682,-0.7577307820320129,base,No
3172,0,0,0.05340333130637379,-3.2063539028167725,-0.33135393261909485,base,No
3173,0,0,0.1329642436335826,-2.309784412384033,-0.4347844421863556,base,No
3174,0,0,0.14804718675485834,-2.1095004081726074,-0.35950031876564026,base,No
3175,0,0,0.46879062662624377,-1.0679316520690918,-0.9429316520690918,base,No
3176,0,1,0.5621765008857981,-0.8184829950332642,-1.0684829950332642,base,Yes
3177,0,0,0.20181322226037882,-1.7172342538833618,-0.3422342538833618,base,No
3178,0,0,0.22270014398423357,-1.5603992938995361,-0.3103993237018585,base,No
3179,0,0,0.11920293140927592,-2.407914638519287,-0.4079147279262543,base,No
3180,0,0,0.3775406828054583,-1.1225850582122803,-0.622585117816925,base,No
3181,0,0,0.22270014914315833,-1.8370838165283203,-0.5870838761329651,base,No
3182,0,0,0.042087723109535534,-3.8068771362304688,-0.6818770170211792,base,No
3183,0,0,0.4073334000459302,-0.9985021352767944,-0.6235021352767944,base,No
3184,0,0,0.1066905825840872,-2.5740928649902344,-0.4490927457809448,base,No
3185,0,0,0.18242551491653522,-2.2925193309783936,-0.7925192713737488,base,no
3186,0,1,0.6791787121629466,-0.5675122141838074,-1.3175122737884521,base,Yes
3187,0,0,0.34864513533394575,-1.262177586555481,-0.637177586555481,base,No
3188,0,0,0.16451645470385742,-1.993551254272461,-0.36855119466781616,base,No
3189,0,0,0.14804718675485834,-2.174692392349243,-0.424692302942276,base,No
3190,0,0,0.0534033328129234,-3.1768410205841064,-0.3018410801887512,base,No
3191,0,0,0.2689414213699951,-1.5820415019989014,-0.5820415019989014,base,No
3192,0,0,0.32082130082460697,-1.3951603174209595,-0.6451603174209595,base,No
3193,0,0,0.29421496597446145,-1.3253167867660522,-0.45031675696372986,base,No
3194,0,0,0.09534946232842245,-2.615969657897949,-0.36596962809562683,base,No
3195,0,0,0.40733341443526055,-1.0980350971221924,-0.7230351567268372,base,No
3196,0,0,0.0850990542883219,-2.824387550354004,-0.44938766956329346,base,No
3197,0,0,0.16451647108926923,-2.0313446521759033,-0.4063447117805481,base,No
3198,0,0,0.3775406547908327,-1.162682294845581,-0.6626822352409363,base,No
3199,0,0,0.10669059962643358,-2.7200324535369873,-0.5950325131416321,base,No
3200,0,0,0.3208212878370535,-1.4165985584259033,-0.6665984988212585,base,No
3201,0,0,0.3775406547908327,-1.0892112255096436,-0.5892111659049988,base,No
3202,0,0,0.2018132174596823,-1.7516157627105713,-0.3766157329082489,base,No
3203,0,0,0.07585817793199003,-2.8785438537597656,-0.37854382395744324,base,No
3204,0,0,0.14804719051380197,-2.1866555213928223,-0.4366554617881775,base,No
3205,0,0,0.06754668926255561,-2.887216806411743,-0.2622167766094208,base,No
3206,0,0,0.22270014914315833,-1.857842206954956,-0.6078422665596008,base,No
3207,0,0,0.11920290950590741,-2.5031042098999023,-0.5031040906906128,base,No
3208,0,0,0.24508501313237172,-1.6649539470672607,-0.5399539470672607,base,No
3209,0,1,0.8519528132451416,-0.2516912519931793,-2.0016913414001465,base,Yes
3210,0,0,0.2689414213699951,-1.8666419982910156,-0.8666419982910156,base,No
3211,0,0,0.2689414213699951,-1.532688856124878,-0.5326888561248779,base,No
3212,0,0,0.09534945718704857,-2.527289628982544,-0.2772895395755768,base,No
3213,0,0,0.20181321265898594,-1.8004179000854492,-0.42541784048080444,base,No
3214,0,0,0.32082130082460697,-1.329038381576538,-0.5790383815765381,base,No
3215,0,0,0.1192029188930649,-2.393901824951172,-0.3939017951488495,base,No
3216,0,0,0.14804719051380197,-2.0915167331695557,-0.3415166735649109,base,No
3217,0,1,0.5312093733737563,-0.866252064704895,-0.991252064704895,base,Yes
3218,0,0,0.32082130082460697,-1.3331140279769897,-0.5831140279769897,base,No
3219,0,1,0.5621765008857981,-0.7579925060272217,-1.0079925060272217,base,Yes
3220,0,1,0.5312093882168609,-0.9244994521141052,-1.04949951171875,base,Yes
3221,0,0,0.20181323186177208,-1.9208531379699707,-0.5458531975746155,base,No
3222,0,0,0.22270014914315833,-1.6303706169128418,-0.3803706765174866,base,No
3223,0,1,0.7310585903489892,-0.4825884699821472,-1.482588529586792,base,Yes
3224,0,0,0.34864513533394575,-1.2053802013397217,-0.5803802013397217,base,No
3225,0,0,0.033085978388704126,-3.6771421432495117,-0.3021421432495117,base,No
3226,0,0,0.1480471980316895,-2.239755392074585,-0.48975539207458496,base,No
3227,0,0,0.16451645470385742,-2.0247035026550293,-0.3997034430503845,base,No
3228,0,0,0.22270013882530884,-1.863821268081665,-0.613821268081665,base,No
3229,0,0,0.1329642436335826,-2.2607779502868652,-0.3857779800891876,base,No
3230,0,0,0.18242552825126704,-1.8229187726974487,-0.3229188024997711,base,No
3231,0,0,0.1645164628965632,-1.9790456295013428,-0.3540456295013428,base,No
3232,0,0,0.07585818419975078,-3.123399257659912,-0.6233993172645569,base,No
3233,0,0,0.07585818002124356,-3.0592448711395264,-0.5592448711395264,base,No
3234,0,0,0.14804719051380197,-2.110262870788574,-0.36026281118392944,base,No
3235,0,0,0.13296422989056964,-2.1963305473327637,-0.3213304579257965,base,No
3236,0,0,0.29421497216298875,-1.4445643424987793,-0.5695643424987793,base,No
3237,0,0,0.29421497216298875,-1.4281052350997925,-0.5531052350997925,base,No
3238,0,0,0.22270013882530884,-1.9271247386932373,-0.6771247386932373,base,No
3239,0,0,0.1645164628965632,-1.9474462270736694,-0.32244622707366943,base,No
3240,0,0,0.3208213138121609,-1.3073904514312744,-0.5573905110359192,base,No
3241,0,0,0.22270013366638422,-1.6451337337493896,-0.39513370394706726,base,No
3242,0,0,0.18242551491653522,-1.8741037845611572,-0.37410372495651245,base,No
3243,0,0,0.24508501313237172,-1.5900152921676636,-0.4650152921676636,base,No
3244,0,0,0.3208213138121609,-1.3331704139709473,-0.583170473575592,base,No
3245,0,0,0.3208212878370535,-1.3716604709625244,-0.6216604113578796,base,No
3246,0,0,0.11920292828022305,-2.29197096824646,-0.29197102785110474,base,No
3247,0,0,0.07585818419975078,-3.1710450649261475,-0.6710451245307922,base,No
3248,0,0,0.14804720179063335,-2.1083428859710693,-0.3583429157733917,base,No
3249,0,0,0.22270013366638422,-1.6672708988189697,-0.41727086901664734,base,No
3250,0,1,0.7772998611746911,-0.4950140714645386,-1.7450140714645386,base,Yes
3251,0,0,0.40733341443526055,-1.0476901531219482,-0.672690212726593,base,No
3252,0,0,0.32082130082460697,-1.3684431314468384,-0.6184431314468384,base,No
3253,0,0,0.29421497216298875,-1.4455878734588623,-0.5705878734588623,base,No
3254,0,0,0.18242551936144574,-1.9281476736068726,-0.42814764380455017,base,No
3255,0,0,0.14804719051380197,-2.3127949237823486,-0.5627948641777039,base,No
3256,0,0,0.2689414213699951,-1.6008857488632202,-0.6008857488632202,base,No
3257,0,0,0.4378234991142019,-0.9160789847373962,-0.6660789847373962,base,No
3258,0,0,0.4073334000459302,-1.1329457759857178,-0.7579457759857178,base,No
3259,0,0,0.34864513533394575,-1.2596309185028076,-0.6346309185028076,base,No
3260,0,0,0.18242551491653522,-2.0474181175231934,-0.5474180579185486,base,No
3261,0,0,0.11920292515117029,-2.423875093460083,-0.4238751232624054,base,No
3262,0,0,0.03732688306051187,-3.9253602027893066,-0.6753600835800171,base,no
3263,0,0,0.2689414096510108,-1.479295253753662,-0.47929519414901733,base,No
3264,0,0,0.22270014398423357,-1.7394250631332397,-0.48942509293556213,base,No
3265,0,0,0.0850990519679964,-2.6855051517486572,-0.3105052411556244,base,No
3266,0,0,0.0953494648991095,-2.6023573875427246,-0.3523573875427246,base,No
3267,0,0,0.18242553269617778,-1.8538694381713867,-0.3538694977760315,base,No
3268,0,0,0.37754066879814546,-1.0978065729141235,-0.5978065729141235,base,No
3269,0,0,0.047425871831197425,-3.410231351852417,-0.4102313220500946,base,No
3270,0,0,0.24508501864634827,-1.6186895370483398,-0.49368956685066223,base,No
3271,0,0,0.07585817166422973,-2.876521110534668,-0.3765209913253784,base,No
3272,0,0,0.22270013882530884,-1.7566546201705933,-0.5066546201705933,base,No
3273,0,0,0.02595735945832451,-3.9189646244049072,-0.2939647138118744,base,No
3274,0,0,0.4378234844434674,-1.0681405067443848,-0.81814044713974,base,No
3275,0,0,0.24508500210441886,-1.6748871803283691,-0.5498871207237244,base,No
3276,0,0,0.1480472055495773,-2.0723414421081543,-0.3223415017127991,base,No
3277,0,0,0.2689414213699951,-1.6411913633346558,-0.6411913633346558,base,No
3278,0,0,0.24508501864634827,-1.5897067785263062,-0.46470680832862854,base,No
3279,0,0,0.07585818002124356,-2.9127724170684814,-0.41277241706848145,base,No
3280,0,0,0.16451647518562237,-2.035790205001831,-0.4107902944087982,base,No
3281,0,0,0.3775406547908327,-1.2906594276428223,-0.7906593680381775,base,No
3282,0,0,0.34864513533394575,-1.1617094278335571,-0.5367094278335571,base,No
3283,0,0,0.2689414096510108,-1.6259748935699463,-0.6259748339653015,base,No
3284,0,0,0.13296422989056964,-2.2303624153137207,-0.35536232590675354,base,No
3285,0,0,0.29421497216298875,-1.4149456024169922,-0.5399456024169922,base,No
3286,0,0,0.22270014914315833,-1.7911577224731445,-0.5411577820777893,base,No
3287,0,0,0.32082130082460697,-1.2950639724731445,-0.5450639724731445,base,No
3288,0,0,0.22270013882530884,-1.724100947380066,-0.4741009473800659,base,No
3289,0,0,0.32082130082460697,-1.3079798221588135,-0.5579798221588135,base,No
3290,0,0,0.2942149845400438,-1.4133920669555664,-0.5383921265602112,base,No
3291,0,0,0.16451647108926923,-2.1396944522857666,-0.5146945118904114,base,No
3292,0,0,0.09534947004048376,-2.5098800659179688,-0.2598801255226135,base,No
3293,0,0,0.2689414272294874,-1.42931067943573,-0.42931070923805237,base,No
3294,0,0,0.18242552380635632,-1.9759794473648071,-0.47597944736480713,base,No
3295,0,0,0.16451646699291617,-2.1037230491638184,-0.47872307896614075,base,No
3296,0,0,0.3208212878370535,-1.3059477806091309,-0.5559477210044861,base,No
3297,0,0,0.16451647108926923,-2.3266687393188477,-0.7016687989234924,base,No
3298,0,0,0.16451645470385742,-2.1017866134643555,-0.4767865538597107,base,No
3299,0,0,0.3486451488696663,-1.2628896236419678,-0.6378896832466125,base,No
3300,0,0,0.4378234991142019,-1.0572824478149414,-0.8072824478149414,base,No
3301,0,0,0.24508502416032488,-1.664600133895874,-0.5396001935005188,base,No
3302,0,0,0.4073334000459302,-0.9931718707084656,-0.6181718707084656,base,No
3303,0,0,0.10669058826486906,-2.8698155879974365,-0.7448155283927917,base,no
3304,0,0,0.10669059678604234,-2.4178121089935303,-0.29281213879585266,base,No
3305,0,0,0.07585817584273653,-2.8833823204040527,-0.38338226079940796,base,No
3306,0,0,0.18242552825126704,-1.9992316961288452,-0.4992317259311676,base,No
3307,0,0,0.10669060530721626,-2.470427989959717,-0.34542810916900635,base,No
3308,0,0,0.24508502416032488,-1.6841952800750732,-0.559195339679718,base,No
3309,0,0,0.24508501313237172,-1.641405701637268,-0.5164057016372681,base,No
3310,0,0,0.2018132174596823,-1.7690117359161377,-0.3940117061138153,base,No
3311,0,0,0.34864513533394575,-1.2211419343948364,-0.5961419343948364,base,No
3312,0,0,0.3486451488696663,-1.293837308883667,-0.6688373684883118,base,No
3313,0,0,0.2689414213699951,-1.6041216850280762,-0.6041216850280762,base,No
3314,0,0,0.3486451217982255,-1.2260396480560303,-0.6010395884513855,base,No
3315,0,0,0.20181322226037882,-1.9014936685562134,-0.5264936685562134,base,No
3316,0,0,0.18242552380635632,-2.0233113765716553,-0.5233113765716553,base,No
3317,0,0,0.16451646699291617,-1.8992267847061157,-0.2742268145084381,base,No
3318,0,0,0.2018132174596823,-1.7827222347259521,-0.40772220492362976,base,No
3319,0,0,0.24508500210441886,-1.5700175762176514,-0.4450175166130066,base,No
3320,0,0,0.24508500210441886,-1.444901466369629,-0.31990140676498413,base,No
3321,0,0,0.3486451488696663,-1.2232511043548584,-0.5982511639595032,base,No
3322,0,0,0.20181323186177208,-2.0356650352478027,-0.6606650948524475,base,No
3323,0,0,0.24508502416032488,-1.5815157890319824,-0.4565158486366272,base,No
3324,0,1,0.6224593312018546,-0.6526615619659424,-1.1526615619659424,base,Yes
3325,0,0,0.1329642436335826,-2.2698490619659424,-0.39484909176826477,base,No
3326,0,0,0.10669059678604234,-2.3799889087677,-0.2549889385700226,base,No
3327,0,0,0.06754668738548215,-2.9137744903564453,-0.28877443075180054,base,No
3328,0,0,0.16451645470385742,-2.0541114807128906,-0.42911142110824585,base,No
3329,0,0,0.2689414096510108,-1.5418405532836914,-0.5418404936790466,base,No
3330,0,0,0.13296422989056964,-2.2381792068481445,-0.36317911744117737,base,No
3331,0,0,0.06754668363133542,-3.2886481285095215,-0.6636480093002319,base,No
3332,0,0,0.24508502416032488,-1.6630382537841797,-0.5380383133888245,base,No
3333,0,0,0.24508501313237172,-1.5638377666473389,-0.43883776664733887,base,No
3334,0,0,0.3208212878370535,-1.4712109565734863,-0.7212108969688416,base,No
3335,0,0,0.1480471829959148,-2.1548514366149902,-0.4048513174057007,base,No
3336,0,0,0.08509904500702024,-2.82409405708313,-0.4490940570831299,base,No
3337,0,0,0.32082130082460697,-1.2844971418380737,-0.5344971418380737,base,No
3338,0,0,0.1066905911052601,-2.540290355682373,-0.41529032588005066,base,No
3339,0,0,0.5,-1.0980238914489746,-1.0980238914489746,base,No
3340,0,0,0.24508501313237172,-1.7012706995010376,-0.5762706995010376,base,No
3341,0,0,0.11920291263495983,-2.2864511013031006,-0.2864510118961334,base,No
3342,0,0,0.0850990519679964,-2.8372788429260254,-0.46227893233299255,base,No
3343,0,0,0.2942149845400438,-1.4851388931274414,-0.6101389527320862,base,No
3344,0,0,0.10669060530721626,-2.7448177337646484,-0.619817852973938,base,No
3345,0,0,0.0758581737534831,-2.774873971939087,-0.27487388253211975,base,No
3346,0,0,0.22270014914315833,-1.7689642906188965,-0.5189643502235413,base,No
3347,0,0,0.13296424019782924,-2.25899076461792,-0.3839907646179199,base,No
3348,0,0,0.24508501313237172,-1.6263023614883423,-0.5013023614883423,base,No
3349,0,0,0.0474258704848281,-3.4486656188964844,-0.4486655592918396,base,No
3350,0,0,0.08509904500702024,-2.707643985748291,-0.332643985748291,base,No
3351,0,0,0.18242551491653522,-2.0586373805999756,-0.5586373209953308,base,No
3352,0,0,0.24508501313237172,-1.6287825107574463,-0.5037825107574463,base,No
3353,0,0,0.24508501313237172,-1.6342034339904785,-0.5092034339904785,base,No
3354,0,0,0.0850990542883219,-2.6435651779174805,-0.26856529712677,base,No
3355,0,1,0.679178699175393,-0.6076873540878296,-1.3576873540878296,base,Yes
3356,0,0,0.16451647108926923,-2.075348377227783,-0.450348436832428,base,No
3357,0,0,0.34864513533394575,-1.2249757051467896,-0.5999757051467896,base,No
3358,0,0,0.18242551491653522,-1.8787071704864502,-0.3787071108818054,base,No
3359,0,0,0.22270013882530884,-1.722569227218628,-0.47256922721862793,base,No
3360,0,1,0.5926666143433998,-0.6507129073143005,-1.0257129669189453,base,Yes
3361,0,0,0.34864513533394575,-1.248895287513733,-0.6238952875137329,base,No
3362,0,0,0.13296424019782924,-2.2250328063964844,-0.3500328063964844,base,No
3363,0,0,0.29421497216298875,-1.2877451181411743,-0.4127451181411743,base,No
3364,0,0,0.3775406828054583,-1.1388483047485352,-0.6388483643531799,base,No
3365,0,0,0.5,-0.8352439999580383,-0.8352439999580383,base,No
3366,0,0,0.13296424019782924,-2.16371750831604,-0.28871750831604004,base,No
3367,0,0,0.16451645470385742,-2.078909158706665,-0.45390909910202026,base,No
3368,0,0,0.09534947004048376,-2.7508304119110107,-0.5008304715156555,base,No
3369,0,0,0.1329642436335826,-2.197849750518799,-0.3228497803211212,base,No
3370,0,0,0.20181321265898594,-1.790196418762207,-0.41519635915756226,base,No
3371,0,0,0.13296424706933604,-2.4551661014556885,-0.5801661610603333,base,No
3372,0,0,0.053403325280175794,-3.332871675491333,-0.45787158608436584,base,No
3373,0,0,0.16451644651115205,-2.0667734146118164,-0.44177329540252686,base,No
3374,0,0,0.09534947004048376,-2.627556085586548,-0.3775561451911926,base,No
3375,0,0,0.1645164506075047,-2.080591917037964,-0.4555918276309967,base,No
3376,0,1,0.5621765008857981,-0.7170994877815247,-0.9670994877815247,base,Yes
3377,0,0,0.08509904964767095,-2.7481465339660645,-0.37314659357070923,base,No
3378,0,0,0.34864513533394575,-1.1436209678649902,-0.5186209678649902,base,No
3379,0,0,0.1645164628965632,-2.1040520668029785,-0.4790520668029785,base,No
3380,0,0,0.16451647108926923,-2.0349018573760986,-0.4099019169807434,base,No
3381,0,0,0.24508502416032488,-1.7128756046295166,-0.5878756642341614,base,No
3382,0,0,0.4073334000459302,-0.9922431111335754,-0.6172431111335754,base,No
3383,0,0,0.34864513533394575,-1.6206403970718384,-0.9956403970718384,base,no
3384,0,1,0.5312093733737563,-0.7911250591278076,-0.9161250591278076,base,Yes
3385,0,0,0.053403329799824234,-3.176445484161377,-0.30144548416137695,base,No
3386,0,0,0.5,-1.0334219932556152,-1.0334219932556152,base,No
3387,0,0,0.24508501313237172,-1.63972008228302,-0.51472008228302,base,No
3388,0,0,0.13296425394084313,-2.19576358795166,-0.3207637071609497,base,No
3389,0,0,0.09534945975773548,-2.7580819129943848,-0.50808185338974,base,No
3390,0,0,0.2689414213699951,-1.5500303506851196,-0.5500303506851196,base,No
3391,0,0,0.18242553269617778,-1.927964448928833,-0.4279645085334778,base,No
3392,0,0,0.2689414213699951,-1.5379152297973633,-0.5379152297973633,base,No
3393,0,0,0.3486451217982255,-1.1977531909942627,-0.5727531313896179,base,No
3394,0,0,0.1645164628965632,-2.1414239406585693,-0.5164239406585693,base,No
3395,0,0,0.13296425050508953,-2.2557859420776367,-0.3807860314846039,base,No
3396,0,1,0.5312093733737563,-0.7218091487884521,-0.8468091487884521,base,Yes
3397,0,0,0.32082130082460697,-1.2888150215148926,-0.5388150215148926,base,No
3398,0,0,0.2689414213699951,-1.9795119762420654,-0.9795119762420654,base,no
3399,0,0,0.24508500761839525,-1.474121332168579,-0.3491213023662567,base,No
3400,0,0,0.4378234844434674,-1.040841817855835,-0.7908417582511902,base,No
3401,0,1,0.5621765008857981,-0.7094860076904297,-0.9594860076904297,base,Yes
3402,0,1,0.7057850278370112,-0.5214822292327881,-1.396482229232788,base,Yes
3403,0,0,0.08509904732734556,-2.610907793045044,-0.23590782284736633,base,No
3404,0,0,0.24508501864634827,-1.5109994411468506,-0.385999470949173,base,No
3405,0,0,0.3486451488696663,-1.1740009784698486,-0.5490010380744934,base,No
3406,0,1,0.5312093585306514,-0.9403193593025208,-1.065319299697876,base,Yes
3407,0,0,0.24508500761839525,-1.544537901878357,-0.41953787207603455,base,No
3408,0,0,0.20181321265898594,-1.949026107788086,-0.5740260481834412,base,No
3409,0,0,0.32082130082460697,-1.3577746152877808,-0.6077746152877808,base,No
3410,0,0,0.1066905911052601,-2.513151168823242,-0.3881511390209198,base,No
3411,0,0,0.2689414213699951,-1.6285066604614258,-0.6285066604614258,base,No
3412,0,0,0.24508501313237172,-1.6982985734939575,-0.5732985734939575,base,No
3413,0,0,0.3486451217982255,-1.223769187927246,-0.5987691283226013,base,No
3414,0,0,0.24508501313237172,-1.728697657585144,-0.603697657585144,base,No
3415,0,0,0.29421497216298875,-1.4603819847106934,-0.5853819847106934,base,No
3416,0,0,0.0675466911396291,-2.945510149002075,-0.3205101490020752,base,No
3417,0,0,0.20181321265898594,-1.815934419631958,-0.44093436002731323,base,No
3418,0,0,0.3775406828054583,-1.2702269554138184,-0.7702270150184631,base,No
3419,0,0,0.3208212878370535,-1.2053823471069336,-0.4553822875022888,base,No
3420,0,0,0.24508501313237172,-1.6448664665222168,-0.5198664665222168,base,No
3421,0,0,0.4378234991142019,-0.9450111985206604,-0.6950111985206604,base,No
3422,0,0,0.2018132174596823,-1.814911961555481,-0.43991193175315857,base,No
3423,0,1,0.5312093733737563,-0.7856061458587646,-0.9106061458587646,base,Yes
3424,0,0,0.11920292202211755,-2.4061431884765625,-0.4061431884765625,base,No
3425,0,0,0.14804719051380197,-2.108823537826538,-0.3588234782218933,base,No
3426,0,0,0.20181321265898594,-1.8655304908752441,-0.49053043127059937,base,No
3427,0,0,0.1066905825840872,-2.6470885276794434,-0.5220884084701538,base,No
3428,0,0,0.13296423676207594,-2.194293260574341,-0.31929323077201843,base,No
3429,0,0,0.24508502416032488,-1.7272648811340332,-0.602264940738678,base,No
3430,0,0,0.1480472055495773,-2.1441822052001953,-0.3941822648048401,base,No
3431,0,0,0.46879062662624377,-0.9350478053092957,-0.8100478053092957,base,No
3432,0,0,0.4073334000459302,-1.0686334371566772,-0.6936334371566772,base,No
3433,0,0,0.09534946232842245,-2.6818482875823975,-0.4318482577800751,base,No
3434,0,0,0.06754669301670263,-2.9246108531951904,-0.2996108829975128,base,No
3435,0,0,0.4378234991142019,-0.9601038694381714,-0.7101038694381714,base,No
3436,0,0,0.24508500210441886,-1.6757006645202637,-0.5507006049156189,base,No
3437,0,0,0.11920292828022305,-2.6567065715789795,-0.6567066311836243,base,No
3438,0,1,0.5621764862150634,-0.7665556073188782,-1.0165555477142334,base,Yes
3439,0,0,0.24508501313237172,-1.6222895383834839,-0.4972895383834839,base,No
3440,0,0,0.3486451217982255,-1.1620862483978271,-0.5370861887931824,base,No
3441,0,0,0.20181321265898594,-2.0290815830230713,-0.6540815234184265,base,No
3442,0,0,0.1192029188930649,-2.2618231773376465,-0.2618231475353241,base,No
3443,0,0,0.10669059394565118,-2.681302547454834,-0.556302547454834,base,No
3444,0,0,0.46879062662624377,-0.9037182927131653,-0.7787182927131653,base,No
3445,0,0,0.37754066879814546,-1.0956101417541504,-0.5956101417541504,base,No
3446,0,0,0.20181323186177208,-1.8204398155212402,-0.445439875125885,base,No
3447,0,0,0.22270013882530884,-1.6949344873428345,-0.4449344873428345,base,No
3448,0,0,0.4378234991142019,-1.0168887376785278,-0.7668887376785278,base,No
3449,0,0,0.24508502416032488,-1.680006980895996,-0.5550070405006409,base,No
3450,0,0,0.13296424706933604,-2.321377992630005,-0.44637805223464966,base,No
3451,0,0,0.20181323186177208,-2.000389337539673,-0.6253893971443176,base,No
3452,0,0,0.1645164628965632,-1.986151099205017,-0.3611510992050171,base,No
3453,0,0,0.4378234991142019,-0.9367737174034119,-0.6867737174034119,base,No
3454,0,1,0.5926665999540697,-0.7271232604980469,-1.1021232604980469,base,Yes
3455,0,0,0.3775406547908327,-1.2195215225219727,-0.7195214629173279,base,No
3456,0,0,0.32082130082460697,-1.6349965333938599,-0.8849965333938599,base,No
3457,0,0,0.18242552825126704,-1.9737011194229126,-0.473701149225235,base,No
3458,0,0,0.16451645470385742,-2.0977933406829834,-0.4727932810783386,base,No
3459,0,0,0.1480471829959148,-2.382162570953369,-0.6321624517440796,base,No
3460,0,0,0.29421497216298875,-1.5686352252960205,-0.6936352252960205,base,No
3461,0,1,0.7057850154599563,-0.5976300835609436,-1.4726300239562988,base,Yes
3462,0,0,0.3208213138121609,-1.3520267009735107,-0.6020267605781555,base,No
3463,0,0,0.22270013882530884,-1.9849399328231812,-0.7349399328231812,base,No
3464,0,0,0.5,-0.9883936643600464,-0.9883936643600464,base,No
3465,0,0,0.20181321265898594,-1.8932905197143555,-0.5182904601097107,base,No
3466,0,0,0.0850990519679964,-2.6663386821746826,-0.2913387715816498,base,No
3467,0,0,0.1066905854244781,-2.6219613552093506,-0.4969612658023834,base,No
3468,0,0,0.18242552825126704,-1.8766173124313354,-0.37661734223365784,base,No
3469,0,0,0.10669059962643358,-2.4151418209075928,-0.29014188051223755,base,No
3470,0,0,0.20181322226037882,-1.8973907232284546,-0.5223907232284546,base,No
3471,0,0,0.40733341443526055,-1.103928804397583,-0.7289288640022278,base,No
3472,0,0,0.1645164506075047,-2.0269455909729004,-0.4019455015659332,base,No
3473,0,0,0.10669059962643358,-2.6871137619018555,-0.5621138215065002,base,No
3474,0,1,0.6224593312018546,-0.6666077375411987,-1.1666077375411987,base,Yes
3475,0,0,0.2689414213699951,-1.8803887367248535,-0.8803887367248535,base,No
3476,0,0,0.22270013882530884,-1.6691533327102661,-0.4191533327102661,base,No
3477,0,0,0.09534945975773548,-2.8313865661621094,-0.5813865065574646,base,No
3478,0,0,0.14804721306746543,-2.1284236907958984,-0.378423810005188,base,No
3479,0,0,0.34864513533394575,-1.2430226802825928,-0.6180226802825928,base,No
3480,0,0,0.2689414213699951,-1.6580873727798462,-0.6580873727798462,base,No
3481,0,0,0.2018132174596823,-1.866214394569397,-0.4912143647670746,base,No
3482,0,0,0.14804720179063335,-2.1477622985839844,-0.39776232838630676,base,No
3483,0,0,0.24508502416032488,-1.7251546382904053,-0.60015469789505,base,No
3484,0,0,0.14804719427274565,-2.1600112915039062,-0.41001126170158386,base,No
3485,0,0,0.3486451217982255,-1.1548364162445068,-0.5298363566398621,base,No
3486,0,0,0.1645164628965632,-2.053110361099243,-0.42811036109924316,base,No
3487,0,0,0.20181323186177208,-1.818216323852539,-0.44321638345718384,base,No
3488,0,1,0.5312093733737563,-0.7016795873641968,-0.8266795873641968,base,Yes
3489,0,0,0.08509904500702024,-2.645020008087158,-0.2700200080871582,base,No
3490,0,0,0.10669058826486906,-2.464815855026245,-0.33981579542160034,base,No
3491,0,0,0.24508500210441886,-1.711341381072998,-0.5863413214683533,base,No
3492,0,0,0.09534947004048376,-2.506516218185425,-0.2565162777900696,base,No
3493,0,0,0.22270014914315833,-1.7751972675323486,-0.5251973271369934,base,No
3494,0,0,0.29421497216298875,-1.3640495538711548,-0.4890495538711548,base,No
3495,0,0,0.09534947261117097,-2.486670970916748,-0.2366710603237152,base,No
3496,0,0,0.2942149597859341,-1.3773064613342285,-0.5023064017295837,base,No
3497,0,0,0.2689414330889798,-1.5803189277648926,-0.5803189873695374,base,No
3498,0,0,0.4378234991142019,-1.075769066810608,-0.8257690668106079,base,No
3499,0,0,0.14804721306746543,-2.012849807739258,-0.26284992694854736,base,No
3500,0,0,0.11920291576401235,-2.3033201694488525,-0.30332010984420776,base,No
3501,0,0,0.060086646807761206,-3.232435703277588,-0.4824356436729431,base,No
3502,0,0,0.07585818211049715,-2.8473761081695557,-0.34737613797187805,base,No
3503,0,0,0.2689414272294874,-1.4019898176193237,-0.4019898474216461,base,No
3504,0,0,0.07585817584273653,-2.913252115249634,-0.413252055644989,base,No
3505,0,1,0.5926666143433998,-0.7300681471824646,-1.1050682067871094,base,Yes
3506,0,0,0.1480471829959148,-2.1452436447143555,-0.3952435255050659,base,No
3507,0,0,0.0953494674697966,-2.609555959701538,-0.3595559895038605,base,No
3508,0,0,0.29421497216298875,-1.475752353668213,-0.6007523536682129,base,No
3509,0,0,0.20181322226037882,-1.8800444602966309,-0.5050444602966309,base,No
3510,0,0,0.34864513533394575,-1.2272632122039795,-0.6022632122039795,base,No
3511,0,0,0.05340333130637379,-3.129026412963867,-0.2540264427661896,base,No
3512,0,0,0.24508501864634827,-1.531301736831665,-0.4063017666339874,base,No
3513,0,0,0.3775406828054583,-1.0927772521972656,-0.5927773118019104,base,No
3514,0,0,0.07585818837825822,-3.0213208198547363,-0.5213209390640259,base,No
3515,0,0,0.4378235137849365,-1.0704524517059326,-0.8204525113105774,base,No
3516,0,0,0.24508501313237172,-1.6010633707046509,-0.4760633707046509,base,No
3517,0,0,0.07585817479810981,-2.7448575496673584,-0.24485747516155243,base,No
3518,0,0,0.32082130082460697,-1.3336890935897827,-0.5836890935897827,base,No
3519,0,0,0.22270013882530884,-1.7267909049987793,-0.4767909049987793,base,No
3520,0,0,0.0953494648991095,-2.789790153503418,-0.539790153503418,base,No
3521,0,0,0.32082130082460697,-1.246021032333374,-0.496021032333374,base,No
3522,0,0,0.1645164628965632,-2.194401502609253,-0.5694015026092529,base,No
3523,0,0,0.16451645880021026,-2.0750272274017334,-0.450027197599411,base,No
3524,0,0,0.32082130082460697,-1.361120581626892,-0.6111205816268921,base,No
3525,0,0,0.4073334000459302,-1.0936906337738037,-0.7186906337738037,base,No
3526,0,0,0.16451645880021026,-1.9480578899383545,-0.3230578601360321,base,No
3527,0,0,0.13296424019782924,-2.260028123855591,-0.3850281238555908,base,No
3528,0,0,0.34864513533394575,-1.2671265602111816,-0.6421265602111816,base,No
3529,0,0,0.3486451217982255,-1.2760038375854492,-0.6510037779808044,base,No
3530,0,0,0.22270014398423357,-1.6570732593536377,-0.4070732891559601,base,No
3531,0,0,0.3208213138121609,-1.4100368022918701,-0.6600368618965149,base,No
3532,0,0,0.24508501313237172,-1.6078156232833862,-0.48281562328338623,base,No
3533,0,0,0.16451646699291617,-2.0746617317199707,-0.4496617615222931,base,No
3534,0,0,0.06754668738548215,-2.8738131523132324,-0.24881309270858765,base,No
3535,0,0,0.2018132174596823,-1.8009945154190063,-0.42599448561668396,base,No
3536,0,0,0.14804719051380197,-2.0361506938934326,-0.28615063428878784,base,No
3537,0,0,0.22270011818961086,-2.189516544342041,-0.9395164251327515,base,no
3538,0,0,0.29421497216298875,-1.4428858757019043,-0.5678858757019043,base,No
3539,0,0,0.1329642333263228,-2.241029977798462,-0.36602991819381714,base,No
3540,0,1,0.5926665855647394,-0.6555135846138,-1.0305135250091553,base,Yes
3541,0,0,0.20181322226037882,-1.9275321960449219,-0.5525321960449219,base,No
3542,0,0,0.40733341443526055,-1.0297043323516846,-0.6547043919563293,base,No
3543,0,0,0.18242553269617778,-1.9199533462524414,-0.4199534058570862,base,No
3544,0,0,0.37754066879814546,-1.159289836883545,-0.6592898368835449,base,No
3545,0,0,0.32082130082460697,-1.2804633378982544,-0.5304633378982544,base,No
3546,0,0,0.2942149597859341,-1.3184850215911865,-0.44348496198654175,base,No
3547,0,1,0.5312093733737563,-0.825567364692688,-0.950567364692688,base,Yes
3548,0,0,0.18242552380635632,-1.9935652017593384,-0.4935652017593384,base,No
3549,0,0,0.08509904732734556,-2.769256114959717,-0.3942561447620392,base,No
3550,0,0,0.2942149845400438,-1.3807635307312012,-0.505763590335846,base,No
3551,0,0,0.22270014398423357,-1.7020225524902344,-0.45202258229255676,base,No
3552,0,0,0.34864513533394575,-1.1656877994537354,-0.5406877994537354,base,No
3553,0,0,0.1480471829959148,-2.3437976837158203,-0.5937975645065308,base,No
3554,0,0,0.0474258704848281,-3.6440274715423584,-0.6440274119377136,base,No
3555,0,0,0.1066905825840872,-2.4886064529418945,-0.363606333732605,base,No
3556,0,0,0.4378234991142019,-1.0787506103515625,-0.8287506103515625,base,No
3557,0,0,0.2689414330889798,-1.4684593677520752,-0.46845942735671997,base,No
3558,0,0,0.18242552825126704,-1.8801076412200928,-0.38010767102241516,base,No
3559,0,0,0.18242551491653522,-1.7679595947265625,-0.2679595351219177,base,No
3560,0,0,0.37754066879814546,-1.1038130521774292,-0.6038130521774292,base,No
3561,0,0,0.11920292515117029,-2.415250539779663,-0.4152505695819855,base,No
3562,0,0,0.2018132270610754,-1.7711482048034668,-0.3961482346057892,base,No
3563,0,0,0.09534947004048376,-2.53592848777771,-0.28592854738235474,base,No
3564,0,0,0.32082130082460697,-1.3203530311584473,-0.5703530311584473,base,No
3565,0,0,0.20181323186177208,-2.006894588470459,-0.6318946480751038,base,No
3566,0,0,0.4378234991142019,-0.9895265698432922,-0.7395265698432922,base,No
3567,0,0,0.07585817793199003,-2.7740561962127686,-0.27405616641044617,base,No
3568,0,0,0.3208212878370535,-1.2572166919708252,-0.5072166323661804,base,No
3569,0,0,0.14804719427274565,-2.095301389694214,-0.3453013598918915,base,No
3570,0,0,0.24508501313237172,-1.671987533569336,-0.5469875335693359,base,No
3571,0,0,0.18242553269617778,-2.0673041343688965,-0.5673041939735413,base,No
3572,0,0,0.22270013366638422,-1.6573841571807861,-0.40738412737846375,base,No
3573,0,0,0.29421497216298875,-1.403701901435852,-0.528701901435852,base,No
3574,0,1,0.5621765008857981,-0.7245743870735168,-0.9745743870735168,base,Yes
3575,0,0,0.10669059820623795,-2.371791362762451,-0.24679140746593475,base,No
3576,0,0,0.3486451488696663,-1.26534104347229,-0.6403411030769348,base,No
3577,0,1,0.7057850216484838,-0.4645752012729645,-1.339575171470642,base,Yes
3578,0,0,0.32082130082460697,-1.4585494995117188,-0.7085494995117188,base,No
3579,0,0,0.20181321265898594,-1.9064183235168457,-0.5314182639122009,base,No
3580,0,0,0.1645164628965632,-2.163074493408203,-0.5380744934082031,base,No
3581,0,0,0.3208212878370535,-1.3607909679412842,-0.6107909083366394,base,No
3582,0,0,0.3208213138121609,-1.6259560585021973,-0.875956118106842,base,No
3583,0,0,0.2689414213699951,-1.4796769618988037,-0.4796769618988037,base,No
3584,0,0,0.18242551491653522,-1.8977198600769043,-0.3977198004722595,base,No
3585,0,0,0.32082130082460697,-1.3001385927200317,-0.5501385927200317,base,No
3586,0,1,0.7981867729389246,-0.3570258915424347,-1.7320258617401123,base,Yes
3587,0,0,0.2689414213699951,-1.5098687410354614,-0.5098687410354614,base,No
3588,0,0,0.053403329799824234,-3.198193073272705,-0.3231930732727051,base,No
3589,0,0,0.14804718675485834,-2.153726577758789,-0.4037264883518219,base,No
3590,0,0,0.4378234991142019,-0.9072462916374207,-0.6572462916374207,base,No
3591,0,0,0.3486451488696663,-1.234856367111206,-0.6098564267158508,base,No
3592,0,0,0.1645164792819756,-2.0164718627929688,-0.3914719820022583,base,No
3593,0,0,0.24508502416032488,-1.6157515048980713,-0.49075156450271606,base,No
3594,0,0,0.2018132270610754,-1.7281569242477417,-0.3531569540500641,base,No
3595,0,0,0.1645164506075047,-2.012803554534912,-0.38780346512794495,base,No
3596,0,0,0.20181322226037882,-1.921736240386963,-0.5467362403869629,base,No
3597,0,0,0.18242551936144574,-1.9612454175949097,-0.4612453877925873,base,No
3598,0,0,0.20181322226037882,-1.8922854661941528,-0.5172854661941528,base,No
3599,0,0,0.2689414272294874,-1.4975378513336182,-0.49753788113594055,base,No
3600,0,0,0.05340332829327471,-3.182199478149414,-0.3071994483470917,base,No
3601,0,0,0.18242552825126704,-1.923812747001648,-0.42381277680397034,base,No
3602,0,0,0.10669059678604234,-2.332080841064453,-0.2070808708667755,base,No
3603,0,0,0.2018132174596823,-1.8107757568359375,-0.4357757270336151,base,No
3604,0,0,0.4073334000459302,-1.1815234422683716,-0.8065234422683716,base,No
3605,0,1,0.5312093733737563,-0.7453619241714478,-0.8703619241714478,base,Yes
3606,0,0,0.2942149845400438,-1.4985744953155518,-0.6235745549201965,base,No
3607,0,0,0.1480471980316895,-2.3061587810516357,-0.5561587810516357,base,No
3608,0,0,0.46879062662624377,-0.9112028479576111,-0.7862028479576111,base,No
3609,0,0,0.1645164792819756,-2.2284297943115234,-0.603429913520813,base,No
3610,0,0,0.29421497216298875,-1.5129063129425049,-0.6379063129425049,base,No
3611,0,0,0.4378234991142019,-1.0942683219909668,-0.8442683219909668,base,No
3612,0,0,0.1329642264548166,-2.350214958190918,-0.4752148389816284,base,No
3613,0,0,0.09534945975773548,-2.4963762760162354,-0.24637621641159058,base,No
3614,0,0,0.1192029188930649,-2.4579148292541504,-0.457914799451828,base,No
3615,0,0,0.16451647108926923,-1.9837701320648193,-0.3587701916694641,base,No
3616,0,0,0.34864513533394575,-1.1505658626556396,-0.5255658626556396,base,No
3617,0,0,0.16451645880021026,-1.9717134237289429,-0.3467133939266205,base,No
3618,0,0,0.10669058826486906,-2.529439926147461,-0.40443986654281616,base,No
3619,0,0,0.0675466911396291,-3.219346523284912,-0.5943465232849121,base,No
3620,0,0,0.3208212878370535,-1.323854923248291,-0.5738548636436462,base,No
3621,0,1,0.5312093733737563,-0.8533380627632141,-0.9783380627632141,base,Yes
3622,0,0,0.1329642436335826,-2.3468074798583984,-0.4718075096607208,base,No
3623,0,0,0.0758581737534831,-2.88691782951355,-0.38691774010658264,base,No
3624,0,0,0.16451645470385742,-2.2689449787139893,-0.6439449191093445,base,No
3625,0,0,0.047425871831197425,-3.2870280742645264,-0.287028044462204,base,No
3626,0,0,0.16451645880021026,-2.016913414001465,-0.39191338419914246,base,No
3627,0,1,0.5926665855647394,-0.7002189755439758,-1.075218915939331,base,Yes
3628,0,0,0.06754669677084987,-2.9904563426971436,-0.3654564321041107,base,No
3629,0,0,0.0953494648991095,-2.6529157161712646,-0.40291571617126465,base,No
3630,0,1,0.7057850402140659,-0.5008029341697693,-1.375802993774414,base,Yes
3631,0,0,0.4378234991142019,-1.0383938550949097,-0.7883938550949097,base,No
3632,0,0,0.20181323186177208,-1.9944496154785156,-0.6194496750831604,base,No
3633,0,1,0.7057850216484838,-0.4055596888065338,-1.2805596590042114,base,Yes
3634,0,0,0.24508500761839525,-1.5365614891052246,-0.4115614593029022,base,No
3635,0,0,0.2018132270610754,-1.811652660369873,-0.43665269017219543,base,No
3636,0,0,0.10669058826486906,-2.467874050140381,-0.3428739905357361,base,No
3637,0,0,0.10669059962643358,-2.639571189880371,-0.5145712494850159,base,No
3638,0,0,0.29421497216298875,-1.4791728258132935,-0.6041728258132935,base,No
3639,0,0,0.18242552825126704,-1.9664965867996216,-0.46649661660194397,base,No
3640,0,0,0.20181321265898594,-1.6815922260284424,-0.3065921664237976,base,No
3641,0,0,0.37754066879814546,-1.0808923244476318,-0.5808923244476318,base,No
3642,0,0,0.2689414096510108,-1.552459478378296,-0.5524594187736511,base,No
3643,0,0,0.20181323186177208,-1.7830162048339844,-0.40801626443862915,base,No
3644,0,0,0.13296424019782924,-2.1999077796936035,-0.3249077796936035,base,No
3645,0,0,0.24508500210441886,-1.617591142654419,-0.49259108304977417,base,No
3646,0,0,0.22270013366638422,-1.6301114559173584,-0.380111426115036,base,No
3647,0,1,0.679178699175393,-0.4839290380477905,-1.2339290380477905,base,Yes
3648,0,0,0.20181321265898594,-1.9764211177825928,-0.601421058177948,base,No
3649,0,0,0.24508502416032488,-1.5212368965148926,-0.39623695611953735,base,No
3650,0,0,0.24508502416032488,-1.7111639976501465,-0.5861640572547913,base,No
3651,0,0,0.0600866518571309,-3.1176986694335938,-0.36769869923591614,base,No
3652,0,0,0.3486451488696663,-1.3075239658355713,-0.6825240254402161,base,No
3653,0,0,0.22270013882530884,-1.74031400680542,-0.4903140068054199,base,No
3654,0,0,0.34864513533394575,-1.358274221420288,-0.7332742214202881,base,No
3655,0,0,0.11920292828022305,-2.321979522705078,-0.3219795823097229,base,No
3656,0,0,0.11920291263495983,-2.3207952976226807,-0.3207952082157135,base,No
3657,0,1,0.5926666143433998,-0.7042450308799744,-1.0792450904846191,base,Yes
3658,0,0,0.3775406828054583,-1.078439474105835,-0.5784395337104797,base,No
3659,0,0,0.4378234991142019,-1.0554163455963135,-0.8054163455963135,base,No
3660,0,0,0.32082130082460697,-1.3054245710372925,-0.5554245710372925,base,No
3661,0,0,0.06754669864792355,-2.9174604415893555,-0.292460560798645,base,No
3662,0,0,0.24508501313237172,-1.762744665145874,-0.637744665145874,base,No
3663,0,0,0.18242551936144574,-1.8607450723648071,-0.36074504256248474,base,No
3664,0,0,0.20181323186177208,-2.1870574951171875,-0.8120575547218323,base,No
3665,0,0,0.1480471980316895,-2.1292946338653564,-0.37929463386535645,base,No
3666,0,0,0.11920291576401235,-2.517857074737549,-0.517857015132904,base,No
3667,0,0,0.18242551936144574,-1.8785935640335083,-0.3785935342311859,base,No
3668,0,0,0.3775406547908327,-1.156888723373413,-0.6568886637687683,base,No
3669,0,0,0.34864513533394575,-1.2099404335021973,-0.5849404335021973,base,No
3670,0,0,0.16451647108926923,-1.9769327640533447,-0.3519328236579895,base,No
3671,0,0,0.09534947261117097,-2.5545761585235596,-0.30457624793052673,base,No
3672,0,0,0.37754066879814546,-1.0864320993423462,-0.5864320993423462,base,No
3673,0,0,0.32082130082460697,-1.323203206062317,-0.5732032060623169,base,No
3674,0,0,0.06008665017400762,-3.0655786991119385,-0.3155786991119385,base,No
3675,0,0,0.2689414213699951,-1.4242949485778809,-0.42429494857788086,base,No
3676,0,0,0.2018132270610754,-1.8098928928375244,-0.4348929226398468,base,No
3677,0,0,0.03308598220236406,-3.567756175994873,-0.1927562952041626,base,No
3678,0,0,0.24508502416032488,-2.0055291652679443,-0.8805292248725891,base,No
3679,0,0,0.4073333856566001,-1.0691542625427246,-0.6941542029380798,base,No
3680,0,0,0.04208773272170267,-3.3488306999206543,-0.22383081912994385,base,No
3681,0,0,0.24508502416032488,-1.6473023891448975,-0.5223024487495422,base,No
3682,0,0,0.18242551936144574,-1.878076195716858,-0.3780761659145355,base,No
3683,0,0,0.24508501313237172,-1.6272573471069336,-0.5022573471069336,base,No
3684,0,0,0.37754066879814546,-1.5564359426498413,-1.0564359426498413,base,No
3685,0,0,0.5,-0.8304855823516846,-0.8304855823516846,base,No
3686,0,0,0.07585817897661679,-2.7200095653533936,-0.22000955045223236,base,No
3687,0,0,0.22270012850745968,-1.8722851276397705,-0.6222850680351257,base,No
3688,0,0,0.20181321265898594,-2.014132499694824,-0.6391324400901794,base,No
3689,0,0,0.4378235137849365,-1.0290350914001465,-0.7790351510047913,base,No
3690,0,0,0.1329642333263228,-2.2367656230926514,-0.3617655634880066,base,No
3691,0,0,0.1329642333263228,-2.5527100563049316,-0.6777099967002869,base,No
3692,0,0,0.40733341443526055,-1.0374174118041992,-0.662417471408844,base,No
3693,0,0,0.02931223244728875,-3.7530386447906494,-0.2530387043952942,base,No
3694,0,0,0.13296424706933604,-2.309911012649536,-0.4349110722541809,base,No
3695,0,0,0.16451644651115205,-2.0743775367736816,-0.4493774175643921,base,No
3696,0,0,0.0953494674697966,-2.5782887935638428,-0.32828882336616516,base,No
3697,0,0,0.0474258704848281,-3.4151954650878906,-0.41519540548324585,base,No
3698,0,0,0.2689414213699951,-1.5183918476104736,-0.5183918476104736,base,No
3699,0,0,0.4073334000459302,-1.0334640741348267,-0.6584640741348267,base,No
3700,0,0,0.11920292828022305,-2.425752878189087,-0.4257529377937317,base,No
3701,0,0,0.16451646699291617,-1.9093544483184814,-0.28435447812080383,base,No
3702,0,1,0.679178699175393,-0.5029004812240601,-1.25290048122406,base,Yes
3703,0,0,0.22270014398423357,-1.6926430463790894,-0.44264307618141174,base,No
3704,0,0,0.11920291263495983,-2.324479579925537,-0.32447949051856995,base,No
3705,0,0,0.22270012850745968,-1.9417834281921387,-0.6917833685874939,base,No
3706,0,0,0.11920291576401235,-2.3533217906951904,-0.35332173109054565,base,No
3707,0,0,0.20181322226037882,-1.7900586128234863,-0.41505861282348633,base,No
3708,0,0,0.29421497216298875,-1.4314323663711548,-0.5564323663711548,base,No
3709,0,0,0.10669059962643358,-2.607879877090454,-0.4828799366950989,base,No
3710,0,0,0.29421497216298875,-1.4506549835205078,-0.5756549835205078,base,No
3711,0,1,0.7310585786300049,-0.5046800374984741,-1.5046800374984741,base,Yes
3712,0,0,0.22270013366638422,-1.6454616785049438,-0.39546164870262146,base,No
3713,0,0,0.4073333856566001,-1.2175681591033936,-0.8425680994987488,base,No
3714,0,0,0.1329642436335826,-2.194427967071533,-0.3194279968738556,base,No
3715,0,0,0.2018132174596823,-1.8351143598556519,-0.46011433005332947,base,No
3716,0,0,0.11920292202211755,-2.4525487422943115,-0.4525487422943115,base,No
3717,0,0,0.24508502416032488,-1.6212072372436523,-0.4962072968482971,base,No
3718,0,0,0.1824255415859996,-2.2228846549987793,-0.7228847742080688,base,No
3719,0,0,0.22270012850745968,-1.8216559886932373,-0.5716559290885925,base,No
3720,0,0,0.40733341443526055,-1.1271681785583496,-0.7521682381629944,base,No
3721,0,0,0.08509904732734556,-2.7392489910125732,-0.36424902081489563,base,No
3722,0,0,0.06008665354025422,-3.012923002243042,-0.26292306184768677,base,No
3723,0,1,0.7057850278370112,-0.5273957252502441,-1.4023957252502441,base,Yes
3724,0,0,0.3208213138121609,-1.3186955451965332,-0.568695604801178,base,No
3725,0,0,0.18242553269617778,-1.88236665725708,-0.38236671686172485,base,No
3726,0,0,0.16451645470385742,-1.9350168704986572,-0.31001681089401245,base,No
3727,0,0,0.1066905825840872,-2.4230008125305176,-0.298000693321228,base,No
3728,0,0,0.04208772791561884,-3.706714630126953,-0.5817146301269531,base,No
3729,0,0,0.3208212878370535,-1.5115253925323486,-0.7615253329277039,base,No
3730,0,0,0.34864513533394575,-1.264119029045105,-0.639119029045105,base,No
3731,0,0,0.0675466911396291,-2.9207184314727783,-0.2957184314727783,base,No
3732,0,0,0.09534947004048376,-2.615926742553711,-0.3659268021583557,base,No
3733,0,0,0.11920292202211755,-2.5265421867370605,-0.5265421867370605,base,No
3734,0,0,0.1645164628965632,-2.239281415939331,-0.614281415939331,base,No
3735,0,0,0.4073334000459302,-1.165175437927246,-0.7901754379272461,base,No
3736,0,0,0.18242551936144574,-1.8565038442611694,-0.35650381445884705,base,No
3737,0,0,0.24508501864634827,-1.54642653465271,-0.42142656445503235,base,No
3738,0,0,0.22270013366638422,-1.6746052503585815,-0.42460522055625916,base,No
3739,0,0,0.1480471980316895,-2.0692226886749268,-0.31922268867492676,base,No
3740,0,0,0.0758581737534831,-2.9505417346954346,-0.4505416452884674,base,No
3741,0,0,0.34864513533394575,-1.5723762512207031,-0.9473762512207031,base,No
3742,0,0,0.29421497216298875,-1.350081205368042,-0.475081205368042,base,No
3743,0,0,0.14804719051380197,-2.2708680629730225,-0.5208680033683777,base,No
3744,0,0,0.3486451217982255,-1.3514981269836426,-0.7264980673789978,base,No
3745,0,0,0.04208772791561884,-3.5416975021362305,-0.41669750213623047,base,No
3746,0,0,0.07585817584273653,-2.9003772735595703,-0.40037721395492554,base,No
3747,0,0,0.14804720930852133,-2.12664794921875,-0.37664803862571716,base,No
3748,0,0,0.09534945718704857,-2.6140754222869873,-0.36407533288002014,base,No
3749,0,0,0.14804719051380197,-2.5446462631225586,-0.7946462035179138,base,No
3750,0,0,0.3486451217982255,-1.2923583984375,-0.6673583388328552,base,No
3751,0,0,0.46879062662624377,-1.4037535190582275,-1.2787535190582275,base,no
3752,0,0,0.32082130082460697,-1.574279546737671,-0.8242795467376709,base,No
3753,0,0,0.14804719051380197,-2.2689268589019775,-0.5189267992973328,base,No
3754,0,0,0.13296425050508953,-2.23812198638916,-0.3631220757961273,base,No
3755,0,0,0.24508501864634827,-1.5014358758926392,-0.37643590569496155,base,No
3756,0,0,0.1329642333263228,-2.236626386642456,-0.3616263270378113,base,No
3757,0,0,0.24508500210441886,-1.626006841659546,-0.5010067820549011,base,No
3758,0,0,0.34864513533394575,-1.368164300918579,-0.7431643009185791,base,No
3759,0,0,0.06754669864792355,-2.970177173614502,-0.3451772928237915,base,No
3760,0,0,0.22270014398423357,-1.6715450286865234,-0.4215450584888458,base,No
3761,0,0,0.2689414272294874,-1.4265859127044678,-0.42658594250679016,base,No
3762,0,0,0.37754066879814546,-1.1734395027160645,-0.6734395027160645,base,No
3763,0,0,0.11920291576401235,-2.344933271408081,-0.3449332118034363,base,No
3764,0,0,0.22270013882530884,-1.7458597421646118,-0.4958597421646118,base,No
3765,0,0,0.13296424706933604,-2.3779780864715576,-0.5029781460762024,base,No
3766,0,0,0.29421497216298875,-1.438501000404358,-0.5635010004043579,base,No
3767,0,0,0.20181322226037882,-1.9287762641906738,-0.5537762641906738,base,No
3768,0,0,0.16451647108926923,-2.102707624435425,-0.4777076840400696,base,No
3769,0,0,0.22270012850745968,-1.7143797874450684,-0.4643797278404236,base,No
3770,0,0,0.2689414330889798,-1.6303386688232422,-0.630338728427887,base,No
3771,0,0,0.4378234991142019,-1.1221171617507935,-0.8721171617507935,base,No
3772,0,0,0.22270013882530884,-1.9298185110092163,-0.6798185110092163,base,No
3773,0,0,0.3775406547908327,-1.1499600410461426,-0.6499599814414978,base,No
3774,0,0,0.29421497216298875,-1.3427656888961792,-0.4677656888961792,base,No
3775,0,0,0.1645164628965632,-2.333198070526123,-0.708198070526123,base,No
3776,0,0,0.32082130082460697,-1.3295358419418335,-0.5795358419418335,base,No
3777,0,0,0.29421496597446145,-1.2847557067871094,-0.409755676984787,base,No
3778,0,0,0.13296424019782924,-2.5522639751434326,-0.6772639751434326,base,no
3779,0,0,0.20181322226037882,-1.9567631483078003,-0.5817631483078003,base,No
3780,0,0,0.5,-0.8952990174293518,-0.8952990174293518,base,No
3781,0,0,0.2942149597859341,-1.5074198246002197,-0.632419764995575,base,No
3782,0,0,0.46879061178313897,-1.1027910709381104,-0.9777910113334656,base,No
3783,0,0,0.29421497216298875,-1.5102306604385376,-0.6352306604385376,base,No
3784,0,1,0.5926665855647394,-0.7405923008918762,-1.1155922412872314,base,Yes
3785,0,1,0.5312093733737563,-0.9536265134811401,-1.0786265134811401,base,Yes
3786,0,0,0.37754066879814546,-1.3073118925094604,-0.8073118925094604,base,No
3787,0,0,0.1329642264548166,-2.1409249305725098,-0.2659248113632202,base,No
3788,0,0,0.24508501864634827,-1.4658690690994263,-0.34086909890174866,base,No
3789,0,1,0.5312093733737563,-0.7835453152656555,-0.9085453152656555,base,Yes
3790,0,0,0.09534946618445303,-2.480494737625122,-0.23049475252628326,base,No
3791,0,0,0.06008665354025422,-3.0863335132598877,-0.33633357286453247,base,No
3792,0,0,0.37754066879814546,-1.0935249328613281,-0.5935249328613281,base,No
3793,0,1,0.5926665999540697,-0.6134927272796631,-0.9884927272796631,base,Yes
3794,0,0,0.24508501313237172,-1.6612398624420166,-0.5362398624420166,base,No
3795,0,0,0.3208212878370535,-1.42148756980896,-0.6714875102043152,base,No
3796,0,0,0.10669059962643358,-2.467108964920044,-0.3421090245246887,base,No
3797,0,0,0.06754669489377622,-2.8997855186462402,-0.274785578250885,base,No
3798,0,0,0.24508501313237172,-1.619637131690979,-0.494637131690979,base,No
3799,0,0,0.16451647108926923,-1.9857244491577148,-0.3607245087623596,base,No
3800,0,1,0.7772998663336157,-0.44177982211112976,-1.6917798519134521,base,Yes
3801,0,1,0.5621765008857981,-0.684640645980835,-0.934640645980835,base,Yes
3802,0,0,0.24508501313237172,-1.6364456415176392,-0.5114456415176392,base,No
3803,0,0,0.24508500210441886,-1.6805496215820312,-0.5555495619773865,base,No
3804,0,0,0.09534945718704857,-2.572394609451294,-0.3223945200443268,base,No
3805,0,0,0.2689414213699951,-1.466203212738037,-0.4662032127380371,base,No
3806,0,0,0.3208212878370535,-1.2958667278289795,-0.5458666682243347,base,No
3807,0,0,0.3486451488696663,-1.2984685897827148,-0.6734686493873596,base,No
3808,0,0,0.5,-0.7996484041213989,-0.7996484041213989,base,No
3809,0,0,0.2018132270610754,-1.7747712135314941,-0.39977124333381653,base,No
3810,0,0,0.16451644651115205,-2.251046657562256,-0.6260465383529663,base,No
3811,0,0,0.24508501313237172,-1.7978285551071167,-0.6728285551071167,base,No
3812,0,0,0.08509904036636974,-2.6836702823638916,-0.3086702227592468,base,No
3813,0,0,0.2942149597859341,-1.4150433540344238,-0.540043294429779,base,No
3814,0,0,0.08509904036636974,-2.991847276687622,-0.6168472170829773,base,No
3815,0,0,0.37754066879814546,-1.2628896236419678,-0.7628896236419678,base,No
3816,0,0,0.32082130082460697,-1.480410099029541,-0.730410099029541,base,No
3817,0,0,0.3486451217982255,-1.2892217636108398,-0.6642217040061951,base,No
3818,0,0,0.06008664512463808,-3.1521103382110596,-0.4021102488040924,base,No
3819,0,0,0.24508502416032488,-1.5847010612487793,-0.4597011208534241,base,No
3820,0,0,0.10669060530721626,-2.507215976715088,-0.38221609592437744,base,No
3821,0,0,0.14804718675485834,-2.1565747261047363,-0.40657463669776917,base,No
3822,0,0,0.46879062662624377,-0.9479052424430847,-0.8229052424430847,base,No
3823,0,0,0.34864513533394575,-1.2974084615707397,-0.6724084615707397,base,No
3824,0,0,0.042087725512577126,-3.3833353519439697,-0.25833529233932495,base,No
3825,0,0,0.32082130082460697,-1.3590412139892578,-0.6090412139892578,base,No
3826,0,1,0.5926665999540697,-0.857048749923706,-1.232048749923706,base,Yes
3827,0,0,0.2689414213699951,-1.5730966329574585,-0.5730966329574585,base,No
3828,0,0,0.3486451217982255,-1.2226626873016357,-0.597662627696991,base,No
3829,0,0,0.04208773272170267,-3.4982666969299316,-0.3732668161392212,base,No
3830,0,0,0.09534946232842245,-2.5958731174468994,-0.345873087644577,base,No
3831,0,0,0.4378234991142019,-0.9416553378105164,-0.6916553378105164,base,No
3832,0,0,0.2942149845400438,-1.616058349609375,-0.7410584092140198,base,No
3833,0,0,0.14804718675485834,-2.0928187370300293,-0.34281864762306213,base,No
3834,0,0,0.22270013882530884,-1.7605960369110107,-0.5105960369110107,base,No
3835,0,1,0.7772998508568416,-0.3987167477607727,-1.648716688156128,base,Yes
3836,0,0,0.24508501313237172,-1.6529791355133057,-0.5279791355133057,base,No
3837,0,0,0.24508501313237172,-1.668584942817688,-0.543584942817688,base,No
3838,0,0,0.22270014398423357,-1.686050534248352,-0.43605056405067444,base,No
3839,0,0,0.2018132270610754,-1.732266902923584,-0.35726693272590637,base,No
3840,0,0,0.1329642264548166,-2.384883403778076,-0.5098832845687866,base,No
3841,0,0,0.18242552380635632,-2.027613878250122,-0.5276138782501221,base,No
3842,0,0,0.2689414213699951,-1.5343480110168457,-0.5343480110168457,base,No
3843,0,0,0.3208213138121609,-1.3642888069152832,-0.614288866519928,base,No
3844,0,0,0.13296424706933604,-2.26228404045105,-0.3872841000556946,base,No
3845,0,0,0.2689414096510108,-1.601943016052246,-0.6019429564476013,base,No
3846,0,0,0.16451645470385742,-1.9693446159362793,-0.3443445563316345,base,No
3847,0,0,0.18242552825126704,-1.8840125799179077,-0.3840126097202301,base,No
3848,0,0,0.1329642264548166,-2.425293445587158,-0.5502933263778687,base,No
3849,0,0,0.24508501313237172,-1.8009291887283325,-0.6759291887283325,base,No
3850,0,0,0.10669059678604234,-2.4305198192596436,-0.30551984906196594,base,No
3851,0,0,0.2018132270610754,-1.8677996397018433,-0.49279966950416565,base,No
3852,0,0,0.0953494674697966,-2.572265625,-0.3222656548023224,base,No
3853,0,0,0.2689414213699951,-1.5072983503341675,-0.5072983503341675,base,No
3854,0,0,0.18242552380635632,-1.9657683372497559,-0.46576833724975586,base,No
3855,0,0,0.20181322226037882,-1.797131896018982,-0.42213189601898193,base,No
3856,0,0,0.4378234991142019,-0.9344654679298401,-0.6844654679298401,base,No
3857,0,0,0.5,-0.8443922400474548,-0.8443922400474548,base,No
3858,0,0,0.18242551491653522,-1.8833022117614746,-0.38330215215682983,base,No
3859,0,0,0.07585818628900447,-2.807187080383301,-0.30718716979026794,base,No
3860,0,0,0.2689414330889798,-1.4695570468902588,-0.46955710649490356,base,No
3861,0,0,0.07585818628900447,-2.795947313308716,-0.295947402715683,base,No
3862,0,0,0.07585818837825822,-3.0188493728637695,-0.5188494920730591,base,No
3863,0,0,0.24508501313237172,-1.9136624336242676,-0.7886624336242676,base,No
3864,0,1,0.7981867825403176,-0.3244419991970062,-1.6994420289993286,base,Yes
3865,0,0,0.11920293140927592,-2.4020164012908936,-0.4020164906978607,base,No
3866,0,0,0.4073334000459302,-0.9646926522254944,-0.5896926522254944,base,No
3867,0,0,0.22270013366638422,-1.6803563833236694,-0.43035635352134705,base,No
3868,0,1,0.679178699175393,-0.5674687623977661,-1.3174687623977661,base,Yes
3869,0,0,0.13296424706933604,-2.3069100379943848,-0.43191009759902954,base,No
3870,0,0,0.16451644651115205,-2.021113872528076,-0.3961137533187866,base,No
3871,0,0,0.34864513533394575,-1.3490618467330933,-0.7240618467330933,base,No
3872,0,0,0.29421497216298875,-1.4133601188659668,-0.5383601188659668,base,No
3873,0,0,0.22270013882530884,-1.7657437324523926,-0.5157437324523926,base,No
3874,0,0,0.46879062662624377,-0.8877691030502319,-0.7627691030502319,base,No
3875,0,0,0.18242552380635632,-1.9019198417663574,-0.4019198417663574,base,No
3876,0,0,0.22270014398423357,-1.6769605875015259,-0.42696061730384827,base,No
3877,0,0,0.37754066879814546,-1.0557917356491089,-0.5557917356491089,base,No
3878,0,0,0.24508501313237172,-1.5327105522155762,-0.40771055221557617,base,No
3879,0,0,0.5,-0.8310800790786743,-0.8310800790786743,base,No
3880,0,0,0.14804720930852133,-2.1093578338623047,-0.35935792326927185,base,No
3881,0,0,0.029312227359491745,-3.8412866592407227,-0.3412865400314331,base,No
3882,0,0,0.46879062662624377,-1.1385700702667236,-1.0135700702667236,base,No
3883,0,0,0.06754668550840877,-3.057222366333008,-0.43222227692604065,base,No
3884,0,0,0.34864513533394575,-1.2242645025253296,-0.5992645025253296,base,No
3885,0,0,0.24508501313237172,-1.8889771699905396,-0.7639771699905396,base,No
3886,0,0,0.16451644651115205,-2.071436882019043,-0.4464367628097534,base,No
3887,0,0,0.2689414213699951,-1.5910232067108154,-0.5910232067108154,base,No
3888,0,1,0.5926665999540697,-0.5849647521972656,-0.9599647521972656,base,Yes
3889,0,0,0.06754669864792355,-3.1537222862243652,-0.5287224054336548,base,No
3890,0,1,0.6224593171945417,-0.7390015721321106,-1.2390015125274658,base,Yes
3891,0,0,0.11920292828022305,-2.6525564193725586,-0.6525564789772034,base,No
3892,0,0,0.40733341443526055,-1.0658013820648193,-0.6908014416694641,base,No
3893,0,0,0.053403329799824234,-3.2707109451293945,-0.39571094512939453,base,No
3894,0,0,0.18242551491653522,-2.0597212314605713,-0.5597211718559265,base,No
3895,0,0,0.22270013882530884,-1.8919055461883545,-0.6419055461883545,base,No
3896,0,0,0.10669058826486906,-2.6788175106048584,-0.5538174510002136,base,No
3897,0,0,0.18242552380635632,-2.3199470043182373,-0.8199470043182373,base,No
3898,0,0,0.20181323186177208,-1.922455072402954,-0.5474551320075989,base,No
3899,0,0,0.32082130082460697,-1.3762192726135254,-0.6262192726135254,base,No
3900,0,0,0.2689414096510108,-1.4373867511749268,-0.437386691570282,base,No
3901,0,0,0.09534945461636171,-2.4926939010620117,-0.24269378185272217,base,No
3902,0,0,0.4378234844434674,-1.0637385845184326,-0.8137385249137878,base,No
3903,0,0,0.1480471829959148,-2.402184009552002,-0.6521838903427124,base,No
3904,0,0,0.18242552380635632,-1.8468462228775024,-0.34684622287750244,base,No
3905,0,0,0.14804718675485834,-2.068969964981079,-0.31896987557411194,base,No
3906,0,0,0.2942149597859341,-1.4511194229125977,-0.5761193633079529,base,No
3907,0,0,0.24508501313237172,-1.566207766532898,-0.44120776653289795,base,No
3908,0,0,0.11920291576401235,-2.4107272624969482,-0.41072720289230347,base,No
3909,0,0,0.2689414096510108,-1.5559544563293457,-0.5559543967247009,base,No
3910,0,0,0.1645164792819756,-2.135434627532959,-0.5104347467422485,base,No
3911,0,0,0.2942149597859341,-1.4743404388427734,-0.5993403792381287,base,No
3912,0,0,0.11920292828022305,-2.4609694480895996,-0.4609695076942444,base,No
3913,0,0,0.18242552380635632,-1.9540810585021973,-0.45408105850219727,base,No
3914,0,0,0.18242552380635632,-1.9074947834014893,-0.40749478340148926,base,No
3915,0,0,0.18242552380635632,-2.0577163696289062,-0.5577163696289062,base,No
3916,0,0,0.07585817584273653,-2.671583652496338,-0.17158359289169312,base,No
3917,0,1,0.8354835330070839,-0.31868675351142883,-1.9436867237091064,base,Yes
3918,0,0,0.2689414096510108,-1.7034361362457275,-0.7034360766410828,base,No
3919,0,0,0.34864513533394575,-1.2282437086105347,-0.6032437086105347,base,No
3920,0,0,0.1480472055495773,-2.1715073585510254,-0.42150741815567017,base,No
3921,0,0,0.2689414096510108,-1.6743927001953125,-0.6743926405906677,base,No
3922,0,1,0.5312093733737563,-0.7975261211395264,-0.9225261211395264,base,Yes
3923,0,0,0.20181321265898594,-1.9041199684143066,-0.5291199088096619,base,No
3924,0,0,0.4073334000459302,-1.028194785118103,-0.653194785118103,base,No
3925,0,0,0.1066905911052601,-2.4175403118133545,-0.2925402820110321,base,No
3926,0,0,0.06754669489377622,-2.9683027267456055,-0.34330278635025024,base,No
3927,0,0,0.22270013882530884,-1.6726551055908203,-0.4226551055908203,base,No
3928,0,0,0.14804720930852133,-2.2337188720703125,-0.48371896147727966,base,No
3929,0,0,0.24508501313237172,-1.6012965440750122,-0.4762965440750122,base,No
3930,0,1,0.5312093733737563,-0.8001172542572021,-0.9251172542572021,base,Yes
3931,0,0,0.2942149845400438,-1.537217140197754,-0.6622171998023987,base,No
3932,0,0,0.37754066879814546,-1.1308367252349854,-0.6308367252349854,base,No
3933,0,0,0.14804719427274565,-2.1753499507904053,-0.4253499209880829,base,No
3934,0,1,0.5926665999540697,-0.711543083190918,-1.086543083190918,base,Yes
3935,0,0,0.22270014914315833,-1.7984991073608398,-0.5484991669654846,base,No
3936,0,0,0.0850990519679964,-2.6259169578552246,-0.2509170472621918,base,No
3937,0,0,0.46879062662624377,-0.9083911776542664,-0.7833911776542664,base,No
3938,0,0,0.2018132174596823,-1.8169293403625488,-0.44192931056022644,base,No
3939,0,0,0.3486451217982255,-1.2121024131774902,-0.5871023535728455,base,No
3940,0,0,0.4378234991142019,-1.2113847732543945,-0.9613847732543945,base,No
3941,0,0,0.20181321265898594,-1.7362606525421143,-0.3612605929374695,base,No
3942,0,0,0.3486451217982255,-1.2349488735198975,-0.6099488139152527,base,No
3943,0,0,0.37754066879814546,-1.052793264389038,-0.5527932643890381,base,No
3944,0,0,0.22270012850745968,-1.738628625869751,-0.4886285662651062,base,No
3945,0,0,0.1480472055495773,-2.353907346725464,-0.6039074063301086,base,No
3946,0,1,0.6791786861878392,-0.6005380749702454,-1.3505380153656006,base,Yes
3947,0,0,0.24508501313237172,-1.6720689535140991,-0.5470689535140991,base,No
3948,0,0,0.5,-0.9284608960151672,-0.9284608960151672,base,No
3949,0,0,0.08509904036636974,-2.661381959915161,-0.28638190031051636,base,No
3950,0,0,0.10669060246682488,-2.5230767726898193,-0.3980768620967865,base,No
3951,0,0,0.03308597552845946,-3.720139980316162,-0.34513989090919495,base,No
3952,0,0,0.16451646699291617,-1.9352394342422485,-0.3102394640445709,base,No
3953,0,0,0.06754669301670263,-2.9735965728759766,-0.34859660267829895,base,No
3954,0,0,0.2942149597859341,-1.3334119319915771,-0.4584118723869324,base,No
3955,0,0,0.32082130082460697,-1.3549671173095703,-0.6049671173095703,base,No
3956,0,0,0.13296424706933604,-2.45995831489563,-0.5849583745002747,base,No
3957,0,0,0.1480471829959148,-2.30519962310791,-0.5551995038986206,base,No
3958,0,0,0.24508501313237172,-1.5472952127456665,-0.4222952127456665,base,No
3959,0,0,0.14804718675485834,-2.043050765991211,-0.2930506765842438,base,No
3960,0,0,0.2689414096510108,-1.6394789218902588,-0.639478862285614,base,No
3961,0,1,0.5312093733737563,-0.9215824604034424,-1.0465824604034424,base,Yes
3962,0,0,0.1480471829959148,-2.2531118392944336,-0.503111720085144,base,No
3963,0,0,0.1066905854244781,-2.4366796016693115,-0.31167951226234436,base,No
3964,0,0,0.06754669489377622,-2.990159034729004,-0.3651590943336487,base,No
3965,0,0,0.2689414213699951,-1.578079342842102,-0.578079342842102,base,No
3966,0,0,0.34864513533394575,-1.4212390184402466,-0.7962390184402466,base,No
3967,0,0,0.11920291263495983,-2.3508355617523193,-0.3508354723453522,base,No
3968,0,0,0.34864513533394575,-1.274449110031128,-0.6494491100311279,base,No
3969,0,0,0.22270014914315833,-1.793987512588501,-0.5439875721931458,base,No
3970,0,0,0.09534945461636171,-2.7545952796936035,-0.504595160484314,base,No
3971,0,0,0.22270013882530884,-1.7289224863052368,-0.4789224863052368,base,No
3972,0,0,0.32082130082460697,-1.2778977155685425,-0.5278977155685425,base,No
3973,0,0,0.2942149597859341,-1.4194023609161377,-0.5444023013114929,base,No
3974,0,0,0.2942149845400438,-1.705482006072998,-0.8304820656776428,base,No
3975,0,1,0.6224593312018546,-0.712740421295166,-1.212740421295166,base,Yes
3976,0,0,0.060086646807761206,-3.173760175704956,-0.4237601161003113,base,No
3977,0,0,0.1480471829959148,-2.231546401977539,-0.4815462827682495,base,No
3978,0,0,0.4378234991142019,-1.0180708169937134,-0.7680708169937134,base,No
3979,0,0,0.09534945718704857,-2.6250412464141846,-0.3750411570072174,base,No
3980,0,1,0.7057850278370112,-0.5146379470825195,-1.3896379470825195,base,Yes
3981,0,0,0.29421497216298875,-1.3953945636749268,-0.5203945636749268,base,No
3982,0,0,0.24508501313237172,-1.6364123821258545,-0.5114123821258545,base,No
3983,0,1,0.5621765008857981,-0.7100204229354858,-0.9600204229354858,base,Yes
3984,0,1,0.5621765008857981,-0.8606781959533691,-1.1106781959533691,base,Yes
3985,0,0,0.4378234991142019,-1.0047351121902466,-0.7547351121902466,base,No
3986,0,0,0.06008665354025422,-3.4026265144348145,-0.6526265740394592,base,No
3987,0,0,0.24508500761839525,-1.5592104196548462,-0.4342103898525238,base,No
3988,0,0,0.32082130082460697,-1.4466274976730347,-0.6966274976730347,base,No
3989,0,0,0.4378234991142019,-0.9748556613922119,-0.7248556613922119,base,No
3990,0,0,0.4073334000459302,-1.0444802045822144,-0.6694802045822144,base,No
3991,0,1,0.6513548511303336,-0.5802252888679504,-1.2052252292633057,base,Yes
3992,0,0,0.2689414330889798,-1.529343843460083,-0.5293439030647278,base,No
3993,0,0,0.22270013882530884,-1.851196527481079,-0.6011965274810791,base,No
3994,0,0,0.029312230751356316,-3.8743021488189697,-0.3743021488189697,base,No
3995,0,0,0.13296425050508953,-2.3532447814941406,-0.4782448709011078,base,No
3996,0,0,0.4378234991142019,-1.0401439666748047,-0.7901439666748047,base,No
3997,0,0,0.13296424019782924,-2.6583046913146973,-0.7833046913146973,base,no
3998,0,0,0.29421497216298875,-1.5683598518371582,-0.6933598518371582,base,No
3999,0,0,0.16451645880021026,-1.983496069908142,-0.3584960401058197,base,No
4000,0,0,0.37754066879814546,-1.199583888053894,-0.699583888053894,base,No
4001,0,0,0.22270014398423357,-1.58599054813385,-0.3359905779361725,base,No
4002,0,0,0.13296424706933604,-2.2660510540008545,-0.39105111360549927,base,No
4003,0,0,0.37754066879814546,-1.2055329084396362,-0.7055329084396362,base,No
4004,0,0,0.22270014398423357,-1.7480558156967163,-0.4980558454990387,base,No
4005,0,0,0.34864513533394575,-1.3622301816940308,-0.7372301816940308,base,No
4006,0,0,0.10669059678604234,-2.601189136505127,-0.47618916630744934,base,No
4007,0,0,0.22270013882530884,-1.6751946210861206,-0.4251946210861206,base,No
4008,0,0,0.29421497216298875,-1.2967826128005981,-0.42178261280059814,base,No
4009,0,0,0.37754066879814546,-1.1562950611114502,-0.6562950611114502,base,No
4010,0,1,0.7981867825403176,-0.3920780122280121,-1.7670780420303345,base,Yes
4011,0,0,0.20181323186177208,-1.8581774234771729,-0.4831774830818176,base,No
4012,0,0,0.24508502416032488,-2.0895369052886963,-0.9645369648933411,base,no
4013,0,0,0.18242553269617778,-1.8764021396636963,-0.37640219926834106,base,No
4014,0,0,0.2689414213699951,-1.6740946769714355,-0.6740946769714355,base,No
4015,0,0,0.0675466911396291,-2.9296929836273193,-0.30469298362731934,base,No
4016,0,0,0.2689414096510108,-1.414729356765747,-0.4147292971611023,base,No
4017,0,0,0.20181324146316565,-2.018049716949463,-0.6430498361587524,base,No
4018,0,0,0.24508500761839525,-1.5519264936447144,-0.42692646384239197,base,No
4019,0,0,0.37754066879814546,-1.140407919883728,-0.640407919883728,base,No
4020,0,0,0.22270013366638422,-1.710845708847046,-0.4608456790447235,base,No
4021,0,1,0.5312093733737563,-0.7852380871772766,-0.9102380871772766,base,Yes
4022,0,0,0.18242553269617778,-2.1726768016815186,-0.6726768612861633,base,No
4023,0,0,0.32082130082460697,-1.2813920974731445,-0.5313920974731445,base,No
4024,0,0,0.07585817584273653,-2.80202579498291,-0.3020257353782654,base,No
4025,0,0,0.1645164628965632,-2.019035577774048,-0.39403557777404785,base,No
4026,0,0,0.46879062662624377,-0.8978493213653564,-0.7728493213653564,base,No
4027,0,1,0.5926666143433998,-0.7218741774559021,-1.0968742370605469,base,Yes
4028,0,0,0.24508501864634827,-1.591413974761963,-0.4664140045642853,base,No
4029,0,0,0.20181321265898594,-1.8443810939788818,-0.46938103437423706,base,No
4030,0,0,0.34864513533394575,-1.2954902648925781,-0.6704902648925781,base,No
4031,0,0,0.09534945975773548,-2.6627588272094727,-0.4127587676048279,base,No
4032,0,0,0.29421497216298875,-1.4401642084121704,-0.5651642084121704,base,No
4033,0,0,0.22270014914315833,-1.7726242542266846,-0.5226243138313293,base,No
4034,0,0,0.24508501313237172,-1.7531896829605103,-0.6281896829605103,base,No
4035,0,0,0.3486451488696663,-1.2679696083068848,-0.6429696679115295,base,No
4036,0,0,0.20181322226037882,-1.9311575889587402,-0.5561575889587402,base,No
4037,0,0,0.37754066879814546,-1.4659507274627686,-0.9659507274627686,base,No
4038,0,0,0.0850990357257195,-2.688725471496582,-0.3137253522872925,base,No
4039,0,1,0.5926666143433998,-0.8087098002433777,-1.1837098598480225,base,Yes
4040,0,0,0.0675466911396291,-3.0648458003997803,-0.4398458003997803,base,No
4041,0,0,0.2689414213699951,-1.636217713356018,-0.6362177133560181,base,No
4042,0,0,0.16451645470385742,-2.1629672050476074,-0.5379671454429626,base,No
4043,0,0,0.10669060246682488,-2.439805507659912,-0.3148055970668793,base,No
4044,0,0,0.18242551491653522,-1.8641526699066162,-0.36415261030197144,base,No
4045,0,0,0.1645164506075047,-2.0185885429382324,-0.39358845353126526,base,No
4046,0,0,0.22270013882530884,-1.7636935710906982,-0.5136935710906982,base,No
4047,0,0,0.22270012850745968,-2.0856223106384277,-0.835622251033783,base,no
4048,0,0,0.37754066879814546,-1.1995773315429688,-0.6995773315429688,base,No
4049,0,1,0.5312093733737563,-0.7693852186203003,-0.8943852186203003,base,Yes
4050,0,0,0.24508502416032488,-1.5791707038879395,-0.45417076349258423,base,No
4051,0,0,0.13296424706933604,-2.1955740451812744,-0.3205741047859192,base,No
4052,0,0,0.1645164628965632,-2.0294253826141357,-0.40442538261413574,base,No
4053,0,0,0.0600866518571309,-3.182486057281494,-0.43248608708381653,base,No
4054,0,0,0.20181323186177208,-1.7935397624969482,-0.418539822101593,base,No
4055,0,1,0.6224593452091672,-0.6898784041404724,-1.1898784637451172,base,Yes
4056,0,0,0.11920292828022305,-2.3349170684814453,-0.3349171280860901,base,No
4057,0,0,0.11920292202211755,-2.259627103805542,-0.259627103805542,base,No
4058,0,0,0.37754066879814546,-1.2133105993270874,-0.7133105993270874,base,No
4059,0,0,0.32082130082460697,-1.274818778038025,-0.5248187780380249,base,No
4060,0,0,0.24508502416032488,-1.856090784072876,-0.7310908436775208,base,No
4061,0,0,0.13296423676207594,-2.2864692211151123,-0.4114691913127899,base,No
4062,0,0,0.22270013882530884,-2.011357307434082,-0.761357307434082,base,No
4063,0,1,0.5621765155565327,-0.7626990675926208,-1.0126991271972656,base,Yes
4064,0,0,0.3208213138121609,-1.3442301750183105,-0.5942302346229553,base,No
4065,0,0,0.09534945718704857,-2.5701661109924316,-0.3201660215854645,base,No
4066,0,0,0.16451647518562237,-2.000094413757324,-0.3750945031642914,base,No
4067,0,0,0.14804720179063335,-2.2043824195861816,-0.45438244938850403,base,No
4068,0,0,0.20181322226037882,-1.935725212097168,-0.560725212097168,base,No
4069,0,0,0.14804720930852133,-2.092367172241211,-0.3423672616481781,base,No
4070,0,0,0.2689414330889798,-1.565622091293335,-0.5656221508979797,base,No
4071,0,0,0.3486451488696663,-1.4645590782165527,-0.8395591378211975,base,No
4072,0,0,0.3486451217982255,-1.279815912246704,-0.6548158526420593,base,No
4073,0,0,0.047425875197120895,-3.218252182006836,-0.21825222671031952,base,No
4074,0,0,0.20181322226037882,-1.852599859237671,-0.4775998592376709,base,No
4075,0,0,0.10669058826486906,-2.5800893306732178,-0.455089271068573,base,No
4076,0,1,0.5621765008857981,-0.8230270147323608,-1.0730270147323608,base,Yes
4077,0,0,0.09534947261117097,-2.6123220920562744,-0.3623221814632416,base,No
4078,0,0,0.24508501313237172,-1.674543857574463,-0.5495438575744629,base,No
4079,0,0,0.13296422989056964,-2.198105573654175,-0.32310548424720764,base,No
4080,0,0,0.24508501313237172,-1.6815118789672852,-0.5565118789672852,base,No
4081,0,0,0.4378234991142019,-1.0175234079360962,-0.7675234079360962,base,No
4082,0,0,0.22270014398423357,-1.6964316368103027,-0.4464316666126251,base,No
4083,0,0,0.09534945718704857,-2.55141019821167,-0.30141010880470276,base,No
4084,0,0,0.16451645880021026,-2.0258941650390625,-0.4008941352367401,base,No
4085,0,0,0.4073333856566001,-1.1539418697357178,-0.778941810131073,base,No
4086,0,0,0.24508501313237172,-1.5347344875335693,-0.40973448753356934,base,No
4087,0,0,0.16451646699291617,-2.063384771347046,-0.4383848011493683,base,No
4088,0,0,0.34864513533394575,-1.2457047700881958,-0.6207047700881958,base,No
4089,0,1,0.5926665999540697,-0.8958245515823364,-1.2708245515823364,base,Yes
4090,0,1,0.679178699175393,-0.5974617004394531,-1.3474617004394531,base,Yes
4091,0,0,0.26894141551050293,-1.441567301750183,-0.4415672719478607,base,No
4092,0,0,0.14804719051380197,-2.112386703491211,-0.36238664388656616,base,No
4093,0,0,0.24508500210441886,-1.8291027545928955,-0.7041026949882507,base,No
4094,0,0,0.46879062662624377,-0.8631978034973145,-0.7381978034973145,base,No
4095,0,0,0.3208212878370535,-1.4279232025146484,-0.6779231429100037,base,No
4096,0,0,0.11920291576401235,-2.7137210369110107,-0.713720977306366,base,no
4097,0,0,0.20181321265898594,-1.8436834812164307,-0.4686834216117859,base,No
4098,0,0,0.34864513533394575,-1.3969529867172241,-0.7719529867172241,base,No
4099,0,0,0.4073334000459302,-1.0723472833633423,-0.6973472833633423,base,No
4100,0,0,0.3208213138121609,-1.3629684448242188,-0.6129685044288635,base,No
4101,0,0,0.4073334000459302,-1.1204779148101807,-0.7454779148101807,base,No
4102,0,0,0.22270013366638422,-1.680511713027954,-0.4305116832256317,base,No
4103,0,0,0.1480471980316895,-2.2386600971221924,-0.4886600971221924,base,No
4104,0,0,0.24508501313237172,-1.7053693532943726,-0.5803693532943726,base,No
4105,0,0,0.16451647108926923,-2.07307767868042,-0.4480777382850647,base,No
4106,0,0,0.37754066879814546,-1.2594575881958008,-0.7594575881958008,base,No
4107,0,0,0.46879062662624377,-0.910585880279541,-0.785585880279541,base,No
4108,0,0,0.22270013882530884,-1.6762546300888062,-0.42625463008880615,base,No
4109,0,0,0.4073334000459302,-1.170136570930481,-0.795136570930481,base,No
4110,0,0,0.13296424706933604,-2.497361421585083,-0.6223614811897278,base,No
4111,0,0,0.07585818419975078,-2.7669241428375244,-0.2669242024421692,base,No
4112,0,0,0.22270014398423357,-1.5768660306930542,-0.3268660604953766,base,No
4113,0,1,0.6224593312018546,-0.6331676244735718,-1.1331676244735718,base,Yes
4114,0,0,0.3486451488696663,-1.242255449295044,-0.6172555088996887,base,No
4115,0,0,0.18242553269617778,-2.018188953399658,-0.518189013004303,base,No
4116,0,0,0.10669059394565118,-2.2863879203796387,-0.16138792037963867,base,No
4117,0,0,0.2942149845400438,-1.405229091644287,-0.5302291512489319,base,No
4118,0,1,0.7772998714925403,-0.5054160952568054,-1.7554161548614502,base,Yes
4119,0,0,0.18242550602671442,-2.00594425201416,-0.5059441328048706,base,No
4120,0,0,0.0953494648991095,-2.824577569961548,-0.5745775699615479,base,No
4121,0,0,0.20181322226037882,-2.1326277256011963,-0.7576277256011963,base,No
4122,0,0,0.3208212878370535,-1.5610580444335938,-0.811057984828949,base,No
4123,0,0,0.1645164628965632,-2.112517833709717,-0.4875178337097168,base,No
4124,0,0,0.4378234991142019,-1.0067744255065918,-0.7567744255065918,base,No
4125,0,0,0.10669059536584675,-2.2966392040252686,-0.17163921892642975,base,No
4126,0,0,0.18242553269617778,-1.9702343940734863,-0.4702344536781311,base,No
4127,0,0,0.06008664933244599,-2.9971776008605957,-0.2471775859594345,base,No
4128,0,1,0.9241418158002492,-0.28078871965408325,-2.7807886600494385,base,Yes
4129,0,0,0.16451645880021026,-1.9767060279846191,-0.35170599818229675,base,No
4130,0,0,0.11920291263495983,-2.3780815601348877,-0.37808147072792053,base,No
4131,0,0,0.46879062662624377,-0.9968495965003967,-0.8718495965003967,base,No
4132,0,1,0.5621765008857981,-0.8823561668395996,-1.1323561668395996,base,Yes
4133,0,0,0.18242553269617778,-2.0163958072662354,-0.5163958668708801,base,No
4134,0,0,0.24508501313237172,-1.7899949550628662,-0.6649949550628662,base,No
4135,0,0,0.20181321265898594,-1.8931946754455566,-0.5181946158409119,base,No
4136,0,0,0.4378234991142019,-1.0053496360778809,-0.7553496360778809,base,No
4137,0,0,0.22270013882530884,-1.763037919998169,-0.513037919998169,base,No
4138,0,0,0.3208213138121609,-1.3442180156707764,-0.5942180752754211,base,No
4139,0,0,0.46879062662624377,-0.9127820134162903,-0.7877820134162903,base,No
4140,0,0,0.5,-0.9565485715866089,-0.9565485715866089,base,No
4141,0,0,0.2689414213699951,-1.5512986183166504,-0.5512986183166504,base,No
4142,0,0,0.20181322226037882,-1.851233959197998,-0.47623395919799805,base,No
4143,0,0,0.3208212878370535,-1.292945384979248,-0.5429453253746033,base,No
4144,0,0,0.20181321265898594,-1.7957615852355957,-0.4207615256309509,base,No
4145,0,0,0.3775406828054583,-1.1843385696411133,-0.6843386292457581,base,No
4146,0,0,0.20181321265898594,-1.7375526428222656,-0.36255258321762085,base,No
4147,0,0,0.08509903804604459,-2.623354911804199,-0.24835482239723206,base,No
4148,0,0,0.2942149597859341,-1.4795653820037842,-0.6045653223991394,base,No
4149,0,0,0.1645164628965632,-1.9769105911254883,-0.3519105911254883,base,No
4150,0,0,0.24508501313237172,-1.5842280387878418,-0.4592280387878418,base,No
4151,0,0,0.09534947261117097,-2.645874261856079,-0.39587435126304626,base,No
4152,0,0,0.3208213138121609,-1.3070051670074463,-0.5570052266120911,base,No
4153,0,1,0.5621765155565327,-0.797294557094574,-1.0472946166992188,base,Yes
4154,0,0,0.2689414213699951,-1.551981806755066,-0.5519818067550659,base,No
4155,0,0,0.20181321265898594,-1.9215118885040283,-0.5465118288993835,base,No
4156,0,0,0.22270014914315833,-1.6994726657867432,-0.44947272539138794,base,No
4157,0,0,0.0850990519679964,-2.652621030807495,-0.2776211202144623,base,No
4158,0,0,0.1480472055495773,-2.2371506690979004,-0.48715072870254517,base,No
4159,0,0,0.2689414213699951,-1.6304360628128052,-0.6304360628128052,base,No
4160,0,0,0.1066905825840872,-2.6762518882751465,-0.5512517690658569,base,No
4161,0,0,0.34864513533394575,-1.2727391719818115,-0.6477391719818115,base,No
4162,0,0,0.11920292202211755,-2.487175703048706,-0.48717570304870605,base,No
4163,0,0,0.14804718675485834,-2.0696263313293457,-0.31962624192237854,base,No
4164,0,0,0.10669059394565118,-2.3987083435058594,-0.2737083435058594,base,No
4165,0,0,0.042087731520181665,-3.5005061626434326,-0.3755062520503998,base,No
4166,0,0,0.2942149597859341,-1.5484659671783447,-0.6734659075737,base,No
4167,0,0,0.4378235137849365,-1.0208613872528076,-0.7708614468574524,base,No
4168,0,0,0.1645164628965632,-1.916939616203308,-0.2919396162033081,base,No
4169,0,0,0.14804719427274565,-2.1589901447296143,-0.40899011492729187,base,No
4170,0,0,0.09534947261117097,-2.577705144882202,-0.3277052342891693,base,No
4171,0,0,0.32082130082460697,-1.368870496749878,-0.6188704967498779,base,No
4172,0,0,0.06008665522337757,-3.1455891132354736,-0.3955892026424408,base,No
4173,0,0,0.10669059962643358,-2.5866005420684814,-0.4616006016731262,base,No
4174,0,0,0.10669060530721626,-2.691344738006592,-0.5663448572158813,base,No
4175,0,0,0.05340333431947304,-3.183537483215332,-0.3085375726222992,base,No
4176,0,0,0.2689414272294874,-1.4408326148986816,-0.44083264470100403,base,No
4177,0,0,0.32082130082460697,-1.486502766609192,-0.7365027666091919,base,No
4178,0,0,0.1645164628965632,-1.9245423078536987,-0.29954230785369873,base,No
4179,0,0,0.32082130082460697,-1.2425196170806885,-0.4925196170806885,base,No
4180,0,0,0.22270014914315833,-1.8289759159088135,-0.5789759755134583,base,No
4181,0,0,0.04208773031866069,-3.609498977661133,-0.4844990372657776,base,No
4182,0,0,0.34864513533394575,-1.24765145778656,-0.6226514577865601,base,No
4183,0,0,0.4378235137849365,-1.0669434070587158,-0.8169434666633606,base,No
4184,0,0,0.18242553269617778,-1.950937032699585,-0.45093709230422974,base,No
4185,0,0,0.3775406828054583,-1.1829848289489746,-0.6829848885536194,base,No
4186,0,0,0.18242552825126704,-1.8843843936920166,-0.384384423494339,base,No
4187,0,0,0.1645164628965632,-1.9417808055877686,-0.31678080558776855,base,No
4188,0,0,0.2018132270610754,-1.7274800539016724,-0.35248008370399475,base,No
4189,0,0,0.11920291576401235,-2.435171604156494,-0.43517154455184937,base,No
4190,0,0,0.16451644651115205,-2.208319664001465,-0.5833195447921753,base,No
4191,0,1,0.5312093733737563,-0.8543427586555481,-0.9793427586555481,base,Yes
4192,0,0,0.22270012850745968,-1.699556589126587,-0.44955652952194214,base,No
4193,0,0,0.16451645470385742,-2.0455684661865234,-0.42056840658187866,base,No
4194,0,0,0.20181322226037882,-1.930907130241394,-0.555907130241394,base,No
4195,0,0,0.11920290950590741,-2.324924945831299,-0.3249248266220093,base,No
4196,0,0,0.20181323186177208,-1.8018698692321777,-0.4268699288368225,base,No
4197,0,0,0.3775406547908327,-1.19040846824646,-0.6904084086418152,base,No
4198,0,0,0.13296424019782924,-2.1832616329193115,-0.3082616329193115,base,No
4199,0,0,0.4378234991142019,-0.9916495680809021,-0.7416495680809021,base,No
4200,0,0,0.14804719051380197,-2.075784206390381,-0.3257841467857361,base,No
4201,0,0,0.37754066879814546,-1.0264509916305542,-0.5264509916305542,base,No
4202,0,0,0.3775406828054583,-1.3421814441680908,-0.8421815037727356,base,No
4203,0,0,0.11920291263495983,-2.404486656188965,-0.4044865667819977,base,No
4204,0,0,0.10669058826486906,-2.507596254348755,-0.3825961947441101,base,No
4205,0,0,0.18242551491653522,-1.9465596675872803,-0.4465596079826355,base,No
4206,0,0,0.09534945975773548,-2.8122832775115967,-0.5622832179069519,base,No
4207,0,0,0.20181323186177208,-1.799025535583496,-0.42402559518814087,base,No
4208,0,0,0.02931222905542399,-3.8686935901641846,-0.3686935305595398,base,No
4209,0,1,0.6513548646660542,-0.9891207218170166,-1.6141207218170166,base,Yes
4210,0,0,0.06754668363133542,-2.920381546020508,-0.29538142681121826,base,No
4211,0,0,0.29421497216298875,-1.384177803993225,-0.5091778039932251,base,No
4212,0,0,0.22270013882530884,-1.802573800086975,-0.5525738000869751,base,No
4213,0,0,0.24508500210441886,-1.6133387088775635,-0.4883386492729187,base,No
4214,0,0,0.1645164792819756,-2.0185599327087402,-0.3935600519180298,base,No
4215,0,0,0.11920292984474948,-2.1782941818237305,-0.17829425632953644,base,No
4216,0,1,0.8519527982093668,-0.3679986298084259,-2.1179986000061035,base,Yes
4217,0,0,0.2942149845400438,-1.3045239448547363,-0.4295240044593811,base,No
4218,0,0,0.2689414096510108,-1.4936408996582031,-0.49364084005355835,base,No
4219,0,0,0.4073333856566001,-1.0503818988800049,-0.6753818392753601,base,No
4220,0,0,0.05340333582602272,-3.1404829025268555,-0.265483021736145,base,No
4221,0,0,0.14804721306746543,-2.2597265243530273,-0.5097266435623169,base,No
4222,0,0,0.11920293453832885,-2.501455307006836,-0.5014554262161255,base,No
4223,0,0,0.26894141551050293,-1.4808038473129272,-0.48080381751060486,base,No
4224,0,0,0.29421497216298875,-1.4542325735092163,-0.5792325735092163,base,No
4225,0,0,0.08509904268669496,-2.669689655303955,-0.2946896255016327,base,No
4226,0,0,0.18242552825126704,-1.9507215023040771,-0.45072153210639954,base,No
4227,0,0,0.1066905911052601,-2.4173743724823,-0.2923743426799774,base,No
4228,0,0,0.09534945461636171,-2.8350086212158203,-0.5850085020065308,base,No
4229,0,0,0.0850990542883219,-2.8612828254699707,-0.48628294467926025,base,No
4230,0,0,0.32082130082460697,-1.3275127410888672,-0.5775127410888672,base,No
4231,0,0,0.3208213138121609,-1.3256843090057373,-0.5756843686103821,base,No
4232,0,0,0.37754066879814546,-1.1679966449737549,-0.6679966449737549,base,No
4233,0,0,0.05340332829327471,-3.1836342811584473,-0.3086342513561249,base,No
4234,0,0,0.09534945718704857,-2.530039072036743,-0.280038982629776,base,No
4235,0,0,0.20181323186177208,-1.8757455348968506,-0.5007455945014954,base,No
4236,0,0,0.34864513533394575,-1.1303478479385376,-0.5053478479385376,base,No
4237,0,0,0.34864513533394575,-1.247183918952942,-0.6221839189529419,base,No
4238,0,0,0.16451645470385742,-2.127157211303711,-0.5021571516990662,base,No
4239,0,0,0.14804720930852133,-2.0740201473236084,-0.32402023673057556,base,No
4240,0,0,0.1329642436335826,-2.326937198638916,-0.4519372284412384,base,No
4241,0,0,0.2227001594610082,-2.0869393348693848,-0.8369394540786743,base,No
4242,0,0,0.4378234991142019,-0.9925642609596252,-0.7425642609596252,base,No
4243,0,0,0.2942149845400438,-1.375898838043213,-0.5008988976478577,base,No
4244,0,0,0.18242552825126704,-1.8801300525665283,-0.3801300823688507,base,No
4245,0,0,0.24508500761839525,-1.560711145401001,-0.4357111155986786,base,No
4246,0,0,0.11920292828022305,-2.4047768115997314,-0.4047768712043762,base,No
4247,0,0,0.08509904036636974,-2.799527168273926,-0.424527108669281,base,No
4248,0,0,0.060086656906500974,-3.220884323120117,-0.47088444232940674,base,No
4249,0,0,0.11920292515117029,-2.3963825702667236,-0.396382600069046,base,No
4250,0,0,0.4378235137849365,-1.097466230392456,-0.8474662899971008,base,No
4251,0,0,0.2689414096510108,-1.6347293853759766,-0.6347293257713318,base,No
4252,0,0,0.29421497216298875,-1.4096794128417969,-0.5346794128417969,base,No
4253,0,0,0.04742587856304458,-3.2944698333740234,-0.294469952583313,base,No
4254,0,0,0.18242552380635632,-2.001077175140381,-0.5010771751403809,base,No
4255,0,0,0.3486451217982255,-1.3469586372375488,-0.721958577632904,base,No
4256,0,0,0.0953494648991095,-2.5676143169403076,-0.3176143169403076,base,No
4257,0,0,0.4073334000459302,-1.1502431631088257,-0.7752431631088257,base,No
4258,0,0,0.13296425050508953,-2.173696517944336,-0.2986966073513031,base,No
4259,0,0,0.24508502416032488,-1.6179265975952148,-0.4929266571998596,base,No
4260,0,0,0.18242553269617778,-1.8588016033172607,-0.3588016629219055,base,No
4261,0,0,0.3208213138121609,-1.3964855670928955,-0.6464856266975403,base,No
4262,0,0,0.2689414213699951,-1.6492506265640259,-0.6492506265640259,base,No
4263,0,0,0.3486451488696663,-1.2839038372039795,-0.6589038968086243,base,No
4264,0,0,0.11920291263495983,-2.429802417755127,-0.4298023283481598,base,No
4265,0,0,0.29421497216298875,-1.4930486679077148,-0.6180486679077148,base,No
4266,0,0,0.22270013882530884,-1.7357592582702637,-0.48575925827026367,base,No
4267,0,0,0.24508500210441886,-1.7334353923797607,-0.608435332775116,base,No
4268,0,0,0.20181322226037882,-1.9057714939117432,-0.5307714939117432,base,No
4269,0,0,0.18242550602671442,-2.056908130645752,-0.5569080114364624,base,No
4270,0,0,0.2689414213699951,-1.530899167060852,-0.530899167060852,base,No
4271,0,0,0.20181321265898594,-1.8377764225006104,-0.4627763628959656,base,No
4272,0,0,0.1329642333263228,-2.607285261154175,-0.73228520154953,base,no
4273,0,1,0.6224593312018546,-0.6118685007095337,-1.1118685007095337,base,Yes
4274,0,0,0.10669060246682488,-2.4227609634399414,-0.29776105284690857,base,No
4275,0,0,0.3208212878370535,-1.2477867603302002,-0.4977867007255554,base,No
4276,0,0,0.13296422989056964,-2.2848258018493652,-0.40982571244239807,base,No
4277,0,0,0.24508501313237172,-1.8900249004364014,-0.7650249004364014,base,No
4278,0,0,0.06754669489377622,-3.026803731918335,-0.40180379152297974,base,No
4279,0,0,0.2942149597859341,-1.4005718231201172,-0.5255717635154724,base,No
4280,0,0,0.20181322226037882,-1.8916209936141968,-0.5166209936141968,base,No
4281,0,1,0.5926666143433998,-0.8205201029777527,-1.1955201625823975,base,Yes
4282,0,1,0.5926665999540697,-0.6268370151519775,-1.0018370151519775,base,Yes
4283,0,0,0.2689414330889798,-1.6279032230377197,-0.6279032826423645,base,No
4284,0,0,0.24508502416032488,-1.7801666259765625,-0.6551666855812073,base,No
4285,0,0,0.3208212878370535,-1.3457496166229248,-0.59574955701828,base,No
4286,0,0,0.24508501864634827,-1.6202976703643799,-0.49529770016670227,base,No
4287,0,0,0.5,-0.9220646619796753,-0.9220646619796753,base,No
4288,0,0,0.22270014398423357,-1.636864185333252,-0.38686421513557434,base,No
4289,0,0,0.1329642264548166,-2.2608695030212402,-0.3858693838119507,base,No
4290,0,0,0.24508500761839525,-1.5532011985778809,-0.42820116877555847,base,No
4291,0,0,0.2689414213699951,-1.4809118509292603,-0.48091185092926025,base,No
4292,0,0,0.3486451488696663,-1.2649579048156738,-0.6399579644203186,base,No
4293,0,0,0.24508500210441886,-1.6290929317474365,-0.5040928721427917,base,No
4294,0,0,0.40733341443526055,-1.112471580505371,-0.7374716401100159,base,No
4295,0,0,0.1066905825840872,-2.5116329193115234,-0.3866328001022339,base,No
4296,0,0,0.3208212878370535,-1.356881856918335,-0.6068817973136902,base,No
4297,0,0,0.3208213138121609,-1.3773272037506104,-0.6273272633552551,base,No
4298,0,0,0.1066905854244781,-2.481955051422119,-0.356954962015152,base,No
4299,0,0,0.4378235137849365,-1.0082075595855713,-0.7582076191902161,base,No
4300,0,0,0.16451645880021026,-1.9712119102478027,-0.34621188044548035,base,No
4301,0,0,0.11920292828022305,-2.362943410873413,-0.36294347047805786,base,No
4302,0,0,0.14804719427274565,-2.1650514602661133,-0.4150514304637909,base,No
4303,0,1,0.7057850278370112,-0.4392387866973877,-1.3142387866973877,base,Yes
4304,0,0,0.16451644651115205,-2.398697853088379,-0.7736977338790894,base,No
4305,0,0,0.32082130082460697,-1.3420979976654053,-0.5920979976654053,base,No
4306,0,0,0.2689414330889798,-1.6732537746429443,-0.6732538342475891,base,No
4307,0,0,0.06008664512463808,-3.1746716499328613,-0.42467156052589417,base,No
4308,0,0,0.34864513533394575,-1.2835021018981934,-0.6585021018981934,base,No
4309,0,0,0.16451645470385742,-2.0821619033813477,-0.4571618437767029,base,No
4310,0,0,0.34864513533394575,-1.716528058052063,-1.091528058052063,base,no
4311,0,0,0.4073333856566001,-1.129291296005249,-0.7542912364006042,base,No
4312,0,0,0.32082130082460697,-1.399712085723877,-0.649712085723877,base,No
4313,0,0,0.13296424706933604,-2.3811488151550293,-0.5061488747596741,base,No
4314,0,0,0.1066905825840872,-2.563255786895752,-0.4382556676864624,base,No
4315,0,0,0.29421497216298875,-1.5618808269500732,-0.6868808269500732,base,No
4316,0,0,0.11920293453832885,-2.323188304901123,-0.3231884241104126,base,No
4317,0,0,0.16451645470385742,-2.0486466884613037,-0.42364662885665894,base,No
4318,0,0,0.1645164792819756,-2.102506637573242,-0.47750675678253174,base,No
4319,0,0,0.4073333856566001,-1.0399458408355713,-0.6649457812309265,base,No
4320,0,0,0.2689414213699951,-1.5234651565551758,-0.5234651565551758,base,No
4321,0,0,0.2018132270610754,-1.8624978065490723,-0.48749783635139465,base,No
4322,0,0,0.3486451217982255,-1.258068323135376,-0.6330682635307312,base,No
4323,0,0,0.2689414330889798,-1.6012849807739258,-0.6012850403785706,base,No
4324,0,0,0.18242551936144574,-1.8533495664596558,-0.3533495366573334,base,No
4325,0,0,0.4378234991142019,-0.9983460903167725,-0.7483460903167725,base,No
4326,0,0,0.46879062662624377,-0.9340617060661316,-0.8090617060661316,base,No
4327,0,0,0.11920293453832885,-2.4893980026245117,-0.48939812183380127,base,No
4328,0,0,0.0758581737534831,-2.875746965408325,-0.37574687600135803,base,No
4329,0,0,0.2018132174596823,-1.8309557437896729,-0.45595571398735046,base,No
4330,0,0,0.34864513533394575,-1.2393484115600586,-0.6143484115600586,base,No
4331,0,0,0.1066905911052601,-2.4804694652557373,-0.3554694354534149,base,No
4332,0,0,0.4073334000459302,-1.1228607892990112,-0.7478607892990112,base,No
4333,0,0,0.2689414213699951,-1.564267635345459,-0.564267635345459,base,No
4334,0,0,0.20181323186177208,-2.0257959365844727,-0.6507959961891174,base,No
4335,0,0,0.22270013882530884,-1.6797033548355103,-0.42970335483551025,base,No
4336,0,0,0.37754066879814546,-1.0997004508972168,-0.5997004508972168,base,No
4337,0,0,0.10669060530721626,-2.6413354873657227,-0.5163356065750122,base,No
4338,0,0,0.32082130082460697,-1.3821204900741577,-0.6321204900741577,base,No
4339,0,0,0.18242552380635632,-1.9689102172851562,-0.46891021728515625,base,No
4340,0,0,0.2689414272294874,-1.4950371980667114,-0.4950372278690338,base,No
4341,0,0,0.08509903920620716,-2.5808472633361816,-0.20584718883037567,base,No
4342,0,0,0.10669059962643358,-2.4543871879577637,-0.32938724756240845,base,No
4343,0,0,0.20181323186177208,-1.823293685913086,-0.4482937455177307,base,No
4344,0,0,0.3486451488696663,-1.133981704711914,-0.5089817643165588,base,No
4345,0,0,0.18242551491653522,-1.8948254585266113,-0.39482539892196655,base,No
4346,0,0,0.22270012850745968,-1.7484893798828125,-0.4984893202781677,base,No
4347,0,0,0.0758581737534831,-2.9876441955566406,-0.48764410614967346,base,No
4348,0,0,0.4378234991142019,-1.0910890102386475,-0.8410890102386475,base,No
4349,0,0,0.1480471829959148,-2.1788558959960938,-0.4288557767868042,base,No
4350,0,0,0.22270014914315833,-1.6157934665679932,-0.36579352617263794,base,No
4351,0,0,0.3486451217982255,-1.3981380462646484,-0.7731379866600037,base,No
4352,0,0,0.0953494674697966,-2.7459278106689453,-0.4959278404712677,base,No
4353,0,0,0.20181323186177208,-1.9211223125457764,-0.5461223721504211,base,No
4354,0,0,0.3486451217982255,-1.2867627143859863,-0.6617626547813416,base,No
4355,0,0,0.2689414272294874,-1.4521872997283936,-0.45218732953071594,base,No
4356,0,0,0.4073333856566001,-1.0796828269958496,-0.7046827673912048,base,No
4357,0,0,0.16451647108926923,-2.163909673690796,-0.5389097332954407,base,No
4358,0,0,0.07585818837825822,-2.8158679008483887,-0.3158680200576782,base,No
4359,0,1,0.7057850340255386,-0.47709760069847107,-1.3520976305007935,base,Yes
4360,0,0,0.13296425050508953,-2.2926809787750244,-0.4176810681819916,base,No
4361,0,1,0.5621765008857981,-0.714040994644165,-0.964040994644165,base,Yes
4362,0,0,0.2942149845400438,-1.606475830078125,-0.7314758896827698,base,No
4363,0,0,0.34864513533394575,-1.1990479230880737,-0.5740479230880737,base,No
4364,0,0,0.10669059394565118,-2.6041674613952637,-0.47916746139526367,base,No
4365,0,0,0.13296425050508953,-2.2655017375946045,-0.39050182700157166,base,No
4366,0,0,0.20181322226037882,-1.8989121913909912,-0.5239121913909912,base,No
4367,0,0,0.2018132174596823,-1.7822141647338867,-0.40721413493156433,base,No
4368,0,0,0.4378234991142019,-1.0453282594680786,-0.7953282594680786,base,No
4369,0,0,0.0850990357257195,-2.8246302604675293,-0.44963014125823975,base,No
4370,0,0,0.14804720179063335,-2.1748623847961426,-0.42486241459846497,base,No
4371,0,0,0.1824255415859996,-2.065993309020996,-0.5659934282302856,base,No
4372,0,0,0.18242552380635632,-1.8326228857040405,-0.3326228857040405,base,No
4373,0,0,0.18242553269617778,-1.9652652740478516,-0.46526533365249634,base,No
4374,0,0,0.08509904036636974,-2.8050618171691895,-0.4300617575645447,base,No
4375,0,0,0.4378234991142019,-0.9284510016441345,-0.6784510016441345,base,No
4376,0,1,0.7549149868676283,-0.6419357061386108,-1.7669357061386108,base,Yes
4377,0,0,0.09534947004048376,-2.6524014472961426,-0.40240150690078735,base,No
4378,0,0,0.1329642333263228,-2.3462226390838623,-0.47122257947921753,base,No
4379,0,0,0.07585818002124356,-2.868084192276001,-0.368084192276001,base,No
4380,0,0,0.13296423676207594,-2.217576503753662,-0.3425764739513397,base,No
4381,0,0,0.34864513533394575,-1.1601307392120361,-0.5351307392120361,base,No
4382,0,0,0.20181322226037882,-1.7067384719848633,-0.3317384719848633,base,No
4383,0,0,0.29421496597446145,-1.374188780784607,-0.49918875098228455,base,No
4384,0,0,0.11920292828022305,-2.599299669265747,-0.5992997288703918,base,No
4385,0,0,0.2689414096510108,-1.5213584899902344,-0.5213584303855896,base,No
4386,0,0,0.07585818211049715,-2.8291428089141846,-0.32914283871650696,base,No
4387,0,0,0.4073334000459302,-1.0549776554107666,-0.6799776554107666,base,No
4388,0,0,0.2942149783515162,-1.3644835948944092,-0.48948362469673157,base,No
4389,0,0,0.1645164628965632,-2.0934901237487793,-0.4684901237487793,base,No
4390,0,0,0.46879062662624377,-0.9118643403053284,-0.7868643403053284,base,No
4391,0,0,0.4073334000459302,-1.083748698234558,-0.7087486982345581,base,No
4392,0,0,0.16451646699291617,-1.9481667280197144,-0.32316675782203674,base,No
4393,0,0,0.22270013882530884,-1.7114181518554688,-0.46141815185546875,base,No
4394,0,0,0.4378234991142019,-1.0946769714355469,-0.8446769714355469,base,No
4395,0,0,0.20181322226037882,-1.870131492614746,-0.4951314926147461,base,No
4396,0,0,0.4378234844434674,-1.021498680114746,-0.7714986205101013,base,No
4397,0,0,0.2942149845400438,-1.4376349449157715,-0.5626350045204163,base,No
4398,0,0,0.4378234991142019,-1.2057626247406006,-0.9557626247406006,base,No
4399,0,0,0.18242552380635632,-1.8624634742736816,-0.36246347427368164,base,No
4400,0,0,0.46879062662624377,-0.9100413918495178,-0.7850413918495178,base,No
4401,0,0,0.0675466911396291,-3.09660005569458,-0.4716000556945801,base,No
4402,0,0,0.20181323186177208,-1.8974905014038086,-0.5224905610084534,base,No
4403,0,0,0.37754066879814546,-1.27052903175354,-0.77052903175354,base,No
4404,0,0,0.18242552380635632,-1.865189790725708,-0.365189790725708,base,No
4405,0,0,0.24508501313237172,-1.601588487625122,-0.47658848762512207,base,No
4406,0,0,0.3486451217982255,-1.2335624694824219,-0.6085624098777771,base,No
4407,0,0,0.05340332829327471,-3.263807535171509,-0.3888075053691864,base,No
4408,0,0,0.1066905825840872,-2.672196865081787,-0.5471967458724976,base,No
4409,0,1,0.7310585786300049,-0.5485724210739136,-1.5485724210739136,base,Yes
4410,0,0,0.2689414213699951,-1.537570834159851,-0.5375708341598511,base,No
4411,0,0,0.24508500210441886,-1.6005442142486572,-0.47554415464401245,base,No
4412,0,0,0.4378234991142019,-0.9743956923484802,-0.7243956923484802,base,No
4413,0,0,0.29421497216298875,-1.3497440814971924,-0.4747440814971924,base,No
4414,0,0,0.4073334000459302,-1.1149107217788696,-0.7399107217788696,base,No
4415,0,0,0.08509904268669496,-2.679868698120117,-0.3048686683177948,base,No
4416,0,0,0.32082130082460697,-1.6241872310638428,-0.8741872310638428,base,No
4417,0,0,0.1645164628965632,-2.1011128425598145,-0.47611284255981445,base,No
4418,0,0,0.22270014914315833,-2.023569107055664,-0.7735691666603088,base,No
4419,0,0,0.2018132270610754,-1.7835056781768799,-0.40850570797920227,base,No
4420,0,0,0.16451645470385742,-2.024418592453003,-0.39941853284835815,base,No
4421,0,0,0.2942149597859341,-1.3998589515686035,-0.5248588919639587,base,No
4422,0,0,0.18242552825126704,-1.934881329536438,-0.4348813593387604,base,No
4423,0,0,0.07585818837825822,-2.911545753479004,-0.41154587268829346,base,No
4424,0,0,0.29421497216298875,-1.4509674310684204,-0.5759674310684204,base,No
4425,0,0,0.22270013882530884,-1.9161410331726074,-0.6661410331726074,base,No
4426,0,0,0.3486451488696663,-1.2654485702514648,-0.6404486298561096,base,No
4427,0,0,0.09534945975773548,-2.747551441192627,-0.4975513815879822,base,No
4428,0,0,0.20181322226037882,-1.8732703924179077,-0.4982703924179077,base,No
4429,0,0,0.10669058826486906,-2.5005478858947754,-0.3755478262901306,base,No
4430,0,0,0.5,-0.8408738374710083,-0.8408738374710083,base,No
4431,0,0,0.29421497216298875,-1.5846306085586548,-0.7096306085586548,base,No
4432,0,0,0.2942149845400438,-1.4375698566436768,-0.5625699162483215,base,No
4433,0,0,0.4073334000459302,-1.0015406608581543,-0.6265406608581543,base,No
4434,0,0,0.09534945975773548,-2.5006649494171143,-0.2506648898124695,base,No
4435,0,0,0.5,-0.8856103420257568,-0.8856103420257568,base,No
4436,0,0,0.20181321265898594,-1.9047858715057373,-0.5297858119010925,base,No
4437,0,0,0.29421497216298875,-1.3596487045288086,-0.4846487045288086,base,No
4438,0,0,0.08509904964767095,-2.7132997512817383,-0.33829981088638306,base,No
4439,0,0,0.20181323186177208,-1.9255797863006592,-0.550579845905304,base,No
4440,0,0,0.11920291263495983,-2.3572561740875244,-0.35725608468055725,base,No
4441,0,0,0.13296425050508953,-2.2728114128112793,-0.39781150221824646,base,No
4442,0,0,0.22270014398423357,-1.6834752559661865,-0.4334752857685089,base,No
4443,0,0,0.34864513533394575,-1.4753676652908325,-0.8503676652908325,base,No
4444,0,0,0.2689414213699951,-1.471605658531189,-0.47160565853118896,base,No
4445,0,0,0.24508500761839525,-1.4887045621871948,-0.36370453238487244,base,No
4446,0,0,0.04742587721667508,-3.2940595149993896,-0.2940596044063568,base,No
4447,0,0,0.24508501864634827,-1.5696066617965698,-0.4446066915988922,base,No
4448,0,0,0.26894141551050293,-1.4894057512283325,-0.48940572142601013,base,No
4449,0,1,0.5926665855647394,-0.6843810677528381,-1.0593810081481934,base,Yes
4450,0,0,0.1192029188930649,-2.4062867164611816,-0.40628668665885925,base,No
4451,0,0,0.16451645470385742,-2.1090664863586426,-0.4840664267539978,base,No
4452,0,0,0.18242552380635632,-2.0066654682159424,-0.5066654682159424,base,No
4453,0,0,0.1329642333263228,-2.2890074253082275,-0.41400736570358276,base,No
4454,0,0,0.29421497216298875,-1.2888150215148926,-0.4138150215148926,base,No
4455,0,0,0.16451645880021026,-1.922747254371643,-0.2977472245693207,base,No
4456,0,0,0.2018132174596823,-1.7991914749145508,-0.4241914451122284,base,No
4457,0,0,0.09534945718704857,-2.592869758605957,-0.34286966919898987,base,No
4458,0,0,0.3208213138121609,-1.3008372783660889,-0.5508373379707336,base,No
4459,0,0,0.10669059678604234,-2.481454372406006,-0.35645440220832825,base,No
4460,0,0,0.34864513533394575,-1.2129042148590088,-0.5879042148590088,base,No
4461,0,0,0.32082130082460697,-1.4879226684570312,-0.7379226684570312,base,No
4462,0,0,0.2689414213699951,-1.5868467092514038,-0.5868467092514038,base,No
4463,0,0,0.2018132174596823,-1.807449460029602,-0.43244943022727966,base,No
4464,0,0,0.5,-0.8563824892044067,-0.8563824892044067,base,No
4465,0,0,0.16451645880021026,-1.95303213596344,-0.32803210616111755,base,No
4466,0,0,0.1329642436335826,-2.35402774810791,-0.47902777791023254,base,No
4467,0,1,0.6513548646660542,-0.5760716199874878,-1.2010716199874878,base,Yes
4468,0,0,0.40733341443526055,-1.0206470489501953,-0.6456471085548401,base,No
4469,0,0,0.3775406547908327,-1.0924482345581055,-0.5924481749534607,base,No
4470,0,0,0.09534947261117097,-2.5165960788726807,-0.2665961682796478,base,No
4471,0,0,0.40733341443526055,-1.001533031463623,-0.6265330910682678,base,No
4472,0,0,0.24508500210441886,-1.6977553367614746,-0.5727552771568298,base,No
4473,0,0,0.11920292515117029,-2.324167013168335,-0.32416704297065735,base,No
4474,0,0,0.29421497216298875,-1.4336206912994385,-0.5586206912994385,base,No
4475,0,0,0.03308598029553404,-3.62515926361084,-0.2501593232154846,base,No
4476,0,0,0.4378234991142019,-1.020499348640442,-0.7704993486404419,base,No
4477,0,0,0.3208213138121609,-1.592090368270874,-0.8420904278755188,base,No
4478,0,0,0.29421497216298875,-1.5279914140701294,-0.6529914140701294,base,No
4479,0,0,0.1329642333263228,-2.2289464473724365,-0.35394638776779175,base,No
4480,0,0,0.5,-0.824630081653595,-0.824630081653595,base,No
4481,0,0,0.24508500210441886,-1.6508221626281738,-0.525822103023529,base,No
4482,0,0,0.18242552380635632,-1.894635558128357,-0.39463555812835693,base,No
4483,0,0,0.24508501313237172,-1.5733855962753296,-0.4483855962753296,base,No
4484,0,0,0.5,-0.922593891620636,-0.922593891620636,base,No
4485,0,0,0.22270013882530884,-1.7206615209579468,-0.4706615209579468,base,No
4486,0,0,0.2018132270610754,-1.765164852142334,-0.39016488194465637,base,No
4487,0,0,0.0953494648991095,-2.620729923248291,-0.370729923248291,base,No
4488,0,0,0.2689414272294874,-1.4913673400878906,-0.491367369890213,base,No
4489,0,0,0.047425867792089564,-3.417389392852783,-0.41738927364349365,base,No
4490,0,1,0.89330940889474,-0.2586664855480194,-2.383666515350342,base,Yes
4491,0,0,0.16451647518562237,-2.0742714405059814,-0.4492715299129486,base,No
4492,0,0,0.29421497216298875,-1.4590076208114624,-0.5840076208114624,base,No
4493,0,0,0.22270013882530884,-1.7254530191421509,-0.4754530191421509,base,No
4494,0,0,0.4073334000459302,-1.2096003293991089,-0.8346003293991089,base,No
4495,0,1,0.5621765008857981,-0.6973655819892883,-0.9473655819892883,base,Yes
4496,0,0,0.24508501313237172,-1.7411543130874634,-0.6161543130874634,base,No
4497,0,0,0.14804720930852133,-2.2003097534179688,-0.4503098428249359,base,No
4498,0,0,0.1329642333263228,-2.2358853816986084,-0.3608853220939636,base,No
4499,0,0,0.34864513533394575,-1.5529922246932983,-0.9279922246932983,base,No
4500,0,0,0.24508501864634827,-1.6035230159759521,-0.47852304577827454,base,No
4501,0,0,0.20181322226037882,-2.0698347091674805,-0.6948347091674805,base,No
4502,0,0,0.29421497216298875,-1.400199055671692,-0.5251990556716919,base,No
4503,0,0,0.06754669677084987,-2.938394546508789,-0.3133946359157562,base,No
4504,0,0,0.06754668738548215,-3.2351317405700684,-0.6101316809654236,base,No
4505,0,0,0.16451647108926923,-2.1006245613098145,-0.47562462091445923,base,No
4506,0,0,0.29421497216298875,-1.4568513631820679,-0.5818513631820679,base,No
4507,0,0,0.1329642333263228,-2.28653883934021,-0.4115387797355652,base,No
4508,0,0,0.1480472055495773,-2.4120678901672363,-0.6620679497718811,base,No
4509,0,0,0.20181323186177208,-1.7421698570251465,-0.36716991662979126,base,No
4510,0,0,0.0675466911396291,-3.098147392272949,-0.4731473922729492,base,No
4511,0,0,0.1192029188930649,-2.4228715896606445,-0.42287155985832214,base,No
4512,0,1,0.6224593312018546,-0.6167314052581787,-1.1167314052581787,base,Yes
4513,0,0,0.11920291576401235,-2.4359054565429688,-0.435905396938324,base,No
4514,0,0,0.047425871831197425,-3.3813681602478027,-0.38136813044548035,base,No
4515,0,0,0.11920292984474948,-2.1763668060302734,-0.1763668805360794,base,No
4516,0,0,0.1066905911052601,-2.5453879833221436,-0.42038795351982117,base,No
4517,0,0,0.4073334000459302,-1.0625309944152832,-0.6875309944152832,base,No
4518,0,0,0.29421497216298875,-1.4178762435913086,-0.5428762435913086,base,No
4519,0,0,0.20181323186177208,-1.694164752960205,-0.31916481256484985,base,No
4520,0,0,0.4378234844434674,-1.0688607692718506,-0.8188607096672058,base,No
4521,0,0,0.16451645470385742,-2.1006920337677,-0.4756919741630554,base,No
4522,0,0,0.29421497216298875,-1.4417811632156372,-0.5667811632156372,base,No
4523,0,0,0.46879064146934857,-1.0562057495117188,-0.9312058091163635,base,No
4524,0,1,0.6513548511303336,-0.5692752003669739,-1.194275140762329,base,Yes
4525,0,0,0.22270013882530884,-1.796370029449463,-0.5463700294494629,base,No
4526,0,0,0.11920291263495983,-2.4302597045898438,-0.4302596151828766,base,No
4527,0,0,0.06008665354025422,-3.109503984451294,-0.3595040440559387,base,No
4528,0,0,0.32082130082460697,-1.3994263410568237,-0.6494263410568237,base,No
4529,0,0,0.10669058826486906,-2.568983554840088,-0.4439834952354431,base,No
4530,0,0,0.2018132174596823,-1.8172355890274048,-0.4422355592250824,base,No
4531,0,0,0.08509904036636974,-2.808112621307373,-0.43311256170272827,base,No
4532,0,1,0.5312093585306514,-0.8793047070503235,-1.0043046474456787,base,Yes
4533,0,0,0.11920291576401235,-2.4285497665405273,-0.42854970693588257,base,No
4534,0,0,0.18242551491653522,-1.9506492614746094,-0.4506492018699646,base,No
4535,0,0,0.2018132270610754,-1.7295417785644531,-0.3545418083667755,base,No
4536,0,0,0.07585817166422973,-2.8071699142456055,-0.3071697950363159,base,No
4537,0,0,0.3486451217982255,-1.227942943572998,-0.6029428839683533,base,No
4538,0,0,0.5,-0.8565115928649902,-0.8565115928649902,base,No
4539,0,0,0.3208213138121609,-1.445357084274292,-0.6953571438789368,base,No
4540,0,0,0.16451646494473965,-1.8647136688232422,-0.23971368372440338,base,No
4541,0,1,0.5926665999540697,-0.6781314611434937,-1.0531314611434937,base,Yes
4542,0,0,0.4073334000459302,-1.0139257907867432,-0.6389257907867432,base,No
4543,0,0,0.5,-0.8510940074920654,-0.8510940074920654,base,No
4544,0,0,0.08509904732734556,-2.6310744285583496,-0.256074458360672,base,No
4545,0,1,0.7057850278370112,-0.5222028493881226,-1.3972028493881226,base,Yes
4546,0,0,0.22270013882530884,-1.6946005821228027,-0.44460058212280273,base,No
4547,0,0,0.16451645880021026,-1.9220126867294312,-0.29701265692710876,base,No
4548,0,0,0.22270013366638422,-1.6540241241455078,-0.4040240943431854,base,No
4549,0,0,0.34864513533394575,-1.305605411529541,-0.680605411529541,base,No
4550,0,0,0.3486451217982255,-1.2383434772491455,-0.6133434176445007,base,No
4551,0,1,0.5312093733737563,-0.7645489573478699,-0.8895489573478699,base,Yes
4552,0,0,0.3775406828054583,-1.0835654735565186,-0.5835655331611633,base,No
4553,0,0,0.22270012850745968,-1.7360665798187256,-0.4860665202140808,base,No
4554,0,0,0.24508500210441886,-1.6526286602020264,-0.5276286005973816,base,No
4555,0,0,0.24508501313237172,-1.5796170234680176,-0.4546170234680176,base,No
4556,0,0,0.29421497216298875,-1.5595277547836304,-0.6845277547836304,base,No
4557,0,0,0.46879062662624377,-0.9055814146995544,-0.7805814146995544,base,No
4558,0,0,0.4378235137849365,-1.0188624858856201,-0.7688625454902649,base,No
4559,0,0,0.4073333856566001,-1.1331493854522705,-0.7581493258476257,base,No
4560,0,0,0.20181323186177208,-1.9236435890197754,-0.5486436486244202,base,No
4561,0,0,0.24508500761839525,-1.6185834407806396,-0.49358341097831726,base,No
4562,0,0,0.4073334000459302,-1.2070999145507812,-0.8320999145507812,base,No
4563,0,0,0.22270014398423357,-1.7218290567398071,-0.4718290865421295,base,No
4564,0,0,0.1645164506075047,-2.049156427383423,-0.4241563379764557,base,No
4565,0,0,0.13296425050508953,-2.1712448596954346,-0.29624494910240173,base,No
4566,0,0,0.2018132174596823,-1.838503122329712,-0.4635030925273895,base,No
4567,0,0,0.1645164628965632,-2.0423409938812256,-0.4173409938812256,base,No
4568,0,0,0.1329642333263228,-2.3063783645629883,-0.4313783049583435,base,No
4569,0,1,0.880797068590724,-0.3106571137905121,-2.310657024383545,base,Yes
4570,0,0,0.4378234991142019,-1.0066864490509033,-0.7566864490509033,base,No
4571,0,0,0.24508502416032488,-1.680649995803833,-0.5556500554084778,base,No
4572,0,0,0.13296424706933604,-2.3902664184570312,-0.515266478061676,base,No
4573,0,1,0.5312093733737563,-0.8422422409057617,-0.9672422409057617,base,Yes
4574,0,0,0.34864513533394575,-1.1443017721176147,-0.5193017721176147,base,No
4575,0,0,0.1066905854244781,-2.3829193115234375,-0.25791922211647034,base,No
4576,0,0,0.2689414330889798,-1.6638672351837158,-0.6638672947883606,base,No
4577,0,0,0.20181323186177208,-1.763178825378418,-0.38817888498306274,base,No
4578,0,0,0.18242551491653522,-1.975039005279541,-0.47503894567489624,base,No
4579,0,0,0.20181323186177208,-2.0811867713928223,-0.706186830997467,base,No
4580,0,0,0.04742586913845881,-3.3176803588867188,-0.3176802694797516,base,No
4581,0,0,0.37754066879814546,-1.264805555343628,-0.7648055553436279,base,No
4582,0,0,0.18242553269617778,-2.1056621074676514,-0.6056621670722961,base,No
4583,0,0,0.24508501313237172,-1.506232738494873,-0.38123273849487305,base,No
4584,0,0,0.08509904268669496,-2.677739143371582,-0.30273911356925964,base,No
4585,0,0,0.0953494648991095,-2.618678092956543,-0.36867809295654297,base,No
4586,0,0,0.2689414213699951,-1.5273422002792358,-0.5273422002792358,base,No
4587,0,0,0.11920292515117029,-2.4390451908111572,-0.4390452206134796,base,No
4588,0,0,0.24508502416032488,-1.8683903217315674,-0.7433903813362122,base,No
4589,0,0,0.1066905854244781,-2.557676315307617,-0.43267622590065,base,No
4590,0,0,0.14804721306746543,-2.053016185760498,-0.3030163049697876,base,No
4591,0,0,0.06754669489377622,-3.1312575340270996,-0.5062575936317444,base,No
4592,0,0,0.24508501313237172,-1.5516077280044556,-0.42660772800445557,base,No
4593,0,0,0.20181322226037882,-1.9233970642089844,-0.5483970642089844,base,No
4594,0,0,0.18242551936144574,-1.883603572845459,-0.3836035430431366,base,No
4595,0,0,0.10669059962643358,-2.526092529296875,-0.4010925889015198,base,No
4596,0,1,0.6224593312018546,-0.5540971755981445,-1.0540971755981445,base,Yes
4597,0,0,0.24508502416032488,-1.7388365268707275,-0.6138365864753723,base,No
4598,0,0,0.22270012850745968,-1.9043235778808594,-0.6543235182762146,base,No
4599,0,0,0.16451645470385742,-2.1014459133148193,-0.47644585371017456,base,No
4600,0,0,0.29421497216298875,-1.621707558631897,-0.746707558631897,base,No
4601,0,0,0.2689414213699951,-1.6192476749420166,-0.6192476749420166,base,No
4602,0,0,0.13296422989056964,-2.233698844909668,-0.3586987555027008,base,No
4603,0,0,0.08509904964767095,-3.045180320739746,-0.6701803803443909,base,no
4604,0,1,0.5926666143433998,-0.6427614092826843,-1.017761468887329,base,Yes
4605,0,0,0.29421497216298875,-1.415989875793457,-0.540989875793457,base,No
4606,0,0,0.34864513533394575,-1.2365679740905762,-0.6115679740905762,base,No
4607,0,0,0.37754066879814546,-1.270113468170166,-0.770113468170166,base,No
4608,0,0,0.14804720179063335,-2.0904743671417236,-0.340474396944046,base,No
4609,0,0,0.18242552380635632,-2.094914674758911,-0.5949146747589111,base,No
4610,0,0,0.11920291576401235,-2.5040524005889893,-0.5040523409843445,base,No
4611,0,0,0.0850990519679964,-2.7231690883636475,-0.3481691777706146,base,No
4612,0,0,0.18242552380635632,-2.0305233001708984,-0.5305233001708984,base,No
4613,0,0,0.2018132270610754,-1.7938621044158936,-0.41886213421821594,base,No
4614,0,0,0.22270013882530884,-1.8683772087097168,-0.6183772087097168,base,No
4615,0,0,0.18242551936144574,-1.9679293632507324,-0.46792933344841003,base,No
4616,0,0,0.24508502416032488,-1.7630102634429932,-0.6380103230476379,base,No
4617,0,0,0.16451645470385742,-1.9458396434783936,-0.3208395838737488,base,No
4618,0,0,0.11920292515117029,-2.3666248321533203,-0.3666248619556427,base,No
4619,0,0,0.4073334000459302,-0.967496931552887,-0.592496931552887,base,No
4620,0,0,0.4073334000459302,-1.0911529064178467,-0.7161529064178467,base,No
4621,0,0,0.2942149597859341,-1.4128656387329102,-0.5378655791282654,base,No
4622,0,0,0.20181322226037882,-1.872469186782837,-0.4974691867828369,base,No
4623,0,0,0.2942149597859341,-1.4606215953826904,-0.5856215357780457,base,No
4624,0,0,0.22270013882530884,-1.7536063194274902,-0.5036063194274902,base,No
4625,0,0,0.4073334000459302,-1.3014248609542847,-0.9264248609542847,base,No
4626,0,0,0.13296425050508953,-2.218839645385742,-0.34383973479270935,base,No
4627,0,0,0.1824255415859996,-2.045684337615967,-0.5456844568252563,base,No
4628,0,0,0.20181321265898594,-2.062147617340088,-0.6871475577354431,base,No
4629,0,0,0.11920291263495983,-2.344785213470459,-0.3447851240634918,base,No
4630,0,0,0.0850990519679964,-2.7936573028564453,-0.4186573922634125,base,No
4631,0,0,0.20181321265898594,-2.071176052093506,-0.6961759924888611,base,No
4632,0,0,0.11920291576401235,-2.720716714859009,-0.720716655254364,base,no
4633,0,1,0.5621765008857981,-0.7607412338256836,-1.0107412338256836,base,Yes
4634,0,0,0.08509903804604459,-2.7072982788085938,-0.3322981894016266,base,No
4635,0,0,0.1480471829959148,-2.106719970703125,-0.35671985149383545,base,No
4636,0,0,0.22270012850745968,-1.6890151500701904,-0.43901509046554565,base,No
4637,0,1,0.5621765008857981,-0.7912571430206299,-1.0412571430206299,base,Yes
4638,0,0,0.5,-0.8279832601547241,-0.8279832601547241,base,No
4639,0,0,0.4073334000459302,-1.1829301118850708,-0.8079301118850708,base,No
4640,0,0,0.20181322226037882,-1.835048794746399,-0.4600487947463989,base,No
4641,0,0,0.22270012850745968,-1.9218857288360596,-0.6718856692314148,base,No
4642,0,0,0.14804721306746543,-2.155668258666992,-0.40566837787628174,base,No
4643,0,0,0.06008664512463808,-3.2126734256744385,-0.4626733362674713,base,No
4644,0,0,0.3208212878370535,-1.243098497390747,-0.4930984377861023,base,No
4645,0,0,0.08509903688588204,-2.5669209957122803,-0.19192089140415192,base,No
4646,0,0,0.07585817793199003,-2.8443703651428223,-0.3443703353404999,base,No
4647,0,0,0.08509904268669496,-2.683952569961548,-0.30895254015922546,base,No
4648,0,0,0.4073334000459302,-1.0337573289871216,-0.6587573289871216,base,No
4649,0,0,0.34864513533394575,-1.1321784257888794,-0.5071784257888794,base,No
4650,0,0,0.32082130082460697,-1.4011000394821167,-0.6511000394821167,base,No
4651,0,0,0.1645164792819756,-2.210122585296631,-0.5851227045059204,base,No
4652,0,0,0.4073334000459302,-1.0857001543045044,-0.7107001543045044,base,No
4653,0,0,0.1329642333263228,-2.2226452827453613,-0.34764522314071655,base,No
4654,0,0,0.13296423676207594,-2.351837635040283,-0.4768376052379608,base,No
4655,0,0,0.1480471980316895,-2.183901309967041,-0.433901309967041,base,No
4656,0,0,0.1329642333263228,-2.3387465476989746,-0.46374648809432983,base,No
4657,0,0,0.22270012850745968,-1.8645567893981934,-0.6145567297935486,base,No
4658,0,0,0.2689414213699951,-1.5061286687850952,-0.5061286687850952,base,No
4659,0,0,0.14804719051380197,-2.3955934047698975,-0.6455933451652527,base,No
4660,0,0,0.2942149597859341,-1.4856033325195312,-0.6106032729148865,base,No
4661,0,0,0.26894141551050293,-1.3753029108047485,-0.37530288100242615,base,No
4662,0,1,0.6791787121629466,-0.581551730632782,-1.3315517902374268,base,Yes
4663,0,0,0.11920291576401235,-2.6582565307617188,-0.658256471157074,base,No
4664,0,0,0.22270014398423357,-1.6897143125534058,-0.43971434235572815,base,No
4665,0,0,0.09534947261117097,-2.684661865234375,-0.43466195464134216,base,No
4666,0,0,0.3775406828054583,-1.3538305759429932,-0.8538306355476379,base,No
4667,0,0,0.16451647518562237,-2.051460027694702,-0.4264601171016693,base,No
4668,0,0,0.1645164628965632,-2.1641650199890137,-0.5391650199890137,base,No
4669,0,0,0.4378234991142019,-0.9834840297698975,-0.7334840297698975,base,No
4670,0,0,0.20181321265898594,-1.931722640991211,-0.5567225813865662,base,No
4671,0,0,0.047425871831197425,-3.352849006652832,-0.35284897685050964,base,No
4672,0,0,0.2689414213699951,-1.5132615566253662,-0.5132615566253662,base,No
4673,0,0,0.46879062662624377,-1.0244503021240234,-0.8994503021240234,base,No
4674,0,0,0.46879062662624377,-0.8783683776855469,-0.7533683776855469,base,No
4675,0,0,0.1480472055495773,-2.3919081687927246,-0.6419082283973694,base,No
4676,0,0,0.1066905911052601,-2.536586284637451,-0.4115862548351288,base,No
4677,0,0,0.3486451217982255,-1.5179054737091064,-0.8929054141044617,base,No
4678,0,0,0.24508502416032488,-1.6523048877716064,-0.5273049473762512,base,No
4679,0,0,0.08509904964767095,-2.8327207565307617,-0.4577208161354065,base,No
4680,0,0,0.09534947261117097,-2.5228970050811768,-0.2728970944881439,base,No
4681,0,1,0.5621765008857981,-0.69100022315979,-0.94100022315979,base,Yes
4682,0,0,0.14804720930852133,-2.072946786880493,-0.3229468762874603,base,No
4683,0,0,0.11920292828022305,-2.3225789070129395,-0.32257896661758423,base,No
4684,0,0,0.5,-0.8319329619407654,-0.8319329619407654,base,No
4685,0,0,0.20181322226037882,-2.038358688354492,-0.6633586883544922,base,No
4686,0,0,0.2018132270610754,-1.7918014526367188,-0.41680148243904114,base,No
4687,0,0,0.06754669864792355,-2.97513484954834,-0.3501349687576294,base,No
4688,0,0,0.18242552380635632,-1.946628212928772,-0.446628212928772,base,No
4689,0,0,0.16451645880021026,-1.958567500114441,-0.33356747031211853,base,No
4690,0,0,0.1066905911052601,-2.3301007747650146,-0.20510074496269226,base,No
4691,0,0,0.10669058400428263,-2.373706102371216,-0.24870599806308746,base,No
4692,0,0,0.20181321265898594,-1.9968035221099854,-0.6218034625053406,base,No
4693,0,0,0.4378234991142019,-0.935499370098114,-0.685499370098114,base,No
4694,0,0,0.4073334000459302,-1.0164189338684082,-0.6414189338684082,base,No
4695,0,0,0.24508500210441886,-1.8306314945220947,-0.70563143491745,base,No
4696,0,0,0.4073333856566001,-1.1119534969329834,-0.7369534373283386,base,No
4697,0,0,0.2689414272294874,-1.4942238330841064,-0.49422386288642883,base,No
4698,0,0,0.46879062662624377,-0.9693653583526611,-0.8443653583526611,base,No
4699,0,0,0.0953494648991095,-3.0479085445404053,-0.7979085445404053,base,no
4700,0,0,0.1329642264548166,-2.42875337600708,-0.5537532567977905,base,No
4701,0,0,0.13296424706933604,-2.340235471725464,-0.46523553133010864,base,No
4702,0,0,0.08509904964767095,-3.1099801063537598,-0.7349801659584045,base,No
4703,0,0,0.18242552825126704,-1.9406356811523438,-0.44063571095466614,base,No
4704,0,0,0.3775406828054583,-1.4522881507873535,-0.9522882103919983,base,No
4705,0,0,0.07585818524437762,-2.7429215908050537,-0.24292166531085968,base,No
4706,0,0,0.18242551936144574,-1.9175513982772827,-0.4175513684749603,base,No
4707,0,0,0.4073333856566001,-1.0817935466766357,-0.706793487071991,base,No
4708,0,0,0.32082130082460697,-1.4206252098083496,-0.6706252098083496,base,No
4709,0,0,0.4378235137849365,-1.0547213554382324,-0.8047214150428772,base,No
4710,0,0,0.26894141551050293,-1.4942691326141357,-0.49426910281181335,base,No
4711,0,0,0.2942149597859341,-1.3876469135284424,-0.5126468539237976,base,No
4712,0,0,0.18242550602671442,-2.180798053741455,-0.6807979345321655,base,No
4713,0,0,0.32082130082460697,-1.2874253988265991,-0.5374253988265991,base,No
4714,0,0,0.3775406547908327,-1.1986968517303467,-0.6986967921257019,base,No
4715,0,0,0.2689414213699951,-1.526424527168274,-0.5264245271682739,base,No
4716,0,0,0.2689414213699951,-1.5287326574325562,-0.5287326574325562,base,No
4717,0,0,0.4378235137849365,-1.037156105041504,-0.7871561646461487,base,No
4718,0,0,0.13296424706933604,-2.5018763542175293,-0.6268764138221741,base,No
4719,0,0,0.1480472055495773,-2.216360569000244,-0.4663606286048889,base,No
4720,0,0,0.24508501313237172,-1.660689353942871,-0.5356893539428711,base,No
4721,0,1,0.6513548646660542,-0.585965633392334,-1.210965633392334,base,Yes
4722,0,0,0.08509904732734556,-2.7100722789764404,-0.3350723087787628,base,No
4723,0,0,0.14804718675485834,-2.085956335067749,-0.33595624566078186,base,No
4724,0,0,0.07585818002124356,-2.992032527923584,-0.492032527923584,base,No
4725,0,0,0.11920292045759123,-2.242832660675049,-0.24283264577388763,base,No
4726,0,0,0.2689414096510108,-1.6184639930725098,-0.618463933467865,base,No
4727,0,0,0.20181322226037882,-1.820326328277588,-0.4453263282775879,base,No
4728,0,0,0.32082130082460697,-1.3604340553283691,-0.6104340553283691,base,No
4729,0,0,0.32082130082460697,-1.367465853691101,-0.6174658536911011,base,No
4730,0,0,0.24508501313237172,-1.586841106414795,-0.4618411064147949,base,No
4731,0,0,0.37754066879814546,-1.0609482526779175,-0.5609482526779175,base,No
4732,0,0,0.13296424019782924,-2.4110372066497803,-0.5360372066497803,base,No
4733,0,0,0.32082130082460697,-1.2707371711730957,-0.5207371711730957,base,No
4734,0,0,0.14804720930852133,-2.148341417312622,-0.39834150671958923,base,No
4735,0,0,0.11920291263495983,-2.4172282218933105,-0.4172281324863434,base,No
4736,0,0,0.18242553269617778,-1.9331448078155518,-0.43314486742019653,base,No
4737,0,0,0.2689414096510108,-1.8956983089447021,-0.8956982493400574,base,no
4738,0,0,0.24508500210441886,-1.5961308479309082,-0.4711307883262634,base,No
4739,0,0,0.2689414213699951,-1.6345912218093872,-0.6345912218093872,base,No
4740,0,0,0.1645164628965632,-2.1387665271759033,-0.5137665271759033,base,No
4741,0,0,0.3208213138121609,-1.4339487552642822,-0.683948814868927,base,No
4742,0,1,0.5621765008857981,-0.712944507598877,-0.962944507598877,base,Yes
4743,0,0,0.46879062662624377,-1.1108487844467163,-0.9858487844467163,base,No
4744,0,0,0.29421497216298875,-1.4917221069335938,-0.6167221069335938,base,No
4745,0,0,0.4378234991142019,-1.0514202117919922,-0.8014202117919922,base,No
4746,0,0,0.32082130082460697,-1.2746760845184326,-0.5246760845184326,base,No
4747,0,0,0.22270013882530884,-1.824904203414917,-0.574904203414917,base,No
4748,0,0,0.24508501313237172,-1.7542004585266113,-0.6292004585266113,base,No
4749,0,0,0.22270013882530884,-1.7536709308624268,-0.5036709308624268,base,No
4750,0,1,0.5926666143433998,-0.8087355494499207,-1.1837356090545654,base,Yes
4751,0,0,0.32082130082460697,-1.2779992818832397,-0.5279992818832397,base,No
4752,0,0,0.2689414096510108,-1.6596434116363525,-0.6596433520317078,base,No
4753,0,0,0.0953494648991095,-2.6257741451263428,-0.3757741451263428,base,No
4754,0,0,0.16451647108926923,-2.1261696815490723,-0.501169741153717,base,No
4755,0,0,0.04742587317756679,-3.2991669178009033,-0.2991669178009033,base,No
4756,0,0,0.4378234991142019,-1.0645087957382202,-0.8145087957382202,base,No
4757,0,0,0.13296424019782924,-2.3131375312805176,-0.4381375312805176,base,No
4758,0,0,0.13296423676207594,-2.283229351043701,-0.4082293212413788,base,No
4759,0,1,0.5926665999540697,-0.7080338001251221,-1.083033800125122,base,Yes
4760,0,0,0.22270013882530884,-1.8164576292037964,-0.5664576292037964,base,No
4761,0,0,0.24508501313237172,-1.7168395519256592,-0.5918395519256592,base,No
4762,0,0,0.1480471980316895,-2.1089065074920654,-0.35890650749206543,base,No
4763,0,0,0.2018132174596823,-1.7972272634506226,-0.42222723364830017,base,No
4764,0,1,0.8519528057272543,-0.33981725573539734,-2.0898172855377197,base,Yes
4765,0,1,0.7057850154599563,-0.5652804970741272,-1.4402804374694824,base,Yes
4766,0,0,0.16451647108926923,-2.2143123149871826,-0.5893123745918274,base,No
4767,0,0,0.1329642333263228,-2.3902039527893066,-0.5152038931846619,base,No
4768,0,0,0.2942149845400438,-1.4429495334625244,-0.5679495930671692,base,No
4769,0,0,0.24508500210441886,-1.7146096229553223,-0.5896095633506775,base,No
4770,0,0,0.5,-0.9240776896476746,-0.9240776896476746,base,No
4771,0,0,0.4073333856566001,-1.0346043109893799,-0.6596042513847351,base,No
4772,0,0,0.4378234991142019,-0.9356883764266968,-0.6856883764266968,base,No
4773,0,0,0.16451646699291617,-1.9389225244522095,-0.31392255425453186,base,No
4774,0,0,0.14804720179063335,-2.1782195568084717,-0.42821958661079407,base,No
4775,0,0,0.1192029188930649,-2.4538400173187256,-0.4538399875164032,base,No
4776,0,0,0.4073334000459302,-1.0701106786727905,-0.6951106786727905,base,No
4777,0,0,0.20181322226037882,-1.8758938312530518,-0.5008938312530518,base,No
4778,0,0,0.18242552825126704,-1.8049249649047852,-0.30492499470710754,base,No
4779,0,0,0.22270013882530884,-1.739979863166809,-0.4899798631668091,base,No
4780,0,0,0.18242551936144574,-1.9982587099075317,-0.49825868010520935,base,No
4781,0,0,0.16451644651115205,-2.093315601348877,-0.4683154821395874,base,No
4782,0,0,0.4073333856566001,-1.0626296997070312,-0.6876296401023865,base,No
4783,0,0,0.14804721306746543,-2.1083879470825195,-0.3583880662918091,base,No
4784,0,1,0.6791787121629466,-0.491435706615448,-1.2414357662200928,base,Yes
4785,0,0,0.46879062662624377,-0.859886884689331,-0.734886884689331,base,No
4786,0,0,0.2942149845400438,-1.6806015968322754,-0.8056016564369202,base,No
4787,0,0,0.07585818211049715,-2.879971504211426,-0.37997153401374817,base,No
4788,0,0,0.3486451488696663,-1.2199196815490723,-0.594919741153717,base,No
4789,0,1,0.5621765008857981,-0.7524192333221436,-1.0024192333221436,base,Yes
4790,0,0,0.4378234991142019,-0.983311116695404,-0.733311116695404,base,No
4791,0,1,0.6224593312018546,-0.7871402502059937,-1.2871402502059937,base,Yes
4792,0,0,0.32082130082460697,-1.3704744577407837,-0.6204744577407837,base,No
4793,0,0,0.22270012850745968,-1.7184786796569824,-0.46847862005233765,base,No
4794,0,0,0.3486451488696663,-1.2879562377929688,-0.6629562973976135,base,No
4795,0,1,0.6224593452091672,-0.6553294062614441,-1.1553294658660889,base,Yes
4796,0,0,0.37754066879814546,-1.3101366758346558,-0.8101366758346558,base,No
4797,0,0,0.22270012850745968,-1.8635954856872559,-0.6135954260826111,base,No
4798,0,0,0.22270014914315833,-1.7358076572418213,-0.48580771684646606,base,No
4799,0,0,0.2689414096510108,-1.739689588546753,-0.7396895289421082,base,No
4800,0,0,0.2689414213699951,-1.726995825767517,-0.7269958257675171,base,No
4801,0,0,0.29421497216298875,-1.4011425971984863,-0.5261425971984863,base,No
4802,0,0,0.32082130082460697,-1.3666733503341675,-0.6166733503341675,base,No
4803,0,0,0.3486451217982255,-1.2783279418945312,-0.6533278822898865,base,No
4804,0,0,0.46879061178313897,-1.0382373332977295,-0.9132372736930847,base,No
4805,0,0,0.37754066879814546,-1.2250981330871582,-0.7250981330871582,base,No
4806,0,0,0.29421497216298875,-1.6056925058364868,-0.7306925058364868,base,No
4807,0,0,0.18242551491653522,-2.147941827774048,-0.6479417681694031,base,No
4808,0,0,0.20181322226037882,-1.9849885702133179,-0.6099885702133179,base,No
4809,0,0,0.24508500210441886,-1.75319504737854,-0.6281949877738953,base,No
4810,0,0,0.40733341443526055,-1.1105458736419678,-0.7355459332466125,base,No
4811,0,0,0.11920292202211755,-2.564824342727661,-0.5648243427276611,base,No
4812,0,0,0.5,-0.8285821676254272,-0.8285821676254272,base,No
4813,0,0,0.22270014914315833,-1.9752647876739502,-0.725264847278595,base,No
4814,0,0,0.2942149597859341,-1.418813705444336,-0.5438136458396912,base,No
4815,0,0,0.24508501313237172,-1.643017053604126,-0.518017053604126,base,No
4816,0,0,0.14804721306746543,-2.182422637939453,-0.4324227571487427,base,No
4817,0,0,0.3486451217982255,-1.261713981628418,-0.6367139220237732,base,No
4818,0,0,0.2018132270610754,-1.7666082382202148,-0.39160826802253723,base,No
4819,0,0,0.2689414330889798,-1.5439579486846924,-0.5439580082893372,base,No
4820,0,0,0.1480472055495773,-2.311783790588379,-0.5617838501930237,base,No
4821,0,0,0.07585818419975078,-2.9835872650146484,-0.4835873246192932,base,No
4822,0,0,0.14804719051380197,-2.590970277786255,-0.8409702181816101,base,no
4823,0,0,0.11920292828022305,-2.3099701404571533,-0.3099702000617981,base,No
4824,0,0,0.32082130082460697,-1.3262068033218384,-0.5762068033218384,base,No
4825,0,0,0.22270012850745968,-1.8641350269317627,-0.6141349673271179,base,No
4826,0,0,0.24508501313237172,-1.671142816543579,-0.5461428165435791,base,No
4827,0,0,0.13296424706933604,-2.2130126953125,-0.3380127549171448,base,No
4828,0,1,0.5312093733737563,-0.9560548067092896,-1.0810548067092896,base,Yes
4829,0,0,0.0534033328129234,-3.1581528186798096,-0.28315287828445435,base,No
4830,0,0,0.4378234991142019,-1.056250810623169,-0.806250810623169,base,No
4831,0,0,0.10669059678604234,-2.42274808883667,-0.2977481186389923,base,No
4832,0,0,0.07585817166422973,-3.01674222946167,-0.5167421102523804,base,No
4833,0,0,0.06754669864792355,-3.1372194290161133,-0.5122195482254028,base,No
4834,0,0,0.29421497216298875,-1.3876218795776367,-0.5126218795776367,base,No
4835,0,0,0.1329642264548166,-2.7100729942321777,-0.8350728750228882,base,no
4836,0,1,0.7057850402140659,-0.4833471179008484,-1.3583471775054932,base,Yes
4837,0,0,0.03308598077224154,-3.589557409286499,-0.214557483792305,base,No
4838,0,1,0.679178699175393,-0.631442666053772,-1.381442666053772,base,Yes
4839,0,0,0.34864513533394575,-1.233917236328125,-0.608917236328125,base,No
4840,0,0,0.4378234991142019,-0.9853909611701965,-0.7353909611701965,base,No
4841,0,0,0.06008664344151498,-3.07316255569458,-0.3231624364852905,base,No
4842,0,0,0.24508501313237172,-1.6905627250671387,-0.5655627250671387,base,No
4843,0,0,0.24508500210441886,-1.5571954250335693,-0.43219536542892456,base,No
4844,0,0,0.07585818419975078,-2.8795440196990967,-0.37954407930374146,base,No
4845,0,1,0.5621765008857981,-0.7743798494338989,-1.024379849433899,base,Yes
4846,0,0,0.18242552825126704,-1.8471453189849854,-0.34714534878730774,base,No
4847,0,0,0.46879062662624377,-0.8620530366897583,-0.7370530366897583,base,No
4848,0,0,0.2689414213699951,-1.55178701877594,-0.5517870187759399,base,No
4849,0,0,0.4073333856566001,-1.2274649143218994,-0.8524648547172546,base,No
4850,0,0,0.14804718675485834,-2.1546974182128906,-0.40469732880592346,base,No
4851,0,0,0.3486451217982255,-1.2479872703552246,-0.6229872107505798,base,No
4852,0,0,0.16451646699291617,-1.998692274093628,-0.3736923038959503,base,No
4853,0,0,0.37754066879814546,-1.2752466201782227,-0.7752466201782227,base,No
4854,0,0,0.0850990542883219,-2.6608810424804688,-0.2858811616897583,base,No
4855,0,0,0.46879062662624377,-0.9222597479820251,-0.7972597479820251,base,No
4856,0,0,0.3208212878370535,-1.472592830657959,-0.7225927710533142,base,No
4857,0,0,0.07585818837825822,-2.9798192977905273,-0.4798194169998169,base,No
4858,0,1,0.5621765008857981,-0.7360784411430359,-0.9860784411430359,base,Yes
4859,0,0,0.29421497216298875,-1.3664716482162476,-0.49147164821624756,base,No
4860,0,0,0.37754066879814546,-1.0950416326522827,-0.5950416326522827,base,No
4861,0,0,0.37754066879814546,-1.0953634977340698,-0.5953634977340698,base,No
4862,0,0,0.3208213138121609,-1.4515864849090576,-0.7015865445137024,base,No
4863,0,0,0.1329642333263228,-2.388917922973633,-0.513917863368988,base,No
4864,0,0,0.2018132174596823,-1.716499924659729,-0.3414998948574066,base,No
4865,0,0,0.2942149845400438,-1.4340929985046387,-0.5590930581092834,base,No
4866,0,0,0.32082130082460697,-1.3124758005142212,-0.5624758005142212,base,No
4867,0,0,0.4378234991142019,-0.9466447234153748,-0.6966447234153748,base,No
4868,0,0,0.20181322226037882,-1.839564323425293,-0.46456432342529297,base,No
4869,0,0,0.2689414213699951,-1.457680106163025,-0.4576801061630249,base,No
4870,0,0,0.37754066879814546,-1.1613579988479614,-0.6613579988479614,base,No
4871,0,0,0.20181320305759334,-2.03847599029541,-0.6634758710861206,base,No
4872,0,0,0.08509904500702024,-2.669177293777466,-0.2941772937774658,base,No
4873,0,0,0.10669058826486906,-2.380831241607666,-0.25583118200302124,base,No
4874,0,0,0.29421497216298875,-1.4011400938034058,-0.5261400938034058,base,No
4875,0,0,0.13296424706933604,-2.3744959831237793,-0.4994960427284241,base,No
4876,0,0,0.1480471980316895,-2.5536959171295166,-0.8036959171295166,base,No
4877,0,0,0.1480472055495773,-2.1326892375946045,-0.38268929719924927,base,No
4878,0,0,0.1329642333263228,-2.2488629817962646,-0.3738629221916199,base,No
4879,0,0,0.1066905825840872,-2.4086523056030273,-0.2836521863937378,base,No
4880,0,0,0.2942149597859341,-1.585418939590454,-0.7104188799858093,base,No
4881,0,0,0.5,-0.9839891195297241,-0.9839891195297241,base,No
4882,0,0,0.14804718675485834,-2.1412136554718018,-0.3912135660648346,base,No
4883,0,0,0.20181323186177208,-1.8444080352783203,-0.4694080948829651,base,No
4884,0,0,0.0953494648991095,-2.527693271636963,-0.2776932716369629,base,No
4885,0,0,0.1645164506075047,-2.09761643409729,-0.4726163446903229,base,No
4886,0,0,0.37754066879814546,-1.1906287670135498,-0.6906287670135498,base,No
4887,0,1,0.6513548646660542,-0.6231263875961304,-1.2481263875961304,base,Yes
4888,0,0,0.10669059394565118,-2.6380057334899902,-0.5130057334899902,base,No
4889,0,0,0.10669059678604234,-2.433525800704956,-0.30852583050727844,base,No
4890,0,0,0.1645164628965632,-2.1318111419677734,-0.5068111419677734,base,No
4891,0,0,0.22270013366638422,-1.7116987705230713,-0.4616987407207489,base,No
4892,0,0,0.09534947004048376,-2.8872125148773193,-0.6372125744819641,base,no
4893,0,0,0.32082130082460697,-1.3897570371627808,-0.6397570371627808,base,No
4894,0,0,0.2689414330889798,-1.5726892948150635,-0.5726893544197083,base,No
4895,0,0,0.1480471980316895,-2.0689480304718018,-0.31894803047180176,base,No
4896,0,0,0.20181321265898594,-1.964951753616333,-0.5899516940116882,base,No
4897,0,0,0.3208213138121609,-1.340958595275879,-0.5909586548805237,base,No
4898,0,0,0.3775406547908327,-1.3721661567687988,-0.872166097164154,base,No
4899,0,0,0.047425867792089564,-3.4532933235168457,-0.45329320430755615,base,No
4900,0,0,0.2689414330889798,-1.737452745437622,-0.7374528050422668,base,No
4901,0,0,0.18242551491653522,-2.062901496887207,-0.5629014372825623,base,No
4902,0,1,0.893309411735131,-0.4610747694969177,-2.5860748291015625,base,Yes
4903,0,0,0.042087723109535534,-3.496187686920166,-0.37118756771087646,base,No
4904,0,0,0.2018132270610754,-1.760876178741455,-0.38587620854377747,base,No
4905,0,0,0.32082130082460697,-1.276498556137085,-0.526498556137085,base,No
4906,0,0,0.1329642264548166,-2.3502755165100098,-0.4752753973007202,base,No
4907,0,0,0.24508500761839525,-1.5440574884414673,-0.4190574586391449,base,No
4908,0,0,0.5,-0.9748038053512573,-0.9748038053512573,base,No
4909,0,0,0.1480471980316895,-2.07277250289917,-0.3227725028991699,base,No
4910,0,0,0.06754669677084987,-2.910964012145996,-0.28596410155296326,base,No
4911,0,0,0.2689414213699951,-1.562540888786316,-0.5625408887863159,base,No
4912,0,0,0.18242552380635632,-1.9919190406799316,-0.49191904067993164,base,No
4913,0,0,0.20181323186177208,-1.7431964874267578,-0.3681965470314026,base,No
4914,0,0,0.11920292515117029,-2.3226318359375,-0.3226318657398224,base,No
4915,0,0,0.22270013882530884,-1.8118265867233276,-0.5618265867233276,base,No
4916,0,0,0.18242553269617778,-1.7679331302642822,-0.267933189868927,base,No
4917,0,0,0.32082130082460697,-1.3195183277130127,-0.5695183277130127,base,No
4918,0,1,0.5621765008857981,-0.7273871898651123,-0.9773871898651123,base,Yes
4919,0,0,0.04208772431105632,-3.417816162109375,-0.29281607270240784,base,No
4920,0,0,0.10669059394565118,-2.6292285919189453,-0.5042285919189453,base,no
4921,0,0,0.37754066879814546,-1.2725251913070679,-0.7725251913070679,base,No
4922,0,0,0.3208213138121609,-1.2498729228973389,-0.49987298250198364,base,No
4923,0,0,0.13296424706933604,-2.409550905227661,-0.5345509648323059,base,No
4924,0,0,0.24508501864634827,-1.5908797979354858,-0.4658798277378082,base,No
4925,0,0,0.1645164628965632,-1.9461653232574463,-0.3211653232574463,base,No
4926,0,0,0.46879062662624377,-1.0200488567352295,-0.8950488567352295,base,No
4927,0,0,0.07585817793199003,-2.829763174057007,-0.32976314425468445,base,No
4928,0,0,0.16451646699291617,-2.0845234394073486,-0.459523469209671,base,No
4929,0,0,0.14804721306746543,-2.268369197845459,-0.5183693170547485,base,No
4930,0,0,0.3775406547908327,-1.1434776782989502,-0.6434776186943054,base,No
4931,0,0,0.10669059678604234,-2.5381507873535156,-0.413150817155838,base,No
4932,0,0,0.16451645470385742,-2.003647565841675,-0.37864750623703003,base,No
4933,0,0,0.2018132174596823,-1.8237899541854858,-0.44878992438316345,base,No
4934,0,0,0.07585817584273653,-2.768213987350464,-0.2682139277458191,base,No
4935,0,0,0.24508501313237172,-1.5783580541610718,-0.4533580541610718,base,No
4936,0,0,0.2942149597859341,-1.4065957069396973,-0.5315956473350525,base,No
4937,0,0,0.07585817584273653,-2.878786563873291,-0.37878650426864624,base,No
4938,0,1,0.5926665999540697,-0.742922306060791,-1.117922306060791,base,Yes
4939,0,0,0.24508500210441886,-1.6756441593170166,-0.5506440997123718,base,No
4940,0,0,0.2942149845400438,-1.4678685665130615,-0.5928686261177063,base,No
4941,0,0,0.2689414213699951,-1.6247135400772095,-0.6247135400772095,base,No
4942,0,0,0.18242553269617778,-1.9771320819854736,-0.4771321415901184,base,No
4943,0,0,0.2689414330889798,-1.5975053310394287,-0.5975053906440735,base,No
4944,0,0,0.4378234991142019,-1.0003200769424438,-0.7503200769424438,base,No
4945,0,0,0.18242551491653522,-2.231846332550049,-0.731846272945404,base,No
4946,0,1,0.5621765008857981,-0.6347794532775879,-0.8847794532775879,base,Yes
4947,0,0,0.20181321265898594,-1.9029099941253662,-0.5279099345207214,base,No
4948,0,0,0.3208212878370535,-1.3305013179779053,-0.5805012583732605,base,No
4949,0,1,0.5621765008857981,-0.7394354343414307,-0.9894354343414307,base,Yes
4950,0,1,0.5621765155565327,-0.789268434047699,-1.0392684936523438,base,Yes
4951,0,0,0.34864513533394575,-1.2190760374069214,-0.5940760374069214,base,No
4952,0,0,0.34864513533394575,-1.2970882654190063,-0.6720882654190063,base,No
4953,0,0,0.24508500210441886,-1.6284291744232178,-0.503429114818573,base,No
4954,0,0,0.2689414213699951,-1.603912115097046,-0.6039121150970459,base,No
4955,0,0,0.4378234991142019,-0.9934930801391602,-0.7434930801391602,base,No
4956,0,0,0.46879062662624377,-0.9105216264724731,-0.7855216264724731,base,No
4957,0,0,0.46879062662624377,-0.9690285921096802,-0.8440285921096802,base,No
4958,0,0,0.09534947518185825,-2.661388874053955,-0.41138899326324463,base,No
4959,0,0,0.1480472055495773,-2.110322952270508,-0.3603230118751526,base,No
4960,0,1,0.9149009619539553,-0.391669899225235,-2.766669988632202,base,Yes
4961,0,0,0.46879062662624377,-0.9962035417556763,-0.8712035417556763,base,No
4962,0,0,0.3486451217982255,-1.380831003189087,-0.7558309435844421,base,No
4963,0,0,0.32082130082460697,-1.3772097826004028,-0.6272097826004028,base,No
4964,0,0,0.29421497216298875,-1.5682690143585205,-0.6932690143585205,base,No
4965,0,0,0.32082130082460697,-1.3549671173095703,-0.6049671173095703,base,No
4966,0,0,0.24508501313237172,-1.614479899406433,-0.4894798994064331,base,No
4967,0,0,0.46879062662624377,-0.9146380424499512,-0.7896380424499512,base,No
4968,0,0,0.10669060246682488,-2.530799627304077,-0.4057997167110443,base,No
4969,0,1,0.5312093733737563,-0.85715651512146,-0.98215651512146,base,Yes
4970,0,0,0.16451647108926923,-2.066828489303589,-0.44182854890823364,base,No
4971,0,0,0.1066905825840872,-2.645793914794922,-0.5207937955856323,base,No
4972,0,0,0.06754668738548215,-3.175476312637329,-0.5504762530326843,base,No
4973,0,0,0.09534947518185825,-2.9569363594055176,-0.7069364786148071,base,No
4974,0,0,0.16451645880021026,-2.0245165824890137,-0.3995165526866913,base,No
4975,0,0,0.14804720179063335,-2.1099061965942383,-0.35990622639656067,base,No
4976,0,0,0.22270012850745968,-1.8913390636444092,-0.6413390040397644,base,No
4977,0,0,0.18242551936144574,-1.9238160848617554,-0.423816055059433,base,No
4978,0,0,0.34864513533394575,-1.2181096076965332,-0.5931096076965332,base,No
4979,0,0,0.06754668926255561,-2.964005708694458,-0.3390056788921356,base,No
4980,0,0,0.4073334000459302,-1.0821802616119385,-0.7071802616119385,base,No
4981,0,0,0.1066905854244781,-2.479910373687744,-0.354910284280777,base,No
4982,0,0,0.24508500210441886,-1.6164112091064453,-0.49141114950180054,base,No
4983,0,0,0.4073334000459302,-1.0126765966415405,-0.6376765966415405,base,No
4984,0,0,0.0675466911396291,-3.035358428955078,-0.4103584289550781,base,No
4985,0,0,0.29421497216298875,-1.4658859968185425,-0.5908859968185425,base,No
4986,0,0,0.08509904732734556,-2.7887251377105713,-0.4137251675128937,base,No
4987,0,0,0.07585818211049715,-2.913012742996216,-0.4130127727985382,base,No
4988,0,0,0.07585818211049715,-2.7874903678894043,-0.2874903976917267,base,No
4989,0,0,0.40733341443526055,-1.1110413074493408,-0.7360413670539856,base,No
4990,0,0,0.29421497216298875,-1.6103256940841675,-0.7353256940841675,base,No
4991,0,0,0.32082130082460697,-1.3112457990646362,-0.5612457990646362,base,No
4992,0,0,0.34864513533394575,-1.3374940156936646,-0.7124940156936646,base,No
4993,0,0,0.37754066879814546,-1.257340908050537,-0.7573409080505371,base,No
4994,0,0,0.13296425050508953,-2.2705979347229004,-0.39559802412986755,base,No
4995,0,0,0.22270014398423357,-1.6344889402389526,-0.384488970041275,base,No
4996,0,0,0.09534947518185825,-2.5405187606811523,-0.2905188798904419,base,No
4997,0,0,0.18242552380635632,-1.949303388595581,-0.44930338859558105,base,No
4998,0,0,0.13296425050508953,-2.3534016609191895,-0.4784017503261566,base,No
4999,0,1,0.6224593452091672,-0.6210255026817322,-1.121025562286377,base,Yes
5000,0,0,0.2689414272294874,-1.482802152633667,-0.4828021824359894,base,No
5001,0,0,0.24508501313237172,-1.6727995872497559,-0.5477995872497559,base,No
5002,0,0,0.3486451217982255,-1.197352647781372,-0.5723525881767273,base,No
5003,0,0,0.24508501313237172,-1.520627498626709,-0.395627498626709,base,No
5004,0,0,0.46879062662624377,-0.88460773229599,-0.75960773229599,base,No
5005,0,0,0.3486451217982255,-1.2558972835540771,-0.6308972239494324,base,No
5006,0,1,0.5926665999540697,-0.7189877033233643,-1.0939877033233643,base,Yes
5007,0,0,0.3208212878370535,-1.4023244380950928,-0.652324378490448,base,No
5008,0,0,0.24508501313237172,-1.6869608163833618,-0.5619608163833618,base,No
5009,0,0,0.24508500761839525,-1.5983879566192627,-0.4733879268169403,base,No
5010,0,1,0.7310585727705126,-0.4403802454471588,-1.4403802156448364,base,Yes
5011,0,1,0.5621765008857981,-0.6519766449928284,-0.9019766449928284,base,Yes
5012,0,0,0.22270014398423357,-1.716773271560669,-0.46677330136299133,base,No
5013,0,0,0.20181321265898594,-1.9484426975250244,-0.5734426379203796,base,No
5014,0,0,0.18242552380635632,-1.9118337631225586,-0.4118337631225586,base,No
5015,0,0,0.1329642264548166,-2.4047951698303223,-0.5297950506210327,base,No
5016,0,0,0.37754066879814546,-1.2464032173156738,-0.7464032173156738,base,No
5017,0,0,0.2689414213699951,-1.4670764207839966,-0.4670764207839966,base,No
5018,0,0,0.3208212878370535,-1.329155683517456,-0.5791556239128113,base,No
5019,0,0,0.29421497216298875,-1.3498317003250122,-0.4748317003250122,base,No
5020,0,0,0.18242553269617778,-2.0977866649627686,-0.5977867245674133,base,No
5021,0,0,0.16451647518562237,-2.032527208328247,-0.40752729773521423,base,No
5022,0,0,0.2689414213699951,-1.6251434087753296,-0.6251434087753296,base,No
5023,0,0,0.07585818002124356,-2.9076075553894043,-0.4076075553894043,base,No
5024,0,0,0.24508500210441886,-1.7641069889068604,-0.6391069293022156,base,No
5025,0,0,0.3775406547908327,-1.1082713603973389,-0.6082713007926941,base,No
5026,0,0,0.22270012850745968,-1.7946722507476807,-0.5446721911430359,base,No
5027,0,0,0.16451647518562237,-2.047828197479248,-0.4228282868862152,base,No
5028,0,0,0.32082130082460697,-1.3192262649536133,-0.5692262649536133,base,No
5029,0,0,0.18242552380635632,-2.057753086090088,-0.5577530860900879,base,No
5030,0,0,0.29421497216298875,-1.5342518091201782,-0.6592518091201782,base,No
5031,0,0,0.0675466911396291,-3.0540847778320312,-0.42908477783203125,base,No
5032,0,0,0.07585817584273653,-3.018784523010254,-0.5187844634056091,base,No
5033,0,0,0.5,-0.8718642592430115,-0.8718642592430115,base,No
5034,0,0,0.06754668550840877,-3.0896716117858887,-0.4646715223789215,base,No
5035,0,0,0.24508501313237172,-1.645703911781311,-0.520703911781311,base,No
5036,0,0,0.0373268852023206,-3.8271472454071045,-0.5771471858024597,base,No
5037,0,0,0.24508501864634827,-1.605671763420105,-0.48067179322242737,base,No
5038,0,0,0.14804720179063335,-2.2092292308807373,-0.4592292606830597,base,No
5039,0,0,0.3208213138121609,-1.264336347579956,-0.5143364071846008,base,No
5040,0,0,0.07585817584273653,-2.8603782653808594,-0.3603782057762146,base,No
5041,0,0,0.0953494648991095,-3.0004940032958984,-0.7504940032958984,base,No
5042,0,0,0.3208213138121609,-1.3386998176574707,-0.5886998772621155,base,No
5043,0,0,0.20181321265898594,-1.9622406959533691,-0.5872406363487244,base,No
5044,0,0,0.24508501313237172,-1.7321149110794067,-0.6071149110794067,base,No
5045,0,0,0.1329642333263228,-2.5531327724456787,-0.6781327128410339,base,No
5046,0,0,0.18242551936144574,-1.8272576332092285,-0.32725760340690613,base,No
5047,0,0,0.3208213138121609,-1.4185400009155273,-0.6685400605201721,base,No
5048,0,1,0.7057850278370112,-0.7318718433380127,-1.6068718433380127,base,Yes
5049,0,0,0.24508501313237172,-2.0446407794952393,-0.9196407794952393,base,no
5050,0,0,0.1192029188930649,-2.324647903442383,-0.3246478736400604,base,No
5051,0,0,0.3486451217982255,-1.2661292552947998,-0.641129195690155,base,No
5052,0,0,0.22270013882530884,-1.7716151475906372,-0.5216151475906372,base,No
5053,0,0,0.34864513533394575,-1.2675015926361084,-0.6425015926361084,base,No
5054,0,0,0.2018132270610754,-1.6641619205474854,-0.28916195034980774,base,No
5055,0,0,0.16451646699291617,-1.9565167427062988,-0.3315167725086212,base,No
5056,0,0,0.29421496597446145,-1.3267101049423218,-0.4517100751399994,base,No
5057,0,0,0.1329642436335826,-2.2106025218963623,-0.3356025516986847,base,No
5058,0,0,0.2689414213699951,-1.5038039684295654,-0.5038039684295654,base,No
5059,0,0,0.24508501313237172,-1.6807016134262085,-0.5557016134262085,base,No
5060,0,0,0.4073333856566001,-1.287719488143921,-0.9127194285392761,base,No
5061,0,0,0.2689414096510108,-1.6668930053710938,-0.666892945766449,base,No
5062,0,0,0.20181323186177208,-1.8977305889129639,-0.5227306485176086,base,No
5063,0,0,0.060086656906500974,-3.1122422218322754,-0.36224234104156494,base,No
5064,0,1,0.5926665855647394,-0.6580951809883118,-1.033095121383667,base,Yes
5065,0,0,0.13296422989056964,-2.2229700088500977,-0.3479699194431305,base,No
5066,0,0,0.04208772671409796,-3.430202007293701,-0.3052019774913788,base,No
5067,0,0,0.14804718675485834,-2.2371509075164795,-0.48715081810951233,base,No
5068,0,0,0.1192029188930649,-2.3325870037078857,-0.33258697390556335,base,No
5069,0,0,0.1480471980316895,-2.0977115631103516,-0.34771156311035156,base,No
5070,0,0,0.4378234991142019,-0.9615668058395386,-0.7115668058395386,base,No
5071,0,0,0.4073334000459302,-0.9886316061019897,-0.6136316061019897,base,No
5072,0,0,0.08509903804604459,-2.6565020084381104,-0.2815019190311432,base,No
5073,0,0,0.16451644651115205,-2.11197566986084,-0.4869755506515503,base,No
5074,0,0,0.06008665017400762,-3.200099468231201,-0.45009946823120117,base,No
5075,0,0,0.3208213138121609,-1.3069157600402832,-0.556915819644928,base,No
5076,0,0,0.22270013366638422,-1.6725260019302368,-0.42252597212791443,base,No
5077,0,0,0.18242551491653522,-1.9504826068878174,-0.4504825472831726,base,No
5078,0,0,0.14804719051380197,-2.484048366546631,-0.7340483069419861,base,No
5079,0,0,0.2689414330889798,-1.8798723220825195,-0.8798723816871643,base,No
5080,0,0,0.0953494674697966,-2.6235761642456055,-0.37357619404792786,base,No
5081,0,0,0.2689414213699951,-1.5793613195419312,-0.5793613195419312,base,No
5082,0,0,0.22270013882530884,-1.6448596715927124,-0.3948596715927124,base,No
5083,0,0,0.06008664344151498,-3.2235002517700195,-0.47350013256073,base,No
5084,0,0,0.1329642436335826,-2.1542327404022217,-0.27923277020454407,base,No
5085,0,0,0.053403325280175794,-3.207735776901245,-0.33273568749427795,base,No
5086,0,0,0.2689414330889798,-1.5383930206298828,-0.5383930802345276,base,No
5087,0,0,0.24508502416032488,-1.7228548526763916,-0.5978549122810364,base,No
5088,0,0,0.32082130731838393,-1.2259056568145752,-0.4759056866168976,base,No
5089,0,0,0.34864513533394575,-1.5058817863464355,-0.8808817863464355,base,No
5090,0,0,0.09534946232842245,-2.55930495262146,-0.3093049228191376,base,No
5091,0,0,0.46879062662624377,-1.0280967950820923,-0.9030967950820923,base,No
5092,0,0,0.22270013366638422,-1.6575350761413574,-0.40753504633903503,base,No
5093,0,0,0.07585818002124356,-2.9491381645202637,-0.44913816452026367,base,No
5094,0,0,0.13296425050508953,-2.232970714569092,-0.35797080397605896,base,No
5095,0,0,0.3208212878370535,-1.3758797645568848,-0.62587970495224,base,No
5096,0,0,0.3775406828054583,-1.201791763305664,-0.7017918229103088,base,No
5097,0,0,0.3775406547908327,-1.0703809261322021,-0.5703808665275574,base,No
5098,0,0,0.22270013882530884,-1.7538402080535889,-0.5038402080535889,base,No
5099,0,0,0.34864513533394575,-1.3347587585449219,-0.7097587585449219,base,No
5100,0,0,0.10669059394565118,-2.4612088203430176,-0.3362088203430176,base,No
5101,0,0,0.11920292202211755,-2.4878644943237305,-0.48786449432373047,base,No
5102,0,0,0.2689414096510108,-1.5293114185333252,-0.5293113589286804,base,No
5103,0,0,0.08509904036636974,-2.864078998565674,-0.48907893896102905,base,No
5104,0,0,0.1645164628965632,-1.9809298515319824,-0.3559298515319824,base,No
5105,0,0,0.20181322226037882,-1.761989712715149,-0.3869897127151489,base,No
5106,0,0,0.3208213138121609,-1.3434183597564697,-0.5934184193611145,base,No
5107,0,0,0.11920292202211755,-2.578537702560425,-0.5785377025604248,base,No
5108,0,0,0.16451645470385742,-2.2049436569213867,-0.5799435973167419,base,No
5109,0,0,0.2689414096510108,-1.6862702369689941,-0.6862701773643494,base,No
5110,0,0,0.32082130082460697,-1.472451090812683,-0.7224510908126831,base,No
5111,0,0,0.4073334000459302,-1.075079083442688,-0.700079083442688,base,No
5112,0,0,0.037326888415033926,-3.5568432807922363,-0.3068433105945587,base,No
5113,0,0,0.2689414096510108,-1.661515474319458,-0.6615154147148132,base,No
5114,0,0,0.34864513533394575,-1.2578972578048706,-0.6328972578048706,base,No
5115,0,0,0.3775406547908327,-1.2614398002624512,-0.7614397406578064,base,No
5116,0,0,0.4073334000459302,-0.9820356369018555,-0.6070356369018555,base,No
5117,0,0,0.29421497216298875,-1.3346718549728394,-0.45967185497283936,base,No
5118,0,0,0.20181322226037882,-1.824190378189087,-0.4491903781890869,base,No
5119,0,0,0.4378235137849365,-1.1081295013427734,-0.8581295609474182,base,No
5120,0,1,0.5312093733737563,-0.8469575047492981,-0.9719575047492981,base,Yes
5121,0,1,0.7549149868676283,-0.38045012950897217,-1.5054501295089722,base,Yes
5122,0,0,0.24508500210441886,-1.5660030841827393,-0.4410030245780945,base,No
5123,0,0,0.3208212878370535,-1.3931760787963867,-0.6431760191917419,base,No
5124,0,0,0.22270014914315833,-1.7676942348480225,-0.5176942944526672,base,No
5125,0,0,0.0953494674697966,-2.5474636554718018,-0.29746368527412415,base,No
5126,0,0,0.0953494674697966,-2.673123598098755,-0.42312362790107727,base,No
5127,0,0,0.20181322226037882,-1.8696993589401245,-0.4946993589401245,base,No
5128,0,0,0.14804718675485834,-2.132573366165161,-0.38257327675819397,base,No
5129,0,0,0.22270014914315833,-1.8264000415802002,-0.576400101184845,base,No
5130,0,0,0.20181322226037882,-1.7903101444244385,-0.4153101444244385,base,No
5131,0,0,0.34864513533394575,-1.2487415075302124,-0.6237415075302124,base,No
5132,0,0,0.0953494674697966,-2.654308319091797,-0.40430834889411926,base,No
5133,0,0,0.16451645880021026,-1.9785685539245605,-0.35356852412223816,base,No
5134,0,0,0.13296424019782924,-2.327255964279175,-0.4522559642791748,base,No
5135,0,0,0.2689414330889798,-1.5081980228424072,-0.508198082447052,base,No
5136,0,0,0.3775406547908327,-1.2284340858459473,-0.7284340262413025,base,No
5137,0,0,0.34864513533394575,-1.1762360334396362,-0.5512360334396362,base,No
5138,0,0,0.11920292828022305,-2.4083619117736816,-0.4083619713783264,base,No
5139,0,0,0.3775406547908327,-1.2852938175201416,-0.7852937579154968,base,No
5140,0,0,0.0953494674697966,-2.556485176086426,-0.30648520588874817,base,No
5141,0,0,0.24508502416032488,-1.5978212356567383,-0.47282129526138306,base,No
5142,0,0,0.18242552825126704,-1.9247848987579346,-0.42478492856025696,base,No
5143,0,0,0.40733341443526055,-1.232640027999878,-0.8576400876045227,base,No
5144,0,0,0.0675466911396291,-3.13647723197937,-0.5114772319793701,base,No
5145,0,0,0.13296425394084313,-2.2624292373657227,-0.3874293565750122,base,No
5146,0,0,0.20181322226037882,-2.0360758304595947,-0.6610758304595947,base,No
5147,0,0,0.3208213138121609,-1.3428475856781006,-0.5928476452827454,base,No
5148,0,0,0.20181322226037882,-1.8142380714416504,-0.4392380714416504,base,No
5149,0,0,0.1329642264548166,-2.2382802963256836,-0.36328017711639404,base,No
5150,0,0,0.10669059962643358,-2.47953462600708,-0.35453468561172485,base,No
5151,0,0,0.2689414213699951,-1.539776086807251,-0.539776086807251,base,No
5152,0,1,0.5621765008857981,-0.6600967049598694,-0.9100967049598694,base,Yes
5153,0,0,0.13296425050508953,-2.341249704360962,-0.4662497937679291,base,No
5154,0,0,0.20181321265898594,-1.8781311511993408,-0.503131091594696,base,No
5155,0,0,0.3208212878370535,-1.2687740325927734,-0.5187739729881287,base,No
5156,0,0,0.34864513533394575,-1.3513944149017334,-0.7263944149017334,base,No
5157,0,0,0.11920291576401235,-2.3075079917907715,-0.3075079321861267,base,No
5158,0,0,0.24508500210441886,-1.6492629051208496,-0.5242628455162048,base,No
5159,0,0,0.22270012850745968,-1.692899465560913,-0.4428994059562683,base,No
5160,0,0,0.3775406547908327,-1.0360748767852783,-0.5360748171806335,base,No
5161,0,1,0.731058584489497,-0.49078842997550964,-1.490788459777832,base,Yes
5162,0,0,0.32082130082460697,-1.2985830307006836,-0.5485830307006836,base,No
5163,0,0,0.07585817166422973,-2.8697257041931152,-0.3697255849838257,base,No
5164,0,0,0.40733341443526055,-1.2267203330993652,-0.85172039270401,base,No
5165,0,0,0.11920291576401235,-2.5969109535217285,-0.5969108939170837,base,No
5166,0,1,0.5926665999540697,-0.701715350151062,-1.076715350151062,base,Yes
5167,0,0,0.3775406828054583,-1.1385624408721924,-0.6385625004768372,base,No
5168,0,0,0.0953494648991095,-2.735445737838745,-0.4854457378387451,base,No
5169,0,1,0.6791787056691698,-0.49899885058403015,-1.2489988803863525,base,Yes
5170,0,0,0.2689414213699951,-1.4731208086013794,-0.4731208086013794,base,No
5171,0,0,0.22270013366638422,-1.7111221551895142,-0.4611221253871918,base,No
5172,0,0,0.3486451488696663,-1.3226594924926758,-0.6976595520973206,base,No
5173,0,0,0.22270013882530884,-1.795221209526062,-0.545221209526062,base,No
5174,0,0,0.37754066879814546,-1.1798065900802612,-0.6798065900802612,base,No
5175,0,0,0.4073334000459302,-0.9753074049949646,-0.6003074049949646,base,No
5176,0,0,0.16451647108926923,-2.077864170074463,-0.45286422967910767,base,No
5177,0,0,0.24508501313237172,-1.553146481513977,-0.42814648151397705,base,No
5178,0,1,0.817574471748733,-0.34903445839881897,-1.8490344285964966,base,Yes
5179,0,0,0.3775406828054583,-1.2391636371612549,-0.7391636967658997,base,No
5180,0,0,0.4378234991142019,-0.997266948223114,-0.747266948223114,base,No
5181,0,0,0.3208212878370535,-1.2691843509674072,-0.5191842913627625,base,No
5182,0,0,0.2689414272294874,-1.4468015432357788,-0.4468015730381012,base,No
5183,0,0,0.24508501313237172,-1.6395574808120728,-0.5145574808120728,base,No
5184,0,0,0.22270013882530884,-1.8321815729141235,-0.5821815729141235,base,No
5185,0,0,0.4378234844434674,-1.0447430610656738,-0.794743001461029,base,No
5186,0,0,0.20181324146316565,-2.000129222869873,-0.6251293420791626,base,No
5187,0,0,0.2942149597859341,-1.3568854331970215,-0.4818853735923767,base,No
5188,0,0,0.4073334000459302,-0.9798159003257751,-0.6048159003257751,base,No
5189,0,0,0.18242552825126704,-1.9204236268997192,-0.4204236567020416,base,No
5190,0,0,0.37754066879814546,-1.4228034019470215,-0.9228034019470215,base,No
5191,0,0,0.1192029188930649,-2.490936517715454,-0.4909364879131317,base,No
5192,0,0,0.4073334000459302,-1.1208009719848633,-0.7458009719848633,base,No
5193,0,0,0.13296424706933604,-2.1786065101623535,-0.3036065697669983,base,No
5194,0,0,0.18242553269617778,-1.9800076484680176,-0.48000770807266235,base,No
5195,0,0,0.22270013366638422,-1.6862260103225708,-0.4362259805202484,base,No
5196,0,0,0.1480471829959148,-2.0636911392211914,-0.31369102001190186,base,No
5197,0,0,0.14804719427274565,-2.0177056789398193,-0.26770564913749695,base,No
5198,0,0,0.07585818002124356,-3.062559127807617,-0.5625591278076172,base,No
5199,0,0,0.34864513533394575,-1.2170227766036987,-0.5920227766036987,base,No
5200,0,0,0.09534947261117097,-2.6176578998565674,-0.36765798926353455,base,No
5201,0,0,0.1645164628965632,-2.03729248046875,-0.41229248046875,base,No
5202,0,0,0.29421497216298875,-1.4318363666534424,-0.5568363666534424,base,No
5203,0,0,0.22270014914315833,-1.7318029403686523,-0.4818029999732971,base,No
5204,0,0,0.24508501313237172,-1.6651049852371216,-0.5401049852371216,base,No
5205,0,0,0.18242551936144574,-1.9749491214752197,-0.47494909167289734,base,No
5206,0,0,0.18242553269617778,-2.0112414360046387,-0.5112414956092834,base,No
5207,0,0,0.3775406547908327,-1.1906018257141113,-0.6906017661094666,base,No
5208,0,1,0.8175744806385543,-0.31685957312583923,-1.8168596029281616,base,Yes
5209,0,0,0.22270014914315833,-1.665174961090088,-0.41517502069473267,base,No
5210,0,0,0.16451646699291617,-2.1001510620117188,-0.47515109181404114,base,No
5211,0,0,0.08509904500702024,-2.953752279281616,-0.5787522792816162,base,No
5212,0,0,0.4378234991142019,-0.9813312292098999,-0.7313312292098999,base,No
5213,0,0,0.37754066879814546,-1.0581575632095337,-0.5581575632095337,base,No
5214,0,0,0.22270014914315833,-1.6814680099487305,-0.43146806955337524,base,No
5215,0,0,0.32082130082460697,-1.354207158088684,-0.6042071580886841,base,No
5216,0,0,0.20181322226037882,-1.8038321733474731,-0.42883217334747314,base,No
5217,0,0,0.18242552825126704,-1.9035590887069702,-0.4035591185092926,base,No
5218,0,0,0.11920293140927592,-2.334092617034912,-0.3340927064418793,base,No
5219,0,0,0.18242553269617778,-2.222275495529175,-0.7222755551338196,base,No
5220,0,0,0.3775406547908327,-1.1843743324279785,-0.6843742728233337,base,No
5221,0,0,0.14804720930852133,-2.2110984325408936,-0.4610985219478607,base,No
5222,0,0,0.13296424706933604,-2.387782573699951,-0.512782633304596,base,No
5223,0,0,0.20181321265898594,-1.9729464054107666,-0.5979463458061218,base,No
5224,0,1,0.8807970873650403,-0.27443256974220276,-2.27443265914917,base,Yes
5225,0,0,0.32082130082460697,-1.39101243019104,-0.64101243019104,base,No
5226,0,0,0.2689414330889798,-1.5206091403961182,-0.5206092000007629,base,No
5227,0,0,0.07585818837825822,-2.9835004806518555,-0.483500599861145,base,No
5228,0,0,0.07585817584273653,-2.849269151687622,-0.3492690920829773,base,No
5229,0,0,0.22270013882530884,-1.714203953742981,-0.46420395374298096,base,No
5230,0,0,0.37754066879814546,-1.1804006099700928,-0.6804006099700928,base,No
5231,0,0,0.29421497216298875,-1.3718416690826416,-0.4968416690826416,base,No
5232,0,0,0.22270012850745968,-1.8987224102020264,-0.6487223505973816,base,No
5233,0,0,0.1192029188930649,-2.3937828540802,-0.3937828242778778,base,No
5234,0,0,0.053403329799824234,-3.4781670570373535,-0.6031670570373535,base,No
5235,0,0,0.46879062662624377,-0.8696492910385132,-0.7446492910385132,base,No
5236,0,0,0.4073334000459302,-1.0992918014526367,-0.7242918014526367,base,No
5237,0,0,0.22270012850745968,-1.6536600589752197,-0.40365999937057495,base,No
5238,0,0,0.06754668550840877,-2.9091432094573975,-0.2841431200504303,base,No
5239,0,0,0.0850990519679964,-2.6537461280822754,-0.27874621748924255,base,No
5240,0,0,0.18242550602671442,-2.1399097442626953,-0.6399096250534058,base,No
5241,0,0,0.3486451488696663,-1.2202670574188232,-0.595267117023468,base,No
5242,0,0,0.07585817793199003,-2.852362871170044,-0.35236284136772156,base,No
5243,0,0,0.4073333856566001,-1.0651123523712158,-0.690112292766571,base,No
5244,0,0,0.29421497216298875,-1.396248698234558,-0.5212486982345581,base,No
5245,0,0,0.3208213138121609,-1.4581937789916992,-0.708193838596344,base,No
5246,0,0,0.24508500210441886,-1.510239601135254,-0.38523954153060913,base,No
5247,0,0,0.20181321265898594,-1.8555872440338135,-0.4805871844291687,base,No
5248,0,0,0.29421497216298875,-1.5007339715957642,-0.6257339715957642,base,No
5249,0,0,0.18242553269617778,-2.1872076988220215,-0.6872077584266663,base,No
5250,0,0,0.1480471980316895,-2.556605815887451,-0.8066058158874512,base,no
5251,0,0,0.24508502416032488,-1.6311335563659668,-0.5061336159706116,base,No
5252,0,0,0.08509904036636974,-2.801567316055298,-0.4265672564506531,base,No
5253,0,0,0.20181322226037882,-1.9864470958709717,-0.6114470958709717,base,No
5254,0,0,0.07585817793199003,-2.761306047439575,-0.2613060176372528,base,No
5255,0,0,0.22270012850745968,-1.7739472389221191,-0.5239471793174744,base,No
5256,0,0,0.060086648490884395,-3.1525564193725586,-0.4025563895702362,base,No
5257,0,0,0.11920292515117029,-2.296377420425415,-0.2963774502277374,base,No
5258,0,0,0.4073333856566001,-1.0383100509643555,-0.6633099913597107,base,No
5259,0,0,0.14804718675485834,-2.216996192932129,-0.46699610352516174,base,No
5260,0,0,0.3208213138121609,-1.3102548122406006,-0.5602548718452454,base,No
5261,0,0,0.24508501313237172,-1.6416006088256836,-0.5166006088256836,base,No
5262,0,0,0.1480471980316895,-2.3468663692474365,-0.5968663692474365,base,No
5263,0,1,0.5621764862150634,-0.9289353489875793,-1.1789352893829346,base,Yes
5264,0,0,0.0850990357257195,-2.828640937805176,-0.45364081859588623,base,No
5265,0,0,0.0850990542883219,-2.709679126739502,-0.3346792459487915,base,No
5266,0,0,0.3208213138121609,-1.3546876907348633,-0.6046877503395081,base,No
5267,0,0,0.4073334000459302,-0.9918155670166016,-0.6168155670166016,base,No
5268,0,0,0.22270012850745968,-1.8245337009429932,-0.5745336413383484,base,No
5269,0,1,0.5312093733737563,-0.80198073387146,-0.92698073387146,base,Yes
5270,0,0,0.20181321265898594,-1.9976210594177246,-0.6226209998130798,base,No
5271,0,0,0.1066905911052601,-2.479604721069336,-0.35460469126701355,base,No
5272,0,0,0.14804720179063335,-2.0924808979034424,-0.34248092770576477,base,No
5273,0,0,0.13296425394084313,-2.431405544281006,-0.5564056634902954,base,No
5274,0,0,0.16451645470385742,-2.2428462505340576,-0.6178461909294128,base,No
5275,0,1,0.5926665999540697,-0.6584044694900513,-1.0334044694900513,base,Yes
5276,0,1,0.5621765008857981,-0.8541465997695923,-1.1041465997695923,base,Yes
5277,0,0,0.2018132270610754,-1.8685810565948486,-0.493581086397171,base,No
5278,0,0,0.14804719427274565,-2.1736233234405518,-0.42362329363822937,base,No
5279,0,0,0.11920291576401235,-2.490527629852295,-0.49052757024765015,base,No
5280,0,0,0.29421496597446145,-1.3227880001068115,-0.44778797030448914,base,No
5281,0,0,0.4073334000459302,-0.9615312814712524,-0.5865312814712524,base,No
5282,0,0,0.22270014914315833,-1.5919108390808105,-0.3419108986854553,base,No
5283,0,0,0.4073333856566001,-1.1768858432769775,-0.8018857836723328,base,No
5284,0,0,0.24508501313237172,-1.5813711881637573,-0.4563711881637573,base,No
5285,0,0,0.2689414213699951,-1.574374794960022,-0.574374794960022,base,No
5286,0,0,0.5,-0.9644328355789185,-0.9644328355789185,base,No
5287,0,0,0.10669058826486906,-2.5774688720703125,-0.4524688124656677,base,No
5288,0,0,0.2689414213699951,-1.5292938947677612,-0.5292938947677612,base,No
5289,0,0,0.11920291576401235,-2.372211456298828,-0.37221139669418335,base,No
5290,0,0,0.2942149597859341,-1.5964274406433105,-0.7214273810386658,base,No
5291,0,0,0.40733341443526055,-1.1124000549316406,-0.7374001145362854,base,No
5292,0,1,0.6791786861878392,-0.5772519707679749,-1.32725191116333,base,Yes
5293,0,0,0.37754066879814546,-1.1141620874404907,-0.6141620874404907,base,No
5294,0,0,0.2689414213699951,-1.5011736154556274,-0.5011736154556274,base,No
5295,0,0,0.3208212878370535,-1.3104653358459473,-0.5604652762413025,base,No
5296,0,0,0.24508500210441886,-1.6407663822174072,-0.5157663226127625,base,No
5297,0,0,0.3208213138121609,-1.3548774719238281,-0.6048775315284729,base,No
5298,0,0,0.24508501313237172,-1.5672905445098877,-0.4422905445098877,base,No
5299,0,1,0.5312093733737563,-0.8468959927558899,-0.9718959927558899,base,Yes
5300,0,0,0.46879062662624377,-0.9187105298042297,-0.7937105298042297,base,No
5301,0,0,0.20181322226037882,-1.9630661010742188,-0.5880661010742188,base,No
5302,0,0,0.22270013882530884,-1.8218600749969482,-0.5718600749969482,base,No
5303,0,1,0.5312093733737563,-0.7615525126457214,-0.8865525126457214,base,Yes
5304,0,0,0.24508501313237172,-1.6278884410858154,-0.5028884410858154,base,No
5305,0,0,0.0953494674697966,-2.5796570777893066,-0.32965710759162903,base,No
5306,0,0,0.2942149845400438,-1.548990249633789,-0.6739903092384338,base,No
5307,0,0,0.10669058826486906,-2.5465052127838135,-0.4215051531791687,base,No
5308,0,0,0.2689414213699951,-1.8834283351898193,-0.8834283351898193,base,No
5309,0,0,0.10669060246682488,-2.4544382095336914,-0.32943829894065857,base,No
5310,0,0,0.22270014398423357,-1.599392056465149,-0.3493920862674713,base,No
5311,0,0,0.20181322226037882,-1.8858957290649414,-0.5108957290649414,base,No
5312,0,0,0.2018132270610754,-1.8190933465957642,-0.44409337639808655,base,No
5313,0,0,0.24508502416032488,-1.753774642944336,-0.6287747025489807,base,No
5314,0,0,0.29421497216298875,-1.4210565090179443,-0.5460565090179443,base,No
5315,0,0,0.13296424019782924,-2.3150365352630615,-0.4400365352630615,base,No
5316,0,0,0.08509904500702024,-2.670358180999756,-0.29535818099975586,base,No
5317,0,0,0.2689414213699951,-1.4850510358810425,-0.4850510358810425,base,No
5318,0,0,0.2942149597859341,-1.5378143787384033,-0.6628143191337585,base,No
5319,0,0,0.32082130082460697,-1.3449450731277466,-0.5949450731277466,base,No
5320,0,1,0.5621765008857981,-0.7387439012527466,-0.9887439012527466,base,Yes
5321,0,0,0.2689414330889798,-1.5642380714416504,-0.5642381310462952,base,No
5322,0,0,0.4378234991142019,-1.05482816696167,-0.8048281669616699,base,No
5323,0,0,0.11920291263495983,-2.2482166290283203,-0.24821653962135315,base,No
5324,0,0,0.29421497216298875,-1.4948184490203857,-0.6198184490203857,base,No
5325,0,0,0.10669059678604234,-2.6009294986724854,-0.47592952847480774,base,No
5326,0,0,0.1480471980316895,-2.1324970722198486,-0.38249707221984863,base,No
5327,0,0,0.0534033328129234,-3.300041437149048,-0.4250414967536926,base,No
5328,0,0,0.11920292515117029,-2.4231009483337402,-0.4231009781360626,base,No
5329,0,0,0.13296425394084313,-2.414804458618164,-0.5398045778274536,base,No
5330,0,0,0.14804721306746543,-2.2037081718444824,-0.453708291053772,base,No
5331,0,0,0.37754066879814546,-1.1526612043380737,-0.6526612043380737,base,No
5332,0,0,0.16451647108926923,-2.3782169818878174,-0.7532170414924622,base,No
5333,0,0,0.18242552380635632,-2.001438856124878,-0.5014388561248779,base,No
5334,0,0,0.2942149597859341,-1.4149754047393799,-0.5399753451347351,base,No
5335,0,0,0.2689414330889798,-1.5106878280639648,-0.5106878876686096,base,No
5336,0,0,0.46879064146934857,-1.0685818195343018,-0.9435818791389465,base,No
5337,0,0,0.24508500210441886,-1.7145237922668457,-0.5895237326622009,base,No
5338,0,0,0.5,-0.7664116024971008,-0.7664116024971008,base,No
5339,0,0,0.3775406547908327,-1.1613655090332031,-0.6613654494285583,base,No
5340,0,0,0.29421497216298875,-1.480506181716919,-0.605506181716919,base,No
5341,0,0,0.04208772791561884,-3.4478225708007812,-0.32282257080078125,base,No
5342,0,0,0.18242553269617778,-1.9712355136871338,-0.47123557329177856,base,No
5343,0,0,0.4073333856566001,-1.061744213104248,-0.6867441534996033,base,No
5344,0,0,0.13296422989056964,-2.1418800354003906,-0.26687994599342346,base,No
5345,0,0,0.29421497216298875,-1.4813432693481445,-0.6063432693481445,base,No
5346,0,0,0.06008665017400762,-3.087170362472534,-0.3371703624725342,base,No
5347,0,0,0.32082130082460697,-1.3666361570358276,-0.6166361570358276,base,No
5348,0,0,0.34864513533394575,-1.3156849145889282,-0.6906849145889282,base,No
5349,0,0,0.053403333566198224,-3.0600779056549072,-0.1850779801607132,base,No
5350,0,1,0.5926665999540697,-0.7496042251586914,-1.1246042251586914,base,Yes
5351,0,0,0.20181322226037882,-1.8964346647262573,-0.5214346647262573,base,No
5352,0,0,0.18242551936144574,-1.9681804180145264,-0.468180388212204,base,No
5353,0,0,0.2018132270610754,-1.8062477111816406,-0.431247740983963,base,No
5354,0,0,0.24508501313237172,-1.6782130002975464,-0.5532130002975464,base,No
5355,0,0,0.09534945718704857,-2.6481833457946777,-0.39818325638771057,base,No
5356,0,0,0.34864513533394575,-1.1617838144302368,-0.5367838144302368,base,No
5357,0,0,0.1480472055495773,-2.232949733734131,-0.48294979333877563,base,No
5358,0,0,0.37754066879814546,-1.201524019241333,-0.701524019241333,base,No
5359,0,0,0.07585818837825822,-2.9072227478027344,-0.4072228670120239,base,No
5360,0,0,0.14804720930852133,-2.0771422386169434,-0.3271423280239105,base,No
5361,0,0,0.20181322226037882,-1.7073166370391846,-0.33231663703918457,base,No
5362,0,1,0.5621765008857981,-0.7616475820541382,-1.0116475820541382,base,Yes
5363,0,0,0.20181323186177208,-1.8430263996124268,-0.46802645921707153,base,No
5364,0,0,0.11920291576401235,-2.3213376998901367,-0.32133764028549194,base,No
5365,0,0,0.40733341443526055,-1.1160075664520264,-0.7410076260566711,base,No
5366,0,0,0.22270014398423357,-1.6799836158752441,-0.42998364567756653,base,No
5367,0,0,0.34864513533394575,-1.2323834896087646,-0.6073834896087646,base,No
5368,0,0,0.1480471980316895,-2.0640573501586914,-0.3140573501586914,base,No
5369,0,0,0.0758581737534831,-2.9149250984191895,-0.4149250090122223,base,No
5370,0,0,0.2689414213699951,-1.4047932624816895,-0.40479326248168945,base,No
5371,0,0,0.3486451217982255,-1.3317382335662842,-0.7067381739616394,base,No
5372,0,1,0.6224593312018546,-0.7849181890487671,-1.284918189048767,base,Yes
5373,0,0,0.24508502416032488,-1.5545563697814941,-0.4295564293861389,base,No
5374,0,0,0.13296423676207594,-2.294245958328247,-0.4192459285259247,base,No
5375,0,0,0.18242551491653522,-2.0250144004821777,-0.525014340877533,base,No
5376,0,0,0.2018132270610754,-1.7780251502990723,-0.40302518010139465,base,No
5377,0,0,0.10669059678604234,-2.4598584175109863,-0.3348584473133087,base,No
5378,0,0,0.11920292828022305,-2.271185874938965,-0.2711859345436096,base,No
5379,0,0,0.07585817584273653,-2.775505304336548,-0.2755052447319031,base,No
5380,0,0,0.2689414213699951,-1.633676290512085,-0.633676290512085,base,No
5381,0,0,0.34864513533394575,-1.2658555507659912,-0.6408555507659912,base,No
5382,0,0,0.24508502416032488,-1.6250584125518799,-0.5000584721565247,base,No
5383,0,0,0.29421497216298875,-1.4190747737884521,-0.5440747737884521,base,No
5384,0,0,0.3486451488696663,-1.19171142578125,-0.5667114853858948,base,No
5385,0,0,0.09534947518185825,-2.5476531982421875,-0.29765331745147705,base,No
5386,0,0,0.2689414213699951,-1.5216253995895386,-0.5216253995895386,base,No
5387,0,0,0.24508500210441886,-1.7301366329193115,-0.6051365733146667,base,No
5388,0,0,0.1066905854244781,-2.44185209274292,-0.31685200333595276,base,No
5389,0,0,0.2942149783515162,-1.3028098344802856,-0.42780986428260803,base,No
5390,0,1,0.5312093733737563,-0.8081263303756714,-0.9331263303756714,base,Yes
5391,0,1,0.679178699175393,-0.5135688781738281,-1.2635688781738281,base,Yes
5392,0,1,0.5621765008857981,-0.8470656871795654,-1.0970656871795654,base,Yes
5393,0,0,0.2689414096510108,-1.5240356922149658,-0.524035632610321,base,No
5394,0,0,0.26894141551050293,-1.4404857158660889,-0.4404856860637665,base,No
5395,0,0,0.16451646699291617,-2.0482354164123535,-0.4232354462146759,base,No
5396,0,0,0.18242551936144574,-1.8849190473556519,-0.38491901755332947,base,No
5397,0,0,0.11920290950590741,-2.507174015045166,-0.5071738958358765,base,No
5398,0,0,0.22270013882530884,-1.7953861951828003,-0.5453861951828003,base,No
5399,0,0,0.24508500210441886,-1.5455005168914795,-0.4205004572868347,base,No
5400,0,0,0.37754066879814546,-1.1548999547958374,-0.6548999547958374,base,No
5401,0,0,0.04742587721667508,-3.2907016277313232,-0.2907017171382904,base,No
5402,0,0,0.0953494674697966,-2.5300452709198,-0.2800453007221222,base,No
5403,0,0,0.24508500210441886,-1.711426019668579,-0.5864259600639343,base,No
5404,0,0,0.22270012850745968,-1.870854139328003,-0.6208540797233582,base,No
5405,0,0,0.32082130082460697,-1.4545568227767944,-0.7045568227767944,base,No
5406,0,0,0.29421497216298875,-1.4299386739730835,-0.5549386739730835,base,No
5407,0,0,0.06008665354025422,-3.4518091678619385,-0.7018092274665833,base,No
5408,0,1,0.5621765008857981,-0.7018663883209229,-0.9518663883209229,base,Yes
5409,0,0,0.32082130082460697,-1.2904155254364014,-0.5404155254364014,base,No
5410,0,0,0.2018132174596823,-1.754155158996582,-0.37915512919425964,base,No
5411,0,0,0.5,-0.8295251131057739,-0.8295251131057739,base,No
5412,0,0,0.3775406547908327,-1.1079044342041016,-0.6079043745994568,base,No
5413,0,0,0.1192029188930649,-2.394174098968506,-0.39417406916618347,base,No
5414,0,0,0.24508500761839525,-1.5072412490844727,-0.38224121928215027,base,No
5415,0,0,0.0953494648991095,-2.7095224857330322,-0.4595224857330322,base,No
5416,0,0,0.18242553269617778,-1.9889519214630127,-0.48895198106765747,base,No
5417,0,0,0.29421497216298875,-1.4076642990112305,-0.5326642990112305,base,No
5418,0,0,0.37754066879814546,-1.164940595626831,-0.664940595626831,base,No
5419,0,0,0.18242552380635632,-1.9422547817230225,-0.44225478172302246,base,No
5420,0,0,0.06754668550840877,-3.0019397735595703,-0.37693968415260315,base,No
5421,0,0,0.11920291263495983,-2.309662103652954,-0.30966201424598694,base,No
5422,0,0,0.0600866518571309,-3.1444082260131836,-0.394408255815506,base,No
5423,0,0,0.4378234991142019,-1.0158495903015137,-0.7658495903015137,base,No
5424,0,0,0.2018132174596823,-1.7353768348693848,-0.3603768050670624,base,No
5425,0,0,0.13296424706933604,-2.2657580375671387,-0.39075809717178345,base,No
5426,0,0,0.2689414330889798,-1.4388787746429443,-0.4388788342475891,base,No
5427,0,0,0.24508500210441886,-1.6207287311553955,-0.49572867155075073,base,No
5428,0,0,0.5,-0.817836344242096,-0.817836344242096,base,No
5429,0,0,0.3208213138121609,-1.3769102096557617,-0.6269102692604065,base,No
5430,0,0,0.06754668738548215,-3.2235913276672363,-0.5985912680625916,base,No
5431,0,0,0.11920292515117029,-2.3981666564941406,-0.398166686296463,base,No
5432,0,0,0.11920291576401235,-2.569301128387451,-0.5693010687828064,base,No
5433,0,0,0.26894141551050293,-1.4582642316818237,-0.45826420187950134,base,No
5434,0,0,0.13296425050508953,-2.296337842941284,-0.42133793234825134,base,No
5435,0,0,0.1329642333263228,-2.340635299682617,-0.4656352400779724,base,No
5436,0,0,0.2689414213699951,-1.6057202816009521,-0.6057202816009521,base,No
5437,0,0,0.37754066879814546,-1.0596776008605957,-0.5596776008605957,base,No
5438,0,0,0.06754669583231304,-2.845362424850464,-0.22036249935626984,base,No
5439,0,0,0.2942149597859341,-1.4622328281402588,-0.587232768535614,base,No
5440,0,0,0.06754669301670263,-3.0026769638061523,-0.37767699360847473,base,No
5441,0,1,0.679178699175393,-0.4951937198638916,-1.2451937198638916,base,Yes
5442,0,1,0.6224593312018546,-0.6870604753494263,-1.1870604753494263,base,Yes
5443,0,0,0.1329642333263228,-2.4188337326049805,-0.5438336730003357,base,No
5444,0,0,0.11920292202211755,-2.608593225479126,-0.608593225479126,base,No
5445,0,0,0.2942149597859341,-1.3614835739135742,-0.48648351430892944,base,No
5446,0,0,0.04742587317756679,-3.2873010635375977,-0.28730106353759766,base,No
5447,0,0,0.32082130082460697,-1.276212215423584,-0.526212215423584,base,No
5448,0,0,0.1066905911052601,-2.4642529487609863,-0.33925291895866394,base,No
5449,0,0,0.34864513533394575,-1.287976861000061,-0.662976861000061,base,No
5450,0,0,0.03732688627322502,-3.6939828395843506,-0.4439828097820282,base,No
5451,0,0,0.2689414272294874,-1.4901931285858154,-0.4901931583881378,base,No
5452,0,0,0.4073333856566001,-1.08414626121521,-0.7091462016105652,base,No
5453,0,0,0.07585818628900447,-2.832871913909912,-0.3328720033168793,base,No
5454,0,0,0.03732688306051187,-3.525906562805176,-0.27590644359588623,base,No
5455,0,0,0.24508501313237172,-1.7243188619613647,-0.5993188619613647,base,No
5456,0,1,0.5926665999540697,-0.587099015712738,-0.962099015712738,base,Yes
5457,0,0,0.10669059962643358,-2.4606642723083496,-0.3356643319129944,base,No
5458,0,0,0.13296425050508953,-2.268475294113159,-0.39347538352012634,base,No
5459,0,0,0.1824255415859996,-2.344723701477051,-0.8447238206863403,base,no
5460,0,0,0.20181321265898594,-1.8137269020080566,-0.43872684240341187,base,No
5461,0,0,0.18242551491653522,-1.974062442779541,-0.47406238317489624,base,No
5462,0,0,0.37754066879814546,-1.1179840564727783,-0.6179840564727783,base,No
5463,0,1,0.5621765008857981,-0.8797253370285034,-1.1297253370285034,base,Yes
5464,0,0,0.46879062662624377,-1.0111061334609985,-0.8861061334609985,base,No
5465,0,0,0.1645164628965632,-2.001452922821045,-0.3764529228210449,base,No
5466,0,0,0.18242551936144574,-1.781462550163269,-0.28146252036094666,base,No
5467,0,0,0.22270014914315833,-1.7638535499572754,-0.5138536095619202,base,No
5468,0,0,0.11920290950590741,-2.3467531204223633,-0.34675300121307373,base,No
5469,0,0,0.1645164628965632,-2.0027658939361572,-0.3777658939361572,base,No
5470,0,0,0.4378234844434674,-1.0423948764801025,-0.7923948168754578,base,No
5471,0,0,0.37754066879814546,-1.0681443214416504,-0.5681443214416504,base,No
5472,0,0,0.20181322226037882,-1.7916454076766968,-0.4166454076766968,base,No
5473,0,0,0.24508501864634827,-1.4795345067977905,-0.3545345366001129,base,No
5474,0,0,0.13296425050508953,-2.1770174503326416,-0.30201753973960876,base,No
5475,0,0,0.13296424706933604,-2.183356523513794,-0.3083565831184387,base,No
5476,0,0,0.06008665354025422,-3.0589890480041504,-0.30898910760879517,base,No
5477,0,0,0.10669058826486906,-2.4400792121887207,-0.3150791525840759,base,No
5478,0,0,0.22270014914315833,-1.6585783958435059,-0.40857845544815063,base,No
5479,0,0,0.06754668738548215,-3.044858455657959,-0.4198583960533142,base,No
5480,0,0,0.1645164506075047,-2.045804023742676,-0.4208039343357086,base,No
5481,0,0,0.22270013882530884,-1.6494536399841309,-0.39945363998413086,base,No
5482,0,0,0.13296424019782924,-2.163844347000122,-0.28884434700012207,base,No
5483,0,0,0.2689414330889798,-1.5074942111968994,-0.5074942708015442,base,No
5484,0,0,0.20181321265898594,-2.086071729660034,-0.7110716700553894,base,No
5485,0,0,0.16451647108926923,-2.339564085006714,-0.7145641446113586,base,No
5486,0,1,0.7772998560157665,-0.4376061260700226,-1.6876060962677002,base,Yes
5487,0,0,0.042087731520181665,-3.540064573287964,-0.41506466269493103,base,No
5488,0,1,0.6224593171945417,-0.6650853753089905,-1.1650853157043457,base,Yes
5489,0,0,0.14804720179063335,-2.015810012817383,-0.2658100426197052,base,No
5490,0,0,0.14804719051380197,-2.0472302436828613,-0.29723018407821655,base,No
5491,0,0,0.2689414330889798,-1.5015268325805664,-0.5015268921852112,base,No
5492,0,0,0.29421497216298875,-1.4127789735794067,-0.5377789735794067,base,No
5493,0,0,0.10669059962643358,-2.494258403778076,-0.36925846338272095,base,No
5494,0,0,0.46879062662624377,-0.9777976274490356,-0.8527976274490356,base,No
5495,0,0,0.20181322226037882,-1.7696934938430786,-0.3946934938430786,base,No
5496,0,0,0.16451645880021026,-1.9644691944122314,-0.33946916460990906,base,No
5497,0,0,0.11920292515117029,-2.491628408432007,-0.4916284382343292,base,No
5498,0,0,0.13296422989056964,-2.240145444869995,-0.36514535546302795,base,No
5499,0,0,0.14804719051380197,-2.289813756942749,-0.5398136973381042,base,No
5500,0,0,0.1645164628965632,-1.9676027297973633,-0.3426027297973633,base,No
5501,0,0,0.29421497216298875,-1.41102933883667,-0.5360293388366699,base,No
5502,0,0,0.0758581737534831,-2.8048174381256104,-0.3048173487186432,base,No
5503,0,1,0.5312093733737563,-0.7983981966972351,-0.9233981966972351,base,Yes
5504,0,0,0.2018132270610754,-1.8297078609466553,-0.45470789074897766,base,No
5505,0,0,0.20181321265898594,-1.8706133365631104,-0.4956132769584656,base,No
5506,0,0,0.13296423676207594,-2.250481128692627,-0.37548109889030457,base,No
5507,0,0,0.1329642333263228,-2.342410087585449,-0.46741002798080444,base,No
5508,0,0,0.2018132270610754,-1.7637627124786377,-0.3887627422809601,base,No
5509,0,0,0.29421497216298875,-1.434108853340149,-0.5591088533401489,base,No
5510,0,0,0.20181322226037882,-1.8402596712112427,-0.4652596712112427,base,No
5511,0,1,0.5926665855647394,-0.6798904538154602,-1.0548903942108154,base,Yes
5512,0,0,0.1329642333263228,-2.2092394828796387,-0.3342394232749939,base,No
5513,0,0,0.11920292828022305,-2.4200620651245117,-0.4200621247291565,base,No
5514,0,0,0.24508502416032488,-1.6421854496002197,-0.5171855092048645,base,No
5515,0,0,0.20181323186177208,-1.9251136779785156,-0.5501137375831604,base,No
5516,0,0,0.1066905825840872,-2.7296438217163086,-0.604643702507019,base,No
5517,0,0,0.22270014914315833,-1.8119149208068848,-0.5619149804115295,base,No
5518,0,0,0.3208213138121609,-1.3691685199737549,-0.6191685795783997,base,No
5519,0,0,0.08509904036636974,-2.838987112045288,-0.4639870524406433,base,No
5520,0,0,0.34864513533394575,-1.2063566446304321,-0.5813566446304321,base,No
5521,0,0,0.060086646807761206,-3.0644001960754395,-0.3144001364707947,base,No
5522,0,0,0.46879062662624377,-0.9014835953712463,-0.7764835953712463,base,No
5523,0,0,0.09534945718704857,-2.745427370071411,-0.49542728066444397,base,No
5524,0,0,0.3775406828054583,-1.1619179248809814,-0.6619179844856262,base,No
5525,0,0,0.08509904500702024,-2.639141082763672,-0.2641410827636719,base,No
5526,0,0,0.29421497216298875,-1.3099113702774048,-0.4349113702774048,base,No
5527,0,0,0.22270014914315833,-1.7577645778656006,-0.5077646374702454,base,No
5528,0,0,0.053403329799824234,-3.1153452396392822,-0.24034523963928223,base,No
5529,0,0,0.0850990542883219,-2.6899194717407227,-0.3149195909500122,base,No
5530,0,1,0.5621765008857981,-0.775007963180542,-1.025007963180542,base,Yes
5531,0,0,0.46879064146934857,-1.0885822772979736,-0.9635823369026184,base,No
5532,0,0,0.22270013882530884,-1.6350184679031372,-0.3850184679031372,base,No
5533,0,1,0.5312093733737563,-0.8430407047271729,-0.9680407047271729,base,Yes
5534,0,0,0.18242551936144574,-1.9302732944488525,-0.43027326464653015,base,No
5535,0,0,0.24508500210441886,-1.6692214012145996,-0.5442213416099548,base,No
5536,0,0,0.32082130082460697,-1.378023386001587,-0.6280233860015869,base,No
5537,0,0,0.08509904500702024,-2.908778190612793,-0.533778190612793,base,No
5538,0,0,0.29421497216298875,-1.4436384439468384,-0.5686384439468384,base,No
5539,0,0,0.09534945461636171,-2.8343634605407715,-0.5843633413314819,base,No
5540,0,0,0.0850990519679964,-2.7706849575042725,-0.3956850469112396,base,No
5541,0,0,0.3208212878370535,-1.2609429359436035,-0.5109428763389587,base,No
5542,0,1,0.679178699175393,-0.6345202922821045,-1.3845202922821045,base,Yes
5543,0,1,0.6513548646660542,-0.5846854448318481,-1.2096854448318481,base,Yes
5544,0,0,0.1645164628965632,-2.0745670795440674,-0.4495670795440674,base,No
5545,0,0,0.20181322226037882,-1.8700144290924072,-0.4950144290924072,base,No
5546,0,0,0.4378234991142019,-1.1107523441314697,-0.8607523441314697,base,No
5547,0,0,0.13296424706933604,-2.6102471351623535,-0.7352471947669983,base,No
5548,0,0,0.46879062662624377,-0.9601888656616211,-0.8351888656616211,base,No
5549,0,0,0.042087725512577126,-3.433422565460205,-0.3084225058555603,base,No
5550,0,0,0.32082130082460697,-1.3321484327316284,-0.5821484327316284,base,No
5551,0,0,0.24508500210441886,-1.8488044738769531,-0.7238044142723083,base,No
5552,0,0,0.22270013882530884,-1.6846380233764648,-0.43463802337646484,base,No
5553,0,0,0.5,-0.9395707249641418,-0.9395707249641418,base,No
5554,0,0,0.18242552380635632,-1.98270583152771,-0.48270583152770996,base,No
5555,0,0,0.07585818002124356,-2.975149393081665,-0.47514939308166504,base,No
5556,0,1,0.7772998714925403,-0.42087405920028687,-1.6708741188049316,base,Yes
5557,0,0,0.13296424706933604,-2.3356709480285645,-0.46067100763320923,base,No
5558,0,0,0.3486451217982255,-1.244969367980957,-0.6199693083763123,base,No
5559,0,0,0.46879062662624377,-0.8648861646652222,-0.7398861646652222,base,No
5560,0,0,0.46879062662624377,-0.9612148404121399,-0.8362148404121399,base,No
5561,0,0,0.32082130082460697,-1.3306653499603271,-0.5806653499603271,base,No
5562,0,0,0.20181322226037882,-1.9353196620941162,-0.5603196620941162,base,No
5563,0,0,0.22270013882530884,-1.6719045639038086,-0.4219045639038086,base,No
5564,0,0,0.1192029188930649,-2.3792805671691895,-0.37928053736686707,base,No
5565,0,0,0.22270013366638422,-1.7185238599777222,-0.4685238301753998,base,No
5566,0,0,0.2689414213699951,-1.4327278137207031,-0.4327278137207031,base,No
5567,0,0,0.04742587856304458,-3.320343494415283,-0.32034361362457275,base,No
5568,0,0,0.07585817793199003,-2.8303110599517822,-0.33031103014945984,base,No
5569,0,0,0.26894141551050293,-1.4134856462478638,-0.4134856164455414,base,No
5570,0,0,0.5,-0.8327988386154175,-0.8327988386154175,base,No
5571,0,0,0.11920291263495983,-2.492290496826172,-0.4922904074192047,base,No
5572,0,1,0.5312093733737563,-0.7513660788536072,-0.8763660788536072,base,Yes
5573,0,0,0.16451645470385742,-1.982309341430664,-0.3573092818260193,base,No
5574,0,0,0.32082130082460697,-1.3880796432495117,-0.6380796432495117,base,No
5575,0,0,0.29421497216298875,-1.44425630569458,-0.5692563056945801,base,No
5576,0,0,0.24508503518827837,-2.005434989929199,-0.8804351091384888,base,No
5577,0,0,0.22270013366638422,-1.5741915702819824,-0.32419154047966003,base,No
5578,0,1,0.5926666143433998,-0.6873437762260437,-1.0623438358306885,base,Yes
5579,0,0,0.2689414096510108,-1.6972754001617432,-0.6972753405570984,base,No
5580,0,0,0.0953494648991095,-2.575153350830078,-0.3251533508300781,base,No
5581,0,0,0.1480471980316895,-2.0888686180114746,-0.3388686180114746,base,No
5582,0,0,0.24508501864634827,-1.618113398551941,-0.4931134283542633,base,No
5583,0,0,0.2942149845400438,-1.4285221099853516,-0.5535221695899963,base,No
5584,0,0,0.11920293140927592,-2.291365146636963,-0.29136523604393005,base,No
5585,0,0,0.11920291263495983,-2.3939175605773926,-0.3939174711704254,base,No
5586,0,0,0.24508500210441886,-1.6183502674102783,-0.49335020780563354,base,No
5587,0,0,0.14804721306746543,-2.4925718307495117,-0.7425719499588013,base,No
5588,0,0,0.29421497216298875,-1.458034873008728,-0.583034873008728,base,No
5589,0,0,0.24508500761839525,-1.6192985773086548,-0.4942985475063324,base,No
5590,0,0,0.2942149597859341,-1.300947904586792,-0.4259478449821472,base,No
5591,0,0,0.06008665354025422,-3.269066095352173,-0.5190661549568176,base,No
5592,0,0,0.20181321265898594,-1.7037274837493896,-0.3287274241447449,base,No
5593,0,0,0.1329642264548166,-2.4600272178649902,-0.5850270986557007,base,No
5594,0,0,0.14804719427274565,-1.9934459924697876,-0.2434459626674652,base,No
5595,0,0,0.20181322226037882,-1.931753158569336,-0.5567531585693359,base,No
5596,0,0,0.37754066879814546,-1.1700856685638428,-0.6700856685638428,base,No
5597,0,0,0.24508501313237172,-1.6028987169265747,-0.4778987169265747,base,No
5598,0,0,0.3486451217982255,-1.4918901920318604,-0.8668901324272156,base,No
5599,0,0,0.46879062662624377,-1.1786603927612305,-1.0536603927612305,base,No
5600,0,0,0.29421497216298875,-1.482657551765442,-0.6076575517654419,base,No
5601,0,1,0.6224593312018546,-0.6026333570480347,-1.1026333570480347,base,Yes
5602,0,0,0.13296424019782924,-2.291090965270996,-0.4160909652709961,base,No
5603,0,0,0.4378234991142019,-0.9822580218315125,-0.7322580218315125,base,No
5604,0,0,0.09534946104307897,-2.493710994720459,-0.2437109500169754,base,No
5605,0,0,0.22270014398423357,-1.6413823366165161,-0.3913823664188385,base,No
5606,0,0,0.18242552380635632,-2.13474178314209,-0.6347417831420898,base,No
5607,0,0,0.1329642436335826,-2.2591912746429443,-0.3841913044452667,base,No
5608,0,0,0.11920291576401235,-2.468125820159912,-0.46812576055526733,base,No
5609,0,0,0.1480472055495773,-2.2285313606262207,-0.4785314202308655,base,No
5610,0,0,0.16451645880021026,-2.0306310653686523,-0.40563103556632996,base,No
5611,0,0,0.2689414096510108,-1.7830610275268555,-0.7830609679222107,base,No
5612,0,0,0.11920291576401235,-2.269566774368286,-0.26956671476364136,base,No
5613,0,1,0.5621765008857981,-0.8101900815963745,-1.0601900815963745,base,Yes
5614,0,0,0.16451645880021026,-2.112255573272705,-0.4872555434703827,base,No
5615,0,0,0.0474258704848281,-3.2888858318328857,-0.28888577222824097,base,No
5616,0,0,0.37754066879814546,-1.1584815979003906,-0.6584815979003906,base,No
5617,0,0,0.3775406547908327,-1.2461462020874023,-0.7461461424827576,base,No
5618,0,0,0.16451647108926923,-2.0179905891418457,-0.3929906487464905,base,No
5619,0,0,0.0675466911396291,-3.1098544597625732,-0.48485445976257324,base,No
5620,0,0,0.2689414213699951,-1.4682263135910034,-0.4682263135910034,base,No
5621,0,0,0.11920292515117029,-2.42036771774292,-0.4203677475452423,base,No
5622,0,1,0.5926666143433998,-0.6626572012901306,-1.0376572608947754,base,Yes
5623,0,0,0.46879062662624377,-1.0501717329025269,-0.9251717329025269,base,No
5624,0,1,0.6224593452091672,-0.5909249186515808,-1.0909249782562256,base,Yes
5625,0,0,0.32082130082460697,-1.3141239881515503,-0.5641239881515503,base,No
5626,0,0,0.16451645470385742,-1.977602243423462,-0.35260218381881714,base,No
5627,0,0,0.08509904036636974,-2.8334076404571533,-0.45840758085250854,base,No
5628,0,0,0.11920292515117029,-2.42449688911438,-0.42449691891670227,base,No
5629,0,0,0.2018132270610754,-1.729508399963379,-0.3545084297657013,base,No
5630,0,0,0.32082130082460697,-1.3032275438308716,-0.5532275438308716,base,No
5631,0,0,0.10669058826486906,-2.6999282836914062,-0.5749282240867615,base,No
5632,0,0,0.09534945461636171,-2.6756253242492676,-0.425625205039978,base,No
5633,0,0,0.2689414213699951,-1.5624127388000488,-0.5624127388000488,base,No
5634,0,0,0.07585817793199003,-2.766491651535034,-0.2664916217327118,base,No
5635,0,0,0.0850990357257195,-2.6881651878356934,-0.3131650686264038,base,No
5636,0,0,0.18242552380635632,-1.9918899536132812,-0.49188995361328125,base,No
5637,0,0,0.2942149597859341,-1.4174435138702393,-0.5424434542655945,base,No
5638,0,0,0.2018132174596823,-1.8018879890441895,-0.42688795924186707,base,No
5639,0,0,0.29421497216298875,-1.5333466529846191,-0.6583466529846191,base,No
5640,0,0,0.11920292515117029,-2.47603178024292,-0.4760318100452423,base,No
5641,0,0,0.22270014398423357,-1.6658623218536377,-0.4158623516559601,base,No
5642,0,0,0.2942149845400438,-1.3921043872833252,-0.51710444688797,base,No
5643,0,0,0.3208212878370535,-1.2975897789001465,-0.5475897192955017,base,No
5644,0,0,0.3775406828054583,-1.2217659950256348,-0.7217660546302795,base,No
5645,0,0,0.13296424019782924,-2.3182239532470703,-0.4432239532470703,base,No
5646,0,0,0.2689414213699951,-1.8693333864212036,-0.8693333864212036,base,No
5647,0,0,0.22270012850745968,-1.721977710723877,-0.4719776511192322,base,No
5648,0,0,0.14804719051380197,-2.3107380867004395,-0.5607380270957947,base,No
5649,0,0,0.1329642333263228,-2.3218307495117188,-0.446830689907074,base,No
5650,0,0,0.1645164628965632,-1.981423020362854,-0.356423020362854,base,No
5651,0,0,0.3208212878370535,-1.3292796611785889,-0.5792796015739441,base,No
5652,0,0,0.46879062662624377,-0.9441067576408386,-0.8191067576408386,base,No
5653,0,0,0.06008664344151498,-3.3931097984313965,-0.6431096792221069,base,No
5654,0,0,0.29421497216298875,-1.4424687623977661,-0.5674687623977661,base,No
5655,0,0,0.10669059962643358,-2.5050899982452393,-0.38009005784988403,base,No
5656,0,0,0.3486451488696663,-1.2572901248931885,-0.6322901844978333,base,No
5657,0,0,0.3775406828054583,-1.3041157722473145,-0.8041158318519592,base,No
5658,0,0,0.18242552825126704,-1.9210314750671387,-0.42103150486946106,base,No
5659,0,0,0.14804719051380197,-2.2058982849121094,-0.4558982253074646,base,No
5660,0,0,0.22270013366638422,-1.6595803499221802,-0.4095803201198578,base,No
5661,0,0,0.16451646699291617,-1.9836769104003906,-0.358676940202713,base,No
5662,0,0,0.0850990542883219,-2.7057700157165527,-0.3307701349258423,base,No
5663,0,0,0.20181321265898594,-1.9582946300506592,-0.5832945704460144,base,No
5664,0,0,0.1824255415859996,-2.1042752265930176,-0.6042753458023071,base,No
5665,0,0,0.22270013882530884,-1.722904920578003,-0.47290492057800293,base,No
5666,0,0,0.2689414330889798,-1.6138527393341064,-0.6138527989387512,base,No
5667,0,0,0.2018132270610754,-1.8014987707138062,-0.42649880051612854,base,No
5668,0,0,0.11920291576401235,-2.4135231971740723,-0.4135231375694275,base,No
5669,0,0,0.32082130082460697,-1.228492021560669,-0.47849202156066895,base,No
5670,0,0,0.22270013882530884,-1.7952296733856201,-0.5452296733856201,base,No
5671,0,0,0.4073334000459302,-1.179591417312622,-0.8045914173126221,base,No
5672,0,0,0.3208212878370535,-1.2616701126098633,-0.5116700530052185,base,No
5673,0,0,0.1066905854244781,-2.4544990062713623,-0.32949891686439514,base,No
5674,0,0,0.11920291419948606,-2.2210915088653564,-0.22109143435955048,base,No
5675,0,1,0.5312093882168609,-0.9535192847251892,-1.078519344329834,base,Yes
5676,0,0,0.16451647108926923,-2.1390271186828613,-0.5140271782875061,base,No
5677,0,0,0.11920292515117029,-2.393906354904175,-0.3939063847064972,base,No
5678,0,0,0.07585818211049715,-2.9166107177734375,-0.4166107475757599,base,No
5679,0,0,0.3208213138121609,-1.3729867935180664,-0.6229868531227112,base,No
5680,0,0,0.34864513533394575,-1.5201767683029175,-0.8951767683029175,base,No
5681,0,0,0.4378235137849365,-1.188657522201538,-0.9386575818061829,base,No
5682,0,1,0.5621765008857981,-0.9519741535186768,-1.2019741535186768,base,Yes
5683,0,0,0.11920292828022305,-2.5682055950164795,-0.5682056546211243,base,No
5684,0,0,0.20181322226037882,-1.8239169120788574,-0.4489169120788574,base,No
5685,0,0,0.14804719427274565,-2.0428988933563232,-0.29289886355400085,base,No
5686,0,0,0.29421497216298875,-1.6114031076431274,-0.7364031076431274,base,No
5687,0,0,0.18242553269617778,-1.9181709289550781,-0.4181709885597229,base,No
5688,0,0,0.20181321265898594,-2.0759084224700928,-0.700908362865448,base,No
5689,0,0,0.24508501313237172,-1.482445478439331,-0.35744547843933105,base,No
5690,0,0,0.1480472055495773,-2.166487216949463,-0.41648727655410767,base,No
5691,0,0,0.34864513533394575,-1.1925106048583984,-0.5675106048583984,base,No
5692,0,0,0.4378234991142019,-1.1737722158432007,-0.9237722158432007,base,No
5693,0,0,0.34864513533394575,-1.2969653606414795,-0.6719653606414795,base,No
5694,0,0,0.2942149597859341,-1.5564465522766113,-0.6814464926719666,base,No
5695,0,0,0.4378235137849365,-1.015289068222046,-0.7652891278266907,base,No
5696,0,0,0.18242553269617778,-1.9252345561981201,-0.4252346158027649,base,No
5697,0,0,0.11920291576401235,-2.396310329437256,-0.3963102698326111,base,No
5698,0,0,0.16451647108926923,-2.0289690494537354,-0.4039691090583801,base,No
5699,0,0,0.4378234991142019,-1.0543863773345947,-0.8043863773345947,base,No
5700,0,0,0.20181321265898594,-1.8907628059387207,-0.5157627463340759,base,No
5701,0,0,0.4378234991142019,-1.0291260480880737,-0.7791260480880737,base,No
5702,0,0,0.34864513533394575,-1.3989018201828003,-0.7739018201828003,base,No
5703,0,0,0.37754066879814546,-1.2561999559402466,-0.7561999559402466,base,No
5704,0,0,0.34864513533394575,-1.158890724182129,-0.5338907241821289,base,No
5705,0,0,0.24508501313237172,-1.7543190717697144,-0.6293190717697144,base,No
5706,0,0,0.18242551936144574,-1.9085536003112793,-0.4085535705089569,base,No
5707,0,0,0.32082130082460697,-1.402655005455017,-0.6526550054550171,base,No
5708,0,0,0.07585818002124356,-3.036250591278076,-0.5362505912780762,base,No
5709,0,0,0.24508500210441886,-1.7123448848724365,-0.5873448252677917,base,No
5710,0,0,0.5,-0.8912826776504517,-0.8912826776504517,base,No
5711,0,0,0.20181322226037882,-1.8969264030456543,-0.5219264030456543,base,No
5712,0,0,0.16451645880021026,-2.026021718978882,-0.40102168917655945,base,No
5713,0,0,0.2942149597859341,-1.6183531284332275,-0.7433530688285828,base,No
5714,0,0,0.2942149597859341,-1.4337279796600342,-0.5587279200553894,base,No
5715,0,0,0.08509904732734556,-2.771991729736328,-0.3969917595386505,base,No
5716,0,0,0.1192029188930649,-2.39082932472229,-0.39082929491996765,base,No
5717,0,0,0.4378235137849365,-1.039395809173584,-0.7893958687782288,base,No
5718,0,0,0.20181322226037882,-1.8225016593933105,-0.44750165939331055,base,No
5719,0,1,0.5621765008857981,-0.7429176568984985,-0.9929176568984985,base,Yes
5720,0,0,0.10669058826486906,-2.632471799850464,-0.5074717402458191,base,No
5721,0,0,0.18242551936144574,-1.928796648979187,-0.4287966191768646,base,No
5722,0,1,0.7772998611746911,-0.46519482135772705,-1.715194821357727,base,Yes
5723,0,0,0.2018132270610754,-1.8148605823516846,-0.43986061215400696,base,No
5724,0,0,0.34864513533394575,-1.2076112031936646,-0.5826112031936646,base,No
5725,0,0,0.34864513533394575,-1.2472981214523315,-0.6222981214523315,base,No
5726,0,0,0.13296424019782924,-2.2872209548950195,-0.41222095489501953,base,No
5727,0,0,0.46879062662624377,-0.8837152719497681,-0.7587152719497681,base,No
5728,0,0,0.37754066879814546,-1.2581712007522583,-0.7581712007522583,base,No
5729,0,0,0.16451645880021026,-1.986491084098816,-0.36149105429649353,base,No
5730,0,0,0.24508501313237172,-1.639414668083191,-0.5144146680831909,base,No
5731,0,0,0.1645164628965632,-2.1320083141326904,-0.5070083141326904,base,No
5732,0,0,0.3775406828054583,-1.0721123218536377,-0.5721123814582825,base,No
5733,0,0,0.1066905911052601,-2.6015350818634033,-0.47653505206108093,base,No
5734,0,0,0.10669060246682488,-2.314310312271118,-0.18931040167808533,base,No
5735,0,0,0.34864513533394575,-1.2613190412521362,-0.6363190412521362,base,No
5736,0,0,0.2689414213699951,-1.4834620952606201,-0.4834620952606201,base,No
5737,0,1,0.7310585786300049,-0.41802799701690674,-1.4180279970169067,base,Yes
5738,0,0,0.18242551491653522,-2.224477767944336,-0.7244777083396912,base,No
5739,0,0,0.3208212878370535,-1.4645369052886963,-0.7145368456840515,base,No
5740,0,0,0.16451645470385742,-2.1303210258483887,-0.5053209662437439,base,No
5741,0,0,0.3208213138121609,-1.365128755569458,-0.6151288151741028,base,No
5742,0,0,0.11920291576401235,-2.310927152633667,-0.3109270930290222,base,No
5743,0,0,0.13296425050508953,-2.279829978942871,-0.40483006834983826,base,No
5744,0,0,0.3486451488696663,-1.313319206237793,-0.6883192658424377,base,No
5745,0,0,0.2689414096510108,-1.625464677810669,-0.6254646182060242,base,No
5746,0,1,0.7981867729389246,-0.34970322251319885,-1.7247031927108765,base,Yes
5747,0,0,0.4073334000459302,-1.1932847499847412,-0.8182847499847412,base,No
5748,0,0,0.32082130082460697,-1.382098913192749,-0.632098913192749,base,No
5749,0,0,0.4378234991142019,-0.9899891018867493,-0.7399891018867493,base,No
5750,0,0,0.29421497216298875,-1.4531240463256836,-0.5781240463256836,base,No
5751,0,0,0.09534945718704857,-2.6316065788269043,-0.38160648941993713,base,No
5752,0,0,0.1480471829959148,-2.3822646141052246,-0.6322644948959351,base,no
5753,0,0,0.1645164628965632,-2.0073883533477783,-0.3823883533477783,base,No
5754,0,0,0.13296425394084313,-2.3833093643188477,-0.5083094835281372,base,No
5755,0,0,0.10669059962643358,-2.639305830001831,-0.5143058896064758,base,No
5756,0,0,0.11920292828022305,-2.28812575340271,-0.28812581300735474,base,No
5757,0,0,0.4378234991142019,-1.0420552492141724,-0.7920552492141724,base,No
5758,0,0,0.22270013882530884,-1.7275508642196655,-0.4775508642196655,base,No
5759,0,0,0.18242552825126704,-1.8718278408050537,-0.3718278706073761,base,No
5760,0,0,0.2018132270610754,-1.8697696924209595,-0.49476972222328186,base,No
5761,0,0,0.2689414213699951,-1.530019998550415,-0.530019998550415,base,No
5762,0,0,0.18242553269617778,-2.1971218585968018,-0.6971219182014465,base,No
5763,0,0,0.14804720930852133,-2.056816816329956,-0.3068169057369232,base,No
5764,0,0,0.16451646699291617,-1.9863795042037964,-0.3613795340061188,base,No
5765,0,0,0.22270013882530884,-1.7751528024673462,-0.5251528024673462,base,No
5766,0,0,0.14804720179063335,-2.151348114013672,-0.40134814381599426,base,No
5767,0,0,0.32082130082460697,-1.2717009782791138,-0.5217009782791138,base,No
5768,0,0,0.11920291263495983,-2.4235787391662598,-0.4235786497592926,base,No
5769,0,1,0.6513548714339145,-0.48089608550071716,-1.1058961153030396,base,Yes
5770,0,0,0.14804721306746543,-2.114060401916504,-0.36406052112579346,base,No
5771,0,0,0.18242552380635632,-1.9679865837097168,-0.4679865837097168,base,No
5772,0,0,0.22270012850745968,-1.685020923614502,-0.4350208640098572,base,No
5773,0,0,0.04208773031866069,-3.5256574153900146,-0.4006574749946594,base,No
5774,0,0,0.18242553269617778,-2.134186267852783,-0.634186327457428,base,No
5775,0,0,0.18242551491653522,-2.0753085613250732,-0.5753085017204285,base,No
5776,0,0,0.2018132270610754,-1.8448939323425293,-0.4698939621448517,base,No
5777,0,0,0.4073334000459302,-1.2281564474105835,-0.8531564474105835,base,No
5778,0,0,0.37754066879814546,-1.198359489440918,-0.698359489440918,base,No
5779,0,0,0.24508500210441886,-1.7643828392028809,-0.6393827795982361,base,No
5780,0,0,0.22270013882530884,-1.7840877771377563,-0.5340877771377563,base,No
5781,0,0,0.4073333856566001,-1.1651530265808105,-0.7901529669761658,base,No
5782,0,1,0.7057850154599563,-0.5195320248603821,-1.3945319652557373,base,Yes
5783,0,0,0.24508501313237172,-1.5834985971450806,-0.45849859714508057,base,No
5784,0,0,0.46879062662624377,-0.940476655960083,-0.815476655960083,base,No
5785,0,0,0.46879061178313897,-1.087658405303955,-0.9626583456993103,base,No
5786,0,0,0.2689414330889798,-1.5239710807800293,-0.5239711403846741,base,No
5787,0,0,0.40733341443526055,-1.2473926544189453,-0.8723927140235901,base,No
5788,0,0,0.3775406547908327,-1.1057708263397217,-0.6057707667350769,base,No
5789,0,0,0.1066905854244781,-2.397355318069458,-0.27235522866249084,base,No
5790,0,0,0.06754669489377622,-3.032292604446411,-0.4072926640510559,base,No
5791,0,0,0.14804718675485834,-2.162198066711426,-0.4121979773044586,base,No
5792,0,0,0.16451647108926923,-2.0725624561309814,-0.4475625157356262,base,No
5793,0,0,0.14804719051380197,-2.2615621089935303,-0.5115620493888855,base,No
5794,0,0,0.32082130082460697,-1.4632583856582642,-0.7132583856582642,base,No
5795,0,0,0.06008664512463808,-3.017098903656006,-0.2670988142490387,base,No
5796,0,0,0.5,-1.0368502140045166,-1.0368502140045166,base,No
5797,0,0,0.2689414330889798,-1.4028141498565674,-0.40281420946121216,base,No
5798,0,0,0.18242551491653522,-2.055692434310913,-0.5556923747062683,base,No
5799,0,0,0.22270014398423357,-1.67606520652771,-0.42606523633003235,base,No
5800,0,0,0.29421497216298875,-1.4948559999465942,-0.6198559999465942,base,No
5801,0,0,0.34864513533394575,-1.1430696249008179,-0.5180696249008179,base,No
5802,0,0,0.07585817793199003,-2.791574478149414,-0.2915744483470917,base,No
5803,0,0,0.29421497216298875,-1.4116100072860718,-0.5366100072860718,base,No
5804,0,0,0.1066905854244781,-2.5072247982025146,-0.3822247087955475,base,No
5805,0,0,0.2942149845400438,-1.4165983200073242,-0.541598379611969,base,No
5806,0,0,0.2689414330889798,-1.57273530960083,-0.5727353692054749,base,No
5807,0,0,0.3775406828054583,-1.227635383605957,-0.7276354432106018,base,No
5808,0,0,0.11920290950590741,-2.5190415382385254,-0.5190414190292358,base,No
5809,0,0,0.060086648490884395,-3.1174349784851074,-0.36743494868278503,base,No
5810,0,0,0.18242551491653522,-1.8586981296539307,-0.3586980700492859,base,No
5811,0,0,0.18242553269617778,-2.003645181655884,-0.5036452412605286,base,No
5812,0,1,0.5312093733737563,-0.8226302862167358,-0.9476302862167358,base,Yes
5813,0,0,0.08509904036636974,-2.703010082244873,-0.32801002264022827,base,No
5814,0,0,0.18242551491653522,-1.9492783546447754,-0.4492782950401306,base,No
5815,0,0,0.2689414213699951,-1.5796926021575928,-0.5796926021575928,base,No
5816,0,0,0.3208212878370535,-1.3668928146362305,-0.6168927550315857,base,No
5817,0,0,0.2018132270610754,-1.8239095211029053,-0.44890955090522766,base,No
5818,0,0,0.1480471980316895,-2.285149097442627,-0.535149097442627,base,No
5819,0,0,0.37754066879814546,-1.298987627029419,-0.798987627029419,base,No
5820,0,0,0.1480472055495773,-2.1506271362304688,-0.4006271958351135,base,No
5821,0,0,0.11920292828022305,-2.6692054271698,-0.6692054867744446,base,No
5822,0,0,0.29421497216298875,-1.4606451988220215,-0.5856451988220215,base,No
5823,0,0,0.2689414330889798,-1.6572675704956055,-0.6572676301002502,base,No
5824,0,0,0.46879062662624377,-0.9736465215682983,-0.8486465215682983,base,No
5825,0,0,0.34864513533394575,-1.1531072854995728,-0.5281072854995728,base,No
5826,0,1,0.5312093733737563,-0.843267023563385,-0.968267023563385,base,Yes
5827,0,0,0.2689414213699951,-1.6761521100997925,-0.6761521100997925,base,No
5828,0,0,0.07585817793199003,-2.7928855419158936,-0.29288551211357117,base,No
5829,0,0,0.46879062662624377,-0.8778295516967773,-0.7528295516967773,base,No
5830,0,0,0.24508500761839525,-1.5608561038970947,-0.43585607409477234,base,No
5831,0,0,0.2689414330889798,-1.616590976715088,-0.6165910363197327,base,No
5832,0,0,0.2689414330889798,-1.532439947128296,-0.5324400067329407,base,No
5833,0,0,0.18242551936144574,-1.9449905157089233,-0.44499048590660095,base,No
5834,0,0,0.26894141551050293,-1.4761091470718384,-0.476109117269516,base,No
5835,0,0,0.0850990519679964,-2.786433458328247,-0.41143354773521423,base,No
5836,0,0,0.20181322226037882,-1.9805762767791748,-0.6055762767791748,base,No
5837,0,0,0.08509904500702024,-2.8983938694000244,-0.5233938694000244,base,No
5838,0,0,0.22270013366638422,-1.7002474069595337,-0.4502473771572113,base,No
5839,0,1,0.5312093733737563,-0.7425149083137512,-0.8675149083137512,base,Yes
5840,0,0,0.4378234991142019,-1.0682830810546875,-0.8182830810546875,base,No
5841,0,0,0.18242553269617778,-2.0666682720184326,-0.5666683316230774,base,No
5842,0,0,0.22270012850745968,-1.850691318511963,-0.6006912589073181,base,No
5843,0,0,0.04742587721667508,-3.410053253173828,-0.4100533425807953,base,No
5844,0,0,0.0953494674697966,-2.5414059162139893,-0.29140594601631165,base,No
5845,0,1,0.5621765008857981,-0.6857007741928101,-0.9357007741928101,base,Yes
5846,0,0,0.18242551936144574,-1.8911248445510864,-0.39112481474876404,base,No
5847,0,0,0.18242550602671442,-2.061614990234375,-0.5616148710250854,base,No
5848,0,0,0.0953494648991095,-2.7565536499023438,-0.5065536499023438,base,No
5849,0,0,0.1645164628965632,-2.1013734340667725,-0.47637343406677246,base,No
5850,0,0,0.2018132270610754,-1.7954738140106201,-0.4204738438129425,base,No
5851,0,0,0.29421497216298875,-1.423282504081726,-0.5482825040817261,base,No
5852,0,0,0.1329642436335826,-2.266441822052002,-0.39144185185432434,base,No
5853,0,0,0.24508501313237172,-1.6788827180862427,-0.5538827180862427,base,No
5854,0,0,0.16451645470385742,-2.095226287841797,-0.4702262282371521,base,No
5855,0,0,0.2018132270610754,-1.842276930809021,-0.4672769606113434,base,No
5856,0,0,0.4378234991142019,-1.0069116353988647,-0.7569116353988647,base,No
5857,0,0,0.1645164792819756,-2.1531033515930176,-0.5281034708023071,base,No
5858,0,0,0.18242552380635632,-1.9187169075012207,-0.4187169075012207,base,No
5859,0,0,0.18242552380635632,-2.1879122257232666,-0.6879122257232666,base,No
5860,0,0,0.22270014398423357,-1.6584690809249878,-0.4084691107273102,base,No
5861,0,0,0.18242551491653522,-2.0375845432281494,-0.5375844836235046,base,No
5862,0,0,0.0850990542883219,-2.9076547622680664,-0.532654881477356,base,No
5863,0,0,0.4073333856566001,-1.0860648155212402,-0.7110647559165955,base,No
5864,0,0,0.18242552380635632,-1.9333370923995972,-0.43333709239959717,base,No
5865,0,0,0.32082130082460697,-1.2473317384719849,-0.49733173847198486,base,No
5866,0,0,0.1066905854244781,-2.4753708839416504,-0.3503707945346832,base,No
5867,0,0,0.10669060530721626,-2.637542724609375,-0.5125428438186646,base,No
5868,0,0,0.13296422989056964,-2.316586971282959,-0.4415868818759918,base,No
5869,0,0,0.18242552380635632,-1.9889825582504272,-0.48898255825042725,base,No
5870,0,0,0.16451645470385742,-1.9685943126678467,-0.3435942530632019,base,No
5871,0,0,0.20181322226037882,-2.0093278884887695,-0.6343278884887695,base,No
5872,0,1,0.5312093733737563,-0.7848985195159912,-0.9098985195159912,base,Yes
5873,0,0,0.22270014914315833,-1.6864418983459473,-0.43644195795059204,base,No
5874,0,0,0.14804720930852133,-2.1387715339660645,-0.3887716233730316,base,No
5875,0,0,0.2942149783515162,-1.3392629623413086,-0.464262992143631,base,No
5876,0,0,0.29421497216298875,-1.3203309774398804,-0.44533097743988037,base,No
5877,0,0,0.4378234991142019,-1.0782546997070312,-0.8282546997070312,base,No
5878,0,0,0.4073334000459302,-1.0940481424331665,-0.7190481424331665,base,No
5879,0,0,0.20181323186177208,-1.873039722442627,-0.49803978204727173,base,No
5880,0,0,0.1480471980316895,-2.025447130203247,-0.27544713020324707,base,No
5881,0,0,0.24508501313237172,-1.673706293106079,-0.5487062931060791,base,No
5882,0,0,0.24508500210441886,-1.6020398139953613,-0.47703975439071655,base,No
5883,0,0,0.1645164628965632,-2.182587146759033,-0.5575871467590332,base,No
5884,0,0,0.10669060246682488,-2.418433427810669,-0.2934335172176361,base,No
5885,0,0,0.09534945975773548,-2.5536398887634277,-0.30363982915878296,base,No
5886,0,0,0.24508502416032488,-1.877852201461792,-0.7528522610664368,base,No
5887,0,0,0.22270014914315833,-1.9128098487854004,-0.6628099083900452,base,No
5888,0,0,0.20181322226037882,-1.847869634628296,-0.4728696346282959,base,No
5889,0,0,0.042087731520181665,-3.495779275894165,-0.3707793653011322,base,No
5890,0,0,0.20181322226037882,-1.9376327991485596,-0.5626327991485596,base,No
5891,0,0,0.22270014914315833,-1.781433343887329,-0.5314334034919739,base,No
5892,0,0,0.40733341443526055,-1.0142061710357666,-0.6392062306404114,base,No
5893,0,0,0.18242551936144574,-1.7838891744613647,-0.28388914465904236,base,No
5894,0,0,0.4073334000459302,-1.139464020729065,-0.7644640207290649,base,No
5895,0,0,0.29421497216298875,-1.376531720161438,-0.501531720161438,base,No
5896,0,0,0.46879062662624377,-0.8253269791603088,-0.7003269791603088,base,No
5897,0,0,0.4378234991142019,-1.1227498054504395,-0.8727498054504395,base,No
5898,0,0,0.20181322226037882,-1.8814772367477417,-0.5064772367477417,base,No
5899,0,0,0.16451645880021026,-2.0164153575897217,-0.3914153277873993,base,No
5900,0,0,0.06754668363133542,-3.022118091583252,-0.3971179723739624,base,No
5901,0,0,0.34864513533394575,-1.2546446323394775,-0.6296446323394775,base,No
5902,0,0,0.22270013882530884,-1.7899833917617798,-0.5399833917617798,base,No
5903,0,0,0.3486451217982255,-1.3564555644989014,-0.7314555048942566,base,No
5904,0,0,0.24508502416032488,-1.7191014289855957,-0.5941014885902405,base,No
5905,0,0,0.18242551491653522,-2.003678798675537,-0.5036787390708923,base,No
5906,0,0,0.08509904036636974,-2.8463551998138428,-0.471355140209198,base,No
5907,0,0,0.11920291263495983,-2.423907518386841,-0.42390742897987366,base,No
5908,0,0,0.20181322226037882,-1.9219437837600708,-0.5469437837600708,base,No
5909,0,0,0.20181322226037882,-1.9987330436706543,-0.6237330436706543,base,No
5910,0,0,0.0758581737534831,-2.7623720169067383,-0.2623719274997711,base,No
5911,0,0,0.3208212878370535,-1.3682208061218262,-0.6182207465171814,base,No
5912,0,0,0.37754066879814546,-1.1958564519882202,-0.6958564519882202,base,No
5913,0,0,0.4378234991142019,-0.9009950160980225,-0.6509950160980225,base,No
5914,0,0,0.32082130082460697,-1.3138841390609741,-0.5638841390609741,base,No
5915,0,0,0.24508501313237172,-1.6816866397857666,-0.5566866397857666,base,No
5916,0,0,0.1329642436335826,-2.2945868968963623,-0.4195869266986847,base,No
5917,0,0,0.18242552380635632,-1.9777593612670898,-0.47775936126708984,base,No
5918,0,0,0.40733341443526055,-1.0622963905334473,-0.687296450138092,base,No
5919,0,0,0.34864513533394575,-1.1866613626480103,-0.5616613626480103,base,No
5920,0,0,0.22270014398423357,-1.6625580787658691,-0.41255810856819153,base,No
5921,0,0,0.24508501313237172,-1.6177513599395752,-0.4927513599395752,base,No
5922,0,0,0.10669059962643358,-2.577357769012451,-0.45235782861709595,base,No
5923,0,0,0.2018132270610754,-1.7444673776626587,-0.3694674074649811,base,No
5924,0,0,0.46879062662624377,-0.9892148971557617,-0.8642148971557617,base,No
5925,0,0,0.46879062662624377,-0.9081234335899353,-0.7831234335899353,base,No
5926,0,0,0.1066905911052601,-2.509018659591675,-0.3840186297893524,base,No
5927,0,0,0.14804719051380197,-2.2008419036865234,-0.45084184408187866,base,No
5928,0,0,0.20181322226037882,-1.9199060201644897,-0.5449060201644897,base,No
5929,0,0,0.18242551491653522,-2.0148935317993164,-0.5148934721946716,base,No
5930,0,0,0.2018132174596823,-1.785850167274475,-0.4108501374721527,base,No
5931,0,0,0.10669058826486906,-2.8770954608917236,-0.7520954012870789,base,No
5932,0,0,0.04742587452393617,-3.4221978187561035,-0.4221978485584259,base,No
5933,0,0,0.18242553269617778,-1.977149248123169,-0.4771493077278137,base,No
5934,0,0,0.24508502416032488,-1.6645665168762207,-0.5395665764808655,base,No
5935,0,0,0.32082130082460697,-1.3240498304367065,-0.5740498304367065,base,No
5936,0,0,0.18242552380635632,-1.8972375392913818,-0.39723753929138184,base,No
5937,0,0,0.2689414213699951,-1.5620622634887695,-0.5620622634887695,base,No
5938,0,0,0.4378235137849365,-1.0673930644989014,-0.8173931241035461,base,No
5939,0,0,0.2689414096510108,-1.4441611766815186,-0.4441611170768738,base,No
5940,0,0,0.11920292828022305,-2.3941240310668945,-0.3941240906715393,base,No
5941,0,0,0.22270014914315833,-1.7677531242370605,-0.5177531838417053,base,No
5942,0,0,0.29421497216298875,-1.6831094026565552,-0.8081094026565552,base,No
5943,0,0,0.4378234991142019,-1.0209519863128662,-0.7709519863128662,base,No
5944,0,0,0.3208213138121609,-1.3580851554870605,-0.6080852150917053,base,No
5945,0,0,0.3775406828054583,-1.0751161575317383,-0.5751162171363831,base,No
5946,0,0,0.0675466911396291,-3.144077777862549,-0.5190777778625488,base,No
5947,0,0,0.3208212878370535,-1.4739418029785156,-0.7239417433738708,base,No
5948,0,0,0.32082130082460697,-1.3620344400405884,-0.6120344400405884,base,No
5949,0,0,0.2689414330889798,-1.4808459281921387,-0.48084598779678345,base,No
5950,0,0,0.07585818419975078,-2.8343963623046875,-0.3343964219093323,base,No
5951,0,0,0.14804720930852133,-2.1488888263702393,-0.3988889157772064,base,No
5952,0,0,0.29421497216298875,-1.4188385009765625,-0.5438385009765625,base,No
5953,0,1,0.5926665999540697,-0.6516964435577393,-1.0266964435577393,base,Yes
5954,0,0,0.060086646807761206,-3.2954812049865723,-0.5454811453819275,base,No
5955,0,0,0.29421497216298875,-1.5720852613449097,-0.6970852613449097,base,No
5956,0,0,0.24508501864634827,-1.616708755493164,-0.49170878529548645,base,No
5957,0,0,0.24508501313237172,-1.5780466794967651,-0.45304667949676514,base,No
5958,0,0,0.03732688948593843,-3.820619821548462,-0.5706198811531067,base,No
5959,0,0,0.20181322226037882,-1.9216303825378418,-0.5466303825378418,base,No
5960,0,0,0.24508500210441886,-1.6806933879852295,-0.5556933283805847,base,No
5961,0,0,0.4073333856566001,-1.042931318283081,-0.6679312586784363,base,No
5962,0,0,0.09534946232842245,-2.6057932376861572,-0.35579320788383484,base,No
5963,0,0,0.16451646699291617,-2.0211143493652344,-0.39611437916755676,base,No
5964,0,0,0.32082130082460697,-1.269856333732605,-0.519856333732605,base,No
5965,0,0,0.4378234991142019,-1.1242761611938477,-0.8742761611938477,base,No
5966,0,0,0.22270012850745968,-1.6987316608428955,-0.44873160123825073,base,No
5967,0,0,0.3775406828054583,-1.0811305046081543,-0.5811305642127991,base,No
5968,0,0,0.22270014398423357,-1.7086294889450073,-0.4586295187473297,base,No
5969,0,0,0.4073334000459302,-0.9666432738304138,-0.5916432738304138,base,No
5970,0,0,0.04742586913845881,-3.276012659072876,-0.2760125696659088,base,No
5971,0,0,0.09534945718704857,-2.6098718643188477,-0.3598717749118805,base,No
5972,0,1,0.8519528019683106,-0.37513136863708496,-2.125131368637085,base,Yes
5973,0,0,0.11920291576401235,-2.3828179836273193,-0.38281792402267456,base,No
5974,0,0,0.16451645470385742,-2.199983596801758,-0.574983537197113,base,No
5975,0,0,0.2689414096510108,-1.6739740371704102,-0.6739739775657654,base,No
5976,0,0,0.22270012850745968,-1.896176815032959,-0.6461767554283142,base,No
5977,0,0,0.22270014914315833,-1.796339511871338,-0.5463395714759827,base,No
5978,0,0,0.26894141551050293,-1.456802487373352,-0.45680245757102966,base,No
5979,0,0,0.22270013882530884,-1.7195428609848022,-0.46954286098480225,base,No
5980,0,0,0.24508501313237172,-1.5668175220489502,-0.4418175220489502,base,No
5981,0,1,0.8354835330070839,-0.3658585846424103,-1.990858554840088,base,Yes
5982,0,0,0.24508502416032488,-1.7252869606018066,-0.6002870202064514,base,No
5983,0,0,0.20181323186177208,-1.8712234497070312,-0.496223509311676,base,No
5984,0,0,0.26894141551050293,-1.4191733598709106,-0.41917333006858826,base,No
5985,0,0,0.18242553269617778,-2.023118734359741,-0.523118793964386,base,No
5986,0,0,0.2689414213699951,-1.4903461933135986,-0.49034619331359863,base,No
5987,0,0,0.22270014914315833,-1.6313815116882324,-0.3813815712928772,base,No
5988,0,0,0.4378234991142019,-1.0033642053604126,-0.7533642053604126,base,No
5989,0,0,0.14804720179063335,-2.2127685546875,-0.4627685844898224,base,No
5990,0,0,0.09534945461636171,-2.721477508544922,-0.4714773893356323,base,No
5991,0,0,0.2689414213699951,-1.6003979444503784,-0.6003979444503784,base,No
5992,0,0,0.46879062662624377,-0.9125046730041504,-0.7875046730041504,base,No
5993,0,0,0.1192029188930649,-2.2914445400238037,-0.2914445102214813,base,No
5994,0,0,0.20181322226037882,-1.8806238174438477,-0.5056238174438477,base,No
5995,0,0,0.24508501313237172,-1.6012965440750122,-0.4762965440750122,base,No
5996,0,0,0.4073334000459302,-1.1840195655822754,-0.8090195655822754,base,No
5997,0,0,0.14804720930852133,-2.0614676475524902,-0.3114677369594574,base,No
5998,0,0,0.1480471980316895,-2.1339714527130127,-0.3839714527130127,base,No
5999,0,0,0.02931222905542399,-3.828763961791992,-0.3287639021873474,base,No
