idx,y_true,y_pred,p_yes,lp_yes,lp_no,mode,raw_text
0,1,0,0.003593602127890565,-5.648697376251221,-0.023697249591350555,attack,no
1,1,0,0.003172682655451245,-5.755011081695557,-0.0050110225565731525,attack,no
2,1,0,0.00013982206568693398,-8.879298210144043,-0.004298138897866011,attack,no
3,1,0,0.0002611902529483456,-8.271198272705078,-0.02119801938533783,attack,no
4,1,0,0.0015011822755828046,-6.5057902336120605,-0.005790246184915304,attack,no
5,1,0,0.003172682874884772,-5.757770538330078,-0.007770548574626446,attack,no
6,1,0,0.0010322310569221222,-6.879164218902588,-0.0041642384603619576,attack,no
7,1,0,0.002182716256706217,-6.132359504699707,-0.007359418086707592,attack,no
8,1,0,0.00591106912439977,-5.133523941040039,-0.008523986674845219,attack,no
9,1,0,0.010986940161321984,-4.524042129516602,-0.024041902273893356,attack,no
10,1,0,0.00970847709034214,-4.637000560760498,-0.01200062409043312,attack,no
11,1,0,0.0066928520635182375,-5.018054962158203,-0.018055133521556854,attack,no
12,1,0,0.005220125093864346,-5.270990371704102,-0.02099025622010231,attack,no
13,1,0,0.0009110511130205339,-7.008068084716797,-0.008067995309829712,attack,no
14,1,0,0.0019267342352894854,-6.25918436050415,-0.009184137918055058,attack,no
15,1,0,0.03308598089141842,-3.416361093521118,-0.04136117175221443,attack,no
16,1,0,0.002182716385508088,-6.1303935050964355,-0.005393477622419596,attack,no
17,1,0,0.0015011821073664814,-6.507920742034912,-0.007920642383396626,attack,no
18,1,0,0.0007096704469841587,-7.2545881271362305,-0.004588194657117128,attack,no
19,1,0,0.0009110511994869027,-7.002843856811523,-0.002843862399458885,attack,no
20,1,0,0.0019267348007832097,-6.253632068634033,-0.003632140113040805,attack,no
21,1,0,0.017986210817474785,-4.0342559814453125,-0.03425602987408638,attack,no
22,1,0,0.03732689082456911,-3.29990553855896,-0.04990563541650772,attack,no
23,1,0,0.02931223053936477,-3.5361247062683105,-0.03612469881772995,attack,no
24,1,0,0.4378234991142019,-0.8365795016288757,-0.5865795016288757,attack,no
25,1,0,0.0017007222596374673,-6.383126735687256,-0.008126646280288696,attack,no
26,1,0,0.00043055702881786864,-7.759186267852783,-0.009186145849525928,attack,no
27,1,0,0.006692851171944271,-5.010697364807129,-0.010697402060031891,attack,no
28,1,0,0.005911068024413097,-5.132774829864502,-0.007774688303470612,attack,no
29,1,0,0.0040701381575925415,-5.507909297943115,-0.007909406907856464,attack,no
30,1,0,0.009708478290170509,-4.637986183166504,-0.012986371293663979,attack,no
31,1,0,0.0005527786343509463,-7.508502006530762,-0.008502001874148846,attack,no
32,1,0,0.00023050669344779976,-8.383028030395508,-0.008027906529605389,attack,no
33,1,0,0.0005527785407063774,-7.50493860244751,-0.0049384282901883125,attack,no
34,1,0,0.0004305570690997612,-7.752813816070557,-0.002813787665218115,attack,no
35,1,0,0.017986206606357753,-4.022751331329346,-0.02275114133954048,attack,no
36,1,0,0.00048785705647918934,-7.635635852813721,-0.01063571684062481,attack,no
37,1,0,0.22270014398423357,-1.5106416940689087,-0.2606417238712311,attack,no
38,1,0,0.0021827160325706943,-6.130423545837402,-0.0054233563132584095,attack,no
39,1,0,0.0040701381575925415,-5.508347511291504,-0.008347620256245136,attack,no
40,1,0,0.0024726227684222376,-6.0056538581848145,-0.005653700791299343,attack,no
41,1,0,0.006692849382605203,-5.0099778175354,-0.009977585636079311,attack,no
42,1,0,0.001501182360737963,-6.50510311126709,-0.005103180650621653,attack,no
43,1,0,0.002472623521876211,-6.005725383758545,-0.005725531838834286,attack,no
44,1,0,0.001032231139271946,-6.877297878265381,-0.0022979776840656996,attack,no
45,1,0,0.012431650121413363,-4.39195442199707,-0.016954362392425537,attack,no
46,1,0,0.0024726234610026343,-6.007601261138916,-0.007601384539157152,attack,no
47,1,0,0.06008664512463808,-2.8196499347686768,-0.0696498453617096,attack,no
48,1,0,0.0007096704073563759,-7.256206512451172,-0.006206524092704058,attack,no
49,1,0,0.0007096704499562424,-7.2578840255737305,-0.007884097285568714,attack,no
50,1,0,0.0010322309834555213,-6.879403114318848,-0.004403062630444765,attack,no
51,1,0,0.0007096702973892904,-7.255074977874756,-0.005074834451079369,attack,no
52,1,0,0.02931222894942822,-3.5363523960113525,-0.036352332681417465,attack,no
53,1,0,0.0001398220647104247,-8.89150333404541,-0.01650325581431389,attack,no
54,1,0,0.0028009263259104293,-5.881283283233643,-0.006283053662627935,attack,no
55,1,0,0.0035936025480723293,-5.635272026062012,-0.010272016748785973,attack,no
56,1,0,0.004609572168691184,-5.3826799392700195,-0.007679936941713095,attack,no
57,1,0,0.0024726228120674305,-6.008965969085693,-0.008965829387307167,attack,no
58,1,0,0.00522012601275042,-5.2608819007873535,-0.01088196225464344,attack,no
59,1,0,0.0009110510223156264,-7.013937950134277,-0.013937761075794697,attack,no
60,1,0,0.015906390020726816,-4.151416778564453,-0.02641667053103447,attack,no
61,1,0,0.02297737233531229,-3.77725887298584,-0.0272589810192585,attack,no
62,1,0,0.0021827165163383435,-6.131222248077393,-0.00622228067368269,attack,no
63,1,0,0.015906392936395713,-4.155375003814697,-0.030375082045793533,attack,no
64,1,0,0.0031726831885716517,-5.755563735961914,-0.00556384539231658,attack,no
65,1,0,0.0011695103455614119,-6.766058444976807,-0.016058513894677162,attack,no
66,1,0,0.0021827166623814287,-6.129057884216309,-0.004057983867824078,attack,no
67,1,0,0.0009110512372099778,-7.004434585571289,-0.004434632603079081,attack,no
68,1,0,0.32082130731838393,-1.1472827196121216,-0.39728274941444397,attack,no
69,1,0,0.0010322312816435227,-6.882315158843994,-0.007315396331250668,attack,no
70,1,0,0.10669058826486906,-2.2444887161254883,-0.1194886565208435,attack,no
71,1,0,0.08509904326677628,-2.472109317779541,-0.09710929542779922,attack,no
72,1,0,0.014063629832577114,-4.267882347106934,-0.01788254827260971,attack,no
73,1,0,0.004070137391230418,-5.51084041595459,-0.010840335860848427,attack,no
74,1,0,0.007577242717561507,-4.885124206542969,-0.010124399326741695,attack,no
75,1,0,0.009708475451770796,-4.639050483703613,-0.0140503766015172,attack,no
76,1,0,0.0010322310905342945,-6.880700588226318,-0.005700640380382538,attack,no
77,1,0,0.001325022163957414,-6.629100322723389,-0.004100131336599588,attack,no
78,1,0,0.000911051339358987,-7.00395393371582,-0.003954092971980572,attack,no
79,1,0,0.0075772408896780654,-4.895365238189697,-0.020365187898278236,attack,no
80,1,0,0.002472622627149643,-6.004825115203857,-0.004824900534003973,attack,no
81,1,0,0.0013250225305928786,-6.64139986038208,-0.016399946063756943,attack,no
82,1,0,0.0021827159717194254,-6.1307477951049805,-0.005747577641159296,attack,no
83,1,0,0.010986944270027638,-4.51898717880249,-0.018987329676747322,attack,no
84,1,0,0.0021827162962595468,-6.129965305328369,-0.004965236876159906,attack,no
85,1,0,0.006692849667413466,-5.0106964111328125,-0.010696222074329853,attack,no
86,1,0,0.022977370244547896,-3.7870991230010986,-0.03709913790225983,attack,no
87,1,0,0.01798620686955254,-4.020869255065918,-0.02086907997727394,attack,no
88,1,0,0.0075772408476577615,-4.885183811187744,-0.010183755308389664,attack,no
89,1,0,0.0021827164696856935,-6.133734226226807,-0.008734237402677536,attack,no
90,1,0,0.012431651767901451,-4.391146183013916,-0.016146257519721985,attack,no
91,1,0,0.0179862067050558,-4.0226263999938965,-0.02262621559202671,attack,no
92,1,0,0.03732688560390976,-3.2942821979522705,-0.04428214952349663,attack,no
93,1,0,0.007577241428938653,-4.8896355628967285,-0.014635584317147732,attack,no
94,1,0,0.0008040860007279654,-7.132205963134766,-0.0072060441598296165,attack,no
95,1,0,0.003172682506707722,-5.758387565612793,-0.008387459442019463,attack,no
96,1,0,0.005911068495054135,-5.143424034118652,-0.01842397265136242,attack,no
97,1,0,0.03732688881662312,-3.299492597579956,-0.04949263855814934,attack,no
98,1,0,0.0021827167485874203,-6.1317901611328125,-0.006790300365537405,attack,no
99,1,0,0.014063628360429792,-4.269120216369629,-0.019120311364531517,attack,no
100,1,0,0.5,-0.7215038537979126,-0.7215038537979126,attack,no
101,1,0,0.004609571234994951,-5.383399486541748,-0.008399280719459057,attack,no
102,1,0,0.04742587570200943,-3.0545785427093506,-0.05457859858870506,attack,no
103,1,0,0.006692851277199525,-5.008877754211426,-0.008877807296812534,attack,no
104,1,0,0.05340332565681314,-2.9387495517730713,-0.06374946981668472,attack,no
105,1,0,0.0031726821547305023,-5.75673770904541,-0.0067374915815889835,attack,no
106,1,0,0.4073334000459302,-0.9164049625396729,-0.5414049625396729,attack,no
107,1,0,0.000804085823764189,-7.130167007446289,-0.0051668682135641575,attack,no
108,1,0,0.37754066879814546,-0.9889459013938904,-0.4889459013938904,attack,no
109,1,0,0.006692852212113911,-5.015902519226074,-0.01590271294116974,attack,no
110,1,0,0.09534946682712482,-2.359855890274048,-0.10985591262578964,attack,no
111,1,0,0.0011695104679521444,-6.752514362335205,-0.002514536026865244,attack,no
112,1,0,0.00407013830482469,-5.507889747619629,-0.007889892905950546,attack,no
113,1,0,0.04742587284097443,-3.0559580326080322,-0.05595802515745163,attack,no
114,1,0,0.0024726235896411373,-6.006643295288086,-0.0066434708423912525,attack,no
115,1,0,0.02931222799546632,-3.5317633152008057,-0.031763218343257904,attack,no
116,1,0,0.009708477215697335,-4.638433933258057,-0.013434009626507759,attack,no
117,1,0,0.0011695104505454615,-6.754216194152832,-0.004216352943331003,attack,no
118,1,0,0.004070137444082972,-5.510149955749512,-0.010149888694286346,attack,no
119,1,0,0.0420877310696113,-3.171457290649414,-0.04645736888051033,attack,no
120,1,0,0.004070137447858155,-5.5063700675964355,-0.006370001472532749,attack,no
121,1,0,0.0015011825331422734,-6.505420207977295,-0.005420392379164696,attack,no
122,1,0,0.0046095717520532545,-5.387325286865234,-0.012325193732976913,attack,no
123,1,0,0.003172682091404061,-5.757460117340088,-0.007459879852831364,attack,no
124,1,0,0.004609572593875572,-5.38283634185791,-0.007836432196199894,attack,no
125,1,0,0.0031726826834327006,-5.757823944091797,-0.007823893800377846,attack,no
126,1,0,0.14804719427274565,-1.9349254369735718,-0.1849254071712494,attack,no
127,1,0,0.1329642384799526,-2.0301403999328613,-0.15514038503170013,attack,no
128,1,0,0.0024726231658232377,-6.017391204833984,-0.017391208559274673,attack,no
129,1,0,0.2689414330889798,-1.3261444568634033,-0.3261445164680481,attack,no
130,1,0,0.001169510316187638,-6.761373519897461,-0.011373563669621944,attack,no
131,1,0,0.22270013882530884,-1.5295336246490479,-0.27953362464904785,attack,no
132,1,0,0.0031726822534019366,-5.834615707397461,-0.08461552113294601,attack,no
133,1,1,0.7549149868676283,-0.37315118312835693,-1.498151183128357,attack,yes
134,1,0,0.00669285080045515,-5.010921955108643,-0.010921936482191086,attack,no
135,1,0,0.11920293453832885,-2.1373133659362793,-0.13731348514556885,attack,no
136,1,0,0.007577240938701753,-4.887912750244141,-0.012912706471979618,attack,no
137,1,0,0.009708477502223504,-4.644864559173584,-0.01986466534435749,attack,no
138,1,0,0.0031726824831443917,-5.756321430206299,-0.006321316584944725,attack,no
139,1,0,0.05340333582602272,-2.9382333755493164,-0.06323349475860596,attack,no
140,1,0,0.1329642333263228,-2.0219831466674805,-0.1469830870628357,attack,no
141,1,0,0.002182716276989975,-6.134398460388184,-0.0093983830884099,attack,no
142,1,1,0.5621765008857981,-0.634692370891571,-0.884692370891571,attack,yes
143,1,0,0.2018132270610754,-1.6214700937271118,-0.2464701235294342,attack,no
144,1,0,0.00757724278059198,-4.886597156524658,-0.01159735769033432,attack,no
145,1,0,0.4073334000459302,-0.9169884920120239,-0.5419884920120239,attack,no
146,1,0,0.03308597934211908,-3.4150772094726562,-0.04007723927497864,attack,no
147,1,0,0.006692851654880156,-5.009823322296143,-0.009823432192206383,attack,no
148,1,0,0.025957358799003922,-3.666276693344116,-0.041276756674051285,attack,no
149,1,0,0.3486451285660856,-1.0614181756973267,-0.4364181458950043,attack,no
150,1,0,0.007577240518498721,-4.885257720947266,-0.010257621295750141,attack,no
151,1,0,0.20181321265898594,-1.6129264831542969,-0.2379264235496521,attack,no
152,1,0,0.0031726834227323,-5.759912014007568,-0.009912197478115559,attack,no
153,1,0,0.010986942934192136,-4.514307975769043,-0.014308003708720207,attack,no
154,1,0,0.004070138476595537,-5.507273197174072,-0.007273384835571051,attack,no
155,1,0,0.014063626139295524,-4.265829563140869,-0.015829497948288918,attack,no
156,1,1,0.7772998611746911,-0.27359163761138916,-1.5235916376113892,attack,yes
157,1,0,0.32082130731838393,-1.1563992500305176,-0.40639927983283997,attack,no
158,1,0,0.24508501864634827,-1.4257110357284546,-0.300711065530777,attack,no
159,1,0,0.0006263340648368211,-7.382806301116943,-0.007806152105331421,attack,no
160,1,0,0.004070138399204276,-5.510008811950684,-0.0100089805200696,attack,no
161,1,0,0.04208773061904093,-3.17093563079834,-0.045935697853565216,attack,no
162,1,0,0.08509903630580078,-2.4690170288085938,-0.0940169170498848,attack,no
163,1,0,0.3486451285660856,-1.0612434148788452,-0.4362433850765228,attack,no
164,1,0,0.003593603126656028,-5.632112979888916,-0.007113132160156965,attack,no
165,1,0,0.001926734229916624,-6.2564873695373535,-0.006487144157290459,attack,no
166,1,0,0.07585818837825822,-2.5854620933532715,-0.08546221256256104,attack,no
167,1,0,0.0006263340216982487,-7.378646373748779,-0.003646155819296837,attack,no
168,1,0,0.22270014914315833,-1.5177538394927979,-0.2677538990974426,attack,no
169,1,0,0.09534945975773548,-2.3579585552215576,-0.10795849561691284,attack,no
170,1,0,0.4073334000459302,-0.9185471534729004,-0.5435471534729004,attack,no
171,1,0,0.0040701372893004895,-5.506468772888184,-0.006468667648732662,attack,no
172,1,0,0.0010322310021823012,-6.884059429168701,-0.009059395641088486,attack,no
173,1,0,0.025957355172740986,-3.653165102005005,-0.028165021911263466,attack,no
174,1,1,0.6513548511303336,-0.46762925386428833,-1.0926291942596436,attack,yes
175,1,0,0.18242552158390105,-1.7141170501708984,-0.21411703526973724,attack,no
176,1,0,0.004070138380328358,-5.509708404541016,-0.009708568453788757,attack,no
177,1,0,0.0008040860418823376,-7.131319999694824,-0.006320131942629814,attack,no
178,1,0,0.0600866518571309,-2.8200831413269043,-0.07008317112922668,attack,no
179,1,0,0.03732689015525377,-3.2910749912261963,-0.04107506945729256,attack,no
180,1,0,0.09534945847239201,-2.364058017730713,-0.11405794322490692,attack,no
181,1,0,0.010986943419950481,-4.514444828033447,-0.014444900676608086,attack,no
182,1,0,0.017986206540559057,-4.02744197845459,-0.027441784739494324,attack,no
183,1,0,0.0009110510011228924,-7.02495002746582,-0.0249498151242733,attack,no
184,1,0,0.3775406617944891,-0.9959272146224976,-0.49592718482017517,attack,no
185,1,0,0.1480472036701053,-1.9197161197662354,-0.16971616446971893,attack,no
186,1,0,0.0040701380254611315,-5.508236885070801,-0.0082369614392519,attack,no
187,1,0,0.00247262333121558,-6.008121490478516,-0.008121561259031296,attack,no
188,1,0,0.004070138006585215,-5.507958889007568,-0.007958960719406605,attack,no
189,1,0,0.05340332961150554,-2.93576979637146,-0.06076979264616966,attack,no
190,1,0,0.02595735974089048,-3.6578071117401123,-0.03280721232295036,attack,no
191,1,0,0.001700722277426274,-6.378034591674805,-0.003034512745216489,attack,no
192,1,0,0.00407013786312826,-5.508893013000488,-0.008893049322068691,attack,no
193,1,0,0.01406363021998433,-4.268195152282715,-0.0181953813880682,attack,no
194,1,0,0.4378234991142019,-0.8721591234207153,-0.6221591234207153,attack,no
195,1,0,0.007577240805637457,-4.886246681213379,-0.011246619746088982,attack,no
196,1,1,0.5926665999540697,-0.5907520651817322,-0.9657520651817322,attack,yes
197,1,1,0.5621765008857981,-0.5924431085586548,-0.8424431085586548,attack,yes
198,1,0,0.0024726229992823477,-6.007795333862305,-0.007795270066708326,attack,no
199,1,0,0.007577242570490411,-4.884295463562012,-0.009295636788010597,attack,no
200,1,0,0.0028009269658203434,-5.881150722503662,-0.006150722038000822,attack,no
201,1,0,0.05340332565681314,-2.9394750595092773,-0.06447497755289078,attack,no
202,1,0,0.0021827167252610933,-6.133026123046875,-0.008026251569390297,attack,no
203,1,0,0.14804719051380197,-1.9336342811584473,-0.1836342215538025,attack,no
204,1,0,0.02595735851643796,-3.655576229095459,-0.030576281249523163,attack,no
205,1,0,0.2689414213699951,-1.3260163068771362,-0.32601630687713623,attack,no
206,1,0,0.0011695102449290414,-6.75683069229126,-0.006830675061792135,attack,no
207,1,1,0.7549149813536518,-0.29970601201057434,-1.424705982208252,attack,yes
208,1,0,0.2018132198600306,-1.621226191520691,-0.24622617661952972,attack,no
209,1,0,0.09534947261117097,-2.3633437156677246,-0.11334380507469177,attack,no
210,1,0,0.014063624615494307,-4.268487930297852,-0.018487755209207535,attack,no
211,1,0,0.010986942154954835,-4.514510154724121,-0.014510110951960087,attack,no
212,1,0,0.0097084747265016,-4.645590782165527,-0.02059059962630272,attack,no
213,1,0,0.0008040857945820053,-7.127414703369141,-0.00241452781483531,attack,no
214,1,0,0.1329642419157059,-2.027156352996826,-0.15215636789798737,attack,no
215,1,1,0.5926665999540697,-0.5387168526649475,-0.9137168526649475,attack,yes
216,1,0,0.00857748385349471,-4.7612996101379395,-0.011299426667392254,attack,no
217,1,0,0.2689414330889798,-1.3392865657806396,-0.3392866253852844,attack,no
218,1,0,0.003593603063295273,-5.630451202392578,-0.005451336968690157,attack,no
219,1,0,0.029312233295254994,-3.5354645252227783,-0.03546461462974548,attack,no
220,1,0,0.08509903862612588,-2.469874858856201,-0.0948747768998146,attack,no
221,1,0,0.2689414272294874,-1.3234081268310547,-0.3234081566333771,attack,no
222,1,0,0.0004305570757132066,-7.7593536376953125,-0.009353624656796455,attack,no
223,1,1,0.5926665999540697,-0.5423552393913269,-0.9173552393913269,attack,yes
224,1,0,0.18242552380635632,-1.710829257965088,-0.2108292579650879,attack,no
225,1,0,0.007577241414931884,-4.887722969055176,-0.012722988612949848,attack,no
226,1,0,0.0021827165873315084,-6.131460666656494,-0.006460731849074364,attack,no
227,1,0,0.0019267342146935173,-6.253449440002441,-0.003449206706136465,attack,no
228,1,0,0.00669285224926283,-5.012444972991943,-0.012445172294974327,attack,no
229,1,0,0.08509904152653235,-2.4753875732421875,-0.10038752853870392,attack,no
230,1,0,0.0675466911396291,-2.7091991901397705,-0.08419919013977051,attack,no
231,1,0,0.13296424019782924,-2.025524377822876,-0.15052437782287598,attack,no
232,1,0,0.0024726227718679106,-6.005053997039795,-0.005053841043263674,attack,no
233,1,1,0.6224593312018546,-0.5081186294555664,-1.0081186294555664,attack,yes
234,1,0,0.2018132174596823,-1.6296466588974,-0.2546466290950775,attack,no
235,1,0,0.000335350141706197,-8.004356384277344,-0.004356417804956436,attack,no
236,1,0,0.03308597576681317,-3.4150421619415283,-0.040042079985141754,attack,no
237,1,0,0.07585817740967664,-2.5850541591644287,-0.08505412191152573,attack,no
238,1,0,0.46879062662624377,-0.787592887878418,-0.662592887878418,attack,no
239,1,0,0.01243165160782621,-4.399782657623291,-0.02478271909058094,attack,no
240,1,0,0.4073334000459302,-0.907927930355072,-0.532927930355072,attack,no
241,1,0,0.004609571388830473,-5.38847017288208,-0.013470000587403774,attack,no
242,1,0,0.0031726826392514547,-5.760505676269531,-0.010505612008273602,attack,no
243,1,0,0.4073334000459302,-0.9492948055267334,-0.5742948055267334,attack,no
244,1,0,0.004070137530912173,-5.511830806732178,-0.011830761097371578,attack,no
245,1,1,0.679178699175393,-0.4378403425216675,-1.1878403425216675,attack,yes
246,1,0,0.14804719239327382,-1.9257824420928955,-0.17578239738941193,attack,no
247,1,0,0.0008040859251535783,-7.130119323730469,-0.005119310691952705,attack,no
248,1,0,0.06008665522337757,-2.820070743560791,-0.07007083296775818,attack,no
249,1,0,0.025957356726853616,-3.6570000648498535,-0.03200004622340202,attack,no
250,1,0,0.005220125741920824,-5.261155605316162,-0.011155614629387856,attack,no
251,1,0,0.1329642436335826,-2.027439594268799,-0.15243962407112122,attack,no
252,1,0,0.012431652728352931,-4.393082141876221,-0.01808229461312294,attack,no
253,1,0,0.16451646494473965,-1.8134299516677856,-0.18842996656894684,attack,no
254,1,0,0.022977368613751804,-3.7770397663116455,-0.02703970856964588,attack,no
255,1,0,0.025957355031458025,-3.6560795307159424,-0.031079445034265518,attack,no
256,1,0,0.005220125954715505,-5.262041091918945,-0.012041142210364342,attack,no
257,1,1,0.5621765008857981,-0.599902868270874,-0.849902868270874,attack,yes
258,1,0,0.02931223340125078,-3.533409357070923,-0.03340945020318031,attack,no
259,1,0,0.0015011820619969369,-6.506472587585449,-0.00647245766595006,attack,no
260,1,0,0.053403324903538434,-2.9351344108581543,-0.06013431400060654,attack,no
261,1,0,0.007577240203346464,-4.886858940124512,-0.011858798563480377,attack,no
262,1,0,0.005911068615450687,-5.136800289154053,-0.011800248175859451,attack,no
263,1,0,0.0028009267252037937,-5.880448341369629,-0.005448254756629467,attack,no
264,1,0,0.0179862111793677,-4.019693374633789,-0.019693443551659584,attack,no
265,1,0,0.09534945590170514,-2.3548457622528076,-0.10484565794467926,attack,no
266,1,0,0.012431651356279409,-4.39088249206543,-0.01588253304362297,attack,no
267,1,1,0.7310585903489892,-0.32304853200912476,-1.3230485916137695,attack,yes
268,1,0,0.46879062662624377,-0.7721117734909058,-0.6471117734909058,attack,no
269,1,0,0.16451647108926923,-1.8135325908660889,-0.18853265047073364,attack,no
270,1,0,0.003172682338819001,-5.75665807723999,-0.006657917983829975,attack,no
271,1,0,0.02595735945832451,-3.6558425426483154,-0.030842632055282593,attack,no
272,1,0,0.4073334000459302,-0.9106400012969971,-0.5356400012969971,attack,no
273,1,0,0.0019267344313989292,-6.256397247314453,-0.006397126708179712,attack,no
274,1,0,0.0021827159727336133,-6.13101053237915,-0.006010315380990505,attack,no
275,1,1,0.5621765008857981,-0.5837997198104858,-0.8337997198104858,attack,yes
276,1,0,0.07585817479810981,-2.591313123703003,-0.09131304919719696,attack,no
277,1,0,0.014063625674407,-4.2669148445129395,-0.016914745792746544,attack,no
278,1,0,0.06008665227791171,-2.8209445476531982,-0.07094458490610123,attack,no
279,1,0,0.004609571269180623,-5.384974479675293,-0.009974281303584576,attack,no
280,1,0,0.0009110513495315031,-7.001925945281982,-0.0019261157140135765,attack,no
281,1,0,0.020332352229600784,-3.89747953414917,-0.022479478269815445,attack,no
282,1,0,0.5,-0.7080697417259216,-0.7080697417259216,attack,no
283,1,0,0.02595735757455145,-3.7022008895874023,-0.07720090448856354,attack,no
284,1,0,0.0021827163936215927,-6.129556179046631,-0.004556155297905207,attack,no
285,1,1,0.6224593312018546,-0.5375443696975708,-1.0375443696975708,attack,yes
286,1,0,0.012431653402955803,-4.38980770111084,-0.014807908795773983,attack,no
287,1,0,0.2689414096510108,-1.3165743350982666,-0.3165742754936218,attack,no
288,1,0,0.4378234991142019,-0.8430382013320923,-0.5930382013320923,attack,no
289,1,0,0.4378234991142019,-0.8394286632537842,-0.5894286632537842,attack,no
290,1,0,0.32082129433083023,-1.1470857858657837,-0.3970857560634613,attack,no
291,1,0,0.10669060104662924,-2.2449169158935547,-0.11991699039936066,attack,no
292,1,0,0.012431650395828029,-4.39076042175293,-0.015760384500026703,attack,no
293,1,0,0.0028009274795692623,-5.881217002868652,-0.006217186339199543,attack,no
294,1,0,0.008577485888905119,-4.764560222625732,-0.014560278505086899,attack,no
295,1,0,0.2018132174596823,-1.621294617652893,-0.24629458785057068,attack,no
296,1,0,0.0059110695895683235,-5.137084007263184,-0.012084132060408592,attack,no
297,1,0,0.4073334000459302,-0.9095675349235535,-0.5345675349235535,attack,no
298,1,0,0.0015011826022436018,-6.5073161125183105,-0.007316343020647764,attack,no
299,1,0,0.0010322312585951717,-6.8831329345703125,-0.008133149705827236,attack,no
300,1,0,0.0007096704185842474,-7.255620956420898,-0.005620983894914389,attack,no
301,1,0,0.017986209369903194,-4.021403789520264,-0.021403755992650986,attack,no
302,1,0,0.015906391507717887,-4.148016452789307,-0.023016439750790596,attack,no
303,1,0,0.002800927458759177,-5.887177467346191,-0.012177643366158009,attack,no
304,1,0,0.1480471961522176,-1.9245524406433105,-0.17455242574214935,attack,no
305,1,1,0.5926665999540697,-0.5595088005065918,-0.9345088005065918,attack,yes
306,1,0,0.0021827166299274088,-6.135491371154785,-0.010491455905139446,attack,no
307,1,0,0.014063623892334462,-4.272685527801514,-0.022685300558805466,attack,no
308,1,0,0.005911069584095753,-5.133011817932129,-0.00801194179803133,attack,no
309,1,0,0.00591106853336213,-5.134718894958496,-0.009718840010464191,attack,no
310,1,0,0.0015011821953136025,-6.5183587074279785,-0.018358666449785233,attack,no
311,1,0,0.01590639491905086,-4.15382719039917,-0.028827395290136337,attack,no
312,1,0,0.014063627275689758,-4.273972988128662,-0.023973004892468452,attack,no
313,1,0,0.06754669817865512,-2.7000749111175537,-0.07507502287626266,attack,no
314,1,0,0.24508501313237172,-1.415992259979248,-0.29099225997924805,attack,no
315,1,0,0.004609572965644868,-5.383439064025879,-0.008439235389232635,attack,no
316,1,0,0.11920292045759123,-2.159320116043091,-0.15932010114192963,attack,no
317,1,0,0.008577483560459008,-4.761582374572754,-0.011582156643271446,attack,no
318,1,0,0.0013250223876358448,-6.630918025970459,-0.005918003618717194,attack,no
319,1,0,0.003172682112021972,-5.7557501792907715,-0.00574994832277298,attack,no
320,1,0,0.0009110509892549615,-7.004802703857422,-0.004802478477358818,attack,no
321,1,0,0.0850990357257195,-2.468994140625,-0.09399402141571045,attack,no
322,1,0,0.014063625881024118,-4.267679214477539,-0.017679130658507347,attack,no
323,1,0,0.006692851320539924,-5.008605480194092,-0.008605539798736572,attack,no
324,1,0,0.0006263342006650483,-7.380033016204834,-0.005033084191381931,attack,no
325,1,0,0.005911068084611367,-5.1358232498168945,-0.01082311850041151,attack,no
326,1,0,0.001501182612015507,-6.507117748260498,-0.0071179852820932865,attack,no
327,1,0,0.009708477206743393,-4.639329433441162,-0.014329508878290653,attack,no
328,1,0,0.3208212878370535,-1.1538491249084473,-0.4038490653038025,attack,no
329,1,0,0.006692849463094494,-5.013144493103027,-0.013144273310899734,attack,no
330,1,0,0.001169510456529009,-6.755107879638672,-0.005108043551445007,attack,no
331,1,0,0.014063627069072614,-4.268675327301025,-0.01867532916367054,attack,no
332,1,0,0.0011695104701279799,-6.756819725036621,-0.006819900590926409,attack,no
333,1,0,0.0015011825115044846,-6.507226467132568,-0.007226637098938227,attack,no
334,1,0,0.0031726826392514547,-5.757976055145264,-0.007975990884006023,attack,no
335,1,0,0.001700722095980458,-6.378400802612305,-0.0034006168134510517,attack,no
336,1,0,0.005220126017586663,-5.2587690353393555,-0.008769097737967968,attack,no
337,1,0,0.05340332998814293,-2.9339630603790283,-0.05896306410431862,attack,no
338,1,0,0.014063628489565516,-4.269359111785889,-0.01935921609401703,attack,no
339,1,0,0.012431649252433627,-4.389244556427002,-0.014244426041841507,attack,no
340,1,0,0.0035936023446509926,-5.633661270141602,-0.008661204017698765,attack,no
341,1,0,0.5,-0.7048584818840027,-0.7048584818840027,attack,no
342,1,0,0.04208773136999154,-3.1740407943725586,-0.04904088005423546,attack,no
343,1,0,0.26894141551050293,-1.3233784437179565,-0.32337841391563416,attack,no
344,1,0,0.000709670285500958,-7.257807731628418,-0.007807571440935135,attack,no
345,1,0,0.32082130731838393,-1.1602180004119873,-0.4102180302143097,attack,no
346,1,0,0.006692851134795358,-5.020813941955566,-0.020813973620533943,attack,no
347,1,0,0.004070137630954515,-5.506076335906982,-0.006076314952224493,attack,no
348,1,1,0.5621765008857981,-0.6028461456298828,-0.8528461456298828,attack,yes
349,1,0,0.0013250226002228186,-6.629440784454346,-0.0044409227557480335,attack,no
350,1,0,0.34864513533394575,-1.0726591348648071,-0.44765913486480713,attack,no
351,1,0,0.001700722457290882,-6.3794121742248535,-0.0044122012332081795,attack,no
352,1,1,0.7772998714925403,-0.26343029737472534,-1.5134303569793701,attack,yes
353,1,0,0.014063625441962742,-4.266033172607422,-0.016033057123422623,attack,no
354,1,0,0.004070137708345762,-5.5150909423828125,-0.01509094052016735,attack,no
355,1,0,0.29421496597446145,-1.2420530319213867,-0.36705300211906433,attack,no
356,1,0,0.015906393636156323,-4.144455432891846,-0.019455555826425552,attack,no
357,1,0,0.37754066879814546,-0.9944143891334534,-0.49441438913345337,attack,no
358,1,0,0.09534945911506376,-2.3601908683776855,-0.11019080132246017,attack,no
359,1,0,0.11920291107043361,-2.1318519115448,-0.13185180723667145,attack,no
360,1,0,0.007577241414931884,-4.887190341949463,-0.012190361507236958,attack,no
361,1,0,0.4073334000459302,-0.9080389738082886,-0.5330389738082886,attack,no
362,1,0,0.0024726233748607837,-6.006584644317627,-0.006584732793271542,attack,no
363,1,0,0.4378234991142019,-0.8452860116958618,-0.5952860116958618,attack,no
364,1,0,0.0007096705163327838,-7.255701541900635,-0.00570170721039176,attack,no
365,1,0,0.006692849463094494,-5.009796619415283,-0.009796399623155594,attack,no
366,1,0,0.0031726824065635715,-5.757804870605469,-0.007804732769727707,attack,no
367,1,0,0.033085977792819805,-3.4158778190612793,-0.040877800434827805,attack,no
368,1,0,0.010986944492666904,-4.516835689544678,-0.016835860908031464,attack,no
369,1,0,0.02931222757148327,-3.539205312728882,-0.03920520097017288,attack,no
370,1,0,0.004609571628130185,-5.386346340179443,-0.011346220038831234,attack,no
371,1,0,0.2689414213699951,-1.3232545852661133,-0.3232545852661133,attack,no
372,1,0,0.0011695104102925089,-6.755708694458008,-0.005708818789571524,attack,no
373,1,0,0.010986940363721243,-4.515771389007568,-0.015771180391311646,attack,no
374,1,0,0.14804719991116141,-1.9593560695648193,-0.20935608446598053,attack,no
375,1,1,0.5312093733737563,-0.6525516510009766,-0.7775516510009766,attack,yes
376,1,0,0.0011695100632468376,-6.756748676300049,-0.006748503539711237,attack,no
377,1,0,0.003593601734387053,-5.634627342224121,-0.009627105668187141,attack,no
378,1,0,0.4073334000459302,-0.9284764528274536,-0.5534764528274536,attack,no
379,1,0,0.4378234991142019,-0.8347865343093872,-0.5847865343093872,attack,no
380,1,0,0.017986212265046483,-4.025049209594727,-0.02504933997988701,attack,no
381,1,0,0.13296424878721277,-2.023729085922241,-0.14872916042804718,attack,no
382,1,0,0.0006263342405973866,-7.3825531005859375,-0.007553232368081808,attack,no
383,1,0,0.00017952801038663256,-8.63139820098877,-0.006398429628461599,attack,no
384,1,0,0.004070137436532608,-5.506370544433594,-0.0063704755157232285,attack,no
385,1,0,0.20181322466072713,-1.6041146516799927,-0.22911466658115387,attack,no
386,1,0,0.00857748700560909,-4.760804653167725,-0.010804840363562107,attack,no
387,1,0,0.0035936026481156133,-5.632181644439697,-0.007181663066148758,attack,no
388,1,0,0.0024726229039520506,-6.0076775550842285,-0.007677452638745308,attack,no
389,1,0,0.18242552380635632,-1.7076691389083862,-0.20766913890838623,attack,no
390,1,0,0.22270014398423357,-1.519579529762268,-0.26957955956459045,attack,no
391,1,0,0.05340333582602272,-2.9396238327026367,-0.06462395191192627,attack,no
392,1,0,0.009708474251942774,-4.638009548187256,-0.01300931628793478,attack,no
393,1,0,0.13296422989056964,-2.023305892944336,-0.14830580353736877,attack,no
394,1,0,0.0028009276044297727,-5.8814167976379395,-0.006417025811970234,attack,no
395,1,0,0.002800926632859069,-5.8806471824646,-0.005647062789648771,attack,no
396,1,0,0.24508500761839525,-1.4249173402786255,-0.2999173104763031,attack,no
397,1,0,0.0013250222369764017,-6.628489971160889,-0.0034898349549621344,attack,no
398,1,0,0.00669284974790276,-5.019825458526611,-0.01982528157532215,attack,no
399,1,0,0.01798621335072534,-4.021149158477783,-0.021149350330233574,attack,no
400,1,0,0.02595736011764511,-3.6577959060668945,-0.032796021550893784,attack,no
401,1,0,0.007577242423419316,-4.887140274047852,-0.012140427716076374,attack,no
402,1,0,0.006692850274178935,-5.008814334869385,-0.008814237080514431,attack,no
403,1,1,0.6791786926816161,-0.4018438160419464,-1.151843786239624,attack,yes
404,1,0,0.025957356773947938,-3.6557393074035645,-0.03073929063975811,attack,no
405,1,0,0.004609572521231,-5.383047580718994,-0.00804765522480011,attack,no
406,1,0,0.3486451421018059,-1.0676323175430298,-0.4426323473453522,attack,no
407,1,0,0.0015011825491961172,-6.503974914550781,-0.003975109662860632,attack,no
408,1,0,0.34864513533394575,-1.0659934282302856,-0.44099342823028564,attack,no
409,1,0,0.004070138353902075,-5.5078277587890625,-0.00782791618257761,attack,no
410,1,0,0.01590639249904534,-4.147184371948242,-0.022184422239661217,attack,no
411,1,0,0.042087728816759526,-3.182896852493286,-0.057896874845027924,attack,no
412,1,0,0.4378234991142019,-0.8432853817939758,-0.5932853817939758,attack,no
413,1,0,0.0028009272194432157,-5.879609107971191,-0.004609198309481144,attack,no
414,1,0,0.004609572850268187,-5.385117053985596,-0.010117200203239918,attack,no
415,1,0,0.3208213138121609,-1.1498608589172363,-0.3998609185218811,attack,no
416,1,0,0.007577241337894654,-4.8846755027771,-0.009675512090325356,attack,no
417,1,0,0.04208773031866069,-3.1690447330474854,-0.04404479265213013,attack,no
418,1,0,0.00017952802116899934,-8.63790512084961,-0.012905409559607506,attack,no
419,1,0,0.0006263342569200951,-7.3790435791015625,-0.004043736960738897,attack,no
420,1,0,0.01590639325711932,-4.144052028656006,-0.01905212737619877,attack,no
421,1,0,0.00033535018416736104,-8.006537437438965,-0.006537597626447678,attack,no
422,1,0,0.0028009267200012735,-5.886111259460449,-0.01111117098480463,attack,no
423,1,0,0.2942149597859341,-1.2442598342895508,-0.369259774684906,attack,no
424,1,0,0.0035936018177564373,-5.636218070983887,-0.011217857711017132,attack,no
425,1,0,0.01590638961253321,-4.144613742828369,-0.019613608717918396,attack,no
426,1,0,0.014063625855196977,-4.2665252685546875,-0.016525182873010635,attack,no
427,1,0,0.06754668738548215,-2.704028606414795,-0.07902854681015015,attack,no
428,1,0,0.0024726236022752763,-6.0040082931518555,-0.004008473828434944,attack,no
429,1,0,0.005220125657286578,-5.257711410522461,-0.007711403537541628,attack,no
430,1,1,0.5926665999540697,-0.5449674129486084,-0.9199674129486084,attack,yes
431,1,0,0.08509905254807776,-2.470970630645752,-0.09597072750329971,attack,no
432,1,0,0.2689414272294874,-1.3349995613098145,-0.33499959111213684,attack,no
433,1,0,0.0040701386596919435,-5.5108442306518555,-0.010844463482499123,attack,no
434,1,0,0.0015011821188833663,-6.5030388832092285,-0.0030387912411242723,attack,no
435,1,0,0.037326884666868405,-3.2951560020446777,-0.045155927538871765,attack,no
436,1,0,0.18242552158390105,-1.7334418296813965,-0.2334418147802353,attack,no
437,1,0,0.0035936032500427655,-5.632434844970703,-0.007435031700879335,attack,no
438,1,0,0.06008664512463808,-2.8158578872680664,-0.06585779786109924,attack,no
439,1,0,0.0008040860647043086,-7.13029146194458,-0.005291622597724199,attack,no
440,1,0,0.07585817532042316,-2.60174298286438,-0.10174291580915451,attack,no
441,1,0,0.010986941891835758,-4.51377534866333,-0.013775280676782131,attack,no
442,1,0,0.00460957185033707,-5.385056495666504,-0.01005642395466566,attack,no
443,1,0,0.009708478522973046,-4.642528057098389,-0.017528269439935684,attack,no
444,1,0,0.014063627378998326,-4.268975257873535,-0.018975282087922096,attack,no
445,1,0,0.008577487417443215,-4.762881755828857,-0.0128819914534688,attack,no
446,1,0,0.0040701385218977395,-5.507072925567627,-0.0070731244049966335,attack,no
447,1,0,0.03308597969964969,-3.4126710891723633,-0.037671130150556564,attack,no
448,1,0,0.0002959570330524979,-8.134163856506348,-0.009163584560155869,attack,no
449,1,0,0.001700722489706044,-6.380575180053711,-0.005575226154178381,attack,no
450,1,0,0.008577485144435886,-4.772598743438721,-0.022598711773753166,attack,no
451,1,0,0.0013250221849080094,-6.630010604858398,-0.0050104293040931225,attack,no
452,1,0,0.0019267345594521387,-6.260019302368164,-0.010019248351454735,attack,no
453,1,0,0.0066928494011796544,-5.00789213180542,-0.007891902700066566,attack,no
454,1,0,0.1480471980316895,-1.9162249565124512,-0.16622495651245117,attack,no
455,1,0,0.01798621295593302,-4.019495487213135,-0.019495656713843346,attack,no
456,1,0,0.025957354183760273,-3.662662982940674,-0.03766286373138428,attack,no
457,1,0,0.02595735427794891,-3.6598541736602783,-0.03485405817627907,attack,no
458,1,0,0.010986941881715792,-4.5177717208862305,-0.017771651968359947,attack,no
459,1,0,0.08509903978628845,-2.4751288890838623,-0.10012882202863693,attack,no
460,1,0,0.006692850911901886,-5.01467752456665,-0.014677522704005241,attack,no
461,1,0,0.002800926504096712,-5.883018493652344,-0.008018327876925468,attack,no
462,1,0,0.06008665522337757,-2.816938638687134,-0.06693872809410095,attack,no
463,1,0,0.16451646699291617,-1.8124734163284302,-0.18747344613075256,attack,no
464,1,0,0.0019267349176429792,-6.260165214538574,-0.010165346786379814,attack,no
465,1,0,0.4378234991142019,-0.8518868684768677,-0.6018868684768677,attack,no
466,1,1,0.5926665999540697,-0.5432586669921875,-0.9182586669921875,attack,yes
467,1,0,0.006692851791092847,-5.01484489440918,-0.014845024794340134,attack,no
468,1,1,0.5621765008857981,-0.6036582589149475,-0.8536582589149475,attack,yes
469,1,0,0.004070137013712182,-5.5125885009765625,-0.012588327750563622,attack,no
470,1,0,0.5,-0.7085368037223816,-0.7085368037223816,attack,no
471,1,0,0.04742586930675497,-3.0529978275299072,-0.05299774184823036,attack,no
472,1,0,0.46879062662624377,-0.775973916053772,-0.650973916053772,attack,no
473,1,0,0.0600866447038573,-2.8200340270996094,-0.07003393024206161,attack,no
474,1,0,0.34864513533394575,-1.0605272054672241,-0.4355272054672241,attack,no
475,1,0,0.2689414096510108,-1.326843500137329,-0.3268434405326843,attack,no
476,1,0,0.03308597457504463,-3.412285327911377,-0.0372852087020874,attack,no
477,1,0,0.09534947196849917,-2.3671507835388184,-0.11715086549520493,attack,no
478,1,0,0.000709670235966241,-7.262181758880615,-0.012181528843939304,attack,no
479,1,0,0.01798620667215645,-4.0253143310546875,-0.025314144790172577,attack,no
480,1,0,0.022977368739197652,-3.774529457092285,-0.024529404938220978,attack,no
481,1,0,0.002182716652239547,-6.131307125091553,-0.006307220086455345,attack,no
482,1,0,0.22270013882530884,-1.5129719972610474,-0.26297199726104736,attack,no
483,1,0,0.001501182164601909,-6.50791597366333,-0.007915912196040154,attack,no
484,1,0,0.01098694214483487,-4.516918659210205,-0.016918614506721497,attack,no
485,1,0,0.10669059678604234,-2.254192590713501,-0.12919262051582336,attack,no
486,1,0,0.10669060388702058,-2.2482290267944336,-0.12322913110256195,attack,no
487,1,0,0.00522012488590594,-5.257637977600098,-0.0076378220692276955,attack,no
488,1,0,0.022977367819261435,-3.780085563659668,-0.030085470527410507,attack,no
489,1,0,0.37754066879814546,-0.9936380386352539,-0.4936380386352539,attack,no
490,1,0,0.02033235293453749,-3.8982105255126953,-0.02321050502359867,attack,no
491,1,0,0.006692851209093183,-5.010630130767822,-0.010630173608660698,attack,no
492,1,0,0.08509903804604459,-2.4752490520477295,-0.10024896264076233,attack,no
493,1,0,0.11920291419948606,-2.1486661434173584,-0.14866606891155243,attack,no
494,1,0,0.10669059252545564,-2.2466890811920166,-0.12168906629085541,attack,no
495,1,0,0.24508501864634827,-1.4595311880111694,-0.3345312178134918,attack,no
496,1,1,0.6224593312018546,-0.5004373788833618,-1.0004373788833618,attack,yes
497,1,0,0.0031726824360177332,-5.757984161376953,-0.007984032854437828,attack,no
498,1,0,0.0004305570697009835,-7.761919021606445,-0.011918994598090649,attack,no
499,1,0,0.003593602978258471,-5.6307525634765625,-0.005752674303948879,attack,no
500,1,0,0.010986944047388376,-4.513341426849365,-0.01334155723452568,attack,no
501,1,0,0.0024726225903957985,-6.003616809844971,-0.0036165802739560604,attack,no
502,1,0,0.0007096705293769308,-7.253500461578369,-0.0035006452817469835,attack,no
503,1,0,0.033085975647636316,-3.420060634613037,-0.045060548931360245,attack,no
504,1,0,0.02297737174989824,-3.7754011154174805,-0.025401197373867035,attack,no
505,1,0,0.0001795280213361678,-8.637950897216797,-0.01295118685811758,attack,no
506,1,0,0.002182716090379402,-6.1289753913879395,-0.003975228406488895,attack,no
507,1,0,0.008577484043571925,-4.761160373687744,-0.011160212568938732,attack,no
508,1,1,0.7310585786300049,-0.3466668128967285,-1.3466668128967285,attack,yes
509,1,0,0.24508501313237172,-1.4092167615890503,-0.2842167615890503,attack,no
510,1,0,0.0021827160051876237,-6.135563850402832,-0.01056364830583334,attack,no
511,1,0,0.00317268210613114,-5.755069255828857,-0.005069022998213768,attack,no
512,1,0,0.000911051317318536,-7.0048017501831055,-0.004801885224878788,attack,no
513,1,0,0.1645164608483867,-1.8084595203399658,-0.18345950543880463,attack,no
514,1,0,0.18242553269617778,-1.7168211936950684,-0.21682125329971313,attack,no
515,1,0,0.0024726230888698596,-6.0070881843566895,-0.007088156882673502,attack,no
516,1,0,0.037326891226158315,-3.3004589080810547,-0.05045901611447334,attack,no
517,1,0,0.037326887879581695,-3.293236017227173,-0.043236032128334045,attack,no
518,1,0,0.09534946232842245,-2.3580868244171143,-0.10808679461479187,attack,no
519,1,1,0.5621765008857981,-0.5945243835449219,-0.8445243835449219,attack,yes
520,1,0,0.002182716312486554,-6.131819725036621,-0.0068196640349924564,attack,no
521,1,0,0.13296423676207594,-2.0403943061828613,-0.16539427638053894,attack,no
522,1,0,0.004609572363122231,-5.387061595916748,-0.012061635963618755,attack,no
523,1,0,0.010986941314997804,-4.513378143310547,-0.013378022238612175,attack,no
524,1,0,0.003172683151753941,-5.765379428863525,-0.015379526652395725,attack,no
525,1,0,0.009708475263738038,-4.641663074493408,-0.016662947833538055,attack,no
526,1,0,0.00048785704694244615,-7.62894344329834,-0.003943287767469883,attack,no
527,1,0,0.002472623598829602,-6.005740642547607,-0.005740821827203035,attack,no
528,1,0,0.34864513533394575,-1.0714945793151855,-0.44649457931518555,attack,no
529,1,0,0.012431649709791376,-4.3896918296813965,-0.014691736549139023,attack,no
530,1,0,0.009708474556376736,-4.639553546905518,-0.014553346671164036,attack,no
531,1,0,0.1645164628965632,-1.8305598497390747,-0.2055598497390747,attack,no
532,1,0,0.006692850596136144,-5.010006904602051,-0.010006855241954327,attack,no
533,1,1,0.817574471748733,-0.23391714692115784,-1.7339171171188354,attack,yes
534,1,0,0.01098694459386657,-4.51711368560791,-0.01711386628448963,attack,no
535,1,0,0.015906389641689896,-4.147213935852051,-0.022213803604245186,attack,no
536,1,0,0.005220126288416275,-5.2571516036987305,-0.0071517182514071465,attack,no
537,1,1,0.5926665999540697,-0.5593203902244568,-0.9343203902244568,attack,yes
538,1,0,0.07585817218654307,-2.5834712982177734,-0.08347118645906448,attack,no
539,1,0,0.03732688560390976,-3.290611982345581,-0.040611933916807175,attack,no
540,1,0,0.017986209435701905,-4.0231804847717285,-0.023180454969406128,attack,no
541,1,0,0.0021827168804318857,-6.131954193115234,-0.00695439288392663,attack,no
542,1,1,0.5926665999540697,-0.532305896282196,-0.907305896282196,attack,yes
543,1,0,0.18242552158390105,-1.7090094089508057,-0.20900939404964447,attack,no
544,1,0,0.16451645675203383,-1.8242409229278564,-0.19924087822437286,attack,no
545,1,0,0.005911068374657587,-5.14406156539917,-0.019061483442783356,attack,no
546,1,0,0.010986941314997804,-4.519774913787842,-0.019774792715907097,attack,no
547,1,0,0.09534945847239201,-2.35868501663208,-0.10868494212627411,attack,no
548,1,0,0.017986212067650338,-4.024276256561279,-0.024276375770568848,attack,no
549,1,0,0.4378234991142019,-0.8845130205154419,-0.6345130205154419,attack,no
550,1,0,0.05340332509185711,-2.9327266216278076,-0.057726528495550156,attack,no
551,1,0,0.029312234037225486,-3.5380890369415283,-0.03808915242552757,attack,no
552,1,0,0.0179862133836247,-4.022299766540527,-0.022299960255622864,attack,no
553,1,0,0.0031726828086128993,-5.7551188468933105,-0.005118836183100939,attack,no
554,1,0,0.0015011821764677905,-6.506659984588623,-0.0066599310375750065,attack,no
555,1,0,0.01590639305302248,-4.143164157867432,-0.018164243549108505,attack,no
556,1,0,0.06754668691621381,-2.7022688388824463,-0.07726877182722092,attack,no
557,1,0,0.0021827160112727504,-6.12974739074707,-0.004747191444039345,attack,no
558,1,0,0.005220125359857666,-5.2607951164245605,-0.010795052163302898,attack,no
559,1,0,0.002182716680636815,-6.137937545776367,-0.012937653809785843,attack,no
560,1,0,0.00669285161773124,-5.012366771697998,-0.012366876006126404,attack,no
561,1,0,0.00043055699154209085,-7.774173259735107,-0.024173051118850708,attack,no
562,1,0,0.005911068445801002,-5.132673263549805,-0.007673193700611591,attack,no
563,1,0,0.004070137179820201,-5.508804798126221,-0.008804665878415108,attack,no
564,1,0,0.4073334000459302,-0.9327118396759033,-0.5577118396759033,attack,no
565,1,0,0.001169510304220545,-6.759474754333496,-0.00947478786110878,attack,no
566,1,0,0.09534946554178125,-2.355318069458008,-0.10531807690858841,attack,no
567,1,0,0.0031726826539785367,-5.759828567504883,-0.009828507900238037,attack,no
568,1,0,0.0019267346221355309,-6.254955768585205,-0.004955747164785862,attack,no
569,1,0,0.00669285054041278,-5.010276794433594,-0.010276736691594124,attack,no
570,1,0,0.00857748413069065,-4.7619194984436035,-0.011919347569346428,attack,no
571,1,0,0.003172683269570616,-5.7596869468688965,-0.009687081910669804,attack,no
572,1,0,0.1480471980316895,-1.9273267984390259,-0.17732679843902588,attack,no
573,1,0,0.015906393752783098,-4.146631717681885,-0.021631848067045212,attack,no
574,1,0,0.0031726831605901917,-5.759174823760986,-0.009174924343824387,attack,no
575,1,0,0.03308597719693549,-3.4123332500457764,-0.03733321279287338,attack,no
576,1,0,0.022977368739197652,-3.7768869400024414,-0.026886887848377228,attack,no
577,1,0,0.022977370829961912,-3.7767693996429443,-0.02676944062113762,attack,no
578,1,0,0.07585818002124356,-2.58630633354187,-0.08630633354187012,attack,no
579,1,0,0.029312233825233916,-3.5393455028533936,-0.03934561088681221,attack,no
580,1,0,0.37754066879814546,-0.982092022895813,-0.482092022895813,attack,no
581,1,0,0.00669285248453932,-5.016412258148193,-0.016412492841482162,attack,no
582,1,0,0.20181322226037882,-1.6093798875808716,-0.23437988758087158,attack,no
583,1,0,0.002800926384438769,-5.884462833404541,-0.009462624788284302,attack,no
584,1,0,0.010986944917705514,-4.514926910400391,-0.014927120879292488,attack,no
585,1,0,0.0021827168814460745,-6.130695343017578,-0.005695543251931667,attack,no
586,1,0,0.007577240931698369,-4.885263919830322,-0.010263875126838684,attack,no
587,1,0,0.4378234991142019,-0.8791110515594482,-0.6291110515594482,attack,no
588,1,0,0.00460957251268458,-5.386536598205566,-0.011536670848727226,attack,no
589,1,0,0.22270014914315833,-1.5120644569396973,-0.26206451654434204,attack,no
590,1,0,0.0035936021712426494,-5.6368865966796875,-0.011886482127010822,attack,no
591,1,0,0.002472623054413124,-6.005284786224365,-0.005284744780510664,attack,no
592,1,0,0.007577240707590084,-4.883662223815918,-0.008662149310112,attack,no
593,1,0,0.0021827167485874203,-6.129077434539795,-0.004077573772519827,attack,no
594,1,0,0.02033235445571678,-3.8972690105438232,-0.02226906642317772,attack,no
595,1,0,0.4378234991142019,-0.8448975682258606,-0.5948975682258606,attack,no
596,1,0,0.4378234991142019,-0.8617560267448425,-0.6117560267448425,attack,no
597,1,0,0.32082130731838393,-1.1438552141189575,-0.3938552439212799,attack,no
598,1,0,0.00460957112816473,-5.389184951782227,-0.014184722676873207,attack,no
599,1,0,0.004070137315726767,-5.512722969055176,-0.012722870334982872,attack,no
600,1,0,0.005220124716637476,-5.267943859100342,-0.017943670973181725,attack,no
601,1,0,0.001169510368407681,-6.758670806884766,-0.008670895360410213,attack,no
602,1,0,0.0015011821132994221,-6.503000736236572,-0.003000640543177724,attack,no
603,1,0,0.010986943703309526,-4.520473480224609,-0.020473578944802284,attack,no
604,1,0,0.46879062662624377,-0.7718629837036133,-0.6468629837036133,attack,no
605,1,0,0.05340333055309901,-2.9328389167785645,-0.05783893167972565,attack,no
606,1,0,0.022977369324611623,-3.7804248332977295,-0.030424807220697403,attack,no
607,1,0,0.11920291732853862,-2.1336143016815186,-0.13361425697803497,attack,no
608,1,0,0.005220125538798635,-5.258670806884766,-0.008670777082443237,attack,no
609,1,0,0.22270013882530884,-1.5182121992111206,-0.2682121992111206,attack,no
610,1,0,0.10669059607594457,-2.2489356994628906,-0.12393572181463242,attack,no
611,1,0,0.01798620963309802,-4.020095348358154,-0.020095329731702805,attack,no
612,1,0,0.08509903920620716,-2.4702858924865723,-0.0952858179807663,attack,no
613,1,0,0.0024726229303688803,-6.007645130157471,-0.0076450384221971035,attack,no
614,1,0,0.012431652110919829,-4.390811443328857,-0.01581154577434063,attack,no
615,1,0,0.014063626190949804,-4.267777919769287,-0.017777858301997185,attack,no
616,1,0,0.0031726826451422877,-5.758996963500977,-0.008996901102364063,attack,no
617,1,0,0.007577242115270364,-4.884276390075684,-0.009276502765715122,attack,no
618,1,0,0.006692850936667827,-5.008612155914307,-0.00861215777695179,attack,no
619,1,0,0.0011695103504570411,-6.754179954528809,-0.004180027637630701,attack,no
620,1,0,0.09534947453918644,-2.35552716255188,-0.10552727431058884,attack,no
621,1,0,0.0259573547488921,-3.66441011428833,-0.03941001743078232,attack,no
622,1,0,0.020332353491066484,-3.907724142074585,-0.03272414952516556,attack,no
623,1,0,0.5,-0.7064287662506104,-0.7064287662506104,attack,no
624,1,0,0.009708476060638804,-4.638067722320557,-0.013067678548395634,attack,no
625,1,0,0.006692851376263295,-5.011629104614258,-0.01162917260080576,attack,no
626,1,0,0.005220125137390524,-5.257346153259277,-0.007346046157181263,attack,no
627,1,0,0.008577485587949464,-4.761291980743408,-0.011292001232504845,attack,no
628,1,0,0.006692852435007427,-5.022867202758789,-0.02286743000149727,attack,no
629,1,0,0.012431652591145573,-4.396351337432861,-0.02135147899389267,attack,no
630,1,0,0.000911051079112156,-7.011178493499756,-0.011178366839885712,attack,no
631,1,0,0.06754669536304464,-2.7047109603881836,-0.07971102744340897,attack,no
632,1,0,0.07585818524437762,-2.58840012550354,-0.08840020000934601,attack,no
633,1,0,0.0009110511905859525,-7.0058746337890625,-0.005874629598110914,attack,no
634,1,0,0.004070136870255261,-5.5054707527160645,-0.005470544099807739,attack,no
635,1,0,0.46879062662624377,-0.7730938196182251,-0.6480938196182251,attack,no
636,1,0,0.0005527785511256212,-7.503562927246094,-0.003562771948054433,attack,no
637,1,0,0.001032230872535369,-6.880526542663574,-0.0055263834074139595,attack,no
638,1,0,0.006692851989220403,-5.01030158996582,-0.010301750153303146,attack,no
639,1,0,0.008577485730507404,-4.760763645172119,-0.010763682425022125,attack,no
640,1,0,0.0052201268349117815,-5.258334159851074,-0.008334379643201828,attack,no
641,1,0,0.004609571111071895,-5.384326457977295,-0.009326225146651268,attack,no
642,1,0,0.002472623612612299,-6.005218982696533,-0.005219167564064264,attack,no
643,1,0,0.005220124474825396,-5.269852161407471,-0.0198519267141819,attack,no
644,1,0,0.14804719991116141,-1.9180172681808472,-0.16801728308200836,attack,no
645,1,0,0.5,-0.7938032746315002,-0.7938032746315002,attack,no
646,1,1,0.6513548714339145,-0.4866231381893158,-1.1116231679916382,attack,yes
647,1,0,0.2018132150593341,-1.6104609966278076,-0.23546095192432404,attack,no
648,1,0,0.03732688667481418,-3.2965145111083984,-0.046514492481946945,attack,no
649,1,0,0.32082130082460697,-1.1600979566574097,-0.41009795665740967,attack,no
650,1,0,0.010986945079624989,-4.526278972625732,-0.02627919800579548,attack,no
651,1,0,0.00669284942594559,-5.0091328620910645,-0.009132636711001396,attack,no
652,1,0,0.020332352266702717,-3.9009201526641846,-0.025920098647475243,attack,no
653,1,0,0.020332353120047154,-3.899062395095825,-0.0240623839199543,attack,no
654,1,1,0.5621765008857981,-0.5874241590499878,-0.8374241590499878,attack,yes
655,1,0,0.017986210817474785,-4.023126125335693,-0.02312617376446724,attack,no
656,1,0,0.025957355031458025,-3.6587672233581543,-0.03376713767647743,attack,no
657,1,0,0.0011695102824621948,-6.754651069641113,-0.004651084542274475,attack,no
658,1,0,0.0011695102139233937,-6.758265972137451,-0.008265928365290165,attack,no
659,1,0,0.01098694369318956,-4.514010429382324,-0.014010527171194553,attack,no
660,1,0,0.0017007221370923622,-6.381291389465332,-0.0062912278808653355,attack,no
661,1,0,0.0035936025313984487,-5.632984638214111,-0.007984624244272709,attack,no
662,1,0,0.004070138350126891,-5.508398532867432,-0.008398689329624176,attack,no
663,1,0,0.4378234991142019,-0.8520526885986328,-0.6020526885986328,attack,no
664,1,0,0.2689414272294874,-1.3277548551559448,-0.3277548849582672,attack,no
665,1,0,0.0600866518571309,-2.817336082458496,-0.06733611226081848,attack,no
666,1,0,0.007577240805637457,-4.887109279632568,-0.012109218165278435,attack,no
667,1,0,0.0019267346678048607,-6.257523059844971,-0.00752306217327714,attack,no
668,1,0,0.0009110511846519858,-7.003936767578125,-0.003936756867915392,attack,no
669,1,0,0.0028009274496547656,-5.881443977355957,-0.006444150116294622,attack,no
670,1,0,0.1645164608483867,-1.8209564685821533,-0.19595645368099213,attack,no
671,1,0,0.001169510028977443,-6.760336875915527,-0.010336673818528652,attack,no
672,1,0,0.0035936018327629277,-5.632424354553223,-0.007424145471304655,attack,no
673,1,0,0.01098694392594878,-4.518439769744873,-0.018439888954162598,attack,no
674,1,0,0.22270014398423357,-1.5049306154251099,-0.25493064522743225,attack,no
675,1,0,0.29421496597446145,-1.2284845113754272,-0.35348448157310486,attack,no
676,1,0,0.1329642281726931,-2.0275216102600098,-0.1525215059518814,attack,no
677,1,0,0.18242552380635632,-1.711729645729065,-0.21172964572906494,attack,no
678,1,0,0.05340332433858241,-2.932845115661621,-0.05784500762820244,attack,no
679,1,0,0.2689414272294874,-1.3195571899414062,-0.31955721974372864,attack,no
680,1,0,0.09534947068315555,-2.353342294692993,-0.10334236174821854,attack,no
681,1,0,0.22270014914315833,-1.5183804035186768,-0.26838046312332153,attack,no
682,1,0,0.22270013366638422,-1.52034330368042,-0.27034327387809753,attack,no
683,1,0,0.18242552825126704,-1.7118796110153198,-0.2118796408176422,attack,no
684,1,0,0.0021827167820556302,-6.135427951812744,-0.010428106412291527,attack,no
685,1,0,0.08509904848750824,-2.4715468883514404,-0.09654693305492401,attack,no
686,1,0,0.2689414272294874,-1.32527756690979,-0.3252775967121124,attack,no
687,1,0,0.0007096704776956918,-7.256967067718506,-0.006967178545892239,attack,no
688,1,0,0.0600866476493228,-2.824526071548462,-0.07452602684497833,attack,no
689,1,0,0.18242552602881168,-1.7158455848693848,-0.21584559977054596,attack,no
690,1,0,0.2689414330889798,-1.3275818824768066,-0.3275819420814514,attack,no
691,1,0,0.24508501864634827,-1.425934910774231,-0.30093494057655334,attack,no
692,1,0,0.0008040858353622366,-7.12973165512085,-0.004731530323624611,attack,no
693,1,0,0.004609571835380837,-5.381143569946289,-0.006143494974821806,attack,no
694,1,0,0.0028009275758159053,-5.8830885887146,-0.00808880664408207,attack,no
695,1,0,0.0024726235115391884,-6.003927707672119,-0.003927851561456919,attack,no
696,1,0,0.022977367484739192,-3.7743921279907227,-0.024392019957304,attack,no
697,1,0,0.003172682656923953,-5.755551338195801,-0.0055512795224785805,attack,no
698,1,0,0.05340333205964859,-2.949202060699463,-0.07420210540294647,attack,no
699,1,1,0.731058584489497,-0.3364125192165375,-1.3364125490188599,attack,yes
700,1,0,0.02595735616172174,-3.659487009048462,-0.03448696807026863,attack,no
701,1,0,0.4073334000459302,-0.9103708267211914,-0.5353708267211914,attack,no
702,1,0,0.04742587216778976,-3.0556070804595947,-0.055607058107852936,attack,no
703,1,0,0.02033235423310517,-3.90628981590271,-0.03128986060619354,attack,no
704,1,0,0.006692851128603872,-5.010653495788574,-0.010653526522219181,attack,no
705,1,0,0.015906391624344644,-4.143123626708984,-0.018123621121048927,attack,no
706,1,0,0.18242552158390105,-1.7090709209442139,-0.20907090604305267,attack,no
707,1,0,0.18242552158390105,-1.7255899906158447,-0.22558997571468353,attack,no
708,1,0,0.07585817323116976,-2.605494976043701,-0.10549487918615341,attack,no
709,1,0,0.18242552158390105,-1.707601547241211,-0.20760153234004974,attack,no
710,1,0,0.009708478711005868,-4.637556076049805,-0.012556307949125767,attack,no
711,1,0,0.0007096702821986433,-7.2585625648498535,-0.008562400005757809,attack,no
712,1,0,0.014063629057762712,-4.271106719970703,-0.021106865257024765,attack,no
713,1,1,0.6513548782017746,-0.4530567526817322,-1.078056812286377,attack,yes
714,1,1,0.8175744850834649,-0.22700637578964233,-1.727006435394287,attack,yes
715,1,0,0.002800927453556656,-5.883049964904785,-0.00805013906210661,attack,no
716,1,0,0.006692850453731992,-5.009732723236084,-0.009732652455568314,attack,no
717,1,0,0.017986210093688976,-4.020005702972412,-0.020005710422992706,attack,no
718,1,0,0.06754669677084987,-2.7158498764038086,-0.09084996581077576,attack,no
719,1,0,0.010986944715306174,-4.516820430755615,-0.016820622608065605,attack,no
720,1,0,0.009708477555947162,-4.642220973968506,-0.017221085727214813,attack,no
721,1,0,0.022977368739197652,-3.7846195697784424,-0.034619517624378204,attack,no
722,1,0,0.37754066879814546,-0.9894524216651917,-0.48945242166519165,attack,no
723,1,0,0.0009110513149873345,-7.002964019775391,-0.002964152256026864,attack,no
724,1,0,0.0024726227971361803,-6.004260063171387,-0.004259917419403791,attack,no
725,1,0,0.32082129433083023,-1.1429039239883423,-0.3929038941860199,attack,no
726,1,1,0.8354835371034369,-0.2030045986175537,-1.8280045986175537,attack,yes
727,1,0,0.4378234991142019,-0.8377647995948792,-0.5877647995948792,attack,no
728,1,0,0.1329642333263228,-2.0253522396087646,-0.15035218000411987,attack,no
729,1,1,0.6224593312018546,-0.48076575994491577,-0.9807657599449158,attack,yes
730,1,0,0.0005527785489388663,-7.510571002960205,-0.010570843704044819,attack,no
731,1,0,0.3486451217982255,-1.060410737991333,-0.43541067838668823,attack,no
732,1,0,0.009708477699210249,-4.6429853439331055,-0.017985470592975616,attack,no
733,1,0,0.022977370746331334,-3.777157783508301,-0.027157820761203766,attack,no
734,1,0,0.09534945782972029,-2.3686091899871826,-0.11860910803079605,attack,no
735,1,0,0.0040701380594377785,-5.509922027587891,-0.009922112338244915,attack,no
736,1,0,0.02595735828096633,-3.653085470199585,-0.028085513040423393,attack,no
737,1,0,0.0010322310487591664,-6.8809123039245605,-0.00591231556609273,attack,no
738,1,0,0.007577241576009728,-4.891695499420166,-0.0166955403983593,attack,no
739,1,0,0.03308597576681317,-3.4119722843170166,-0.036972202360630035,attack,no
740,1,0,0.004609572179374208,-5.384003162384033,-0.009003162384033203,attack,no
741,1,0,0.0010322309023061444,-6.882397651672363,-0.007397521287202835,attack,no
742,1,0,0.07585818054355695,-2.5844051837921143,-0.08440519124269485,attack,no
743,1,0,0.029312230751356316,-3.5413997173309326,-0.04139971733093262,attack,no
744,1,0,0.0011695103618801755,-6.760400772094727,-0.010400854982435703,attack,no
745,1,0,0.01798621140966319,-4.034824848175049,-0.034824930131435394,attack,no
746,1,0,0.00037998452996327323,-7.881007194519043,-0.006007234565913677,attack,no
747,1,0,0.00857748740160344,-4.761325359344482,-0.01132559310644865,attack,no
748,1,0,0.020332351673071822,-3.9000766277313232,-0.025076543912291527,attack,no
749,1,0,0.4073334000459302,-0.9415984153747559,-0.5665984153747559,attack,no
750,1,0,0.0021827164433168046,-6.131189346313477,-0.006189345382153988,attack,no
751,1,0,0.11920291263495983,-2.1514437198638916,-0.15144363045692444,attack,no
752,1,0,0.001032231178886295,-6.885035514831543,-0.010035652667284012,attack,no
753,1,0,0.005220126276325666,-5.256341934204102,-0.006342046428471804,attack,no
754,1,0,0.13296424878721277,-2.0281224250793457,-0.15312249958515167,attack,no
755,1,0,0.0007096705543094146,-7.25624942779541,-0.006249646656215191,attack,no
756,1,0,0.009708476221809755,-4.640139579772949,-0.015139552764594555,attack,no
757,1,0,0.0010322309445614404,-6.8875346183776855,-0.012534528970718384,attack,no
758,1,0,0.04742587082142043,-3.0566115379333496,-0.05661148577928543,attack,no
759,1,0,0.001700722095980458,-6.381295204162598,-0.0062950183637440205,attack,no
760,1,0,0.0019267350949474695,-6.255996227264404,-0.005996451713144779,attack,no
761,1,0,0.0046095720939100145,-5.385086536407471,-0.01008651778101921,attack,no
762,1,0,0.02595735616172174,-3.6563637256622314,-0.03136368468403816,attack,no
763,1,0,0.002472623184200164,-6.010024547576904,-0.010024558752775192,attack,no
764,1,0,0.4073334000459302,-0.9189738035202026,-0.5439738035202026,attack,no
765,1,0,0.02033235293453749,-3.8980934619903564,-0.023093441501259804,attack,no
766,1,0,0.0035936031283234165,-5.633327960968018,-0.008328113704919815,attack,no
767,1,0,0.009708476436704356,-4.639798164367676,-0.014798159711062908,attack,no
768,1,0,0.09534946875514017,-2.3621113300323486,-0.11211137473583221,attack,no
769,1,0,0.20181322466072713,-1.6077022552490234,-0.23270227015018463,attack,no
770,1,0,0.0017007222027132882,-6.3839640617370605,-0.008963938802480698,attack,no
771,1,0,0.0031726821429488385,-5.754726886749268,-0.004726665560156107,attack,no
772,1,0,0.025957356303004702,-3.653275966644287,-0.028275931254029274,attack,no
773,1,0,0.0019267342809588057,-6.256519794464111,-0.006519595626741648,attack,no
774,1,0,0.003593601734387053,-5.635678768157959,-0.010678531602025032,attack,no
775,1,0,0.001926735028682153,-6.260136127471924,-0.01013631746172905,attack,no
776,1,0,0.004609571600354324,-5.381967067718506,-0.006966941524296999,attack,no
777,1,0,0.005911067567453519,-5.132692813873291,-0.007692594546824694,attack,no
778,1,0,0.0028009265249067895,-5.883520126342773,-0.008519968017935753,attack,no
779,1,0,0.0010322312655576945,-6.878129959106445,-0.0031301809940487146,attack,no
780,1,0,0.0009110512333952847,-7.004042625427246,-0.004042668268084526,attack,no
781,1,0,0.002800926851364901,-5.880329608917236,-0.005329567473381758,attack,no
782,1,0,0.20181322946142374,-1.6158896684646606,-0.24088971316814423,attack,no
783,1,0,0.0028009271310003646,-5.889697551727295,-0.014697610400617123,attack,no
784,1,0,0.0007096703924959579,-7.256209850311279,-0.006209840998053551,attack,no
785,1,0,0.005911068713956958,-5.135192394256592,-0.010192370042204857,attack,no
786,1,0,0.4073334000459302,-0.9329071044921875,-0.5579071044921875,attack,no
787,1,0,0.014063629393515615,-4.269349575042725,-0.01934974454343319,attack,no
788,1,0,0.03308597755446608,-3.4168379306793213,-0.0418379046022892,attack,no
789,1,0,0.0011695102889897,-6.778286457061768,-0.02828647755086422,attack,no
790,1,0,0.03308598112977216,-3.4105865955352783,-0.035586681216955185,attack,no
791,1,0,0.022977368990089356,-3.782836437225342,-0.032836396247148514,attack,no
792,1,0,0.04208773182056191,-3.1772663593292236,-0.05226645618677139,attack,no
793,1,1,0.8175744761936437,-0.269079327583313,-1.769079327583313,attack,yes
794,1,0,0.002800926896886951,-5.880918502807617,-0.005918477661907673,attack,no
795,1,1,0.5926665999540697,-0.542197585105896,-0.917197585105896,attack,yes
796,1,0,0.020332352823231693,-3.8996050357818604,-0.024605009704828262,attack,no
797,1,0,0.1329642419157059,-2.026067018508911,-0.15106703341007233,attack,no
798,1,0,0.10669060459711842,-2.24363112449646,-0.11863123625516891,attack,no
799,1,0,0.008577486039382952,-4.761402130126953,-0.01140220370143652,attack,no
800,1,0,0.02297736777744616,-3.776787757873535,-0.026787662878632545,attack,no
801,1,0,0.020332353120047154,-3.8989052772521973,-0.02390526607632637,attack,no
802,1,0,0.025957355125646668,-3.658721923828125,-0.033721841871738434,attack,no
803,1,0,0.0015011819531100359,-6.507112979888916,-0.007112777326256037,attack,no
804,1,0,0.3486451421018059,-1.0678658485412598,-0.44286587834358215,attack,no
805,1,0,0.0015011822106694493,-6.508711814880371,-0.008711784146726131,attack,no
806,1,1,0.7310585903489892,-0.3432256579399109,-1.3432257175445557,attack,yes
807,1,0,0.2018132174596823,-1.6353727579116821,-0.26037272810935974,attack,no
808,1,0,0.13296423160844623,-2.026834487915039,-0.1518344134092331,attack,no
809,1,0,0.012431652957031865,-4.391307830810547,-0.016308002173900604,attack,no
810,1,0,0.32082130082460697,-1.1494218111038208,-0.3994218111038208,attack,no
811,1,0,0.0021827160416983855,-6.132389068603516,-0.0073888832703232765,attack,no
812,1,0,0.005911070021901485,-5.137301445007324,-0.012301643379032612,attack,no
813,1,0,0.46879062662624377,-0.8131470084190369,-0.6881470084190369,attack,no
814,1,0,0.0010322310962963812,-6.887446880340576,-0.012446938082575798,attack,no
815,1,0,0.002800926692688045,-5.882457256317139,-0.00745715806260705,attack,no
816,1,0,0.18242553269617778,-1.7125062942504883,-0.21250635385513306,attack,no
817,1,0,0.0031726825832885442,-5.755178928375244,-0.0051788464188575745,attack,no
818,1,1,0.7981867873410141,-0.24249166250228882,-1.6174917221069336,attack,yes
819,1,0,0.0017007225205399792,-6.385914325714111,-0.010914389975368977,attack,no
820,1,0,0.37754066879814546,-0.9895727038383484,-0.4895727038383484,attack,no
821,1,1,0.5312093733737563,-0.6664876341819763,-0.7914876341819763,attack,yes
822,1,0,0.0052201253888751195,-5.2575154304504395,-0.007515371777117252,attack,no
823,1,0,0.0011695100828293492,-6.757591247558594,-0.007591091562062502,attack,no
824,1,0,0.012431648726472238,-4.3940911293029785,-0.019090956076979637,attack,no
825,1,0,0.0010322312778021307,-6.883232116699219,-0.008232350461184978,attack,no
826,1,0,0.0010322310598031657,-6.890891075134277,-0.015891097486019135,attack,no
827,1,0,0.10669059536584675,-2.255842924118042,-0.13084293901920319,attack,no
828,1,0,0.0024726235517387204,-6.005038261413574,-0.005038421601057053,attack,no
829,1,0,0.001926735006742961,-6.253857612609863,-0.0038577911909669638,attack,no
830,1,0,0.005220126568918385,-5.256025314331055,-0.006025482900440693,attack,no
831,1,1,0.7310585786300049,-0.3366389274597168,-1.3366389274597168,attack,yes
832,1,0,0.010986944492666904,-4.514081001281738,-0.01408117264509201,attack,no
833,1,0,0.014063625726061277,-4.269922256469727,-0.01992216147482395,attack,no
834,1,1,0.6513548511303336,-0.44504791498184204,-1.0700478553771973,attack,yes
835,1,1,0.5926665999540697,-0.5827783346176147,-0.9577783346176147,attack,yes
836,1,0,0.005911069425391183,-5.133000373840332,-0.008000470697879791,attack,no
837,1,0,0.005220126443176058,-5.258623123168945,-0.008623267523944378,attack,no
838,1,0,0.32082129433083023,-1.1457819938659668,-0.3957819640636444,attack,no
839,1,0,0.05340333243628599,-2.939760446548462,-0.06476049870252609,attack,no
840,1,0,0.1480471961522176,-1.9221625328063965,-0.1721625179052353,attack,no
841,1,0,0.13296424878721277,-2.0430989265441895,-0.16809900104999542,attack,no
842,1,0,0.1480471961522176,-1.9239506721496582,-0.173950657248497,attack,no
843,1,0,0.004070137727221676,-5.507786750793457,-0.007786753587424755,attack,no
844,1,0,0.22270013366638422,-1.508863091468811,-0.25886306166648865,attack,no
845,1,0,0.2689414272294874,-1.3237931728363037,-0.3237932026386261,attack,no
846,1,0,0.002182716112691535,-6.13079833984375,-0.005798187106847763,attack,no
847,1,0,0.007577241351901423,-4.885200500488281,-0.010200511664152145,attack,no
848,1,0,0.0002611903344166209,-8.258210182189941,-0.008210240863263607,attack,no
849,1,0,0.000487857208385909,-7.629768371582031,-0.004768547136336565,attack,no
850,1,0,0.012431649618319825,-4.404478549957275,-0.029478449374437332,attack,no
851,1,0,0.004070138225545841,-5.5073628425598145,-0.007362968288362026,attack,no
852,1,0,0.005911067772674881,-5.135300636291504,-0.010300451889634132,attack,no
853,1,1,0.5926665999540697,-0.5323547124862671,-0.9073547124862671,attack,yes
854,1,0,0.04208772340991573,-3.179326057434082,-0.05432594567537308,attack,no
855,1,0,0.04208772476162661,-3.1719369888305664,-0.04693691059947014,attack,no
856,1,0,0.0031726821267490505,-5.756051540374756,-0.006051314063370228,attack,no
857,1,0,0.009708474923488291,-4.63810396194458,-0.013103799894452095,attack,no
858,1,0,0.14804719991116141,-1.9384804964065552,-0.18848051130771637,attack,no
859,1,0,0.022977372084420553,-3.78269624710083,-0.03269634395837784,attack,no
860,1,0,0.008577485429551755,-4.763855934143066,-0.013855936005711555,attack,no
861,1,0,0.2942149783515162,-1.2452566623687744,-0.3702566921710968,attack,no
862,1,0,0.025957354654703464,-3.6555120944976807,-0.030511993914842606,attack,no
863,1,0,0.16451645880021026,-1.8190058469772339,-0.1940058171749115,attack,no
864,1,0,0.0011695102084838065,-6.757498264312744,-0.007498215883970261,attack,no
865,1,0,0.37754066879814546,-0.9893196225166321,-0.4893196225166321,attack,no
866,1,0,0.017986206441861014,-4.022782802581787,-0.02278260327875614,attack,no
867,1,0,0.001501182133890216,-6.502659320831299,-0.002659238874912262,attack,no
868,1,0,0.02033235156176603,-3.900935173034668,-0.025935083627700806,attack,no
869,1,0,0.003593602796513156,-5.631102085113525,-0.006102145183831453,attack,no
870,1,0,0.1480471961522176,-1.9266483783721924,-0.1766483634710312,attack,no
871,1,0,0.04742587284097443,-3.050759792327881,-0.05075978487730026,attack,no
872,1,0,0.2942149845400438,-1.239124059677124,-0.3641241192817688,attack,no
873,1,0,0.008577483639657844,-4.76143741607666,-0.011437207460403442,attack,no
874,1,0,0.007577240693583316,-4.897485733032227,-0.022485656663775444,attack,no
875,1,0,0.005220126467357275,-5.266417503356934,-0.016417652368545532,attack,no
876,1,1,0.6513548714339145,-0.4525162875652313,-1.0775163173675537,attack,yes
877,1,0,0.010986944492666904,-4.512794494628906,-0.01279466599225998,attack,no
878,1,0,0.004609571337551965,-5.382308006286621,-0.0073078228160738945,attack,no
879,1,0,0.0005527787066425062,-7.501614570617676,-0.0016146968118846416,attack,no
880,1,0,0.0035936025380680007,-5.634030818939209,-0.009030806832015514,attack,no
881,1,0,0.01406362792136834,-4.273227214813232,-0.023227278143167496,attack,no
882,1,0,0.02297737003547147,-3.776660680770874,-0.02666068635880947,attack,no
883,1,0,0.11920292358664389,-2.1318273544311523,-0.13182736933231354,attack,no
884,1,0,0.005911069151762624,-5.133094787597656,-0.00809483788907528,attack,no
885,1,0,0.2689414272294874,-1.3297134637832642,-0.32971349358558655,attack,no
886,1,0,0.0019267348997334354,-6.260142803192139,-0.010142926126718521,attack,no
887,1,0,0.02931223128133519,-3.533562183380127,-0.033562202006578445,attack,no
888,1,0,0.18242553269617778,-1.7167901992797852,-0.21679025888442993,attack,no
889,1,1,0.5312093733737563,-0.6481134295463562,-0.7731134295463562,attack,yes
890,1,0,0.012431652911296078,-4.3912353515625,-0.01623551920056343,attack,no
891,1,0,0.18242552158390105,-1.7091549634933472,-0.20915494859218597,attack,no
892,1,0,0.0004878572317736444,-7.6303019523620605,-0.005302175879478455,attack,no
893,1,0,0.09534947261117097,-2.354257583618164,-0.10425767302513123,attack,no
894,1,0,0.0003799845596785851,-7.888288974761963,-0.013289093039929867,attack,no
895,1,0,0.014063627792232618,-4.267155647277832,-0.01715570129454136,attack,no
896,1,0,0.0007096705133606997,-7.258607387542725,-0.008607548661530018,attack,no
897,1,0,0.07585817532042316,-2.587447166442871,-0.08744709938764572,attack,no
898,1,0,0.007577240049272032,-4.884557723999023,-0.009557561948895454,attack,no
899,1,0,0.0024726229533400357,-6.0049920082092285,-0.004991925787180662,attack,no
900,1,0,0.017986208152627175,-4.02284049987793,-0.02284039743244648,attack,no
901,1,0,0.05340332753999997,-2.9480409622192383,-0.0730409175157547,attack,no
902,1,0,0.014063626061814102,-4.26915979385376,-0.019159723073244095,attack,no
903,1,1,0.8175744761936437,-0.22386741638183594,-1.723867416381836,attack,yes
904,1,1,0.6791786926816161,-0.4085133373737335,-1.1585133075714111,attack,yes
905,1,0,0.37754066879814546,-1.0025640726089478,-0.5025640726089478,attack,no
906,1,0,0.46879062662624377,-0.7720015645027161,-0.6470015645027161,attack,no
907,1,0,0.0010322308341214658,-6.879043102264404,-0.004042905755341053,attack,no
908,1,0,0.0013250226784794808,-6.6334919929504395,-0.008492190390825272,attack,no
909,1,0,0.0035936021962534675,-5.631560325622559,-0.006560218054801226,attack,no
910,1,0,0.10669058684467357,-2.2487375736236572,-0.12373749911785126,attack,no
911,1,0,0.07585817323116976,-2.5965919494628906,-0.09659185260534286,attack,no
912,1,0,0.0009110509973082004,-7.005768299102783,-0.005768082570284605,attack,no
913,1,0,0.0007096704288214247,-7.254101276397705,-0.004101318307220936,attack,no
914,1,0,0.22270014398423357,-1.5292024612426758,-0.27920249104499817,attack,no
915,1,0,0.18242551936144574,-1.7330321073532104,-0.23303207755088806,attack,no
916,1,0,0.11920290950590741,-2.1304330825805664,-0.13043296337127686,attack,no
917,1,0,0.13296424019782924,-2.0331552028656006,-0.15815520286560059,attack,no
918,1,0,0.0031726833947508383,-5.7553558349609375,-0.00535600958392024,attack,no
919,1,0,0.015906393956879945,-4.144957542419434,-0.019957685843110085,attack,no
920,1,0,0.4378234991142019,-0.848664402961731,-0.598664402961731,attack,no
921,1,0,0.007577240833650994,-4.886791706085205,-0.011791648343205452,attack,no
922,1,0,0.004070136889131172,-5.5126566886901855,-0.012656484730541706,attack,no
923,1,0,0.0019267349131655933,-6.2564873695373535,-0.0064874994568526745,attack,no
924,1,0,0.005220125122881798,-5.257981777191162,-0.007981667295098305,attack,no
925,1,1,0.5621765008857981,-0.6215063333511353,-0.8715063333511353,attack,yes
926,1,0,0.02297736936642691,-3.7744946479797363,-0.024494623765349388,attack,no
927,1,0,0.009708474869764647,-4.642134189605713,-0.01713402196764946,attack,no
928,1,0,0.0373268852023206,-3.2918972969055176,-0.0418972373008728,attack,no
929,1,0,0.00359360259809397,-5.631561279296875,-0.006561283953487873,attack,no
930,1,0,0.09534945654437685,-2.360368013381958,-0.11036791652441025,attack,no
931,1,0,0.00026119033970597994,-8.251848220825195,-0.0018482997547835112,attack,no
932,1,0,0.001700722732424473,-6.38430643081665,-0.009306619875133038,attack,no
933,1,0,0.037326884934594504,-3.2904741764068604,-0.04047410935163498,attack,no
934,1,0,0.003593602468037703,-5.6338605880737305,-0.008860556408762932,attack,no
935,1,0,0.00037998445691314153,-7.880899906158447,-0.005899753887206316,attack,no
936,1,1,0.5926665999540697,-0.5301702618598938,-0.9051702618598938,attack,yes
937,1,0,0.014063626733319769,-4.266635417938232,-0.01663539558649063,attack,no
938,1,0,0.0028009264637771877,-5.880311012268066,-0.005310832057148218,attack,no
939,1,0,0.0015011821590179648,-6.507160186767578,-0.007160121574997902,attack,no
940,1,0,0.005220125306659001,-5.261466979980469,-0.01146690547466278,attack,no
941,1,0,0.010986942974671995,-4.515513896942139,-0.015513928607106209,attack,no
942,1,0,0.0040701382481969405,-5.506468772888184,-0.0064689042046666145,attack,no
943,1,0,0.0028009267525170227,-5.880336284637451,-0.005336207803338766,attack,no
944,1,0,0.11920292671569666,-2.1420376300811768,-0.14203767478466034,attack,no
945,1,0,0.0009110512600981366,-7.004428863525391,-0.004428935702890158,attack,no
946,1,0,0.0008040859438601092,-7.135875701904297,-0.010875712148845196,attack,no
947,1,0,0.01590639171181471,-4.144660949707031,-0.01966094970703125,attack,no
948,1,0,0.015906391216151,-4.151556015014648,-0.0265559833496809,attack,no
949,1,0,0.05340333431947304,-2.935868978500366,-0.060869067907333374,attack,no
950,1,1,0.5312093733737563,-0.6528186798095703,-0.7778186798095703,attack,yes
951,1,0,0.32082130082460697,-1.1481962203979492,-0.3981962203979492,attack,no
952,1,0,0.010986943177071305,-4.515933990478516,-0.015934040769934654,attack,no
953,1,0,0.08509905022775233,-2.4689085483551025,-0.09390861541032791,attack,no
954,1,0,0.4378234991142019,-0.844799280166626,-0.594799280166626,attack,no
955,1,0,0.0009110509968843455,-7.005950927734375,-0.005950710736215115,attack,no
956,1,0,0.0021827167597434907,-6.129358291625977,-0.004358435980975628,attack,no
957,1,0,0.008577485785946604,-4.760358810424805,-0.010358854196965694,attack,no
958,1,0,0.0017007222485688769,-6.388665199279785,-0.01366510335355997,attack,no
959,1,0,0.006692849946030257,-5.013994216918945,-0.013994069769978523,attack,no
960,1,0,0.005911067728894324,-5.133730411529541,-0.008730219677090645,attack,no
961,1,0,0.003593602938241153,-5.635238170623779,-0.01023827027529478,attack,no
962,1,0,0.047425867792089564,-3.0522727966308594,-0.052272677421569824,attack,no
963,1,0,0.0024726232542621965,-6.004159450531006,-0.0041594901122152805,attack,no
964,1,0,0.0052201264625210304,-5.257487773895264,-0.007487921975553036,attack,no
965,1,0,0.029312231493326745,-3.54611873626709,-0.04611876234412193,attack,no
966,1,0,0.04208772611333754,-3.1698081493377686,-0.04480810463428497,attack,no
967,1,0,0.01798621328492662,-4.022146224975586,-0.02214641310274601,attack,no
968,1,0,0.0013250223654528584,-6.634407043457031,-0.009407004341483116,attack,no
969,1,0,0.0024726234173574296,-6.004631519317627,-0.004631625022739172,attack,no
970,1,0,0.0040701369042319,-5.508893013000488,-0.008892812766134739,attack,no
971,1,0,0.04208773257151255,-3.177853584289551,-0.052853699773550034,attack,no
972,1,0,0.0007096705156723205,-7.256907939910889,-0.0069081042893230915,attack,no
973,1,0,0.008577486007703408,-4.762691020965576,-0.012691090814769268,attack,no
974,1,0,0.0017007227213558795,-6.385903358459473,-0.010903540998697281,attack,no
975,1,0,0.4378234991142019,-0.8480968475341797,-0.5980968475341797,attack,no
976,1,0,0.0028009265301093093,-5.888608932495117,-0.013608776032924652,attack,no
977,1,0,0.04208772325972562,-3.182050943374634,-0.05705082789063454,attack,no
978,1,1,0.5926665999540697,-0.5423387885093689,-0.9173387885093689,attack,yes
979,1,0,0.004070137342153044,-5.5057878494262695,-0.005787757225334644,attack,no
980,1,0,0.1645164608483867,-1.8233474493026733,-0.19834743440151215,attack,no
981,1,0,0.05340332603345051,-2.939408779144287,-0.06440870463848114,attack,no
982,1,0,0.003593601821091213,-5.631979465484619,-0.006979253143072128,attack,no
983,1,0,0.46879062662624377,-0.7916389107704163,-0.6666389107704163,attack,no
984,1,0,0.1480472055495773,-1.9194703102111816,-0.16947036981582642,attack,no
985,1,0,0.029312231811314076,-3.533358335494995,-0.0333583727478981,attack,no
986,1,0,0.10669059465574898,-2.2429351806640625,-0.1179351881146431,attack,no
987,1,0,0.009708477206743393,-4.6373114585876465,-0.012311534024775028,attack,no
988,1,0,0.2018132198600306,-1.6115361452102661,-0.23653613030910492,attack,no
989,1,0,0.0021827160913935892,-6.129064083099365,-0.004063920583575964,attack,no
990,1,0,0.007577242325371919,-4.886974334716797,-0.011974475346505642,attack,no
991,1,1,0.754914975839675,-0.3311033844947815,-1.4561033248901367,attack,yes
992,1,1,0.8175744761936437,-0.23396515846252441,-1.7339651584625244,attack,yes
993,1,0,0.0013250221454715948,-6.6287713050842285,-0.003771099727600813,attack,no
994,1,0,0.08509904036636974,-2.472254514694214,-0.09725445508956909,attack,no
995,1,0,0.09534946618445303,-2.3825602531433105,-0.13256026804447174,attack,no
996,1,0,0.00970847469068584,-4.640344142913818,-0.015343956649303436,attack,no
997,1,0,0.16451646904109268,-1.8268349170684814,-0.20183496177196503,attack,no
998,1,0,0.5,-0.7309457063674927,-0.7309457063674927,attack,no
999,1,0,0.0017007222042945155,-6.3859639167785645,-0.010963794775307178,attack,no
1000,1,0,0.004609572089636805,-5.387367248535156,-0.012367228977382183,attack,no
1001,1,0,0.0031726830309918535,-5.7599005699157715,-0.00990062952041626,attack,no
1002,1,0,0.007577241751094346,-4.887408256530762,-0.012408320792019367,attack,no
1003,1,0,0.11920292358664389,-2.1368467807769775,-0.13684679567813873,attack,no
1004,1,0,0.0031726830575006045,-5.759420871734619,-0.009420939721167088,attack,no
1005,1,0,0.025957359269947192,-3.656123161315918,-0.031123243272304535,attack,no
1006,1,0,0.007577239727116409,-4.886153697967529,-0.011153493076562881,attack,no
1007,1,0,0.003593602528063672,-5.631600379943848,-0.006600365042686462,attack,no
1008,1,0,0.001926735051964561,-6.254344940185547,-0.0043451422825455666,attack,no
1009,1,0,0.015906393402902782,-4.144565105438232,-0.019565213471651077,attack,no
1010,1,0,0.003593602584754866,-5.631579875946045,-0.0065798768773674965,attack,no
1011,1,0,0.017986212857234944,-4.021755218505859,-0.021755382418632507,attack,no
1012,1,0,0.0017007227102872858,-6.38419246673584,-0.009192642755806446,attack,no
1013,1,0,0.012431652088051937,-4.390193462371826,-0.01519356295466423,attack,no
1014,1,0,0.022977368488305953,-3.7776505947113037,-0.027650531381368637,attack,no
1015,1,0,0.012431651996580367,-4.391980171203613,-0.016980264335870743,attack,no
1016,1,0,0.001032230987777086,-6.879961013793945,-0.004960966296494007,attack,no
1017,1,0,0.008577484558364407,-4.760153293609619,-0.010153193026781082,attack,no
1018,1,0,0.0024726236022752763,-6.007274150848389,-0.007274331524968147,attack,no
1019,1,0,0.0019267346489998422,-6.264185905456543,-0.014185898005962372,attack,no
1020,1,0,0.16451647108926923,-1.8115079402923584,-0.18650799989700317,attack,no
1021,1,0,0.11920292515117029,-2.1410152912139893,-0.14101532101631165,attack,no
1022,1,0,0.08509905254807776,-2.4812774658203125,-0.10627756267786026,attack,no
1023,1,0,0.00317268211349468,-5.7567572593688965,-0.006757028866559267,attack,no
1024,1,0,0.01590639016651025,-4.147912502288818,-0.02291240356862545,attack,no
1025,1,0,0.07585818315512395,-2.5827043056488037,-0.08270435035228729,attack,no
1026,1,0,0.012431648589264923,-4.3902201652526855,-0.015219980850815773,attack,no
1027,1,0,0.008577484328687759,-4.761584758758545,-0.0115846311673522,attack,no
1028,1,0,0.003593602486378972,-5.631307601928711,-0.006307575386017561,attack,no
1029,1,0,0.010986942832992484,-4.526901721954346,-0.026901740580797195,attack,no
1030,1,0,0.11920291732853862,-2.153242826461792,-0.1532427817583084,attack,no
1031,1,0,0.16451646699291617,-1.8208504915237427,-0.19585052132606506,attack,no
1032,1,0,0.0006263342969981756,-7.378129959106445,-0.0031301809940487146,attack,no
1033,1,0,0.00522012591118932,-5.256163120269775,-0.006163162179291248,attack,no
1034,1,0,0.009708475854698152,-4.649611473083496,-0.02461140789091587,attack,no
1035,1,0,0.0017007228075327887,-6.381189823150635,-0.006190056446939707,attack,no
1036,1,0,0.20181322946142374,-1.6211042404174805,-0.24610428512096405,attack,no
1037,1,0,0.0031726825803431286,-5.758285045623779,-0.008284962736070156,attack,no
1038,1,0,0.0019267343490150508,-6.2550554275512695,-0.005055264104157686,attack,no
1039,1,0,0.0021827162901744187,-6.12954044342041,-0.004540372174233198,attack,no
1040,1,0,0.002472623005025137,-6.010969161987305,-0.010969100520014763,attack,no
1041,1,0,0.34864513533394575,-1.1111589670181274,-0.48615896701812744,attack,no
1042,1,0,0.0005527786716544191,-7.502737998962402,-0.0027380618266761303,attack,no
1043,1,0,0.0028009273729175796,-5.883498191833496,-0.008498337119817734,attack,no
1044,1,0,0.2942149783515162,-1.2346419095993042,-0.3596419394016266,attack,no
1045,1,0,0.14804719051380197,-1.9224011898040771,-0.17240113019943237,attack,no
1046,1,0,0.0017007225901139891,-6.3830437660217285,-0.008043871261179447,attack,no
1047,1,0,0.0007096704988305111,-7.262267589569092,-0.012267730198800564,attack,no
1048,1,0,0.11920292671569666,-2.1441807746887207,-0.14418081939220428,attack,no
1049,1,0,0.033085978507881,-3.410661220550537,-0.03566122427582741,attack,no
1050,1,0,0.26894141551050293,-1.3277565240859985,-0.32775649428367615,attack,no
1051,1,0,0.002182716230337331,-6.136612892150879,-0.011612793430685997,attack,no
1052,1,0,0.022977372084420553,-3.781597852706909,-0.03159794956445694,attack,no
1053,1,0,0.002800927032152477,-5.883664608001709,-0.00866463128477335,attack,no
1054,1,0,0.006692852317369181,-5.01304817199707,-0.013048381544649601,attack,no
1055,1,0,0.08509903746596333,-2.4681174755096436,-0.0931173786520958,attack,no
1056,1,0,0.0075772417721044994,-4.88374137878418,-0.00874144583940506,attack,no
1057,1,0,0.0011695101366812578,-6.753378391265869,-0.003378281369805336,attack,no
1058,1,0,0.5,-0.7201534509658813,-0.7201534509658813,attack,no
1059,1,0,0.0028009271908293514,-5.880030632019043,-0.005030712112784386,attack,no
1060,1,0,0.037326883729827086,-3.2927093505859375,-0.04270925000309944,attack,no
1061,1,0,0.010986944452187038,-4.516730308532715,-0.016730476170778275,attack,no
1062,1,0,0.4073334000459302,-0.9119011163711548,-0.5369011163711548,attack,no
1063,1,0,0.20181322226037882,-1.6201380491256714,-0.2451380491256714,attack,no
1064,1,0,0.001325022106035182,-6.632601737976074,-0.007601502817124128,attack,no
1065,1,0,0.0031726834551318883,-5.7569379806518555,-0.006938174366950989,attack,no
1066,1,0,0.005220126162673953,-5.259418487548828,-0.009418577887117863,attack,no
1067,1,0,0.5,-0.7578047513961792,-0.7578047513961792,attack,no
1068,1,0,0.002472623119880922,-6.0131378173828125,-0.013137802481651306,attack,no
1069,1,0,0.029312228101462088,-3.5369820594787598,-0.036981966346502304,attack,no
1070,1,0,0.0017007224446410627,-6.383214950561523,-0.008214970119297504,attack,no
1071,1,0,0.1329642436335826,-2.0208446979522705,-0.1458447277545929,attack,no
1072,1,1,0.5312093733737563,-0.6482471227645874,-0.7732471227645874,attack,yes
1073,1,0,0.004070138527560516,-5.51046895980835,-0.010469160042703152,attack,no
1074,1,0,0.04742587654349034,-3.062915563583374,-0.06291563808917999,attack,no
1075,1,0,0.006692850422774568,-5.008607387542725,-0.008607312105596066,attack,no
1076,1,0,0.005220124774672378,-5.257578372955322,-0.007578196004033089,attack,no
1077,1,0,0.03732688359596404,-3.292818546295166,-0.04281844198703766,attack,no
1078,1,0,0.00460957116662361,-5.38309907913208,-0.008098858408629894,attack,no
1079,1,0,0.5,-0.7048794627189636,-0.7048794627189636,attack,no
1080,1,0,0.060086648490884395,-2.8204312324523926,-0.07043120265007019,attack,no
1081,1,0,0.029312227783474795,-3.5406076908111572,-0.04060758650302887,attack,no
1082,1,0,0.04208773076923106,-3.1767690181732178,-0.051769088953733444,attack,no
1083,1,0,0.1329642436335826,-2.0507025718688965,-0.17570260167121887,attack,no
1084,1,0,0.020332351153644804,-3.8989930152893066,-0.023992905393242836,attack,no
1085,1,0,0.0011695104652323502,-6.759244441986084,-0.009244613349437714,attack,no
1086,1,0,0.0021827162749615994,-6.131278038024902,-0.006277959793806076,attack,no
1087,1,1,0.5312093733737563,-0.6864461898803711,-0.8114461898803711,attack,yes
1088,1,0,0.010986940100602208,-4.512789249420166,-0.012789016589522362,attack,no
1089,1,0,0.009708475478632619,-4.6396684646606445,-0.014668360352516174,attack,no
1090,1,0,0.00033534999777537977,-8.01506233215332,-0.015061936341226101,attack,no
1091,1,0,0.5,-0.7141119837760925,-0.7141119837760925,attack,no
1092,1,0,0.003593602926569436,-5.62985897064209,-0.0048590670339763165,attack,no
1093,1,1,0.8807970670261975,-0.14554248750209808,-2.1455423831939697,attack,yes
1094,1,0,0.06008664933244599,-2.8251760005950928,-0.07517598569393158,attack,no
1095,1,0,0.008577484590043946,-4.7778425216674805,-0.02784242480993271,attack,no
1096,1,0,0.008577486039382952,-4.759570121765137,-0.009570195339620113,attack,no
1097,1,0,0.0035936021545687705,-5.631489276885986,-0.006489157676696777,attack,no
1098,1,0,0.005911069709964897,-5.133328914642334,-0.008329059928655624,attack,no
1099,1,0,0.03308597791199666,-3.4180853366851807,-0.04308532178401947,attack,no
1100,1,0,0.37754066879814546,-0.9980451464653015,-0.4980451464653015,attack,no
1101,1,0,0.060086655644158424,-2.827629327774048,-0.07762942463159561,attack,no
1102,1,1,0.6513548511303336,-0.45882898569107056,-1.0838289260864258,attack,yes
1103,1,0,0.008577484495005332,-4.761303424835205,-0.011303316801786423,attack,no
1104,1,0,0.005911069709964897,-5.133498191833496,-0.008498337119817734,attack,no
1105,1,0,0.010986941750156257,-4.513767719268799,-0.013767638243734837,attack,no
1106,1,1,0.5926665999540697,-0.5597498416900635,-0.9347498416900635,attack,yes
1107,1,0,0.02595735851643796,-3.657166004180908,-0.03216605633497238,attack,no
1108,1,0,0.008577486839291468,-4.7639546394348145,-0.013954807072877884,attack,no
1109,1,0,0.003593603156669018,-5.630446434020996,-0.005446594674140215,attack,no
1110,1,0,0.0024726226409323344,-6.006978988647461,-0.006978779565542936,attack,no
1111,1,0,0.0009110510155339515,-7.0089192390441895,-0.00891904253512621,attack,no
1112,1,0,0.0159063885045792,-4.149526119232178,-0.02452591434121132,attack,no
1113,1,0,0.02033235323135295,-3.9009227752685547,-0.02592276968061924,attack,no
1114,1,0,0.0007096703102683176,-7.255000591278076,-0.005000466015189886,attack,no
1115,1,0,0.004609571153803984,-5.382996082305908,-0.007995858788490295,attack,no
1116,1,0,0.0013250226760147042,-6.634619235992432,-0.00961943157017231,attack,no
1117,1,0,0.003593602217929511,-5.6340012550354,-0.009001153521239758,attack,no
1118,1,0,0.02033235430730904,-3.901042938232422,-0.026042986661195755,attack,no
1119,1,0,0.11920291419948606,-2.1335911750793457,-0.13359110057353973,attack,no
1120,1,0,0.05340332753999997,-2.942302942276001,-0.0673028975725174,attack,no
1121,1,0,0.06754668550840877,-2.70039963722229,-0.07539954781532288,attack,no
1122,1,0,0.000911051029945011,-7.01961612701416,-0.01961594633758068,attack,no
1123,1,0,0.20181321265898594,-1.6181890964508057,-0.2431890368461609,attack,no
1124,1,0,0.0066928509676252535,-5.01057767868042,-0.010577685199677944,attack,no
1125,1,0,0.0035936018894541094,-5.63139009475708,-0.006389901507645845,attack,no
1126,1,0,0.00048785708372702804,-7.652157783508301,-0.027157703414559364,attack,no
1127,1,0,0.012431649435376724,-4.39329195022583,-0.018291834741830826,attack,no
1128,1,0,0.04208772416086621,-3.1732795238494873,-0.04827943071722984,attack,no
1129,1,0,0.5,-0.7329376935958862,-0.7329376935958862,attack,no
1130,1,0,0.03308598220236406,-3.417802333831787,-0.04280245304107666,attack,no
1131,1,0,0.1329642333263228,-2.027256965637207,-0.15225690603256226,attack,no
1132,1,0,0.0040701377347720415,-5.508444786071777,-0.008444790728390217,attack,no
1133,1,0,0.008577484019812273,-4.760159492492676,-0.010159328579902649,attack,no
1134,1,0,0.017986212100549695,-4.022809982299805,-0.022810103371739388,attack,no
1135,1,0,0.002182716070095645,-6.134620666503906,-0.009620494209229946,attack,no
1136,1,0,0.07585818419975078,-2.58400559425354,-0.08400565385818481,attack,no
1137,1,1,0.6513548646660542,-0.4399043321609497,-1.0649043321609497,attack,yes
1138,1,0,0.4378234991142019,-0.8946811556816101,-0.6446811556816101,attack,no
1139,1,0,0.003172682779158734,-5.75478458404541,-0.004784564021974802,attack,no
1140,1,0,0.1329642384799526,-2.0468621253967285,-0.17186211049556732,attack,no
1141,1,0,0.14804719427274565,-1.9205234050750732,-0.17052337527275085,attack,no
1142,1,0,0.16451646699291617,-1.8407692909240723,-0.21576932072639465,attack,no
1143,1,0,0.0010322309407200497,-6.8823442459106445,-0.00734415277838707,attack,no
1144,1,0,0.015906393315432706,-4.147414684295654,-0.022414786741137505,attack,no
1145,1,0,0.37754066879814546,-0.9931191802024841,-0.49311918020248413,attack,no
1146,1,0,0.0006263342094093556,-7.381902694702148,-0.006902776658535004,attack,no
1147,1,0,0.4378234991142019,-0.8392113447189331,-0.5892113447189331,attack,no
1148,1,0,0.007577241351901423,-4.888036251068115,-0.01303626224398613,attack,no
1149,1,0,0.14804719239327382,-1.9182988405227661,-0.16829879581928253,attack,no
1150,1,0,0.014063626061814102,-4.2675981521606445,-0.01759808138012886,attack,no
1151,1,0,0.0004305571017661744,-7.753605842590332,-0.0036058900877833366,attack,no
1152,1,0,0.1645164628965632,-1.8088077306747437,-0.18380773067474365,attack,no
1153,1,1,0.5312093733737563,-0.6551201343536377,-0.7801201343536377,attack,yes
1154,1,0,0.004609572025538661,-5.387558460235596,-0.012558426707983017,attack,no
1155,1,0,0.005911068856243796,-5.144852161407471,-0.019852161407470703,attack,no
1156,1,0,0.010986941335237732,-4.514941215515137,-0.014941096305847168,attack,no
1157,1,0,0.2018132198600306,-1.6081418991088867,-0.23314188420772552,attack,no
1158,1,0,0.003593602172910038,-5.630791664123535,-0.005791550036519766,attack,no
1159,1,0,0.0019267350277866757,-6.255218029022217,-0.005218218546360731,attack,no
1160,1,0,0.010986945099864923,-4.5165276527404785,-0.016527879983186722,attack,no
1161,1,0,0.004609572256291984,-5.38209867477417,-0.007098691537976265,attack,no
1162,1,0,0.0140636273015169,-4.26757287979126,-0.017572898417711258,attack,no
1163,1,0,0.11920292984474948,-2.136133909225464,-0.13613398373126984,attack,no
1164,1,0,0.20181322466072713,-1.609368085861206,-0.23436810076236725,attack,no
1165,1,0,0.015906394714953993,-4.154292583465576,-0.029292775318026543,attack,no
1166,1,0,0.0031726832298074876,-5.757347106933594,-0.007347229402512312,attack,no
1167,1,0,0.08509904848750824,-2.467099905014038,-0.09209994971752167,attack,no
1168,1,0,0.4378234991142019,-0.8790056705474854,-0.6290056705474854,attack,no
1169,1,0,0.01798620749464017,-4.024571418762207,-0.02457127906382084,attack,no
1170,1,0,0.0040701367947516215,-5.507876873016357,-0.007876645773649216,attack,no
1171,1,0,0.017986213153329177,-4.027410984039307,-0.027411164715886116,attack,no
1172,1,0,0.2942149597859341,-1.2440991401672363,-0.36909908056259155,attack,no
1173,1,0,0.0420877295677101,-3.177194118499756,-0.05219415947794914,attack,no
1174,1,0,0.003172682524380219,-5.755809783935547,-0.0058096833527088165,attack,no
1175,1,0,0.2942149845400438,-1.2393641471862793,-0.3643642067909241,attack,no
1176,1,0,0.09534947261117097,-2.359175443649292,-0.10917553305625916,attack,no
1177,1,0,0.22270014398423357,-1.5106977224349976,-0.26069775223731995,attack,no
1178,1,1,0.5312093733737563,-0.6614958643913269,-0.7864958643913269,attack,yes
1179,1,0,0.009708478039460093,-4.643392562866211,-0.01839272491633892,attack,no
1180,1,0,0.13296422989056964,-2.0305593013763428,-0.1555592119693756,attack,no
1181,1,1,0.9149009480320036,-0.10597953200340271,-2.4809794425964355,attack,yes
1182,1,0,0.005220124595731435,-5.258960723876953,-0.008960512466728687,attack,no
1183,1,0,0.004070137851802711,-5.517752647399902,-0.01775268092751503,attack,no
1184,1,0,0.13296424019782924,-2.03889536857605,-0.1638953685760498,attack,no
1185,1,0,0.0028009267486151326,-5.886142253875732,-0.011142175644636154,attack,no
1186,1,0,0.0015011824968466274,-6.518418312072754,-0.01841847226023674,attack,no
1187,1,0,0.0052201245618777444,-5.262953758239746,-0.012953540310263634,attack,no
1188,1,0,0.001169510392341868,-6.7531280517578125,-0.00312816072255373,attack,no
1189,1,0,0.0005527786762851952,-7.505352973937988,-0.005353045184165239,attack,no
1190,1,1,0.8807970654616711,-0.16612207889556885,-2.1661219596862793,attack,yes
1191,1,0,0.0035936027448241234,-5.632917404174805,-0.007917449809610844,attack,no
1192,1,0,0.18242552602881168,-1.709608793258667,-0.20960880815982819,attack,no
1193,1,0,0.18242552602881168,-1.7063385248184204,-0.2063385397195816,attack,no
1194,1,0,0.012431651447750972,-4.397311687469482,-0.022311735898256302,attack,no
1195,1,0,0.0013250224369313723,-6.6307692527771,-0.005769267678260803,attack,no
1196,1,1,0.7772998714925403,-0.26697176694869995,-1.5169718265533447,attack,yes
1197,1,0,0.0031726833608785423,-5.756482124328613,-0.006482288241386414,attack,no
1198,1,0,0.00970847764548659,-4.637770652770996,-0.012770773842930794,attack,no
1199,1,0,0.014063626371739791,-4.266343116760254,-0.016343068331480026,attack,no
1200,1,0,0.04208772386048602,-3.171182155609131,-0.0461820550262928,attack,no
1201,1,0,0.010986942741912796,-4.513761043548584,-0.013761053793132305,attack,no
1202,1,0,0.014063629832577114,-4.267270565032959,-0.0172707661986351,attack,no
1203,1,0,0.014063629755095671,-4.270589351654053,-0.020589547231793404,attack,no
1204,1,0,0.012431650830317928,-4.391129016876221,-0.016129015013575554,attack,no
1205,1,0,0.06754669067036073,-2.6988413333892822,-0.07384132593870163,attack,no
1206,1,0,0.008577484914759223,-4.764181137084961,-0.014181078411638737,attack,no
1207,1,0,0.005220125364693909,-5.266545295715332,-0.016545232385396957,attack,no
1208,1,0,0.0013250223642204703,-6.630170822143555,-0.005170782096683979,attack,no
1209,1,0,0.3486451217982255,-1.057021141052246,-0.4320210814476013,attack,no
1210,1,0,0.2689414272294874,-1.329867959022522,-0.32986798882484436,attack,no
1211,1,0,0.4073334000459302,-0.9219643473625183,-0.5469643473625183,attack,no
1212,1,0,0.0021827160782091474,-6.133604526519775,-0.008604357950389385,attack,no
1213,1,0,0.02297736773563088,-3.7751989364624023,-0.025198839604854584,attack,no
1214,1,0,0.11920293140927592,-2.140895128250122,-0.14089521765708923,attack,no
1215,1,0,0.01798620907380902,-4.026596546173096,-0.026596495881676674,attack,no
1216,1,0,0.46879062662624377,-0.772013247013092,-0.647013247013092,attack,no
1217,1,0,0.2942149597859341,-1.2343952655792236,-0.35939520597457886,attack,no
1218,1,0,0.46879062662624377,-0.791298508644104,-0.666298508644104,attack,no
1219,1,1,0.5621765008857981,-0.5944662690162659,-0.8444662690162659,attack,yes
1220,1,0,0.3775406617944891,-0.9989708662033081,-0.4989708364009857,attack,no
1221,1,0,0.00033535028633955883,-8.003686904907227,-0.0036873698700219393,attack,no
1222,1,0,0.0021827164575154373,-6.13457727432251,-0.009577279910445213,attack,no
1223,1,0,0.004070137025037728,-5.505842208862305,-0.005842038430273533,attack,no
1224,1,0,0.22270013882530884,-1.5257514715194702,-0.2757514715194702,attack,no
1225,1,1,0.5312093733737563,-0.6531124711036682,-0.7781124711036682,attack,yes
1226,1,0,0.32082129433083023,-1.153878092765808,-0.4038780629634857,attack,no
1227,1,0,0.010986943177071305,-4.513903617858887,-0.013903668150305748,attack,no
1228,1,0,0.033085981248949035,-3.4183554649353027,-0.0433555543422699,attack,no
1229,1,0,0.0024726228040275267,-6.005259037017822,-0.005258894059807062,attack,no
1230,1,0,0.00522012566212282,-5.257602691650391,-0.00760268559679389,attack,no
1231,1,0,0.10669060388702058,-2.2452361583709717,-0.12023626267910004,attack,no
1232,1,0,0.008577484835560374,-4.760103225708008,-0.010103157721459866,attack,no
1233,1,0,0.07585817323116976,-2.5879547595977783,-0.08795466274023056,attack,no
1234,1,1,0.6791786926816161,-0.4192226231098175,-1.1692225933074951,attack,yes
1235,1,0,0.16451646904109268,-1.8177587985992432,-0.19275884330272675,attack,no
1236,1,0,0.01798621085037414,-4.022327423095703,-0.022327473387122154,attack,no
1237,1,0,0.0017007225213305928,-6.380614280700684,-0.0056143454276025295,attack,no
1238,1,0,0.008577484447486024,-4.762152671813965,-0.01215255819261074,attack,no
1239,1,0,0.010986944836745779,-4.513121128082275,-0.013121331110596657,attack,no
1240,1,0,0.0008040859633149017,-7.1328887939453125,-0.00788882840424776,attack,no
1241,1,0,0.0009110512189842221,-7.0044121742248535,-0.0044122012332081795,attack,no
1242,1,0,0.007577242766585207,-4.8907151222229,-0.01571532152593136,attack,no
1243,1,0,0.00037998455083474206,-7.879146099090576,-0.004146194085478783,attack,no
1244,1,0,0.009708477914104884,-4.639015197753906,-0.014015346765518188,attack,no
1245,1,0,0.008577484217809378,-4.763823509216309,-0.013823368586599827,attack,no
1246,1,0,0.002182716175571184,-6.132938861846924,-0.007938737981021404,attack,no
1247,1,0,0.0009110513694526806,-7.00488805770874,-0.0048882500268518925,attack,no
1248,1,0,0.0059110678164554405,-5.13406229019165,-0.009062113240361214,attack,no
1249,1,0,0.0021827166552821115,-6.131743907928467,-0.00674400432035327,attack,no
1250,1,0,0.0031726822548746444,-5.757110595703125,-0.007110409904271364,attack,no
1251,1,0,0.0035936023263097253,-5.630659580230713,-0.0056595089845359325,attack,no
1252,1,0,0.32082130731838393,-1.1520599126815796,-0.402059942483902,attack,no
1253,1,0,0.010986943207431203,-4.51555061340332,-0.015550666488707066,attack,no
1254,1,0,0.3486451217982255,-1.0678787231445312,-0.4428786635398865,attack,no
1255,1,0,0.16451645880021026,-1.816470980644226,-0.1914709508419037,attack,no
1256,1,0,0.020332351005237087,-3.8995609283447266,-0.02456081099808216,attack,no
1257,1,0,0.32082130082460697,-1.1648353338241577,-0.4148353338241577,attack,no
1258,1,0,0.03308597481339833,-3.4147000312805176,-0.039699919521808624,attack,no
1259,1,0,0.020332355049347755,-3.90637469291687,-0.03137477859854698,attack,no
1260,1,0,0.012431649401074893,-4.390584468841553,-0.015584350563585758,attack,no
1261,1,0,0.0015011825045245523,-6.505467414855957,-0.0054675801657140255,attack,no
1262,1,0,0.02033235534616325,-3.898930072784424,-0.023930173367261887,attack,no
1263,1,0,0.0019267342469306845,-6.256449222564697,-0.0064490060321986675,attack,no
1264,1,0,0.0028009263246098,-5.880666732788086,-0.0056665027514100075,attack,no
1265,1,0,0.0040701369835107245,-5.510126113891602,-0.010125933215022087,attack,no
1266,1,0,0.0011695101214504147,-6.756285190582275,-0.006285067647695541,attack,no
1267,1,0,0.008577484590043946,-4.762861728668213,-0.01286163181066513,attack,no
1268,1,0,0.03308598017635717,-3.4181458950042725,-0.04314595088362694,attack,no
1269,1,0,0.0003353502731484941,-8.008295059204102,-0.008295484818518162,attack,no
1270,1,0,0.0013250222046262167,-6.631272315979004,-0.006272155325859785,attack,no
1271,1,0,0.009708475478632619,-4.638974189758301,-0.013974085450172424,attack,no
1272,1,1,0.6791786926816161,-0.44697633385658264,-1.1969763040542603,attack,yes
1273,1,0,0.003172682350600666,-5.762912273406982,-0.012912117876112461,attack,no
1274,1,0,0.0031726828012493585,-5.756035804748535,-0.006035791710019112,attack,no
1275,1,0,0.0017007227842096798,-6.378279209136963,-0.0032794286962598562,attack,no
1276,1,0,0.14804719991116141,-1.9511783123016357,-0.20117832720279694,attack,no
1277,1,0,0.0007096702924358185,-7.255099773406982,-0.0050996229983866215,attack,no
1278,1,0,0.16451646904109268,-1.822548270225525,-0.19754831492900848,attack,no
1279,1,0,0.012431652819824507,-4.392183780670166,-0.01718394085764885,attack,no
1280,1,0,0.3486451285660856,-1.0692691802978516,-0.4442691504955292,attack,no
1281,1,0,0.06754669724011829,-2.697815179824829,-0.07281527668237686,attack,no
1282,1,0,0.16451645675203383,-1.8122962713241577,-0.18729622662067413,attack,no
1283,1,0,0.005911069020420922,-5.133800029754639,-0.00880005769431591,attack,no
1284,1,0,0.003593603028280118,-5.636229991912842,-0.011230116710066795,attack,no
1285,1,0,0.1645164628965632,-1.8132643699645996,-0.1882643699645996,attack,no
1286,1,0,0.2689414330889798,-1.3261654376983643,-0.32616549730300903,attack,no
1287,1,1,0.6791786926816161,-0.4113903343677521,-1.1613903045654297,attack,yes
1288,1,0,0.0011695102846380299,-6.76407527923584,-0.014075295999646187,attack,no
1289,1,0,0.0035936030182757888,-5.630709171295166,-0.00570929329842329,attack,no
1290,1,0,0.0009110514029372144,-7.012442588806152,-0.0124428179115057,attack,no
1291,1,0,0.32082130082460697,-1.1498044729232788,-0.3998044729232788,attack,no
1292,1,0,0.029312233189259213,-3.539215087890625,-0.039215173572301865,attack,no
1293,1,0,0.2689414272294874,-1.3434250354766846,-0.34342506527900696,attack,no
1294,1,0,0.46879062662624377,-0.7763601541519165,-0.6513601541519165,attack,no
1295,1,0,0.060086655644158424,-2.81906795501709,-0.0690680518746376,attack,no
1296,1,0,0.0600866447038573,-2.8173465728759766,-0.0673464760184288,attack,no
1297,1,0,0.015906391303621065,-4.1503729820251465,-0.025372955948114395,attack,no
1298,1,0,0.014063628696182679,-4.270928382873535,-0.020928502082824707,attack,no
1299,1,0,0.0006263341585466355,-7.37838077545166,-0.003380776150152087,attack,no
1300,1,0,0.017986213219127897,-4.021536350250244,-0.021536534652113914,attack,no
1301,1,0,0.1645164608483867,-1.8115333318710327,-0.18653331696987152,attack,no
1302,1,1,0.5621765008857981,-0.5924103856086731,-0.8424103856086731,attack,yes
1303,1,1,0.5312093733737563,-0.6581250429153442,-0.7831250429153442,attack,yes
1304,1,0,0.1480471961522176,-1.9269325733184814,-0.17693255841732025,attack,no
1305,1,0,0.005911067526409248,-5.139908790588379,-0.014908564276993275,attack,no
1306,1,0,0.004070136885355989,-5.507813453674316,-0.00781324878334999,attack,no
1307,1,0,0.022977371248114782,-3.7828369140625,-0.032836973667144775,attack,no
1308,1,0,0.004070137451633338,-5.509695529937744,-0.009695464745163918,attack,no
1309,1,0,0.14804719239327382,-1.9187527894973755,-0.1687527447938919,attack,no
1310,1,0,0.02297736756836975,-3.7779228687286377,-0.02792276442050934,attack,no
1311,1,1,0.7981867729389246,-0.24468043446540833,-1.619680404663086,attack,yes
1312,1,0,0.0008040861094129257,-7.128422260284424,-0.0034224765840917826,attack,no
1313,1,0,0.06754668597767712,-2.7028822898864746,-0.07788220793008804,attack,no
1314,1,0,0.0031726821002403083,-5.7554755210876465,-0.005475286394357681,attack,no
1315,1,0,0.0009110512579788626,-7.008902549743652,-0.00890261959284544,attack,no
1316,1,0,0.13296422989056964,-2.021703004837036,-0.14670291543006897,attack,no
1317,1,0,0.0021827164717140696,-6.130831241607666,-0.005831253714859486,attack,no
1318,1,0,0.02297737032817847,-3.77713680267334,-0.027136821299791336,attack,no
1319,1,0,0.16451646494473965,-1.8128448724746704,-0.1878448873758316,attack,no
1320,1,0,0.009708477063480313,-4.636599063873291,-0.011599124409258366,attack,no
1321,1,0,0.1645164608483867,-1.8185385465621948,-0.19353853166103363,attack,no
1322,1,1,0.7310585786300049,-0.33990728855133057,-1.3399072885513306,attack,yes
1323,1,0,0.1329642419157059,-2.042536973953247,-0.16753698885440826,attack,no
1324,1,0,0.32082130082460697,-1.145771861076355,-0.395771861076355,attack,no
1325,1,0,0.002472622876386665,-6.024507999420166,-0.024507885798811913,attack,no
1326,1,0,0.4378234991142019,-0.8484466075897217,-0.5984466075897217,attack,no
1327,1,0,0.10669059039516234,-2.2442572116851807,-0.11925717443227768,attack,no
1328,1,0,0.06754668832401889,-2.707105875015259,-0.08210583031177521,attack,no
1329,1,0,0.11920293297380237,-2.1344616413116455,-0.13446174561977386,attack,no
1330,1,0,0.20181322946142374,-1.609573245048523,-0.23457328975200653,attack,no
1331,1,0,0.1329642264548166,-2.0355758666992188,-0.1605757474899292,attack,no
1332,1,0,0.004609572944278815,-5.3853583335876465,-0.01035850029438734,attack,no
1333,1,0,0.007577239615062284,-4.885486602783203,-0.010486382991075516,attack,no
1334,1,0,0.005220125635523485,-5.266144275665283,-0.016144264489412308,attack,no
1335,1,1,0.8354835411997897,-0.21271154284477234,-1.8377115726470947,attack,yes
1336,1,0,0.2018132150593341,-1.6157145500183105,-0.24071450531482697,attack,no
1337,1,0,0.0019267347385475506,-6.256943225860596,-0.006943264976143837,attack,no
1338,1,0,0.009708478254354735,-4.63812255859375,-0.013122742995619774,attack,no
1339,1,0,0.015906390953740808,-4.14380407333374,-0.018804024904966354,attack,no
1340,1,0,0.0140636291610713,-4.268244743347168,-0.018244896084070206,attack,no
1341,1,0,0.0028009265561219055,-5.881849765777588,-0.006849618628621101,attack,no
1342,1,0,0.0010322308033903446,-6.886271953582764,-0.01127172727137804,attack,no
1343,1,0,0.009708477878289112,-4.636934280395508,-0.011934425681829453,attack,no
1344,1,0,0.37754066879814546,-0.9873366951942444,-0.4873366951942444,attack,no
1345,1,0,0.0011695100874529979,-6.753850936889648,-0.0038507848512381315,attack,no
1346,1,0,0.03308598065306466,-3.4164092540740967,-0.04140932485461235,attack,no
1347,1,0,0.009708475111521044,-4.6376423835754395,-0.012642241083085537,attack,no
1348,1,0,0.0031726835493852378,-5.760612964630127,-0.01061318814754486,attack,no
1349,1,0,0.13296423676207594,-2.0279998779296875,-0.1529998481273651,attack,no
1350,1,0,0.09534947068315555,-2.357569694519043,-0.10756976157426834,attack,no
1351,1,0,0.0004878572224639632,-7.629344463348389,-0.0043446677736938,attack,no
1352,1,1,0.6513548646660542,-0.5104361772537231,-1.1354361772537231,attack,yes
1353,1,0,0.000804086099872593,-7.129261493682861,-0.004261698108166456,attack,no
1354,1,0,0.017986209468601255,-4.023327350616455,-0.02332732267677784,attack,no
1355,1,0,0.01406362570023414,-4.269442558288574,-0.01944246143102646,attack,no
1356,1,0,0.0019267347349656422,-6.258440971374512,-0.008441008627414703,attack,no
1357,1,0,0.22270013882530884,-1.520082950592041,-0.270082950592041,attack,no
1358,1,0,0.008577486118581812,-4.760966777801514,-0.010966860689222813,attack,no
1359,1,0,0.003593602508055016,-5.634057998657227,-0.009057978168129921,attack,no
1360,1,0,0.02033235490094001,-3.9077935218811035,-0.03279360011219978,attack,no
1361,1,0,0.01406362479628427,-4.26606559753418,-0.016065435484051704,attack,no
1362,1,0,0.0010322311529569028,-6.885120391845703,-0.010120504535734653,attack,no
1363,1,0,0.07585818106587033,-2.590726613998413,-0.09072662889957428,attack,no
1364,1,0,0.012431648589264923,-4.389969348907471,-0.01496916450560093,attack,no
1365,1,0,0.4378234991142019,-0.8426058888435364,-0.5926058888435364,attack,no
1366,1,1,0.6791786926816161,-0.4037504494190216,-1.1537504196166992,attack,yes
1367,1,0,0.014063629858404264,-4.269207000732422,-0.01920720376074314,attack,no
1368,1,0,0.09534946682712482,-2.360665798187256,-0.11066582053899765,attack,no
1369,1,1,0.7772998663336157,-0.26747485995292664,-1.517474889755249,attack,yes
1370,1,0,0.0017007222066663566,-6.379805564880371,-0.004805444274097681,attack,no
1371,1,0,0.16451646699291617,-1.8370507955551147,-0.21205082535743713,attack,no
1372,1,0,0.29421497216298875,-1.231605887413025,-0.3566058874130249,attack,no
1373,1,1,0.7057850216484838,-0.36808279156684875,-1.2430827617645264,attack,yes
1374,1,0,0.16451646904109268,-1.82484769821167,-0.1998477429151535,attack,no
1375,1,0,0.004070138467157579,-5.508618354797363,-0.00861854013055563,attack,no
1376,1,0,0.11920293453832885,-2.139451503753662,-0.13945162296295166,attack,no
1377,1,0,0.03308597505175204,-3.4192519187927246,-0.04425181448459625,attack,no
1378,1,0,0.22270013366638422,-1.5357609987258911,-0.2857609689235687,attack,no
1379,1,0,0.02297737141537594,-3.7810518741607666,-0.031051941215991974,attack,no
1380,1,0,0.06008665522337757,-2.817150115966797,-0.06715020537376404,attack,no
1381,1,0,0.16451645470385742,-1.8216547966003418,-0.19665473699569702,attack,no
1382,1,0,0.0010322309243941397,-6.8805389404296875,-0.00553883146494627,attack,no
1383,1,0,0.20181322466072713,-1.6226420402526855,-0.24764205515384674,attack,no
1384,1,0,0.022977371666267666,-3.7762084007263184,-0.026208478957414627,attack,no
1385,1,0,0.005911067477156122,-5.1406450271606445,-0.015644792467355728,attack,no
1386,1,0,0.2689414096510108,-1.3295667171478271,-0.3295666575431824,attack,no
1387,1,0,0.009708476436704356,-4.636167526245117,-0.011167521588504314,attack,no
1388,1,0,0.0024726229096948397,-6.0070481300354,-0.0070480299182236195,attack,no
1389,1,1,0.7310585786300049,-0.3336986303329468,-1.3336986303329468,attack,yes
1390,1,0,0.009708475013027696,-4.638909816741943,-0.013909664005041122,attack,no
1391,1,0,0.009708474619054318,-4.638853073120117,-0.013852879405021667,attack,no
1392,1,0,0.006692852311177695,-5.011009216308594,-0.011009424924850464,attack,no
1393,1,0,0.37754066879814546,-1.0047966241836548,-0.5047966241836548,attack,no
1394,1,0,0.012431648360586064,-4.392348766326904,-0.01734856329858303,attack,no
1395,1,0,0.0600866518571309,-2.834937810897827,-0.08493784070014954,attack,no
1396,1,0,0.26894141551050293,-1.325771689414978,-0.32577165961265564,attack,no
1397,1,0,0.004609571861020094,-5.381890296936035,-0.006890227552503347,attack,no
1398,1,0,0.01406362497707424,-4.2700371742248535,-0.020037025213241577,attack,no
1399,1,0,0.001926734350358266,-6.253213882446289,-0.0032137196976691484,attack,no
1400,1,0,0.00033535007957553306,-8.002685546875,-0.0026853950694203377,attack,no
1401,1,1,0.5926665999540697,-0.5312583446502686,-0.9062583446502686,attack,yes
1402,1,0,0.005911069595040896,-5.132966995239258,-0.007967120967805386,attack,no
1403,1,0,0.3486451285660856,-1.0675357580184937,-0.44253572821617126,attack,no
1404,1,0,0.000804085801690486,-7.128854751586914,-0.0038545848801732063,attack,no
1405,1,0,0.01590639477326739,-4.143664836883545,-0.01866503246128559,attack,no
1406,1,0,0.3486451217982255,-1.0849218368530273,-0.45992177724838257,attack,no
1407,1,0,0.11920292828022305,-2.149078130722046,-0.14907819032669067,attack,no
1408,1,0,0.10669058755477132,-2.2456865310668945,-0.12068646401166916,attack,no
1409,1,0,0.0006263342496331715,-7.381107330322266,-0.00610747653990984,attack,no
1410,1,0,0.0035936025447375532,-5.6323652267456055,-0.007365216501057148,attack,no
1411,1,0,0.014063629006108426,-4.2685089111328125,-0.01850905269384384,attack,no
1412,1,0,0.007577240077285563,-4.893576145172119,-0.018575986847281456,attack,no
1413,1,0,0.10669058826486906,-2.245173215866089,-0.12017315626144409,attack,no
1414,1,0,0.0013250225225823547,-6.631214618682861,-0.006214698310941458,attack,no
1415,1,0,0.02033235278612976,-3.900759696960449,-0.02575966902077198,attack,no
1416,1,0,0.46879062662624377,-0.7802324295043945,-0.6552324295043945,attack,no
1417,1,0,0.1645164628965632,-1.822733998298645,-0.19773399829864502,attack,no
1418,1,0,0.08509904790742691,-2.4723048210144043,-0.09730485826730728,attack,no
1419,1,0,0.4073334000459302,-0.9277338981628418,-0.5527338981628418,attack,no
1420,1,0,0.02931223191730985,-3.540004014968872,-0.04000405594706535,attack,no
1421,1,0,0.32082129433083023,-1.1906442642211914,-0.440644234418869,attack,no
1422,1,0,0.014063628618701243,-4.273492336273193,-0.023492449894547462,attack,no
1423,1,0,0.1480471980316895,-1.9183558225631714,-0.1683558225631714,attack,no
1424,1,0,0.22270014914315833,-1.5250179767608643,-0.27501803636550903,attack,no
1425,1,0,0.060086652698692546,-2.8311305046081543,-0.08113054931163788,attack,no
1426,1,0,0.0009110510659726601,-7.004396438598633,-0.004396297503262758,attack,no
1427,1,0,0.0008040861118447752,-7.12928581237793,-0.0042860317043960094,attack,no
1428,1,0,0.09534946232842245,-2.3553409576416016,-0.10534092783927917,attack,no
1429,1,0,0.007577242353385462,-4.886207103729248,-0.011207248084247112,attack,no
1430,1,0,0.18242552380635632,-1.71915602684021,-0.21915602684020996,attack,no
1431,1,0,0.46879062662624377,-0.7720934152603149,-0.6470934152603149,attack,no
1432,1,0,0.1480471980316895,-1.916255235671997,-0.16625523567199707,attack,no
1433,1,0,0.00970847709034214,-4.641415596008301,-0.016415659338235855,attack,no
1434,1,0,0.07585818367743737,-2.586404800415039,-0.08640485256910324,attack,no
1435,1,0,0.0066928520325608065,-5.010795593261719,-0.010795759968459606,attack,no
1436,1,0,0.06754668738548215,-2.698955535888672,-0.0739554762840271,attack,no
1437,1,0,0.4073334000459302,-0.9238163232803345,-0.5488163232803345,attack,no
1438,1,0,0.04208773031866069,-3.173017740249634,-0.048017799854278564,attack,no
1439,1,1,0.5312093733737563,-0.6521313786506653,-0.7771313786506653,attack,yes
1440,1,0,0.025957356444287677,-3.6531424522399902,-0.028142422437667847,attack,no
1441,1,0,0.00023050678573725752,-8.383125305175781,-0.00812558177858591,attack,no
1442,1,0,0.0011695104119243854,-6.762927055358887,-0.012927181087434292,attack,no
1443,1,0,0.0019267342075297027,-6.254730224609375,-0.00472998758777976,attack,no
1444,1,0,0.0019267342460352074,-6.254106521606445,-0.004106304608285427,attack,no
1445,1,0,0.0004878571307295531,-7.629333019256592,-0.004333035554736853,attack,no
1446,1,1,0.5312093733737563,-0.6620418429374695,-0.7870418429374695,attack,yes
1447,1,0,0.46879062662624377,-0.8363710045814514,-0.7113710045814514,attack,no
1448,1,0,0.0024726227684222376,-6.005329132080078,-0.005328974686563015,attack,no
1449,1,0,0.01098694406762831,-4.514481544494629,-0.014481676742434502,attack,no
1450,1,0,0.34864513533394575,-1.0836998224258423,-0.4586998224258423,attack,no
1451,1,0,0.006692851004774165,-5.009106636047363,-0.009106648154556751,attack,no
1452,1,0,0.0009110511727840525,-7.007204055786133,-0.00720403203740716,attack,no
1453,1,0,0.0028009274067339663,-5.879516124725342,-0.004516282118856907,attack,no
1454,1,0,0.20181321265898594,-1.6169519424438477,-0.24195188283920288,attack,no
1455,1,0,0.02297736991002561,-3.7825121879577637,-0.03251218795776367,attack,no
1456,1,0,0.014063627120726901,-4.268599033355713,-0.01859903894364834,attack,no
1457,1,0,0.0017007224145977426,-6.38250732421875,-0.007507326081395149,attack,no
1458,1,0,0.001926734332896466,-6.254691123962402,-0.004690952133387327,attack,no
1459,1,0,0.06008664512463808,-2.8235056400299072,-0.07350555062294006,attack,no
1460,1,0,0.00033535011508991876,-8.002360343933105,-0.002360298065468669,attack,no
1461,1,0,0.0004878571983950322,-7.628542423248291,-0.003542578313499689,attack,no
1462,1,0,0.004609572491318529,-5.382823944091797,-0.007824012078344822,attack,no
1463,1,0,0.004609572166554579,-5.382299423217773,-0.007299420423805714,attack,no
1464,1,0,0.05340333243628599,-2.9342637062072754,-0.05926375836133957,attack,no
1465,1,0,0.0075772424374260855,-4.884474277496338,-0.009474433027207851,attack,no
1466,1,0,0.07585817479810981,-2.5822649002075195,-0.08226482570171356,attack,no
1467,1,0,0.006692849834583539,-5.008366107940674,-0.008365944027900696,attack,no
1468,1,0,0.004070138384103542,-5.506143093109131,-0.006143257953226566,attack,no
1469,1,0,0.005911068790572947,-5.1348958015441895,-0.009895790368318558,attack,no
1470,1,0,0.022977371080853633,-3.7784881591796875,-0.02848821133375168,attack,no
1471,1,0,0.00522012634161495,-5.256739616394043,-0.006739741191267967,attack,no
1472,1,0,0.008577484423726372,-4.763288974761963,-0.013288858346641064,attack,no
1473,1,1,0.6224593312018546,-0.5351806879043579,-1.035180687904358,attack,yes
1474,1,0,0.007577240126309248,-4.884993553161621,-0.009993401356041431,attack,no
1475,1,0,0.012431651241939954,-4.391134262084961,-0.016134293749928474,attack,no
1476,1,0,0.2689414272294874,-1.325257420539856,-0.32525745034217834,attack,no
1477,1,0,0.003593602424685615,-5.632529258728027,-0.007529214955866337,attack,no
1478,1,0,0.01590639454001383,-4.1471943855285645,-0.02219456620514393,attack,no
1479,1,0,0.0019267342227528093,-6.253808975219727,-0.003808746114373207,attack,no
1480,1,0,0.0035936019211344774,-5.635573387145996,-0.01057320274412632,attack,no
1481,1,0,0.009708476839631754,-4.6372857093811035,-0.0122857466340065,attack,no
1482,1,0,0.5,-0.7357591986656189,-0.7357591986656189,attack,no
1483,1,0,0.03732688667481418,-3.293604850769043,-0.043604832142591476,attack,no
1484,1,0,0.3486451217982255,-1.0723693370819092,-0.4473692774772644,attack,no
1485,1,0,0.010986941061998708,-4.514614582061768,-0.014614437706768513,attack,no
1486,1,0,0.037326888013444755,-3.307804822921753,-0.05780484154820442,attack,no
1487,1,0,0.06008665438181589,-2.8169474601745605,-0.06694753468036652,attack,no
1488,1,0,0.0203323551977555,-3.9009597301483154,-0.02595982328057289,attack,no
1489,1,0,0.007577239503008159,-4.884822368621826,-0.009822133928537369,attack,no
1490,1,0,0.0052201248181985545,-5.2614545822143555,-0.011454413644969463,attack,no
1491,1,0,0.1480472036701053,-1.9396859407424927,-0.18968598544597626,attack,no
1492,1,0,0.11920293297380237,-2.1292672157287598,-0.12926732003688812,attack,no
1493,1,0,0.0031726820884586454,-5.758487701416016,-0.008487462997436523,attack,no
1494,1,0,0.0031726824109816957,-5.7558770179748535,-0.0058768815360963345,attack,no
1495,1,0,0.0013250221251371941,-6.639563083648682,-0.014562862925231457,attack,no
1496,1,0,0.006692852044943779,-5.009841442108154,-0.009841610677540302,attack,no
1497,1,0,0.0017007227680020957,-6.379810810089111,-0.004811020102351904,attack,no
1498,1,0,0.11920291419948606,-2.13110089302063,-0.1311008185148239,attack,no
1499,1,0,0.01590639171181471,-4.143548488616943,-0.01854848861694336,attack,no
1500,1,0,0.000911051269846797,-7.006402492523193,-0.0064025754109025,attack,no
1501,1,0,0.0015011823530600384,-6.507824420928955,-0.007824485190212727,attack,no
1502,1,0,0.009708477717118134,-4.638323783874512,-0.013323912397027016,attack,no
1503,1,0,0.006692849630264563,-5.013006687164307,-0.013006492517888546,attack,no
1504,1,0,0.0019267349301796595,-6.255643367767334,-0.005643506534397602,attack,no
1505,1,0,0.0035936031416625223,-5.633825778961182,-0.008825935423374176,attack,no
1506,1,0,0.0019267348737645974,-6.257251262664795,-0.007251372095197439,attack,no
1507,1,0,0.00017952790431826837,-8.63292407989502,-0.007923717610538006,attack,no
1508,1,0,0.020332351747275684,-3.897906541824341,-0.022906461730599403,attack,no
1509,1,0,0.0005527785107349734,-7.5035834312438965,-0.00358320283703506,attack,no
1510,1,0,0.017986211376763837,-4.020381927490234,-0.020382007583975792,attack,no
1511,1,0,0.001926734460054192,-6.25300407409668,-0.0030039683915674686,attack,no
1512,1,0,0.0010322308494870268,-6.880487442016602,-0.0054872604086995125,attack,no
1513,1,0,0.00037998457400561126,-7.879131317138672,-0.004131473135203123,attack,no
1514,1,0,0.0019267344860230244,-6.256910800933838,-0.006910708732903004,attack,no
1515,1,0,0.005911069009475778,-5.134722709655762,-0.009722735732793808,attack,no
1516,1,0,0.005911067526409248,-5.135733127593994,-0.010732901282608509,attack,no
1517,1,0,0.002472623060155913,-6.016197204589844,-0.016197165474295616,attack,no
1518,1,0,0.008577486728413056,-4.762562274932861,-0.012562429532408714,attack,no
1519,1,0,0.00020342707086984995,-8.518776893615723,-0.018777349963784218,attack,no
1520,1,0,0.0015011825889817306,-6.509628772735596,-0.009628994390368462,attack,no
1521,1,0,0.017986212725637506,-4.028824806213379,-0.02882496267557144,attack,no
1522,1,0,0.014063625881024118,-4.268993377685547,-0.01899329386651516,attack,no
1523,1,0,0.0005527785095772796,-7.504389762878418,-0.004389532376080751,attack,no
1524,1,0,0.001700722188482244,-6.380712032318115,-0.005711901001632214,attack,no
1525,1,0,0.00591106930225833,-5.132481575012207,-0.007481650914996862,attack,no
1526,1,0,0.001926734941820863,-6.255808353424072,-0.005808498244732618,attack,no
1527,1,0,0.0001233946252809043,-9.010127067565918,-0.010127467103302479,attack,no
1528,1,0,0.01098694229663434,-4.51373815536499,-0.013738124631345272,attack,no
1529,1,0,0.00150118221764938,-6.514606475830078,-0.014606449753046036,attack,no
1530,1,0,0.0021827167151192116,-6.132907390594482,-0.007907514460384846,attack,no
1531,1,0,0.0031726830133193534,-5.766751289367676,-0.01675134338438511,attack,no
1532,1,0,0.0031726832077168614,-5.761786937713623,-0.0117870531976223,attack,no
1533,1,0,0.01406362890279984,-4.272799015045166,-0.02279914915561676,attack,no
1534,1,0,0.02931223234129297,-3.5374557971954346,-0.03745585307478905,attack,no
1535,1,0,0.0024726227936905077,-6.009909629821777,-0.009909482672810555,attack,no
1536,1,0,0.0009110513967913187,-7.003385543823242,-0.003385766176506877,attack,no
1537,1,0,0.0024726227523424295,-6.009060859680176,-0.009060695767402649,attack,no
1538,1,0,0.1066905854244781,-2.2672221660614014,-0.1422220766544342,attack,no
1539,1,0,0.0075772430187070975,-4.884762287139893,-0.009762519970536232,attack,no
1540,1,0,0.03732688359596404,-3.293292760848999,-0.043292656540870667,attack,no
1541,1,0,0.0028009266081471013,-5.881898880004883,-0.0068987514823675156,attack,no
1542,1,0,0.0024726226099212783,-6.009784698486328,-0.009784476831555367,attack,no
1543,1,0,0.006692850385625659,-5.01291561126709,-0.012915530242025852,attack,no
1544,1,0,0.017986206310263625,-4.021000385284424,-0.021000178530812263,attack,no
1545,1,0,0.005220126344033071,-5.256130218505859,-0.006130343768745661,attack,no
1546,1,0,0.0006263341464503445,-7.381036758422852,-0.00603673979640007,attack,no
1547,1,0,0.009708474556376736,-4.638733386993408,-0.01373318675905466,attack,no
1548,1,0,0.000911051224918189,-7.012477397918701,-0.012477431446313858,attack,no
1549,1,0,0.0024726231704174694,-6.00921106338501,-0.009211068972945213,attack,no
1550,1,0,0.2689414213699951,-1.3194825649261475,-0.31948256492614746,attack,no
1551,1,0,0.0013250226094657313,-6.633498191833496,-0.008498337119817734,attack,no
1552,1,0,0.005911069173652909,-5.1348772048950195,-0.009877258911728859,attack,no
1553,1,0,0.003172682665760202,-5.759243488311768,-0.009243432432413101,attack,no
1554,1,0,0.0028009276317430103,-5.880343914031982,-0.005344151984900236,attack,no
1555,1,0,0.0021827162627913446,-6.149104595184326,-0.024104511365294456,attack,no
1556,1,0,0.04208773001828046,-3.187715530395508,-0.06271558254957199,attack,no
1557,1,0,0.005911068648286111,-5.137048244476318,-0.012048209086060524,attack,no
1558,1,0,0.022977370997223058,-3.779148817062378,-0.02914886549115181,attack,no
1559,1,0,0.0002959569988843134,-8.130715370178223,-0.005714982748031616,attack,no
1560,1,0,0.015906390837114055,-4.154023170471191,-0.02902311459183693,attack,no
1561,1,0,0.02931223085735209,-3.5334155559539795,-0.03341555967926979,attack,no
1562,1,0,0.00970847723360522,-4.641277313232422,-0.016277391463518143,attack,no
1563,1,0,0.004609571645223022,-5.382997512817383,-0.007997396402060986,attack,no
1564,1,0,0.006692850466114961,-5.012504577636719,-0.012504508718848228,attack,no
1565,1,0,0.022977369575503337,-3.7870020866394043,-0.0370020717382431,attack,no
1566,1,0,0.00029595712439730085,-8.127325057983398,-0.002325094770640135,attack,no
1567,1,0,0.00591106922837862,-5.135218620300293,-0.010218683630228043,attack,no
1568,1,0,0.03732688881662312,-3.2915141582489014,-0.04151419922709465,attack,no
1569,1,0,0.004070137598865461,-5.505979061126709,-0.005979032255709171,attack,no
1570,1,0,0.007577242423419316,-4.884117126464844,-0.009117280133068562,attack,no
1571,1,0,0.0021827163702952683,-6.132448673248291,-0.007448638789355755,attack,no
1572,1,0,0.005911069797526043,-5.13787841796875,-0.012878578156232834,attack,no
1573,1,0,0.00218271607212402,-6.134571075439453,-0.009570904076099396,attack,no
1574,1,0,0.006692851877773653,-5.008636951446533,-0.008637094870209694,attack,no
1575,1,0,0.009708474404159754,-4.642444610595703,-0.017444394528865814,attack,no
1576,1,0,0.0028009270191461763,-5.89125919342041,-0.01625921204686165,attack,no
1577,1,0,0.001926734998235927,-6.253364562988281,-0.003364737145602703,attack,no
1578,1,0,0.010986942994911927,-4.5171637535095215,-0.01716378703713417,attack,no
1579,1,0,0.0028009267200012735,-5.880134105682373,-0.005134017206728458,attack,no
1580,1,0,0.0035936027548284528,-5.633702754974365,-0.008702803403139114,attack,no
1581,1,0,0.001325022402424503,-6.636927604675293,-0.011927593499422073,attack,no
1582,1,0,0.0008040859924970913,-7.142529487609863,-0.017529558390378952,attack,no
1583,1,0,0.004609573149392922,-5.382941246032715,-0.007941457442939281,attack,no
1584,1,0,0.0035936030749669904,-5.629995346069336,-0.004995483905076981,attack,no
1585,1,0,0.0021827165193809075,-6.130270481109619,-0.005270515102893114,attack,no
1586,1,0,0.2689414213699951,-1.3419753313064575,-0.3419753313064575,attack,no
1587,1,0,0.11920292202211755,-2.1511898040771484,-0.15118980407714844,attack,no
1588,1,0,0.4073334000459302,-0.9125418663024902,-0.5375418663024902,attack,no
1589,1,0,0.002472622702954449,-6.0060248374938965,-0.006024653557687998,attack,no
1590,1,0,0.08509904848750824,-2.47198224067688,-0.09698228538036346,attack,no
1591,1,0,0.0028009265587231654,-5.889895439147949,-0.014895292930305004,attack,no
1592,1,0,0.0013250225065613071,-6.6307806968688965,-0.005780764389783144,attack,no
1593,1,0,0.005220126810730564,-5.263272762298584,-0.01327297743409872,attack,no
1594,1,0,0.0052201265592459,-5.257673263549805,-0.007673430256545544,attack,no
1595,1,0,0.0010322308696543258,-6.886276721954346,-0.01127655990421772,attack,no
1596,1,0,0.0031726831237724813,-5.754176139831543,-0.0041762287728488445,attack,no
1597,1,0,0.006692851667263128,-5.009095668792725,-0.009095780551433563,attack,no
1598,1,0,0.008577486775932374,-4.768166542053223,-0.01816670224070549,attack,no
1599,1,1,0.5621765008857981,-0.6204579472541809,-0.8704579472541809,attack,yes
1600,1,0,0.04208772776542873,-3.173539638519287,-0.04853963479399681,attack,no
1601,1,0,0.04742587603860179,-3.054718494415283,-0.05471855774521828,attack,no
1602,1,0,0.0066928522864117485,-5.010648250579834,-0.0106484554708004,attack,no
1603,1,1,0.6791787056691698,-0.422963947057724,-1.1729639768600464,attack,yes
1604,1,0,0.003593603041619225,-5.642274856567383,-0.01727498508989811,attack,no
1605,1,0,0.008577483639657844,-4.768856525421143,-0.018856316804885864,attack,no
1606,1,0,0.010986944877225647,-4.512633323669434,-0.012633530423045158,attack,no
1607,1,0,0.0040701376026406446,-5.508321285247803,-0.008321257308125496,attack,no
1608,1,0,0.005220124794017345,-5.263748645782471,-0.013748472556471825,attack,no
1609,1,0,0.020332351302052524,-3.899134635925293,-0.02413453347980976,attack,no
1610,1,0,0.003172682739395612,-5.758519172668457,-0.00851914007216692,attack,no
1611,1,0,0.002472623080829955,-6.005237579345703,-0.005237548612058163,attack,no
1612,1,0,0.14804720179063335,-1.9233808517456055,-0.17338088154792786,attack,no
1613,1,0,0.008577483996052621,-4.760837554931641,-0.010837388224899769,attack,no
1614,1,0,0.0031726827011051982,-5.758351802825928,-0.008351758122444153,attack,no
1615,1,0,0.2689414213699951,-1.3246489763259888,-0.32464897632598877,attack,no
1616,1,0,0.0013250224270722666,-6.643070697784424,-0.018070705235004425,attack,no
1617,1,0,0.004609573098114395,-5.386422157287598,-0.011422357521951199,attack,no
1618,1,0,0.0017007226059262647,-6.381688117980957,-0.006688232533633709,attack,no
1619,1,0,0.010986944846865744,-4.515194416046143,-0.015194620005786419,attack,no
1620,1,0,0.014063627146554044,-4.267075538635254,-0.017075546085834503,attack,no
1621,1,0,0.005220124992303263,-5.258248329162598,-0.008248194120824337,attack,no
1622,1,0,0.022977367359293347,-3.7795426845550537,-0.029542570933699608,attack,no
1623,1,0,0.007577240007251732,-4.886298179626465,-0.011298011988401413,attack,no
1624,1,0,0.010986944948065415,-4.5122809410095215,-0.012281154282391071,attack,no
1625,1,0,0.0006263342099923095,-7.38109827041626,-0.006098353303968906,attack,no
1626,1,0,0.03732688627322502,-3.296386957168579,-0.046386927366256714,attack,no
1627,1,0,0.029312229161419755,-3.532304048538208,-0.03230399265885353,attack,no
1628,1,0,0.010986944978425318,-4.515886306762695,-0.015886522829532623,attack,no
1629,1,0,0.009708475066751342,-4.63704776763916,-0.012047620490193367,attack,no
1630,1,0,0.04742587637519415,-3.0507490634918213,-0.05074913427233696,attack,no
1631,1,0,0.02297736823741426,-3.7767913341522217,-0.02679125964641571,attack,no
1632,1,0,0.005911069080619201,-5.133198261260986,-0.008198299445211887,attack,no
1633,1,0,0.0005527787521784759,-7.507479667663574,-0.007479876279830933,attack,no
1634,1,0,0.37754066879814546,-1.0065710544586182,-0.5065710544586182,attack,no
1635,1,0,0.0031726826952143666,-5.76846170425415,-0.01846165768802166,attack,no
1636,1,0,0.0035936017777391323,-5.633513927459717,-0.008513703010976315,attack,no
1637,1,0,0.003172683359405834,-5.7567338943481445,-0.006734057795256376,attack,no
1638,1,0,0.01406362520951849,-4.269261360168457,-0.019261227920651436,attack,no
1639,1,0,0.0031726822592927683,-5.761341571807861,-0.011341387405991554,attack,no
1640,1,0,0.003593602428020391,-5.632883548736572,-0.007883505895733833,attack,no
1641,1,0,0.4378234991142019,-0.8452187776565552,-0.5952187776565552,attack,no
1642,1,0,0.005220125896680591,-5.2578277587890625,-0.007827797904610634,attack,no
1643,1,0,0.06754669442450784,-2.7009406089782715,-0.07594066113233566,attack,no
1644,1,0,0.0017007220208721736,-6.381130218505859,-0.006129988469183445,attack,no
1645,1,0,0.03732689069070603,-3.2952373027801514,-0.04523739591240883,attack,no
1646,1,0,0.010986945079624989,-4.515600204467773,-0.015600429847836494,attack,no
1647,1,0,0.00669284942594559,-5.008143424987793,-0.008143199607729912,attack,no
1648,1,0,0.006692851902539597,-5.012796401977539,-0.012796549126505852,attack,no
1649,1,0,0.008577484495005332,-4.76262092590332,-0.012620817869901657,attack,no
1650,1,0,0.02033235497514388,-3.897468090057373,-0.022468172013759613,attack,no
1651,1,0,0.017986211278065763,-4.021878242492676,-0.02187831699848175,attack,no
1652,1,0,0.08509904210661365,-2.4746406078338623,-0.09964057058095932,attack,no
1653,1,0,0.017986210192387036,-4.024110317230225,-0.024110330268740654,attack,no
1654,1,0,0.03308597803117354,-3.4184653759002686,-0.04346536472439766,attack,no
1655,1,0,0.047425872336085924,-3.0547285079956055,-0.054728489369153976,attack,no
1656,1,0,0.0021827160001166843,-6.1321797370910645,-0.007179532665759325,attack,no
1657,1,0,0.02297736978457976,-3.7759318351745605,-0.0259318295866251,attack,no
1658,1,0,0.0159063937236264,-4.143381595611572,-0.018381724134087563,attack,no
1659,1,0,0.042087729717900216,-3.171199083328247,-0.04619912803173065,attack,no
1660,1,0,0.24508500761839525,-1.409942626953125,-0.2849425971508026,attack,no
1661,1,0,0.0024726228373357006,-6.004929542541504,-0.004929413087666035,attack,no
1662,1,0,0.0011695101007799854,-6.753939628601074,-0.003939487971365452,attack,no
1663,1,0,0.001700722396413628,-6.379199504852295,-0.004199496004730463,attack,no
1664,1,0,0.014063629186898446,-4.267538070678711,-0.017538225278258324,attack,no
1665,1,0,0.020332352044091128,-3.9009342193603516,-0.02593415416777134,attack,no
1666,1,0,0.017986211804455476,-4.021024703979492,-0.021024808287620544,attack,no
1667,1,0,0.09534947068315555,-2.3536200523376465,-0.10362011939287186,attack,no
1668,1,0,0.005911069906977476,-5.144016742706299,-0.019016921520233154,attack,no
1669,1,0,0.0600866476493228,-2.819228172302246,-0.06922812759876251,attack,no
1670,1,1,0.5312093733737563,-0.6531432271003723,-0.7781432271003723,attack,yes
1671,1,0,0.009708476033776978,-4.6406025886535645,-0.015602542087435722,attack,no
1672,1,0,0.37754066879814546,-0.9962046146392822,-0.4962046146392822,attack,no
1673,1,0,0.03732688747799252,-3.289937734603882,-0.039937738329172134,attack,no
1674,1,0,0.0008040860422564684,-7.129702091217041,-0.004702223930507898,attack,no
1675,1,0,0.0031726823167283814,-5.754402160644531,-0.004401994403451681,attack,no
1676,1,1,0.5312093733737563,-0.6437793374061584,-0.7687793374061584,attack,yes
1677,1,0,0.00317268272466853,-5.755819320678711,-0.005819283425807953,attack,no
1678,1,1,0.5621765008857981,-0.5926982164382935,-0.8426982164382935,attack,yes
1679,1,0,0.24508500761839525,-1.4328933954238892,-0.3078933656215668,attack,no
1680,1,0,0.001325022621789615,-6.630744934082031,-0.005745088681578636,attack,no
1681,1,0,0.01406362719820833,-4.267580032348633,-0.017580043524503708,attack,no
1682,1,0,0.022977370411809046,-3.7849843502044678,-0.034984372556209564,attack,no
1683,1,0,0.08509903862612588,-2.4688775539398193,-0.09387747198343277,attack,no
1684,1,0,0.06754669067036073,-2.7082643508911133,-0.08326434344053268,attack,no
1685,1,0,0.004070136768325347,-5.5078020095825195,-0.007801775820553303,attack,no
1686,1,0,0.020332354381512912,-3.912227153778076,-0.03722720593214035,attack,no
1687,1,0,0.020332352489314306,-3.8971354961395264,-0.022135453298687935,attack,no
1688,1,0,0.04742587284097443,-3.051279067993164,-0.051279060542583466,attack,no
1689,1,0,0.009708474914534353,-4.638238906860352,-0.013238743878901005,attack,no
1690,1,0,0.01098694380450919,-4.520473003387451,-0.020473111420869827,attack,no
1691,1,0,0.24508500761839525,-1.416503667831421,-0.2915036380290985,attack,no
1692,1,0,0.004609573196398239,-5.385921478271484,-0.010921699926257133,attack,no
1693,1,0,0.09534947453918644,-2.3574211597442627,-0.10742127150297165,attack,no
1694,1,0,0.0021827166218139037,-6.136380672454834,-0.011380753479897976,attack,no
1695,1,0,0.0007096705609140462,-7.263701915740967,-0.013702143914997578,attack,no
1696,1,0,0.16451645675203383,-1.8293005228042603,-0.20430047810077667,attack,no
1697,1,0,0.0052201248423797645,-5.257174015045166,-0.007173851132392883,attack,no
1698,1,1,0.6791786926816161,-0.4089966118335724,-1.15899658203125,attack,yes
1699,1,0,0.46879062662624377,-0.8063669204711914,-0.6813669204711914,attack,no
1700,1,0,0.0024726231910915113,-6.009222984313965,-0.009222998283803463,attack,no
1701,1,0,0.012431653139975017,-4.389777183532715,-0.014777369797229767,attack,no
1702,1,0,0.24508501864634827,-1.4199938774108887,-0.29499390721321106,attack,no
1703,1,0,0.04742587284097443,-3.0531647205352783,-0.05316471308469772,attack,no
1704,1,0,0.0059110693651929,-5.134531497955322,-0.009531584568321705,attack,no
1705,1,0,0.03732688921821231,-3.2962191104888916,-0.04621916264295578,attack,no
1706,1,0,0.22270012850745968,-1.5090415477752686,-0.2590414881706238,attack,no
1707,1,0,0.00970847801259826,-4.636195182800293,-0.011195342056453228,attack,no
1708,1,0,0.08509904500702024,-2.472334384918213,-0.09733438491821289,attack,no
1709,1,0,0.37754066879814546,-0.9820348024368286,-0.4820348024368286,attack,no
1710,1,0,0.01098694453314677,-4.514437675476074,-0.014437850564718246,attack,no
1711,1,0,0.015906391624344644,-4.142807960510254,-0.01780795492231846,attack,no
1712,1,0,0.4073334000459302,-0.9099296927452087,-0.5349296927452087,attack,no
1713,1,0,0.18242552602881168,-1.713792085647583,-0.2137921005487442,attack,no
1714,1,0,0.020332351673071822,-3.8987600803375244,-0.0237599965184927,attack,no
1715,1,0,0.4378234991142019,-0.8408390283584595,-0.5908390283584595,attack,no
1716,1,0,0.010986942063875151,-4.526516914367676,-0.026516862213611603,attack,no
1717,1,0,0.06008665227791171,-2.8163652420043945,-0.06636527925729752,attack,no
1718,1,1,0.5312093733737563,-0.6585496664047241,-0.7835496664047241,attack,yes
1719,1,0,0.0024726237446964848,-6.0084028244018555,-0.00840306282043457,attack,no
1720,1,1,0.5312093733737563,-0.6498082280158997,-0.7748082280158997,attack,yes
1721,1,0,0.11920291263495983,-2.1375560760498047,-0.13755598664283752,attack,no
1722,1,1,0.5312093733737563,-0.670281708240509,-0.795281708240509,attack,yes
1723,1,0,0.32082130082460697,-1.1591001749038696,-0.40910017490386963,attack,no
1724,1,0,0.009708474502653096,-4.6366119384765625,-0.01161173265427351,attack,no
1725,1,1,0.5926665999540697,-0.5482488870620728,-0.9232488870620728,attack,yes
1726,1,0,0.0008040859977349204,-7.133753776550293,-0.008753853850066662,attack,no
1727,1,0,0.004609572384488282,-5.383757591247559,-0.008757635951042175,attack,no
1728,1,0,0.0758581737534831,-2.588015556335449,-0.08801546692848206,attack,no
1729,1,0,0.20181322226037882,-1.615779995918274,-0.24077999591827393,attack,no
1730,1,0,0.0675466977093867,-2.709699869155884,-0.08469997346401215,attack,no
1731,1,0,0.037326887879581695,-3.3001372814178467,-0.050137296319007874,attack,no
1732,1,0,0.2689414272294874,-1.3198134899139404,-0.3198135197162628,attack,no
1733,1,0,0.07585817323116976,-2.5904953479766846,-0.09049525111913681,attack,no
1734,1,1,0.7772998611746911,-0.26225364208221436,-1.5122536420822144,attack,yes
1735,1,0,0.32082129433083023,-1.1510398387908936,-0.40103980898857117,attack,no
1736,1,0,0.015906394160976806,-4.14376163482666,-0.01876179128885269,attack,no
1737,1,0,0.0028009271257978443,-5.888470649719238,-0.013470706529915333,attack,no
1738,1,0,0.009708476159132163,-4.640163421630859,-0.015163388103246689,attack,no
1739,1,0,0.14804720179063335,-1.9226202964782715,-0.17262032628059387,attack,no
1740,1,0,0.005911069753745469,-5.137869834899902,-0.01286998763680458,attack,no
1741,1,0,0.0010322309195924017,-6.8798041343688965,-0.004804020747542381,attack,no
1742,1,0,0.20181322946142374,-1.6087446212768555,-0.23374466598033905,attack,no
1743,1,0,0.006692852187347965,-5.009369850158691,-0.009370040148496628,attack,no
1744,1,0,0.07585818524437762,-2.587531566619873,-0.08753164112567902,attack,no
1745,1,0,0.053403333942835626,-2.945880651473999,-0.07088073343038559,attack,no
1746,1,0,0.37754067580180184,-0.9865326881408691,-0.48653271794319153,attack,no
1747,1,0,0.3486451285660856,-1.0615168809890747,-0.4365168511867523,attack,no
1748,1,0,0.002182716102549656,-6.13550329208374,-0.010503134690225124,attack,no
1749,1,0,0.4073334000459302,-0.9092332720756531,-0.5342332720756531,attack,no
1750,1,0,0.00970847609645457,-4.636729717254639,-0.011729677207767963,attack,no
1751,1,1,0.5621765008857981,-0.640034019947052,-0.890034019947052,attack,yes
1752,1,0,0.0024726234667454246,-6.010611057281494,-0.010611183010041714,attack,no
1753,1,0,0.04742587704837889,-3.0545461177825928,-0.05454620346426964,attack,no
1754,1,0,0.3486451488696663,-1.0699067115783691,-0.4449067711830139,attack,no
1755,1,0,0.009708475272691976,-4.637173175811768,-0.012173050083220005,attack,no
1756,1,0,0.07585817949893016,-2.586836338043213,-0.0868363305926323,attack,no
1757,1,0,0.0066928511843272415,-5.010139465332031,-0.010139504447579384,attack,no
1758,1,0,0.0675466845698721,-2.700090169906616,-0.07509006559848785,attack,no
1759,1,0,0.04742587098971659,-3.0508041381835938,-0.05080408975481987,attack,no
1760,1,0,0.004609572177237603,-5.382151126861572,-0.007151126395910978,attack,no
1761,1,0,0.34864513533394575,-1.0693777799606323,-0.4443777799606323,attack,no
1762,1,0,0.001501182295824604,-6.504545211791992,-0.004545237869024277,attack,no
1763,1,0,0.002800926596441432,-5.879758358001709,-0.004758225288242102,attack,no
1764,1,1,0.6224593171945417,-0.5167768597602844,-1.0167768001556396,attack,yes
1765,1,0,0.24508501864634827,-1.4199727773666382,-0.29497280716896057,attack,no
1766,1,1,0.5312093733737563,-0.6587439179420471,-0.7837439179420471,attack,yes
1767,1,0,0.003593602486378972,-5.631382465362549,-0.006382438819855452,attack,no
1768,1,0,0.10669058968506456,-2.2460241317749023,-0.12102408707141876,attack,no
1769,1,0,0.32082130731838393,-1.1533945798873901,-0.4033946096897125,attack,no
1770,1,0,0.015906391536874575,-4.149218559265137,-0.024218548089265823,attack,no
1771,1,0,0.1480471961522176,-1.9332616329193115,-0.18326161801815033,attack,no
1772,1,0,0.46879062662624377,-0.7715780138969421,-0.6465780138969421,attack,no
1773,1,0,0.08509905312815914,-2.470855712890625,-0.09585581719875336,attack,no
1774,1,0,0.0019267347958580859,-6.258366584777832,-0.008366653695702553,attack,no
1775,1,1,0.6224593312018546,-0.4939343333244324,-0.9939343333244324,attack,yes
1776,1,0,0.4378234991142019,-0.8537321090698242,-0.6037321090698242,attack,no
1777,1,0,0.2689414096510108,-1.3630435466766357,-0.36304348707199097,attack,no
1778,1,0,0.03308597552845946,-3.4120609760284424,-0.03706088662147522,attack,no
1779,1,0,0.015906389262652993,-4.14530086517334,-0.02030070871114731,attack,no
1780,1,0,0.2942149783515162,-1.238874912261963,-0.3638749420642853,attack,no
1781,1,0,0.0011695104880786215,-6.758237361907959,-0.00823755282908678,attack,no
1782,1,0,0.029312230009385914,-3.535149335861206,-0.035149309784173965,attack,no
1783,1,0,0.0031726826966870744,-5.756441116333008,-0.006441070232540369,attack,no
1784,1,0,0.0052201269074554375,-5.26127290725708,-0.011273141019046307,attack,no
1785,1,0,0.37754066879814546,-1.0202784538269043,-0.5202784538269043,attack,no
1786,1,0,0.13296422989056964,-2.0272419452667236,-0.15224185585975647,attack,no
1787,1,0,0.0015011819286802836,-6.5131354331970215,-0.01313521433621645,attack,no
1788,1,0,0.24508501864634827,-1.435965657234192,-0.3109656870365143,attack,no
1789,1,0,0.0017007223726952176,-6.379058837890625,-0.004058815073221922,attack,no
1790,1,0,0.4073334000459302,-0.9089528918266296,-0.5339528918266296,attack,no
1791,1,0,0.014063623943988737,-4.274546146392822,-0.024545922875404358,attack,no
1792,1,0,0.3486451285660856,-1.0781469345092773,-0.45314690470695496,attack,no
1793,1,0,0.06754669677084987,-2.7041077613830566,-0.0791078507900238,attack,no
1794,1,0,0.4378234991142019,-0.837723970413208,-0.587723970413208,attack,no
1795,1,0,0.2942149597859341,-1.2285065650939941,-0.35350650548934937,attack,no
1796,1,0,0.008577486189860784,-4.7621259689331055,-0.012126060202717781,attack,no
1797,1,0,0.04742586796038571,-3.056581974029541,-0.05658185854554176,attack,no
1798,1,0,0.22270014398423357,-1.512191891670227,-0.26219192147254944,attack,no
1799,1,0,0.00460957171359437,-5.385754585266113,-0.010754483751952648,attack,no
1800,1,0,0.060086646807761206,-2.8175783157348633,-0.0675782561302185,attack,no
1801,1,0,0.0015011819496200715,-6.503833770751953,-0.0038335658609867096,attack,no
1802,1,0,0.014063625906851259,-4.278550624847412,-0.028550542891025543,attack,no
1803,1,0,0.001325022471438242,-6.629771709442139,-0.004771750420331955,attack,no
1804,1,0,0.00116951026287968,-6.758557319641113,-0.008557317778468132,attack,no
1805,1,0,0.000552778711530548,-7.504494667053223,-0.0044948020949959755,attack,no
1806,1,0,0.00043055711178654696,-7.754765510559082,-0.004765581339597702,attack,no
1807,1,0,0.0015011820403591546,-6.514990329742432,-0.014990185387432575,attack,no
1808,1,0,0.001926734972267088,-6.254354476928711,-0.004354637581855059,attack,no
1809,1,0,0.010986942266274445,-4.515902042388916,-0.01590200886130333,attack,no
1810,1,0,0.022977370244547896,-3.7854864597320557,-0.03548647463321686,attack,no
1811,1,0,0.001700722741911839,-6.38869571685791,-0.013695911504328251,attack,no
1812,1,0,0.001169510138313134,-6.756721496582031,-0.006721388082951307,attack,no
1813,1,0,0.0015011822378911785,-6.504026889801025,-0.004026877228170633,attack,no
1814,1,0,0.0003799845978839895,-7.878753185272217,-0.0037534041330218315,attack,no
1815,1,0,0.0024726237113882983,-6.007218837738037,-0.007219062652438879,attack,no
1816,1,0,0.002800927417139008,-5.885335922241211,-0.010336083360016346,attack,no
1817,1,0,0.0005527785913876392,-7.507471084594727,-0.007471002172678709,attack,no
1818,1,0,0.005911067893071419,-5.13471794128418,-0.009717777371406555,attack,no
1819,1,0,0.002472623039481872,-6.006119728088379,-0.006119680590927601,attack,no
1820,1,0,0.00043055714665744555,-7.760394096374512,-0.010394248180091381,attack,no
1821,1,0,0.0019267346257174388,-6.255435943603516,-0.005435924045741558,attack,no
1822,1,0,0.0002305067977563524,-8.381401062011719,-0.006401390768587589,attack,no
1823,1,0,0.0006263342443865867,-7.386026382446289,-0.011026520282030106,attack,no
1824,1,0,0.015906388679519302,-4.143321990966797,-0.018321797251701355,attack,no
1825,1,0,0.0007096703423007708,-7.271755695343018,-0.02175561524927616,attack,no
1826,1,0,0.012431649332471232,-4.388933181762695,-0.013933057896792889,attack,no
1827,1,0,0.0028009269710228633,-5.882050514221191,-0.007050515618175268,attack,no
1828,1,0,0.009708477323144648,-4.647129535675049,-0.022129623219370842,attack,no
1829,1,0,0.34864513533394575,-1.077862024307251,-0.452862024307251,attack,no
1830,1,0,0.0006263340980651829,-7.387544631958008,-0.012544536031782627,attack,no
1831,1,0,0.003593602611433075,-5.635212421417236,-0.0102124297991395,attack,no
1832,1,0,0.003593601824425988,-5.631521701812744,-0.006521490402519703,attack,no
1833,1,0,0.02297737116448421,-3.774486541748047,-0.024486597627401352,attack,no
1834,1,0,0.0028009266809823755,-5.883084297180176,-0.008084194734692574,attack,no
1835,1,0,0.0015011821164403905,-6.503927707672119,-0.003927614074200392,attack,no
1836,1,0,0.0017007225861609206,-6.380166053771973,-0.005166156683117151,attack,no
1837,1,0,0.0019267344340853601,-6.256072998046875,-0.006072878837585449,attack,no
1838,1,0,0.0015011820082514785,-6.51063871383667,-0.01063854806125164,attack,no
1839,1,0,0.001325022144239207,-6.630110740661621,-0.005110534373670816,attack,no
1840,1,0,0.11920292984474948,-2.1352224349975586,-0.13522250950336456,attack,no
1841,1,0,0.2689414213699951,-1.3266323804855347,-0.32663238048553467,attack,no
1842,1,0,0.3208212878370535,-1.1575913429260254,-0.4075912833213806,attack,no
1843,1,0,0.014063629109417006,-4.269197463989258,-0.01919761300086975,attack,no
1844,1,0,0.006692850812838121,-5.009592056274414,-0.00959203951060772,attack,no
1845,1,0,0.004609572581055941,-5.382866859436035,-0.00786694698035717,attack,no
1846,1,0,0.24508501864634827,-1.4231083393096924,-0.29810836911201477,attack,no
1847,1,0,0.022977371122668924,-3.7772910594940186,-0.027291113510727882,attack,no
1848,1,0,0.006692850428966053,-5.011682033538818,-0.01168195903301239,attack,no
1849,1,0,0.0013250223528208799,-6.628063678741455,-0.0030636300798505545,attack,no
1850,1,0,0.03732688654095113,-3.2971584796905518,-0.04715845733880997,attack,no
1851,1,0,0.014063624176432966,-4.2737603187561035,-0.02376011200249195,attack,no
1852,1,0,0.007577242332375306,-4.885406494140625,-0.010406635701656342,attack,no
1853,1,0,0.009708475120474984,-4.647769927978516,-0.022769786417484283,attack,no
1854,1,0,0.004070137247773484,-5.513735771179199,-0.013735655695199966,attack,no
1855,1,0,0.0953494674697966,-2.360999345779419,-0.11099937558174133,attack,no
1856,1,0,0.005911070191551213,-5.135443687438965,-0.01044391468167305,attack,no
1857,1,0,0.004070137126967649,-5.506077289581299,-0.006077144294977188,attack,no
1858,1,0,0.01098694307587165,-4.514658451080322,-0.014658492058515549,attack,no
1859,1,0,0.022977368153783692,-3.781625747680664,-0.031625669449567795,attack,no
1860,1,0,0.014063624176432966,-4.275624752044678,-0.02562454529106617,attack,no
1861,1,0,0.0015011822748848117,-6.505644798278809,-0.005644810386002064,attack,no
1862,1,0,0.0010322308730155425,-6.879480838775635,-0.004480679985135794,attack,no
1863,1,0,0.4073334000459302,-0.904701828956604,-0.529701828956604,attack,no
1864,1,0,0.18242551936144574,-1.7200977802276611,-0.22009775042533875,attack,no
1865,1,0,0.004070138416192602,-5.505552291870117,-0.005552464630454779,attack,no
1866,1,0,0.0024726231796059323,-6.005687236785889,-0.005687246099114418,attack,no
1867,1,0,0.002800926803241591,-5.880529880523682,-0.00552982185035944,attack,no
1868,1,0,0.005911070158715782,-5.1336140632629395,-0.008614284917712212,attack,no
1869,1,0,0.1480472036701053,-1.9238969087600708,-0.17389695346355438,attack,no
1870,1,0,0.0040701380481122295,-5.508002281188965,-0.00800236314535141,attack,no
1871,1,0,0.005911068292569033,-5.139225482940674,-0.014225387014448643,attack,no
1872,1,0,0.005911070065682059,-5.135354518890381,-0.01035472471266985,attack,no
1873,1,0,0.004609571476431259,-5.38265323638916,-0.007653083186596632,attack,no
1874,1,0,0.06754669067036073,-2.7079272270202637,-0.08292721956968307,attack,no
1875,1,0,0.0059110680079953876,-5.136637210845947,-0.0116370664909482,attack,no
1876,1,0,0.01590639177012809,-4.170102596282959,-0.04510260000824928,attack,no
1877,1,0,0.1329642436335826,-2.0405495166778564,-0.16554954648017883,attack,no
1878,1,0,0.00132502237777674,-6.629425048828125,-0.004425019025802612,attack,no
1879,1,0,0.004609572553280076,-5.382559776306152,-0.007559857796877623,attack,no
1880,1,0,0.0028009263753343604,-5.881503582000732,-0.006503370124846697,attack,no
1881,1,0,0.0031726822725471407,-5.756160736083984,-0.006160555873066187,attack,no
1882,1,0,0.01243164916096208,-4.3919172286987305,-0.016917090862989426,attack,no
1883,1,0,0.006692851060497534,-5.012073040008545,-0.012073060497641563,attack,no
1884,1,0,0.002182716019386253,-6.130380630493164,-0.005380434915423393,attack,no
1885,1,0,0.014063627611442617,-4.269477844238281,-0.019477885216474533,attack,no
1886,1,0,0.025957357291985502,-3.6540656089782715,-0.029065612703561783,attack,no
1887,1,0,0.0953494674697966,-2.354243040084839,-0.10424306988716125,attack,no
1888,1,0,0.06008664638698042,-2.8143656253814697,-0.06436555832624435,attack,no
1889,1,0,0.07585817479810981,-2.596374034881592,-0.09637396037578583,attack,no
1890,1,0,0.037326888281170874,-3.2927281856536865,-0.04272821173071861,attack,no
1891,1,0,0.5,-0.7152758836746216,-0.7152758836746216,attack,no
1892,1,0,0.006692851853007708,-5.013845920562744,-0.013846060261130333,attack,no
1893,1,0,0.10669060317692272,-2.245335102081299,-0.12033519893884659,attack,no
1894,1,0,0.00048785706465354084,-7.6419997215271,-0.01699960231781006,attack,no
1895,1,0,0.0004305571530704847,-7.755906105041504,-0.005906271748244762,attack,no
1896,1,0,0.04208772686428807,-3.172488212585449,-0.04748818650841713,attack,no
1897,1,0,0.07585818002124356,-2.5967166423797607,-0.09671664237976074,attack,no
1898,1,0,0.007577242010219586,-4.89427375793457,-0.019273856654763222,attack,no
1899,1,0,0.0024726231520405427,-6.008487701416016,-0.008487699553370476,attack,no
1900,1,0,0.0031726834551318883,-5.768442153930664,-0.018442347645759583,attack,no
1901,1,0,0.32082130731838393,-1.1686877012252808,-0.41868773102760315,attack,no
1902,1,0,0.0031726824293905466,-5.753876209259033,-0.0038760786410421133,attack,no
1903,1,0,0.006692851233859126,-5.009973526000977,-0.009973572567105293,attack,no
1904,1,0,0.006692852150199047,-5.014510631561279,-0.01451081596314907,attack,no
1905,1,0,0.005220125011648231,-5.26077938079834,-0.010779249481856823,attack,no
1906,1,0,0.0017007223149804213,-6.384924411773682,-0.009924354963004589,attack,no
1907,1,0,0.02931223276527609,-3.532015562057495,-0.03201563283801079,attack,no
1908,1,0,0.010986945039145123,-4.515960216522217,-0.015960438176989555,attack,no
1909,1,0,0.24508502416032488,-1.426734447479248,-0.3017345070838928,attack,no
1910,1,0,0.0015011826029415949,-6.516605854034424,-0.016606085002422333,attack,no
1911,1,0,0.0028009270997852425,-5.885254859924316,-0.010254907421767712,attack,no
1912,1,0,0.03308597934211908,-3.4158594608306885,-0.040859490633010864,attack,no
1913,1,0,0.0028009270542631885,-5.8824238777160645,-0.007423908915370703,attack,no
1914,1,0,0.4073334000459302,-0.9282424449920654,-0.5532424449920654,attack,no
1915,1,0,0.02595735757455145,-3.653686761856079,-0.028686776757240295,attack,no
1916,1,0,0.0019267348325726485,-6.254505157470703,-0.004505245480686426,attack,no
1917,1,0,0.0003799845989452508,-7.886777877807617,-0.011778099462389946,attack,no
1918,1,0,0.02931223340125078,-3.5400960445404053,-0.040096137672662735,attack,no
1919,1,0,0.0052201247021287514,-5.256907939910889,-0.006907748989760876,attack,no
1920,1,0,0.004609571651632834,-5.381740093231201,-0.006739978212863207,attack,no
1921,1,0,0.004609572309707107,-5.38229513168335,-0.007295160088688135,attack,no
1922,1,0,0.03732688533618365,-3.292304754257202,-0.04230469837784767,attack,no
1923,1,0,0.0005527787038125873,-7.524281024932861,-0.024281146004796028,attack,no
1924,1,0,0.0013250222939743485,-6.630746841430664,-0.005746748298406601,attack,no
1925,1,0,0.0028009272116394338,-5.88532018661499,-0.010320274159312248,attack,no
1926,1,0,0.24508501313237172,-1.4301764965057373,-0.3051764965057373,attack,no
1927,1,0,0.02297736953368805,-3.7789244651794434,-0.028924448415637016,attack,no
1928,1,0,0.010986944371227304,-4.513088226318359,-0.013088386505842209,attack,no
1929,1,0,0.4378234991142019,-0.8408230543136597,-0.5908230543136597,attack,no
1930,1,0,0.012431650761714258,-4.39235782623291,-0.01735781878232956,attack,no
1931,1,0,0.0035936022946293543,-5.632843017578125,-0.007842937484383583,attack,no
1932,1,0,0.0008040860557251723,-7.12959623336792,-0.004596382845193148,attack,no
1933,1,0,0.015906388533735886,-4.142938137054443,-0.017937934026122093,attack,no
1934,1,0,0.09534947453918644,-2.3538835048675537,-0.10388361662626266,attack,no
1935,1,0,0.0008040859483496765,-7.131946563720703,-0.0069465795531868935,attack,no
1936,1,0,0.009708476248671579,-4.651422500610352,-0.026422476395964622,attack,no
1937,1,0,0.24508500210441886,-1.42525053024292,-0.30025047063827515,attack,no
1938,1,0,0.004070137327052315,-5.506069183349609,-0.00606908742338419,attack,no
1939,1,0,0.13296422989056964,-2.0380589962005615,-0.16305890679359436,attack,no
1940,1,0,0.006692851029540107,-5.009650230407715,-0.009650246240198612,attack,no
1941,1,0,0.005911067865708569,-5.134420871734619,-0.009420703165233135,attack,no
1942,1,0,0.0004305570459527031,-7.7537384033203125,-0.00373832113109529,attack,no
1943,1,0,0.020332355717182622,-3.899003028869629,-0.024003148078918457,attack,no
1944,1,0,0.025957359835079137,-3.6559901237487793,-0.030990228056907654,attack,no
1945,1,0,0.37754066879814546,-0.9910513758659363,-0.4910513758659363,attack,no
1946,1,0,0.0009110512908276098,-7.002396583557129,-0.0023966894950717688,attack,no
1947,1,1,0.5621765008857981,-0.6114313006401062,-0.8614313006401062,attack,yes
1948,1,0,0.002472623526470443,-6.006008625030518,-0.006008774973452091,attack,no
1949,1,0,0.11920291263495983,-2.13704252243042,-0.13704243302345276,attack,no
1950,1,0,0.29421496597446145,-1.2340012788772583,-0.3590012490749359,attack,no
1951,1,0,0.0474258688018665,-3.056429862976074,-0.05642976611852646,attack,no
1952,1,0,0.4378234991142019,-0.8483499884605408,-0.5983499884605408,attack,no
1953,1,0,0.0011695100466560988,-6.753146648406982,-0.003146461443975568,attack,no
1954,1,0,0.0046095712649074135,-5.383241653442383,-0.008241454139351845,attack,no
1955,1,0,0.004070137893329724,-5.510707855224609,-0.010707898996770382,attack,no
1956,1,0,0.005911070032846627,-5.138798713684082,-0.013798913918435574,attack,no
1957,1,0,0.008577485896825006,-4.762617111206055,-0.012617168016731739,attack,no
1958,1,0,0.0028009266991911945,-5.881894111633301,-0.006894015707075596,attack,no
1959,1,0,0.02931222799546632,-3.543822765350342,-0.04382266849279404,attack,no
1960,1,0,0.10669059962643358,-2.2560036182403564,-0.13100367784500122,attack,no
1961,1,0,0.0021827163560966365,-6.129764080047607,-0.004764039069414139,attack,no
1962,1,0,0.24508500761839525,-1.425461769104004,-0.3004617393016815,attack,no
1963,1,0,0.02931223276527609,-3.531709909439087,-0.031709980219602585,attack,no
1964,1,0,0.006692849933647288,-5.010648250579834,-0.010648101568222046,attack,no
1965,1,0,0.006692849803626118,-5.008955955505371,-0.008955786935985088,attack,no
1966,1,0,0.0953494732538428,-2.353222608566284,-0.10322270542383194,attack,no
1967,1,0,0.006692851729177988,-5.0087080001831055,-0.008708121255040169,attack,no
1968,1,0,0.29421497216298875,-1.2899452447891235,-0.41494524478912354,attack,no
1969,1,0,0.07585818576669104,-2.587878704071045,-0.08787878602743149,attack,no
1970,1,0,0.007577240014255115,-4.885815620422363,-0.010815453715622425,attack,no
1971,1,0,0.009708477108250024,-4.6512627601623535,-0.02626282535493374,attack,no
1972,1,0,0.1480471980316895,-1.9215890169143677,-0.17158901691436768,attack,no
1973,1,0,0.009708475353277445,-4.643090724945068,-0.018090607598423958,attack,no
1974,1,0,0.005220125998241692,-5.2594218254089355,-0.009421884082257748,attack,no
1975,1,0,0.0028009266783811156,-5.881825923919678,-0.006825820542871952,attack,no
1976,1,0,0.06008665311947337,-2.8214612007141113,-0.0714612528681755,attack,no
1977,1,0,0.14804720179063335,-1.9193090200424194,-0.16930904984474182,attack,no
1978,1,0,0.24508502416032488,-1.4259235858917236,-0.3009236454963684,attack,no
1979,1,0,0.010986941426317405,-4.513881206512451,-0.013881095685064793,attack,no
1980,1,0,0.00247262287868378,-6.012269020080566,-0.012268907390534878,attack,no
1981,1,0,0.020332355160653567,-3.898543357849121,-0.023543449118733406,attack,no
1982,1,0,0.0031726826127427077,-5.7543535232543945,-0.004353450611233711,attack,no
1983,1,0,0.37754066879814546,-0.9929211139678955,-0.4929211139678955,attack,no
1984,1,0,0.001700722513029149,-6.378857612609863,-0.0038576724473387003,attack,no
1985,1,0,0.1329642384799526,-2.04616379737854,-0.17116378247737885,attack,no
1986,1,0,0.00857748662545453,-4.763516902923584,-0.0135170454159379,attack,no
1987,1,0,0.11920291263495983,-2.130384922027588,-0.13038483262062073,attack,no
1988,1,0,0.2689414272294874,-1.3212438821792603,-0.32124391198158264,attack,no
1989,1,0,0.0040701379084304564,-5.50712776184082,-0.007127809338271618,attack,no
1990,1,0,0.006692850713774359,-5.010648250579834,-0.010648218914866447,attack,no
1991,1,0,0.002800926666675447,-5.88034200668335,-0.005341899115592241,attack,no
1992,1,0,0.007577241933182352,-4.885868549346924,-0.010868637822568417,attack,no
1993,1,0,0.06754669817865512,-2.6987462043762207,-0.07374631613492966,attack,no
1994,1,0,0.0017007225529551426,-6.379344940185547,-0.004345023538917303,attack,no
1995,1,0,0.015906394714953993,-4.144524574279785,-0.019524766132235527,attack,no
1996,1,0,0.3486451488696663,-1.1472399234771729,-0.5222399830818176,attack,no
1997,1,0,0.008577483750536219,-4.762767791748047,-0.012767596170306206,attack,no
1998,1,0,0.004609572256291984,-5.387402534484863,-0.012402551248669624,attack,no
1999,1,0,0.07585818054355695,-2.5864436626434326,-0.08644367009401321,attack,no
2000,1,0,0.5,-0.7239435911178589,-0.7239435911178589,attack,no
2001,1,0,0.24508501864634827,-1.4144482612609863,-0.2894482910633087,attack,no
2002,1,0,0.24508501313237172,-1.4215975999832153,-0.29659759998321533,attack,no
2003,1,0,0.010986943662829663,-4.51780891418457,-0.017809009179472923,attack,no
2004,1,0,0.0124316506702427,-4.404359817504883,-0.02935980260372162,attack,no
2005,1,0,0.004609572128095691,-5.38444185256958,-0.009441841393709183,attack,no
2006,1,0,0.06008665311947337,-2.81796932220459,-0.06796937435865402,attack,no
2007,1,0,0.010986941153078382,-4.516384601593018,-0.016384465619921684,attack,no
2008,1,0,0.005911069879614618,-5.139833927154541,-0.014834101311862469,attack,no
2009,1,0,0.11920292984474948,-2.1357507705688477,-0.13575084507465363,attack,no
2010,1,0,0.46879062662624377,-0.7700241208076477,-0.6450241208076477,attack,no
2011,1,0,0.24508501864634827,-1.4213411808013916,-0.296341210603714,attack,no
2012,1,0,0.46879062662624377,-0.7735818028450012,-0.6485818028450012,attack,no
2013,1,0,0.06754669489377622,-2.699435234069824,-0.074435293674469,attack,no
2014,1,1,0.651354857898194,-0.445110946893692,-1.0701109170913696,attack,yes
2015,1,0,0.029312230115381685,-3.5399646759033203,-0.03996465355157852,attack,no
2016,1,0,0.00522012668498823,-5.258366107940674,-0.008366298861801624,attack,no
2017,1,0,0.004070138402979459,-5.509283065795898,-0.009283235296607018,attack,no
2018,1,0,0.34864513533394575,-1.0603852272033691,-0.43538522720336914,attack,no
2019,1,0,0.03308597803117354,-3.412818193435669,-0.03781818225979805,attack,no
2020,1,0,0.03732688654095113,-3.289644718170166,-0.039644695818424225,attack,no
2021,1,0,0.32082130731838393,-1.1693086624145508,-0.41930869221687317,attack,no
2022,1,0,0.060086643862295744,-2.8142244815826416,-0.06422436982393265,attack,no
2023,1,0,0.16451645880021026,-1.8195922374725342,-0.1945922076702118,attack,no
2024,1,0,0.4378234991142019,-0.8393442630767822,-0.5893442630767822,attack,no
2025,1,0,0.004070136894793945,-5.505786418914795,-0.005786216352134943,attack,no
2026,1,0,0.005220126929218534,-5.256396770477295,-0.006397008430212736,attack,no
2027,1,0,0.5,-0.717365026473999,-0.717365026473999,attack,no
2028,1,0,0.06008665311947337,-2.8182196617126465,-0.06821971386671066,attack,no
2029,1,0,0.006692851698220557,-5.012845039367676,-0.012845155782997608,attack,no
2030,1,0,0.5,-0.7434935569763184,-0.7434935569763184,attack,no
2031,1,0,0.06754669067036073,-2.7024784088134766,-0.07747840136289597,attack,no
2032,1,0,0.009708478630420372,-4.643188953399658,-0.01818917691707611,attack,no
2033,1,1,0.754914975839675,-0.30558353662490845,-1.4305834770202637,attack,yes
2034,1,0,0.32082129433083023,-1.1541979312896729,-0.40419790148735046,attack,no
2035,1,0,0.5,-0.712340235710144,-0.712340235710144,attack,no
2036,1,0,0.18242552158390105,-1.7068363428115845,-0.20683632791042328,attack,no
2037,1,0,0.1329642436335826,-2.027113437652588,-0.15211346745491028,attack,no
2038,1,0,0.017986213811316386,-4.022524833679199,-0.02252505160868168,attack,no
2039,1,1,0.5312093733737563,-0.6673130989074707,-0.7923130989074707,attack,yes
2040,1,1,0.5312093733737563,-0.6479274034500122,-0.7729274034500122,attack,yes
2041,1,0,0.0011695105084770787,-6.753787517547607,-0.003787725931033492,attack,no
2042,1,0,0.017986212232147126,-4.020598411560059,-0.02059854008257389,attack,no
2043,1,0,0.10669060246682488,-2.2411012649536133,-0.11610135436058044,attack,no
2044,1,0,0.10669060033653141,-2.249131202697754,-0.12413126975297928,attack,no
2045,1,0,0.4378234991142019,-0.8536427617073059,-0.6036427617073059,attack,no
2046,1,0,0.022977369073719923,-3.783198595046997,-0.033198557794094086,attack,no
2047,1,0,0.14804720179063335,-1.9173059463500977,-0.16730597615242004,attack,no
2048,1,0,0.0013250223297136033,-6.6280694007873535,-0.003069334663450718,attack,no
2049,1,0,0.08509904616718289,-2.4710886478424072,-0.09608866274356842,attack,no
2050,1,0,0.1645164628965632,-1.8117377758026123,-0.1867377758026123,attack,no
2051,1,0,0.10669059465574898,-2.246580123901367,-0.12158013135194778,attack,no
2052,1,1,0.6513548646660542,-0.4930616617202759,-1.1180616617202759,attack,yes
2053,1,0,0.004609571346098383,-5.383424758911133,-0.008424577303230762,attack,no
2054,1,0,0.017986206803753842,-4.02401065826416,-0.02401047945022583,attack,no
2055,1,0,0.020332353565270352,-3.901545524597168,-0.026545535773038864,attack,no
2056,1,0,0.1066905825840872,-2.242527961730957,-0.11752784252166748,attack,no
2057,1,0,0.010986940060122357,-4.52155065536499,-0.021550418809056282,attack,no
2058,1,1,0.8670357580842941,-0.17655684053897858,-2.0515568256378174,attack,yes
2059,1,0,0.005911068927387216,-5.134772777557373,-0.009772789664566517,attack,no
2060,1,1,0.5312093733737563,-0.650017499923706,-0.775017499923706,attack,yes
2061,1,0,0.2689414272294874,-1.3460843563079834,-0.3460843861103058,attack,no
2062,1,0,0.22270013882530884,-1.5481981039047241,-0.2981981039047241,attack,no
2063,1,0,0.010986944978425318,-4.516268730163574,-0.01626894623041153,attack,no
2064,1,0,0.0850990519679964,-2.4727847576141357,-0.0977848470211029,attack,no
2065,1,0,0.34864513533394575,-1.0756289958953857,-0.45062899589538574,attack,no
2066,1,1,0.6224593312018546,-0.4836759567260742,-0.9836759567260742,attack,yes
2067,1,0,0.26894141551050293,-1.3233628273010254,-0.323362797498703,attack,no
2068,1,1,0.946596667563714,-0.09609179943799973,-2.9710917472839355,attack,yes
2069,1,0,0.004070137968833385,-5.508166313171387,-0.008166375569999218,attack,no
2070,1,0,0.004070137349703409,-5.5079345703125,-0.007934479974210262,attack,no
2071,1,0,0.26894141551050293,-1.3328747749328613,-0.33287474513053894,attack,no
2072,1,0,0.0028009268656718307,-5.883644104003906,-0.00864406768232584,attack,no
2073,1,0,0.03308598017635717,-3.4096028804779053,-0.03460293635725975,attack,no
2074,1,0,0.017986209698896728,-4.021052837371826,-0.021052822470664978,attack,no
2075,1,1,0.5621765008857981,-0.5967323184013367,-0.8467323184013367,attack,yes
2076,1,1,0.5621765008857981,-0.5926041007041931,-0.8426041007041931,attack,yes
2077,1,0,0.22270013882530884,-1.5114043951034546,-0.2614043951034546,attack,no
2078,1,0,0.03732688332823794,-3.289926052093506,-0.039925940334796906,attack,no
2079,1,1,0.731058584489497,-0.37682756781578064,-1.376827597618103,attack,yes
2080,1,1,0.5926665999540697,-0.551043689250946,-0.926043689250946,attack,yes
2081,1,0,0.26894141551050293,-1.3214502334594727,-0.32145020365715027,attack,no
2082,1,0,0.10669059536584675,-2.2427492141723633,-0.11774922907352448,attack,no
2083,1,0,0.32082130082460697,-1.1486363410949707,-0.3986363410949707,attack,no
2084,1,1,0.5621765008857981,-0.6152510643005371,-0.8652510643005371,attack,yes
2085,1,0,0.10669059252545564,-2.2533228397369385,-0.12832282483577728,attack,no
2086,1,0,0.05340333224796729,-2.932830333709717,-0.05783038213849068,attack,no
2087,1,0,0.5,-0.7182338237762451,-0.7182338237762451,attack,no
2088,1,0,0.00460957154693921,-5.385878562927246,-0.01087842509150505,attack,no
2089,1,1,0.6224593312018546,-0.5069228410720825,-1.0069228410720825,attack,yes
2090,1,0,0.0373268904229799,-3.2907207012176514,-0.04072078689932823,attack,no
2091,1,0,0.005220126324688099,-5.256722450256348,-0.006722571793943644,attack,no
2092,1,0,0.0028009266484666276,-5.879363059997559,-0.004362945910543203,attack,no
2093,1,0,0.2018132198600306,-1.6105331182479858,-0.23553310334682465,attack,no
2094,1,0,0.1645164608483867,-1.818116545677185,-0.19311653077602386,attack,no
2095,1,1,0.8354835371034369,-0.22205853462219238,-1.8470585346221924,attack,yes
2096,1,0,0.0013250224628115243,-6.627474784851074,-0.0024748193100094795,attack,no
2097,1,0,0.4073334000459302,-0.913066029548645,-0.538066029548645,attack,no
2098,1,0,0.1329642436335826,-2.035478353500366,-0.1604783833026886,attack,no
2099,1,0,0.13296423676207594,-2.0670101642608643,-0.19201013445854187,attack,no
2100,1,0,0.0009110510536808738,-7.006117820739746,-0.006117666140198708,attack,no
2101,1,0,0.009708474995119815,-4.645572185516357,-0.020572030916810036,attack,no
2102,1,0,0.0010322310233099512,-6.881035804748535,-0.006035791710019112,attack,no
2103,1,0,0.001501182471718873,-6.5187811851501465,-0.018781328573822975,attack,no
2104,1,0,0.029312230751356316,-3.5319113731384277,-0.031911373138427734,attack,no
2105,1,0,0.004070137968833385,-5.51119327545166,-0.011193337850272655,attack,no
2106,1,0,0.0052201254614187564,-5.257898807525635,-0.007898762822151184,attack,no
2107,1,0,0.003593603343416515,-5.63188362121582,-0.006883834023028612,attack,no
2108,1,0,0.0021827162729332232,-6.132342338562012,-0.0073422593995928764,attack,no
2109,1,0,0.09534947261117097,-2.3860249519348145,-0.13602504134178162,attack,no
2110,1,0,0.001169510166055027,-6.756106376647949,-0.006106291897594929,attack,no
2111,1,0,0.0035936023713292005,-5.635066986083984,-0.010066927410662174,attack,no
2112,1,0,0.004609571418742937,-5.395243167877197,-0.020243002101778984,attack,no
2113,1,0,0.001700722398785469,-6.379578590393066,-0.004578582942485809,attack,no
2114,1,0,0.24508501313237172,-1.415883183479309,-0.2908831834793091,attack,no
2115,1,0,0.0013250224683572715,-6.631960391998291,-0.006960430648177862,attack,no
2116,1,0,0.00048785704830483806,-7.633378982543945,-0.008378829807043076,attack,no
2117,1,0,0.0017007227288667105,-6.378533363342285,-0.0035335503052920103,attack,no
2118,1,0,0.020332352192498855,-3.899171829223633,-0.024171771481633186,attack,no
2119,1,0,0.004609571461475027,-5.3851704597473145,-0.010170303285121918,attack,no
2120,1,0,0.00460957174564344,-5.3824567794799805,-0.007456684950739145,attack,no
2121,1,0,0.005911067701531476,-5.137295246124268,-0.012295049615204334,attack,no
2122,1,0,0.01798621308753046,-4.020026683807373,-0.020026860758662224,attack,no
2123,1,0,0.002472623459854076,-6.007314682006836,-0.007314804941415787,attack,no
2124,1,0,0.0011695104532652557,-6.761466979980469,-0.011467141099274158,attack,no
2125,1,0,0.0035936022496098805,-5.632063865661621,-0.0070637729950249195,attack,no
2126,1,0,0.007577240959711905,-4.887019157409668,-0.012019116431474686,attack,no
2127,1,0,0.001700722052496714,-6.381280422210693,-0.006280210800468922,attack,no
2128,1,0,0.007577239993244966,-4.889404296875,-0.01440412737429142,attack,no
2129,1,0,0.006692850206072604,-5.013838291168213,-0.013838183134794235,attack,no
2130,1,0,0.05340333526106659,-2.935957908630371,-0.06095801666378975,attack,no
2131,1,0,0.0011695103444734943,-6.754209518432617,-0.004209586419165134,attack,no
2132,1,0,0.006692850094625882,-5.013693332672119,-0.013693207874894142,attack,no
2133,1,0,0.0474258704848281,-3.0617594718933105,-0.06175941228866577,attack,no
2134,1,0,0.010986942671073042,-4.516683578491211,-0.016683582216501236,attack,no
2135,1,0,0.0010322307981084334,-6.877801418304443,-0.0028011868707835674,attack,no
2136,1,0,0.004609572397307911,-5.382485389709473,-0.007485437206923962,attack,no
2137,1,0,0.04742587620689797,-3.0629799365997314,-0.06298000365495682,attack,no
2138,1,0,0.0009110512359384134,-7.012457370758057,-0.012457416392862797,attack,no
2139,1,0,0.00407013842563056,-5.508701801300049,-0.008701976388692856,attack,no
2140,1,0,0.0028009266757798557,-5.8855881690979,-0.010588064789772034,attack,no
2141,1,0,0.0017007222114100377,-6.3786187171936035,-0.0036185993812978268,attack,no
2142,1,0,0.06754669583231304,-2.700145721435547,-0.07514579594135284,attack,no
2143,1,0,0.005220124528024053,-5.263991355895996,-0.013991131447255611,attack,no
2144,1,0,0.005911070054736915,-5.133993625640869,-0.008993829600512981,attack,no
2145,1,0,0.0013250222508407673,-6.638019561767578,-0.013019436039030552,attack,no
2146,1,0,0.007577239874187452,-4.885437965393066,-0.010437780059874058,attack,no
2147,1,0,0.0013250222077071869,-6.635537147521973,-0.010536989197134972,attack,no
2148,1,0,0.022977370746331334,-3.7783854007720947,-0.02838543802499771,attack,no
2149,1,0,0.0021827160274997554,-6.1304240226745605,-0.005423830822110176,attack,no
2150,1,0,0.14804719991116141,-1.9258570671081543,-0.1758570820093155,attack,no
2151,1,0,0.005220124460316672,-5.2583465576171875,-0.008346320129930973,attack,no
2152,1,0,0.0031726824551629386,-5.754680633544922,-0.004680511076003313,attack,no
2153,1,0,0.02033235371367809,-3.9067041873931885,-0.03170420601963997,attack,no
2154,1,0,0.001325022695732919,-6.631401062011719,-0.006401272490620613,attack,no
2155,1,0,0.0011695104962380044,-6.756693363189697,-0.006693561095744371,attack,no
2156,1,0,0.0010322308758965854,-6.882352828979492,-0.007352672982960939,attack,no
2157,1,0,0.0011695103988693739,-6.755140781402588,-0.005140895955264568,attack,no
2158,1,0,0.002800926449470259,-5.881481170654297,-0.0064809853211045265,attack,no
2159,1,0,0.1480471980316895,-1.9199398756027222,-0.16993987560272217,attack,no
2160,1,0,0.009708475621895678,-4.6558027267456055,-0.030802637338638306,attack,no
2161,1,0,0.004070136938208539,-5.510347366333008,-0.010347174480557442,attack,no
2162,1,0,0.46879062662624377,-0.774006724357605,-0.649006724357605,attack,no
2163,1,0,0.060086653961035054,-2.8277034759521484,-0.07770354300737381,attack,no
2164,1,0,0.004609573175032185,-5.389194965362549,-0.014195182360708714,attack,no
2165,1,0,0.0007096705486954779,-7.255796909332275,-0.005797120276838541,attack,no
2166,1,0,0.006692849444520042,-5.011704921722412,-0.011704699136316776,attack,no
2167,1,0,0.060086647228542,-2.819086790084839,-0.06908673793077469,attack,no
2168,1,0,0.08509904732734556,-2.478435754776001,-0.10343578457832336,attack,no
2169,1,0,0.0015011822092734634,-6.505481719970703,-0.005481688305735588,attack,no
2170,1,0,0.017986212692738146,-4.023172378540039,-0.02317253313958645,attack,no
2171,1,0,0.03308597612434374,-3.411513328552246,-0.03651325777173042,attack,no
2172,1,0,0.005911068823408372,-5.1345038414001465,-0.009503835812211037,attack,no
2173,1,1,0.5926665999540697,-0.599839448928833,-0.974839448928833,attack,yes
2174,1,0,0.07585817270885642,-2.5856943130493164,-0.08569420874118805,attack,no
2175,1,1,0.7549149813536518,-0.32487383484840393,-1.4498738050460815,attack,yes
2176,1,0,0.033085976958581766,-3.417450428009033,-0.04245038330554962,attack,no
2177,1,0,0.006692849710753855,-5.020931720733643,-0.020931538194417953,attack,no
2178,1,0,0.4378234991142019,-0.8412263989448547,-0.5912263989448547,attack,no
2179,1,0,0.007577241190823584,-4.888466835021973,-0.013466824777424335,attack,no
2180,1,0,0.4073334000459302,-0.9216480851173401,-0.5466480851173401,attack,no
2181,1,0,0.005220126254562572,-5.2659525871276855,-0.015952695161104202,attack,no
2182,1,0,0.0007096703221566506,-7.2527570724487305,-0.002756963949650526,attack,no
2183,1,0,0.00033535021632545206,-8.014772415161133,-0.014772671274840832,attack,no
2184,1,0,0.003593602091208032,-5.631192207336426,-0.006192070432007313,attack,no
2185,1,0,0.001700722722937107,-6.384022235870361,-0.009022419340908527,attack,no
2186,1,0,0.06008665606493926,-2.838331460952759,-0.08833156526088715,attack,no
2187,1,0,0.005220124624748885,-5.259078502655029,-0.009078296832740307,attack,no
2188,1,0,0.2689414272294874,-1.317740797996521,-0.3177408277988434,attack,no
2189,1,0,0.20181323186177208,-1.6151337623596191,-0.24013382196426392,attack,no
2190,1,0,0.004609572290477663,-5.388089656829834,-0.013089681044220924,attack,no
2191,1,0,0.007577239804153622,-4.887207984924316,-0.012207790277898312,attack,no
2192,1,0,0.015906390807957367,-4.143106937408447,-0.01810687966644764,attack,no
2193,1,0,0.004070138671017493,-5.509515762329102,-0.00951599795371294,attack,no
2194,1,0,0.0007096702493406144,-7.252329349517822,-0.0023291383404284716,attack,no
2195,1,0,0.020332351487562173,-3.8985962867736816,-0.02359619364142418,attack,no
2196,1,0,0.0330859819640103,-3.4139962196350098,-0.03899633139371872,attack,no
2197,1,0,0.0031726830530824784,-5.754985809326172,-0.00498587591573596,attack,no
2198,1,0,0.37754066879814546,-1.0283236503601074,-0.5283236503601074,attack,no
2199,1,0,0.004609571337551965,-5.384485244750977,-0.009485061280429363,attack,no
2200,1,0,0.0017007223244677849,-6.3830485343933105,-0.008048483170568943,attack,no
2201,1,0,0.0031726822357294403,-5.757227420806885,-0.007227228954434395,attack,no
2202,1,0,0.0046095729741912886,-5.3875041007995605,-0.012504274025559425,attack,no
2203,1,0,0.02931223255328453,-3.5337071418762207,-0.03370720520615578,attack,no
2204,1,0,0.0024726229717169606,-6.007027626037598,-0.0070275510661304,attack,no
2205,1,0,0.0028009269944342047,-5.879973411560059,-0.004973421338945627,attack,no
2206,1,0,0.0017007223442331262,-6.379092216491699,-0.004092176910489798,attack,no
2207,1,1,0.5312093733737563,-0.67735356092453,-0.80235356092453,attack,yes
2208,1,0,0.017986209534399958,-4.0236382484436035,-0.023638224229216576,attack,no
2209,1,0,0.0013250224973183954,-6.627464294433594,-0.0024643549695611,attack,no
2210,1,0,0.009708478540880935,-4.63703727722168,-0.012037491425871849,attack,no
2211,1,0,0.006692852348326615,-5.010725021362305,-0.010725235566496849,attack,no
2212,1,0,0.00970847654415166,-4.639547348022461,-0.01454735454171896,attack,no
2213,1,0,0.0035936021245557893,-5.6397504806518555,-0.014750353060662746,attack,no
2214,1,0,0.01098694014108206,-4.5142598152160645,-0.014259586110711098,attack,no
2215,1,0,0.009708478522973046,-4.6436638832092285,-0.018664095550775528,attack,no
2216,1,0,0.0024726226903203138,-6.009853839874268,-0.009853650815784931,attack,no
2217,1,0,0.004609571363191219,-5.386761665344238,-0.01176148746162653,attack,no
2218,1,0,0.012431651241939954,-4.394460201263428,-0.01946023292839527,attack,no
2219,1,0,0.0024726237286166702,-6.003486633300781,-0.0034868652001023293,attack,no
2220,1,0,0.18242551936144574,-1.7353571653366089,-0.2353571355342865,attack,no
2221,1,0,0.04742587284097443,-3.0602903366088867,-0.06029032915830612,attack,no
2222,1,0,0.09534946875514017,-2.3570215702056885,-0.10702161490917206,attack,no
2223,1,0,0.004609571442245587,-5.381550312042236,-0.006550151389092207,attack,no
2224,1,0,0.037326884131416216,-3.2900803089141846,-0.04008021950721741,attack,no
2225,1,0,0.01243164912666025,-4.388840675354004,-0.01384053472429514,attack,no
2226,1,0,0.001501181962881937,-6.504894733428955,-0.004894537385553122,attack,no
2227,1,0,0.46879062662624377,-0.8375542163848877,-0.7125542163848877,attack,no
2228,1,0,0.2689414213699951,-1.319290280342102,-0.31929028034210205,attack,no
2229,1,0,0.01098694018156191,-4.516003131866455,-0.01600290648639202,attack,no
2230,1,0,0.0675466977093867,-2.7038755416870117,-0.07887564599514008,attack,no
2231,1,0,0.02033235319425102,-3.8979341983795166,-0.022934190928936005,attack,no
2232,1,0,0.003593602938241153,-5.6354899406433105,-0.01049004029482603,attack,no
2233,1,0,0.025957354654703464,-3.6594173908233643,-0.0344172902405262,attack,no
2234,1,0,0.025957355219835308,-3.663588285446167,-0.038588207215070724,attack,no
2235,1,0,0.0009110512562834433,-7.007108211517334,-0.007108279503881931,attack,no
2236,1,0,0.0015011820724668318,-6.504629611968994,-0.004629489034414291,attack,no
2237,1,0,0.006692849376413719,-5.008388519287109,-0.008388286456465721,attack,no
2238,1,0,0.004609571769146091,-5.381893157958984,-0.006893068552017212,attack,no
2239,1,0,0.002472623402426175,-6.004422664642334,-0.004422764293849468,attack,no
2240,1,1,0.7772998508568416,-0.32531410455703735,-1.5753140449523926,attack,yes
2241,1,0,0.01243165316284291,-4.392536163330078,-0.017536351457238197,attack,no
2242,1,0,0.008577483552539122,-4.765552997589111,-0.015552778728306293,attack,no
2243,1,0,0.13296422989056964,-2.0224921703338623,-0.14749208092689514,attack,no
2244,1,0,0.012431651687863827,-4.390496253967285,-0.015496321953833103,attack,no
2245,1,0,0.015906390399763742,-4.143805980682373,-0.01880589686334133,attack,no
2246,1,0,0.18242552158390105,-1.7155966758728027,-0.21559666097164154,attack,no
2247,1,0,0.10669059039516234,-2.2397608757019043,-0.11476083844900131,attack,no
2248,1,0,0.01098694203351526,-4.512886047363281,-0.012885992415249348,attack,no
2249,1,0,0.008577486253219876,-4.760121822357178,-0.010121921077370644,attack,no
2250,1,0,0.2018132270610754,-1.618665337562561,-0.24366536736488342,attack,no
2251,1,0,0.009708478128999526,-4.642141819000244,-0.01714199036359787,attack,no
2252,1,0,0.014063626268431226,-4.2711944580078125,-0.021194402128458023,attack,no
2253,1,0,0.012431649664055602,-4.392813205718994,-0.01781310886144638,attack,no
2254,1,0,0.004609572059724338,-5.391889572143555,-0.0168895460665226,attack,no
2255,1,0,0.012431650601639033,-4.393581390380859,-0.018581369891762733,attack,no
2256,1,0,0.025957357291985502,-3.656578540802002,-0.03157854452729225,attack,no
2257,1,0,0.02297736953368805,-3.7760093212127686,-0.02600930444896221,attack,no
2258,1,0,0.20181322466072713,-1.62028169631958,-0.24528171122074127,attack,no
2259,1,0,0.16451646699291617,-1.8155746459960938,-0.19057467579841614,attack,no
2260,1,0,0.009708477000802714,-4.6441779136657715,-0.019177967682480812,attack,no
2261,1,0,0.06008665101556925,-2.81553316116333,-0.06553317606449127,attack,no
2262,1,0,0.07585818106587033,-2.583993911743164,-0.08399392664432526,attack,no
2263,1,1,0.7057850278370112,-0.373996376991272,-1.248996376991272,attack,yes
2264,1,0,0.005220126496374735,-5.2598066329956055,-0.009806787595152855,attack,no
2265,1,0,0.002182716569076123,-6.130924701690674,-0.00592475850135088,attack,no
2266,1,0,0.0019267346131807605,-6.254710674285889,-0.004710648208856583,attack,no
2267,1,0,0.07585817584273653,-2.5919625759124756,-0.09196251630783081,attack,no
2268,1,0,0.08509904848750824,-2.4708456993103027,-0.09584574401378632,attack,no
2269,1,0,0.012431653322918172,-4.389045238494873,-0.014045439660549164,attack,no
2270,1,1,0.5926665999540697,-0.547966480255127,-0.922966480255127,attack,yes
2271,1,1,0.6224593312018546,-0.5005772113800049,-1.0005772113800049,attack,yes
2272,1,0,0.010986944128348107,-4.514868259429932,-0.014868397265672684,attack,no
2273,1,0,0.20181322946142374,-1.6206543445587158,-0.2456543892621994,attack,no
2274,1,0,0.14804719239327382,-1.9182000160217285,-0.16819997131824493,attack,no
2275,1,0,0.009708476445658299,-4.635866165161133,-0.010866161435842514,attack,no
2276,1,1,0.5621765008857981,-0.6501170992851257,-0.9001170992851257,attack,yes
2277,1,0,0.24508500210441886,-1.4221441745758057,-0.2971441149711609,attack,no
2278,1,0,0.04208773182056191,-3.1722471714019775,-0.0472472682595253,attack,no
2279,1,1,0.7549149813536518,-0.3311751186847687,-1.4561750888824463,attack,yes
2280,1,0,0.0040701380481122295,-5.508061408996582,-0.008061490952968597,attack,no
2281,1,0,0.18242553047372242,-1.7176059484481812,-0.21760599315166473,attack,no
2282,1,0,0.00591106881246323,-5.133218288421631,-0.008218280971050262,attack,no
2283,1,0,0.001169510168230862,-6.758213043212891,-0.008212960325181484,attack,no
2284,1,0,0.29421497216298875,-1.2476869821548462,-0.3726869821548462,attack,no
2285,1,0,0.34864513533394575,-1.0722808837890625,-0.4472808837890625,attack,no
2286,1,0,0.0675466845698721,-2.7026216983795166,-0.07762159407138824,attack,no
2287,1,0,0.2689414213699951,-1.3613086938858032,-0.3613086938858032,attack,no
2288,1,0,0.26894141551050293,-1.3269513845443726,-0.32695135474205017,attack,no
2289,1,0,0.0013250227191482996,-6.636594772338867,-0.011595000512897968,attack,no
2290,1,0,0.0005527786384671914,-7.515385627746582,-0.015385630540549755,attack,no
2291,1,0,0.014063627714751191,-4.269392490386963,-0.01939253881573677,attack,no
2292,1,0,0.24508501313237172,-1.4126431941986084,-0.2876431941986084,attack,no
2293,1,0,0.010986941588236829,-4.5124688148498535,-0.01246871892362833,attack,no
2294,1,0,0.003593602156236159,-5.631897449493408,-0.00689733074977994,attack,no
2295,1,0,0.0015011821206283487,-6.504945755004883,-0.0049456642009317875,attack,no
2296,1,0,0.11920291107043361,-2.131105422973633,-0.13110531866550446,attack,no
2297,1,0,0.37754066879814546,-0.98997962474823,-0.48997962474823,attack,no
2298,1,0,0.042087728215999064,-3.1699938774108887,-0.04499388486146927,attack,no
2299,1,0,0.10669058755477132,-2.2497386932373047,-0.12473862618207932,attack,no
2300,1,0,0.0075772406375562455,-4.891801834106445,-0.016801750287413597,attack,no
2301,1,0,0.34864513533394575,-1.1034067869186401,-0.47840678691864014,attack,no
2302,1,0,0.004609571371737637,-5.382625102996826,-0.0076249269768595695,attack,no
2303,1,0,0.1329642333263228,-2.023995876312256,-0.14899581670761108,attack,no
2304,1,0,0.2689414272294874,-1.3302745819091797,-0.3302746117115021,attack,no
2305,1,0,0.03308597672022805,-3.411850929260254,-0.03685087710618973,attack,no
2306,1,0,0.0028009274873730438,-5.879006862640381,-0.0040070489048957825,attack,no
2307,1,0,0.03732688988752763,-3.289236307144165,-0.03923637792468071,attack,no
2308,1,0,0.0019267349516711122,-6.257046222686768,-0.007046372629702091,attack,no
2309,1,0,0.0040701369193326285,-5.506144046783447,-0.006143850274384022,attack,no
2310,1,0,0.22270014914315833,-1.514465093612671,-0.2644651532173157,attack,no
2311,1,0,0.2018132174596823,-1.646970272064209,-0.2719702422618866,attack,no
2312,1,0,0.03308598184483342,-3.4115307331085205,-0.03653084114193916,attack,no
2313,1,0,0.006692849636456047,-5.020966053009033,-0.020965859293937683,attack,no
2314,1,0,0.0024726233932377117,-6.006173610687256,-0.006173706613481045,attack,no
2315,1,0,0.008577485389952328,-4.760778427124023,-0.010778424330055714,attack,no
2316,1,0,0.08509903978628845,-2.4753313064575195,-0.10033123940229416,attack,no
2317,1,0,0.14804719239327382,-1.9254645109176636,-0.17546446621418,attack,no
2318,1,0,0.029312233189259213,-3.5362515449523926,-0.03625163063406944,attack,no
2319,1,0,0.0031726830987364387,-5.755757808685303,-0.005757889710366726,attack,no
2320,1,0,0.3486451421018059,-1.0821620225906372,-0.4571620523929596,attack,no
2321,1,0,0.006692851989220403,-5.0086350440979,-0.008635204285383224,attack,no
2322,1,0,0.3486451217982255,-1.0777654647827148,-0.45276540517807007,attack,no
2323,1,0,0.004609572623788044,-5.3844804763793945,-0.009480573236942291,attack,no
2324,1,0,0.0015011824493830915,-6.508788585662842,-0.008788714185357094,attack,no
2325,1,0,0.0035936032183623862,-5.6305084228515625,-0.0055086007341742516,attack,no
2326,1,0,0.003172683243061864,-5.764101028442383,-0.01410115510225296,attack,no
2327,1,0,0.005220125567816091,-5.260769367218018,-0.010769343003630638,attack,no
2328,1,0,0.005911067914961698,-5.133106231689453,-0.008106071501970291,attack,no
2329,1,0,0.24508502416032488,-1.4151623249053955,-0.2901623845100403,attack,no
2330,1,0,0.05340332546849447,-2.9357540607452393,-0.06075397506356239,attack,no
2331,1,1,0.6224593382055109,-0.49180158972740173,-0.9918016195297241,attack,yes
2332,1,0,0.02931223191730985,-3.534208297729492,-0.03420833870768547,attack,no
2333,1,0,0.37754066879814546,-0.9946441054344177,-0.4946441054344177,attack,no
2334,1,0,0.04208772446124641,-3.1731345653533936,-0.04813447967171669,attack,no
2335,1,0,0.3486451217982255,-1.0682189464569092,-0.4432188868522644,attack,no
2336,1,0,0.08509905312815914,-2.475454807281494,-0.1004549115896225,attack,no
2337,1,0,0.010986943986668577,-4.516062259674072,-0.016062384471297264,attack,no
2338,1,0,0.07585817427579646,-2.5857553482055664,-0.08575526624917984,attack,no
2339,1,0,0.006692850230838542,-5.010327339172363,-0.010327234864234924,attack,no
2340,1,1,0.7057850340255386,-0.3683865964412689,-1.2433866262435913,attack,yes
2341,1,0,0.0011695103956056209,-6.753935813903809,-0.003935925662517548,attack,no
2342,1,0,0.24508500761839525,-1.4454134702682495,-0.3204134404659271,attack,no
2343,1,0,0.0052201269219641685,-5.260876655578613,-0.010876892134547234,attack,no
2344,1,0,0.04742587031653194,-3.052870273590088,-0.05287021026015282,attack,no
2345,1,0,0.37754066879814546,-0.9843543171882629,-0.48435431718826294,attack,no
2346,1,0,0.007577240861664529,-4.8865885734558105,-0.01158851943910122,attack,no
2347,1,0,0.1480472036701053,-1.921481728553772,-0.17148177325725555,attack,no
2348,1,0,0.0028009276226385973,-5.887423038482666,-0.012423273175954819,attack,no
2349,1,0,0.009708476696368677,-4.639716148376465,-0.014716170728206635,attack,no
2350,1,0,0.08509904848750824,-2.4780354499816895,-0.10303549468517303,attack,no
2351,1,0,0.03308597922294221,-3.418992519378662,-0.0439925454556942,attack,no
2352,1,0,0.006692850509455356,-5.012757301330566,-0.012757238931953907,attack,no
2353,1,0,0.04208772491181671,-3.170518398284912,-0.04551832377910614,attack,no
2354,1,0,0.32082130082460697,-1.1502281427383423,-0.4002281427383423,attack,no
2355,1,0,0.09534947261117097,-2.3584401607513428,-0.10844025015830994,attack,no
2356,1,0,0.24508501313237172,-1.4197767972946167,-0.2947767972946167,attack,no
2357,1,0,0.3486451217982255,-1.0743882656097412,-0.44938820600509644,attack,no
2358,1,0,0.06008664596619963,-2.826620578765869,-0.07662050426006317,attack,no
2359,1,0,0.20181323186177208,-1.6114754676818848,-0.23647552728652954,attack,no
2360,1,1,0.754914975839675,-0.28889399766921997,-1.4138939380645752,attack,yes
2361,1,0,0.24508501864634827,-1.4192054271697998,-0.2942054569721222,attack,no
2362,1,0,0.32082129433083023,-1.1515644788742065,-0.40156444907188416,attack,no
2363,1,0,0.2018132150593341,-1.606587529182434,-0.2315874844789505,attack,no
2364,1,0,0.4073334000459302,-0.9078117609024048,-0.5328117609024048,attack,no
2365,1,1,0.8354835432479661,-0.2277025729417801,-1.8527026176452637,attack,yes
2366,1,0,0.033085981487302796,-3.412156820297241,-0.03715691715478897,attack,no
2367,1,0,0.0019267347654118637,-6.258467197418213,-0.008467250503599644,attack,no
2368,1,0,0.02297736798652257,-3.7809698581695557,-0.0309697724878788,attack,no
2369,1,0,0.4073334000459302,-0.9079884886741638,-0.5329884886741638,attack,no
2370,1,0,0.07585818315512395,-2.588651657104492,-0.08865170180797577,attack,no
2371,1,0,0.010986941375717587,-4.5139665603637695,-0.013966444879770279,attack,no
2372,1,0,0.2689414213699951,-1.3323644399642944,-0.33236443996429443,attack,no
2373,1,0,0.24508501864634827,-1.4212325811386108,-0.2962326109409332,attack,no
2374,1,0,0.32082129433083023,-1.1470941305160522,-0.39709410071372986,attack,no
2375,1,0,0.0009110512283090272,-7.0122857093811035,-0.0122857466340065,attack,no
2376,1,0,0.0028009270360543673,-5.881430149078369,-0.006430173758417368,attack,no
2377,1,1,0.5621765008857981,-0.5872854590415955,-0.8372854590415955,attack,yes
2378,1,0,0.18242552602881168,-1.7149608135223389,-0.21496082842350006,attack,no
2379,1,0,0.002800926869573721,-5.881728172302246,-0.006728137377649546,attack,no
2380,1,0,0.0059110700520006295,-5.132668495178223,-0.00766869867220521,attack,no
2381,1,0,0.06008664933244599,-2.8271849155426025,-0.07718490064144135,attack,no
2382,1,0,0.007577240777623922,-4.885323524475098,-0.010323459282517433,attack,no
2383,1,0,0.007577241358904808,-4.88569974899292,-0.010699761100113392,attack,no
2384,1,0,0.3486451421018059,-1.0660438537597656,-0.441043883562088,attack,no
2385,1,0,0.3486451421018059,-1.0640138387680054,-0.43901386857032776,attack,no
2386,1,0,0.10669059252545564,-2.2441883087158203,-0.11918829381465912,attack,no
2387,1,0,0.0085774854057921,-4.761028289794922,-0.0110282888635993,attack,no
2388,1,0,0.0035936033700947304,-5.631778240203857,-0.0067784604616463184,attack,no
2389,1,0,0.060086648911665194,-2.8270914554595947,-0.07709143310785294,attack,no
2390,1,0,0.16451646699291617,-1.8098664283752441,-0.18486645817756653,attack,no
2391,1,0,0.060086647228542,-2.822861433029175,-0.07286138087511063,attack,no
2392,1,0,0.4378234991142019,-0.8476659059524536,-0.5976659059524536,attack,no
2393,1,0,0.13296424535145931,-2.0400540828704834,-0.16505412757396698,attack,no
2394,1,0,0.07585817584273653,-2.5826683044433594,-0.0826682448387146,attack,no
2395,1,0,0.0010322310213892558,-6.879115104675293,-0.004115089774131775,attack,no
2396,1,0,0.34864513533394575,-1.0679399967193604,-0.44293999671936035,attack,no
2397,1,0,0.22270013366638422,-1.5165501832962036,-0.2665501534938812,attack,no
2398,1,0,0.46879062662624377,-0.7801454067230225,-0.6551454067230225,attack,no
2399,1,0,0.014063626035986961,-4.2669830322265625,-0.01698295958340168,attack,no
2400,1,0,0.001169510459248803,-6.755763530731201,-0.005763696972280741,attack,no
2401,1,0,0.0004878571160838383,-7.628876686096191,-0.0038766723591834307,attack,no
2402,1,0,0.00033535014638941344,-8.010472297668457,-0.010472345165908337,attack,no
2403,1,0,0.0008040858278796249,-7.1331467628479,-0.008146628737449646,attack,no
2404,1,0,0.0035936023213075613,-5.631426811218262,-0.006426738575100899,attack,no
2405,1,0,0.001700722518958752,-6.380593299865723,-0.00559336319565773,attack,no
2406,1,0,0.00757724100173221,-4.891035556793213,-0.016035521402955055,attack,no
2407,1,0,0.0019267344466220374,-6.255496501922607,-0.005496389232575893,attack,no
2408,1,0,0.0008040857743789559,-7.130682468414307,-0.005682267714291811,attack,no
2409,1,0,0.0011695101100272825,-6.756968021392822,-0.006967888679355383,attack,no
2410,1,0,0.03732688426527926,-3.2953133583068848,-0.0453132726252079,attack,no
2411,1,0,0.0015011823293282728,-6.504795074462891,-0.004795122891664505,attack,no
2412,1,0,0.0009110511545582981,-7.0080180168151855,-0.00801797304302454,attack,no
2413,1,0,0.0059110687030118165,-5.1335601806640625,-0.00856015458703041,attack,no
2414,1,0,0.003172682904338938,-5.759820461273193,-0.009820480830967426,attack,no
2415,1,0,0.0035936026080982987,-5.6315789222717285,-0.0065789297223091125,attack,no
2416,1,0,0.006692851258625068,-5.014114856719971,-0.014114907011389732,attack,no
2417,1,0,0.002800927216841955,-5.880776882171631,-0.0057769715785980225,attack,no
2418,1,0,0.0013250223186221102,-6.628223419189453,-0.0032233446836471558,attack,no
2419,1,0,0.00407013786312826,-5.505337238311768,-0.005337274633347988,attack,no
2420,1,0,0.0017007226992186927,-6.381715297698975,-0.006715467199683189,attack,no
2421,1,0,0.004609571480704469,-5.382352352142334,-0.007352199871093035,attack,no
2422,1,0,0.003593601954482232,-5.633093357086182,-0.008093181997537613,attack,no
2423,1,0,0.00757724180011804,-4.884191036224365,-0.009191107004880905,attack,no
2424,1,0,0.0005527785371046636,-7.5075788497924805,-0.007578669115900993,attack,no
2425,1,0,0.0031726828778301875,-5.762667655944824,-0.012667667120695114,attack,no
2426,1,0,0.0097084767859081,-4.640942573547363,-0.015942605212330818,attack,no
2427,1,0,0.004070138301049507,-5.506893634796143,-0.0068937791511416435,attack,no
2428,1,0,0.0005527786353800076,-7.512025833129883,-0.012025830335915089,attack,no
2429,1,0,0.00857748528699382,-4.761767864227295,-0.011767849326133728,attack,no
2430,1,0,0.0013250224434014101,-6.6288371086120605,-0.0038371284026652575,attack,no
2431,1,0,0.001501182136682188,-6.506592273712158,-0.006592193618416786,attack,no
2432,1,0,0.0008040859079435704,-7.134801864624023,-0.009801830165088177,attack,no
2433,1,0,0.005911070060209488,-5.136494159698486,-0.011494364589452744,attack,no
2434,1,0,0.0013250221115809271,-6.632740497589111,-0.0077402666211128235,attack,no
2435,1,0,0.0008040858338657143,-7.133777141571045,-0.008777014911174774,attack,no
2436,1,0,0.009708476633691081,-4.637478828430176,-0.01247884426265955,attack,no
2437,1,0,0.004070138289723957,-5.529668807983398,-0.02966894954442978,attack,no
2438,1,0,0.001325022146087789,-6.6366729736328125,-0.011672768741846085,attack,no
2439,1,0,0.009708475451770796,-4.639050483703613,-0.0140503766015172,attack,no
2440,1,0,0.009708478540880935,-4.637338638305664,-0.012338852509856224,attack,no
2441,1,0,0.0013250227129863572,-6.63128662109375,-0.006286844611167908,attack,no
2442,1,0,0.003593602938241153,-5.632895469665527,-0.007895569317042828,attack,no
2443,1,0,0.005220126153001466,-5.265364646911621,-0.015364735387265682,attack,no
2444,1,0,0.005220125715321489,-5.257411479949951,-0.007411484140902758,attack,no
2445,1,0,0.005911067904016558,-5.143531799316406,-0.018531637266278267,attack,no
2446,1,0,0.0040701377876246015,-5.514852523803711,-0.014852541498839855,attack,no
2447,1,0,0.09534945654437685,-2.3656935691833496,-0.11569347232580185,attack,no
2448,1,0,0.0008040859644372934,-7.130086421966553,-0.005086457822471857,attack,no
2449,1,0,0.01798621265983879,-4.020785331726074,-0.020785484462976456,attack,no
2450,1,0,0.08509904036636974,-2.469754695892334,-0.09475463628768921,attack,no
2451,1,0,0.00048785720543405905,-7.6369123458862305,-0.011912515386939049,attack,no
2452,1,0,0.003172682391836491,-5.756529331207275,-0.0065291887149214745,attack,no
2453,1,0,0.001926734959730407,-6.256446838378906,-0.006446992512792349,attack,no
2454,1,0,0.009708474636962198,-4.642672061920166,-0.017671870067715645,attack,no
2455,1,0,0.003593602901558612,-5.633697986602783,-0.008698076009750366,attack,no
2456,1,0,0.002800926368831212,-5.893245697021484,-0.018245482817292213,attack,no
2457,1,0,0.008577485057317152,-4.763565540313721,-0.013565498404204845,attack,no
2458,1,0,0.0019267350792766176,-6.253878593444824,-0.003878809744492173,attack,no
2459,1,0,0.004609572072543967,-5.383419990539551,-0.008419967256486416,attack,no
2460,1,0,0.0035936034167816065,-5.630411148071289,-0.005411381367594004,attack,no
2461,1,0,0.060086643862295744,-2.821960687637329,-0.07196057587862015,attack,no
2462,1,0,0.002472622636338104,-6.00407600402832,-0.004075793083757162,attack,no
2463,1,0,0.0013250226938843364,-6.63093900680542,-0.005939215887337923,attack,no
2464,1,0,0.0017007224912872717,-6.381786346435547,-0.006786393467336893,attack,no
2465,1,0,0.0040701380481122295,-5.508265018463135,-0.008265100419521332,attack,no
2466,1,0,0.0019267348571982699,-6.253279209136963,-0.0032793099526315928,attack,no
2467,1,0,0.0006263342932089751,-7.378592014312744,-0.0035922301467508078,attack,no
2468,1,0,0.005220126830075538,-5.260133266448975,-0.010133485309779644,attack,no
2469,1,0,0.002182715973747801,-6.132263660430908,-0.007263443898409605,attack,no
2470,1,0,0.004070136858929716,-5.506754398345947,-0.006754186935722828,attack,no
2471,1,0,0.004070138448281662,-5.508395671844482,-0.008395852521061897,attack,no
2472,1,0,0.017986209534399958,-4.02545166015625,-0.02545163594186306,attack,no
2473,1,0,0.0009110513804729068,-7.007055282592773,-0.007055487018078566,attack,no
2474,1,0,0.0007096703026729939,-7.267460346221924,-0.017460210248827934,attack,no
2475,1,0,0.004609571102525478,-5.384377479553223,-0.009377244859933853,attack,no
2476,1,0,0.020332352340906575,-3.9023594856262207,-0.027359435334801674,attack,no
2477,1,0,0.0024726226030299327,-6.0108537673950195,-0.010853542946279049,attack,no
2478,1,0,0.0017007223671609223,-6.382574081420898,-0.007574055343866348,attack,no
2479,1,0,0.014063630323292923,-4.266957759857178,-0.016957996413111687,attack,no
2480,1,0,0.0046095728118092935,-5.3815226554870605,-0.00652279332280159,attack,no
2481,1,0,0.0006263342344763711,-7.382892608642578,-0.0078927306458354,attack,no
2482,1,0,0.1329642281726931,-2.0206496715545654,-0.14564956724643707,attack,no
2483,1,0,0.0013250226834090346,-6.634469509124756,-0.009469710290431976,attack,no
2484,1,0,0.0005527785273285831,-7.505468845367432,-0.0054686469957232475,attack,no
2485,1,0,0.008577486791772148,-4.762168884277344,-0.012169046327471733,attack,no
2486,1,0,0.0007096702848404949,-7.260804176330566,-0.010804015211760998,attack,no
2487,1,0,0.0052201262980887606,-5.259725570678711,-0.009725687094032764,attack,no
2488,1,0,0.015906390837114055,-4.147729873657227,-0.022729817777872086,attack,no
2489,1,0,0.017986209534399958,-4.0273756980896,-0.02737567387521267,attack,no
2490,1,0,0.0011695100093949324,-6.762815952301025,-0.012815733440220356,attack,no
2491,1,0,0.0028009273937276637,-5.881857872009277,-0.006858024746179581,attack,no
2492,1,0,0.006692850354668236,-5.012343883514404,-0.012343797832727432,attack,no
2493,1,0,0.004070138648366392,-5.513864994049072,-0.013865224085748196,attack,no
2494,1,0,0.18242553047372242,-1.7378673553466797,-0.23786740005016327,attack,no
2495,1,0,0.0021827168804318857,-6.131603717803955,-0.006603917572647333,attack,no
2496,1,0,0.006692849791243149,-5.011371612548828,-0.01137144211679697,attack,no
2497,1,0,0.004609572542597051,-5.389444351196289,-0.014444430358707905,attack,no
2498,1,0,0.020332352637722033,-3.9019081592559814,-0.02690812386572361,attack,no
2499,1,0,0.012431650658808756,-4.389742851257324,-0.01474283542484045,attack,no
2500,1,0,0.008577484685082562,-4.76185417175293,-0.011854086071252823,attack,no
2501,1,0,0.009708474431021574,-4.639333248138428,-0.014333034865558147,attack,no
2502,1,0,0.0009110510333358484,-7.008005142211914,-0.008004965260624886,attack,no
2503,1,0,0.010986943946188713,-4.5160698890686035,-0.016070010140538216,attack,no
2504,1,0,0.04742587553371325,-3.050971031188965,-0.05097108334302902,attack,no
2505,1,0,0.00029595710028667893,-8.159347534179688,-0.03434748947620392,attack,no
2506,1,0,0.015906394977364253,-4.145924091339111,-0.020924299955368042,attack,no
2507,1,0,0.006692852144007561,-5.014688968658447,-0.014689152128994465,attack,no
2508,1,0,0.004609572038358289,-5.3829569816589355,-0.007956950925290585,attack,no
2509,1,0,0.26894141551050293,-1.3280296325683594,-0.328029602766037,attack,no
2510,1,0,0.004070137323277132,-5.507784366607666,-0.007784269750118256,attack,no
2511,1,0,0.16451646699291617,-1.8123300075531006,-0.18733003735542297,attack,no
2512,1,0,0.053403325280175794,-2.9465548992156982,-0.07155480980873108,attack,no
2513,1,0,0.005911069053256348,-5.132391452789307,-0.007391486316919327,attack,no
2514,1,0,0.0758581784543034,-2.584822654724121,-0.0848226323723793,attack,no
2515,1,0,0.014063630090848591,-4.268013000488281,-0.01801322028040886,attack,no
2516,1,0,0.006692850936667827,-5.011460304260254,-0.011460306122899055,attack,no
2517,1,0,0.22270014398423357,-1.5323532819747925,-0.28235331177711487,attack,no
2518,1,0,0.04208773212094217,-3.175419807434082,-0.05041991174221039,attack,no
2519,1,1,0.5621765008857981,-0.5885559916496277,-0.8385559916496277,attack,yes
2520,1,1,0.5621765008857981,-0.592198371887207,-0.842198371887207,attack,yes
2521,1,0,0.004070137632842106,-5.509031772613525,-0.009031752124428749,attack,no
2522,1,0,0.34864513533394575,-1.073876976966858,-0.4488769769668579,attack,no
2523,1,0,0.001926734266631176,-6.256429195404053,-0.006428989116102457,attack,no
2524,1,0,0.03308597946129594,-3.414433479309082,-0.03943351283669472,attack,no
2525,1,0,0.009708477036618483,-4.640196323394775,-0.015196381136775017,attack,no
2526,1,0,0.004609572563963101,-5.387067794799805,-0.012067878618836403,attack,no
2527,1,0,0.005911069102509485,-5.139650344848633,-0.01465038675814867,attack,no
2528,1,0,0.03308597755446608,-3.411479949951172,-0.036479923874139786,attack,no
2529,1,0,0.0017007225671861904,-6.381155014038086,-0.006155105773359537,attack,no
2530,1,0,0.008577483441660753,-4.7610063552856445,-0.011006123386323452,attack,no
2531,1,0,0.0010322307981084334,-6.8799262046813965,-0.004925973247736692,attack,no
2532,1,0,0.010986941031638818,-4.514410972595215,-0.014410825446248055,attack,no
2533,1,0,0.2018132270610754,-1.6137034893035889,-0.23870351910591125,attack,no
2534,1,0,0.0035936022546120437,-5.632262706756592,-0.0072626154869794846,attack,no
2535,1,0,0.003172682930847687,-5.755557060241699,-0.005557088181376457,attack,no
2536,1,0,0.004609571346098383,-5.384371757507324,-0.009371575899422169,attack,no
2537,1,0,0.002800926596441432,-5.880142688751221,-0.00514255603775382,attack,no
2538,1,0,0.008577484170290072,-4.764353275299072,-0.014353129081428051,attack,no
2539,1,0,0.08509905370824052,-2.470548152923584,-0.09554826468229294,attack,no
2540,1,0,0.11920291263495983,-2.132774591445923,-0.1327745020389557,attack,no
2541,1,0,0.002472622943003016,-6.013179302215576,-0.013179215602576733,attack,no
2542,1,0,0.4378234991142019,-0.8315097093582153,-0.5815097093582153,attack,no
2543,1,1,0.5926665999540697,-0.5405387282371521,-0.9155387282371521,attack,yes
2544,1,0,0.0075772407426070035,-4.887683391571045,-0.012683321721851826,attack,no
2545,1,0,0.0019267349149565474,-6.256432056427002,-0.006432187277823687,attack,no
2546,1,0,0.002472622841929932,-6.0090436935424805,-0.009043565951287746,attack,no
2547,1,0,0.012431650407261975,-4.390571594238281,-0.01557155791670084,attack,no
2548,1,0,0.0675466977093867,-2.702484369277954,-0.07748447358608246,attack,no
2549,1,0,0.0019267350224138123,-6.254456520080566,-0.004456706810742617,attack,no
2550,1,0,0.00247262371023974,-6.004733085632324,-0.004733310081064701,attack,no
2551,1,0,0.13296425222296632,-2.0237154960632324,-0.14871560037136078,attack,no
2552,1,0,0.08509904442693891,-2.467083215713501,-0.09208320826292038,attack,no
2553,1,0,0.025957358469343637,-3.656109094619751,-0.031109144911170006,attack,no
2554,1,0,0.005220125683885912,-5.258598804473877,-0.008598802611231804,attack,no
2555,1,0,0.03732688654095113,-3.298415184020996,-0.0484151616692543,attack,no
2556,1,0,0.037326884131416216,-3.299532890319824,-0.049532800912857056,attack,no
2557,1,0,0.3486451285660856,-1.0646848678588867,-0.43968483805656433,attack,no
2558,1,0,0.0017007223292114665,-6.388381481170654,-0.013381432741880417,attack,no
2559,1,0,0.0035936033334121853,-5.63147497177124,-0.00647518178448081,attack,no
2560,1,0,0.005911068029885667,-5.136285305023193,-0.011285164393484592,attack,no
2561,1,0,0.047425871999493587,-3.058690071105957,-0.05869004502892494,attack,no
2562,1,0,0.06754669630158146,-2.7049388885498047,-0.07993897050619125,attack,no
2563,1,0,0.000911051141418801,-7.003918647766113,-0.003918589558452368,attack,no
2564,1,0,0.003172682185657369,-5.7598557472229,-0.009855539537966251,attack,no
2565,1,0,0.03308598053388778,-3.4156665802001953,-0.040666647255420685,attack,no
2566,1,0,0.00857748345750052,-4.760744571685791,-0.010744341649115086,attack,no
2567,1,0,0.5,-0.7090445160865784,-0.7090445160865784,attack,no
2568,1,0,0.0019267344233396366,-6.260306358337402,-0.010306233540177345,attack,no
2569,1,0,0.020332355160653567,-3.900144577026367,-0.0251446682959795,attack,no
2570,1,0,0.00857748360797831,-4.763820171356201,-0.01381995901465416,attack,no
2571,1,0,0.04208773016847057,-3.173698663711548,-0.04869871959090233,attack,no
2572,1,0,0.012431648795075896,-4.390992164611816,-0.015991996973752975,attack,no
2573,1,0,0.5,-0.7451468110084534,-0.7451468110084534,attack,no
2574,1,0,0.009708478102137694,-4.637129306793213,-0.012129475362598896,attack,no
2575,1,0,0.03732689082456911,-3.289914846420288,-0.039914943277835846,attack,no
2576,1,0,0.01243165064737481,-4.390789031982422,-0.015789015218615532,attack,no
2577,1,1,0.7772998560157665,-0.2874789535999298,-1.5374789237976074,attack,yes
2578,1,0,0.01798620752753952,-4.023653030395508,-0.02365289255976677,attack,no
2579,1,0,0.29421497216298875,-1.2346088886260986,-0.35960888862609863,attack,no
2580,1,0,0.16451647108926923,-1.8164958953857422,-0.19149595499038696,attack,no
2581,1,0,0.001169510239489454,-6.753243923187256,-0.003243901301175356,attack,no
2582,1,0,0.2942149597859341,-1.2815649509429932,-0.4065648913383484,attack,no
2583,1,0,0.020332352044091128,-3.8972957134246826,-0.022295648232102394,attack,no
2584,1,0,0.0040701378046129255,-5.506772518157959,-0.006772540044039488,attack,no
2585,1,1,0.6513548646660542,-0.45003676414489746,-1.0750367641448975,attack,yes
2586,1,0,0.01098694153763701,-4.5132341384887695,-0.013234037905931473,attack,no
2587,1,0,0.14804719427274565,-1.932441234588623,-0.18244120478630066,attack,no
2588,1,0,0.005220126191691411,-5.258965969085693,-0.008966065011918545,attack,no
2589,1,0,0.2018132174596823,-1.6033802032470703,-0.22838017344474792,attack,no
2590,1,0,0.0013250227105215805,-6.632556915283203,-0.0075571369379758835,attack,no
2591,1,0,0.08509904268669496,-2.4679088592529297,-0.0929088294506073,attack,no
2592,1,0,0.09534946232842245,-2.356466770172119,-0.10646674036979675,attack,no
2593,1,0,0.012431651836505124,-4.393746852874756,-0.018746932968497276,attack,no
2594,1,0,0.2689414213699951,-1.3265591859817505,-0.3265591859817505,attack,no
2595,1,0,0.03308597969964969,-3.417426347732544,-0.04242638871073723,attack,no
2596,1,0,0.0474258736824553,-3.0529367923736572,-0.05293680354952812,attack,no
2597,1,0,0.029312230221377453,-3.538074254989624,-0.03807423636317253,attack,no
2598,1,0,0.02931222863144092,-3.5341808795928955,-0.03418080508708954,attack,no
2599,1,0,0.007577242150287289,-4.887317657470703,-0.012317774817347527,attack,no
2600,1,0,0.20181321265898594,-1.6264686584472656,-0.25146859884262085,attack,no
2601,1,0,0.0019267344269215444,-6.270804405212402,-0.020804282277822495,attack,no
2602,1,0,0.00280092707897516,-5.8883748054504395,-0.013374845497310162,attack,no
2603,1,0,0.3208213138121609,-1.1519155502319336,-0.40191560983657837,attack,no
2604,1,0,0.03732688480073145,-3.2927632331848145,-0.04276316240429878,attack,no
2605,1,0,0.06754669442450784,-2.6987688541412354,-0.07376890629529953,attack,no
2606,1,0,0.033085978746234736,-3.4131133556365967,-0.038113366812467575,attack,no
2607,1,0,0.02931222905542399,-3.534569025039673,-0.034568965435028076,attack,no
2608,1,0,0.004609572012719031,-5.380674362182617,-0.0056743258610367775,attack,no
2609,1,0,0.18242552158390105,-1.7041267156600952,-0.20412670075893402,attack,no
2610,1,0,0.0024726234897165856,-6.0081281661987305,-0.008128301240503788,attack,no
2611,1,0,0.2689414213699951,-1.3499739170074463,-0.3499739170074463,attack,no
2612,1,0,0.004609572871634238,-5.38665246963501,-0.011652620509266853,attack,no
2613,1,0,0.002182716229323143,-6.13173770904541,-0.00673760985955596,attack,no
2614,1,0,0.00857748686305113,-4.765289783477783,-0.015289953909814358,attack,no
2615,1,0,0.08509904442693891,-2.474273204803467,-0.0992731973528862,attack,no
2616,1,0,0.4073334000459302,-0.9330169558525085,-0.5580169558525085,attack,no
2617,1,0,0.20181322226037882,-1.620200276374817,-0.2452002763748169,attack,no
2618,1,0,0.08509905080783367,-2.4706780910491943,-0.0956781655550003,attack,no
2619,1,0,0.0024726227247770446,-6.004986763000488,-0.0049865879118442535,attack,no
2620,1,0,0.0006263342459897099,-7.378678321838379,-0.0036784622352570295,attack,no
2621,1,0,0.004609572205013467,-5.390697479248047,-0.015697484835982323,attack,no
2622,1,0,0.4378234991142019,-0.8621881008148193,-0.6121881008148193,attack,no
2623,1,0,0.014063628205466925,-4.268183708190918,-0.018183792009949684,attack,no
2624,1,0,0.20181322946142374,-1.6081316471099854,-0.23313169181346893,attack,no
2625,1,0,0.5,-0.7104118466377258,-0.7104118466377258,attack,no
2626,1,0,0.24508500210441886,-1.4167959690093994,-0.29179590940475464,attack,no
2627,1,0,0.012431652991333707,-4.389616966247559,-0.014617140404880047,attack,no
2628,1,0,0.14804719427274565,-1.915939450263977,-0.16593942046165466,attack,no
2629,1,0,0.26894141551050293,-1.3277286291122437,-0.32772859930992126,attack,no
2630,1,0,0.0534033331895608,-2.935405969619751,-0.06040603667497635,attack,no
2631,1,0,0.04742587856304458,-3.050426483154297,-0.050426602363586426,attack,no
2632,1,0,0.00970847739477619,-4.6383795738220215,-0.013379668816924095,attack,no
2633,1,0,0.00591106748810126,-5.134389877319336,-0.009389644488692284,attack,no
2634,1,0,0.010986940060122357,-4.516390800476074,-0.016390563920140266,attack,no
2635,1,0,0.002182716918971039,-6.130522727966309,-0.0055229454301297665,attack,no
2636,1,0,0.11920292984474948,-2.1589207649230957,-0.15892083942890167,attack,no
2637,1,1,0.5926665999540697,-0.5590604543685913,-0.9340604543685913,attack,yes
2638,1,0,0.005220126375468653,-5.257936477661133,-0.007936608977615833,attack,no
2639,1,0,0.06008665606493926,-2.816303253173828,-0.06630335748195648,attack,no
2640,1,0,0.5,-0.7047706842422485,-0.7047706842422485,attack,no
2641,1,0,0.04208772461143651,-3.1792635917663574,-0.054263509809970856,attack,no
2642,1,0,0.1645164628965632,-1.8139500617980957,-0.1889500617980957,attack,no
2643,1,0,0.010986943177071305,-4.513541221618652,-0.013541271910071373,attack,no
2644,1,0,0.006692852044943779,-5.0082688331604,-0.008269001729786396,attack,no
2645,1,0,0.22270014398423357,-1.5177608728408813,-0.26776090264320374,attack,no
2646,1,0,0.01590639182844147,-4.147439956665039,-0.02243996411561966,attack,no
2647,1,0,0.3486451285660856,-1.0666519403457642,-0.4416519105434418,attack,no
2648,1,0,0.05340332697504391,-2.9365944862365723,-0.06159443035721779,attack,no
2649,1,0,0.01590639209085168,-4.141921520233154,-0.016921544447541237,attack,no
2650,1,0,0.04208772340991573,-3.171651601791382,-0.04665149003267288,attack,no
2651,1,0,0.03308597612434374,-3.4177086353302,-0.042708564549684525,attack,no
2652,1,0,0.32082130731838393,-1.143174171447754,-0.3931742012500763,attack,no
2653,1,0,0.008577483877254361,-4.7618021965026855,-0.011802015826106071,attack,no
2654,1,0,0.005911068024413097,-5.133913040161133,-0.008912898600101471,attack,no
2655,1,0,0.46879062662624377,-0.822513222694397,-0.697513222694397,attack,no
2656,1,1,0.6224593312018546,-0.4898574948310852,-0.9898574948310852,attack,yes
2657,1,0,0.1480471961522176,-1.9453999996185303,-0.19539998471736908,attack,no
2658,1,0,0.005220125248624094,-5.257904052734375,-0.007903967052698135,attack,no
2659,1,0,0.005911069704492326,-5.13311243057251,-0.008112574927508831,attack,no
2660,1,0,0.46879062662624377,-0.773533284664154,-0.648533284664154,attack,no
2661,1,0,0.0021827168358076045,-6.131749153137207,-0.006749332416802645,attack,no
2662,1,1,0.6513548782017746,-0.43855518102645874,-1.0635552406311035,attack,yes
2663,1,0,0.3208212878370535,-1.1581840515136719,-0.4081839919090271,attack,no
2664,1,1,0.5312093733737563,-0.6468489170074463,-0.7718489170074463,attack,yes
2665,1,0,0.11920291107043361,-2.1423134803771973,-0.1423133760690689,attack,no
2666,1,0,0.07585818785594478,-2.5948259830474854,-0.0948260948061943,attack,no
2667,1,0,0.007577241667053728,-4.884115219116211,-0.00911527220159769,attack,no
2668,1,1,0.651354857898194,-0.4775969088077545,-1.1025968790054321,attack,yes
2669,1,0,0.20181321265898594,-1.6044480800628662,-0.22944802045822144,attack,no
2670,1,0,0.003593602806517485,-5.629666328430176,-0.004666391294449568,attack,no
2671,1,0,0.18242551713899047,-1.7083684206008911,-0.20836837589740753,attack,no
2672,1,0,0.46879062662624377,-0.780432403087616,-0.655432403087616,attack,no
2673,1,0,0.029312227677479034,-3.533432960510254,-0.03343285247683525,attack,no
2674,1,0,0.10669059678604234,-2.2448086738586426,-0.11980870366096497,attack,no
2675,1,0,0.13296423676207594,-2.022716522216797,-0.1477164924144745,attack,no
2676,1,0,0.08509903920620716,-2.4670419692993164,-0.09204189479351044,attack,no
2677,1,0,0.0024726228143645466,-6.007137298583984,-0.007137159816920757,attack,no
2678,1,0,0.0009110512333952847,-7.013801574707031,-0.013801617547869682,attack,no
2679,1,0,0.0013250225287442959,-6.630100250244141,-0.005100334528833628,attack,no
2680,1,0,0.20181322466072713,-1.6211953163146973,-0.24619533121585846,attack,no
2681,1,0,0.005220125429983181,-5.256870269775391,-0.0068702190183103085,attack,no
2682,1,0,0.009708477797703624,-4.637760162353516,-0.012760299257934093,attack,no
2683,1,0,0.008577486205700558,-4.76702880859375,-0.01702890172600746,attack,no
2684,1,0,0.02033235360237229,-3.9012019634246826,-0.026201976463198662,attack,no
2685,1,0,0.2689414330889798,-1.3196890354156494,-0.3196890950202942,attack,no
2686,1,0,0.00522012445548043,-5.260800361633301,-0.01080012321472168,attack,no
2687,1,0,0.008577486419537485,-4.761167049407959,-0.01116716768592596,attack,no
2688,1,1,0.6224593312018546,-0.5117545127868652,-1.0117545127868652,attack,yes
2689,1,0,0.11920292671569666,-2.139639139175415,-0.13963918387889862,attack,no
2690,1,0,0.0600866518571309,-2.8235602378845215,-0.07356026768684387,attack,no
2691,1,0,0.11920292045759123,-2.1319916248321533,-0.13199160993099213,attack,no
2692,1,0,0.37754066879814546,-0.988822340965271,-0.488822340965271,attack,no
2693,1,1,0.6513548646660542,-0.4794079065322876,-1.1044079065322876,attack,yes
2694,1,0,0.0017007221987602205,-6.382476806640625,-0.007476681377738714,attack,no
2695,1,0,0.005220126651134524,-5.2605156898498535,-0.01051587425172329,attack,no
2696,1,0,0.3208212878370535,-1.144120216369629,-0.39412015676498413,attack,no
2697,1,1,0.6513548714339145,-0.455603688955307,-1.0806037187576294,attack,yes
2698,1,1,0.8175744806385543,-0.22741052508354187,-1.7274105548858643,attack,yes
2699,1,0,0.24508501313237172,-1.4218153953552246,-0.2968153953552246,attack,no
2700,1,0,0.0009110511791418739,-7.007103443145752,-0.00710342638194561,attack,no
2701,1,0,0.002182716938240615,-6.133189678192139,-0.008189904503524303,attack,no
2702,1,0,0.0019267345437812909,-6.252825736999512,-0.002825674833729863,attack,no
2703,1,0,0.004609571393103682,-5.387436866760254,-0.012436695396900177,attack,no
2704,1,0,0.0007096703687192898,-7.265373229980469,-0.015373187139630318,attack,no
2705,1,0,0.0017007222967963076,-6.381768226623535,-0.006768159102648497,attack,no
2706,1,0,0.000709670374002994,-7.277878284454346,-0.027878249064087868,attack,no
2707,1,0,0.00043055705086268497,-7.761762619018555,-0.011762548238039017,attack,no
2708,1,0,0.0013250224258398783,-6.628871440887451,-0.003871447406709194,attack,no
2709,1,0,0.005911068374657587,-5.135128021240234,-0.010127939283847809,attack,no
2710,1,0,0.0015011825401222054,-6.506196975708008,-0.0061971647664904594,attack,no
2711,1,0,0.0017007223592547856,-6.380673408508301,-0.005673377774655819,attack,no
2712,1,0,0.0010322310365147324,-6.878779888153076,-0.0037798879202455282,attack,no
2713,1,0,0.0017007220983522983,-6.389969348907471,-0.01496916450560093,attack,no
2714,1,0,0.06754668738548215,-2.704758644104004,-0.07975858449935913,attack,no
2715,1,0,0.005220124557041503,-5.258358478546143,-0.008358259685337543,attack,no
2716,1,0,0.0008040859483496765,-7.13309907913208,-0.008099094964563847,attack,no
2717,1,0,0.0013250226224058089,-6.628113269805908,-0.0031134248711168766,attack,no
2718,1,0,0.0075772430187070975,-4.884224891662598,-0.00922512449324131,attack,no
2719,1,0,0.0004878571700118603,-7.655697345733643,-0.030697442591190338,attack,no
2720,1,0,0.0011695101219943737,-6.755562782287598,-0.005562659818679094,attack,no
2721,1,0,0.000804086117082605,-7.129656791687012,-0.004657017532736063,attack,no
2722,1,0,0.003593602614767851,-5.636292934417725,-0.011292943730950356,attack,no
2723,1,0,0.0008040859318879294,-7.127442359924316,-0.002442355267703533,attack,no
2724,1,0,0.004609573115207237,-5.385944843292236,-0.010945047251880169,attack,no
2725,1,0,0.0028009267369094627,-5.880744934082031,-0.0057448516599833965,attack,no
2726,1,0,0.0024726231669717955,-6.005667209625244,-0.005667213816195726,attack,no
2727,1,0,0.0005527785481670704,-7.505483627319336,-0.005483466666191816,attack,no
2728,1,0,0.00033535012718822674,-8.005773544311523,-0.005773534532636404,attack,no
2729,1,0,0.0013250222662456175,-6.629444122314453,-0.004444008227437735,attack,no
2730,1,0,0.004609571929391445,-5.381748676300049,-0.006748621817678213,attack,no
2731,1,0,0.0017007222928432395,-6.38699197769165,-0.011991907842457294,attack,no
2732,1,0,0.0002959570596430636,-8.130637168884277,-0.005636986810714006,attack,no
2733,1,0,0.0031726822475111045,-5.759410381317139,-0.0094101931899786,attack,no
2734,1,0,0.0007096703923308422,-7.252187252044678,-0.0021872424986213446,attack,no
2735,1,0,0.001325022519809481,-6.628061294555664,-0.0030613720882683992,attack,no
2736,1,0,0.0046095724528596406,-5.386129856109619,-0.011129915714263916,attack,no
2737,1,0,0.0009110511628234657,-7.002198696136475,-0.002198661444708705,attack,no
2738,1,0,0.0007096703347054468,-7.256858825683594,-0.006858734879642725,attack,no
2739,1,0,0.006692851419603695,-5.0156779289245605,-0.015678003430366516,attack,no
2740,1,0,0.0006263340222812024,-7.384600639343262,-0.009600422345101833,attack,no
2741,1,0,0.0035936033784316726,-5.630976676940918,-0.005976899527013302,attack,no
2742,1,0,0.002800926803241591,-5.883005142211914,-0.008005083538591862,attack,no
2743,1,0,0.0004305570793205405,-7.755834102630615,-0.005834097974002361,attack,no
2744,1,0,0.007577242738571665,-4.900910377502441,-0.025910573080182076,attack,no
2745,1,0,0.0024726235953839277,-6.0084943771362305,-0.00849455501884222,attack,no
2746,1,0,0.000379984469559834,-7.878779888153076,-0.0037797691766172647,attack,no
2747,1,0,0.0009110513825921811,-7.006475448608398,-0.006475655362010002,attack,no
2748,1,0,0.0035936026414460608,-5.631319522857666,-0.006319539621472359,attack,no
2749,1,0,0.006692849915072835,-5.0105814933776855,-0.010581341572105885,attack,no
2750,1,0,0.008577485223634738,-4.762809753417969,-0.01280973106622696,attack,no
2751,1,0,0.0075772412328438885,-4.884713649749756,-0.009713645093142986,attack,no
2752,1,0,0.0028009263037997232,-5.8798298835754395,-0.004829646088182926,attack,no
2753,1,0,0.0017007224699407012,-6.383140563964844,-0.00814059842377901,attack,no
2754,1,0,0.003593602688132928,-5.633946895599365,-0.008946925401687622,attack,no
2755,1,0,0.014063628257121215,-4.266770362854004,-0.01677045039832592,attack,no
2756,1,0,0.00037998454897753497,-7.876708030700684,-0.0017081208061426878,attack,no
2757,1,0,0.11920292828022305,-2.1406445503234863,-0.1406446099281311,attack,no
2758,1,0,0.0013250224942374246,-6.628502368927002,-0.0035024271346628666,attack,no
2759,1,0,0.022977368990089356,-3.7891199588775635,-0.039119917899370193,attack,no
2760,1,0,0.32082130731838393,-1.1784478425979614,-0.4284478724002838,attack,no
2761,1,0,0.18242552825126704,-1.7655730247497559,-0.26557305455207825,attack,no
2762,1,0,0.005911068779627806,-5.132493495941162,-0.007493482902646065,attack,no
2763,1,0,0.0031726824021454476,-5.7550506591796875,-0.005050519946962595,attack,no
2764,1,0,0.022977370119102045,-3.7801289558410645,-0.0301289651542902,attack,no
2765,1,0,0.005911067783620022,-5.137428283691406,-0.012428101152181625,attack,no
2766,1,0,0.0028009268240516707,-5.8838090896606445,-0.008809038437902927,attack,no
2767,1,0,0.002472623717131089,-6.013519287109375,-0.013519514352083206,attack,no
2768,1,0,0.0007096703815983184,-7.2577290534973145,-0.007729028817266226,attack,no
2769,1,0,0.03308597588599003,-3.4138660430908203,-0.038865964859724045,attack,no
2770,1,0,0.0024726227661251215,-6.003726959228516,-0.0037268009036779404,attack,no
2771,1,0,0.0007096705614093937,-7.25253963470459,-0.0025398635771125555,attack,no
2772,1,0,0.0031726833976962556,-5.755465507507324,-0.005465683061629534,attack,no
2773,1,0,0.03308598041471092,-3.413548231124878,-0.038548294454813004,attack,no
2774,1,0,0.00048785710893128,-7.630371570587158,-0.005371542181819677,attack,no
2775,1,0,0.0009110512723899257,-7.00397253036499,-0.003972616046667099,attack,no
2776,1,0,0.3486451421018059,-1.0769824981689453,-0.4519825279712677,attack,no
2777,1,0,0.3208213138121609,-1.1504180431365967,-0.40041810274124146,attack,no
2778,1,0,0.16451646699291617,-1.8234927654266357,-0.19849279522895813,attack,no
2779,1,0,0.00103223117216386,-6.879851818084717,-0.004851949401199818,attack,no
2780,1,0,0.00048785717443963495,-7.628783226013184,-0.0037833319511264563,attack,no
2781,1,0,0.001700722396413628,-6.378453254699707,-0.0034532458521425724,attack,no
2782,1,0,0.010986941082238638,-4.51318359375,-0.013183451257646084,attack,no
2783,1,0,0.0021827163560966365,-6.133464336395264,-0.008464295417070389,attack,no
2784,1,0,0.0035936027348197944,-5.635324478149414,-0.010324520990252495,attack,no
2785,1,1,0.7057850340255386,-0.39121493697166443,-1.2662149667739868,attack,yes
2786,1,0,0.020332353120047154,-3.9026784896850586,-0.0276784785091877,attack,no
2787,1,0,0.0008040858899853016,-7.134852409362793,-0.009852352552115917,attack,no
2788,1,0,0.0010322311267874243,-6.878390312194824,-0.003390399506315589,attack,no
2789,1,0,0.002182716652239547,-6.133103847503662,-0.00810394249856472,attack,no
2790,1,0,0.004609571202945886,-5.3812994956970215,-0.006299282889813185,attack,no
2791,1,0,0.0013250226914195593,-6.630191802978516,-0.005192010197788477,attack,no
2792,1,0,0.24508500761839525,-1.423940658569336,-0.29894062876701355,attack,no
2793,1,0,0.0017007220319407623,-6.387181282043457,-0.012181058526039124,attack,no
2794,1,0,0.02297736945005748,-3.7785072326660156,-0.028507212176918983,attack,no
2795,1,0,0.006692850168923696,-5.008472919464111,-0.008472805842757225,attack,no
2796,1,0,0.24508501313237172,-1.435552716255188,-0.310552716255188,attack,no
2797,1,0,0.0031726822033298647,-5.754944324493408,-0.0049441223964095116,attack,no
2798,1,0,0.014063628463738369,-4.269763469696045,-0.01976357214152813,attack,no
2799,1,0,0.005911068995794352,-5.1320977210998535,-0.007097744848579168,attack,no
2800,1,0,0.020332354121799366,-3.901610851287842,-0.02661089040338993,attack,no
2801,1,0,0.0031726830913728966,-5.755819797515869,-0.005819876212626696,attack,no
2802,1,0,0.24508501864634827,-1.4234706163406372,-0.2984706461429596,attack,no
2803,1,0,0.0035936020945428076,-5.638343811035156,-0.013343675062060356,attack,no
2804,1,0,0.001169510304220545,-6.7557454109191895,-0.005745444446802139,attack,no
2805,1,0,0.02931222863144092,-3.5364363193511963,-0.03643624484539032,attack,no
2806,1,0,0.008577485999783523,-4.766707897186279,-0.01670796610414982,attack,no
2807,1,0,0.022977370077286757,-3.7827277183532715,-0.03272772580385208,attack,no
2808,1,0,0.005220125219606641,-5.260519504547119,-0.010519413277506828,attack,no
2809,1,0,0.0035936029182324944,-5.638219356536865,-0.01321945060044527,attack,no
2810,1,0,0.03308597910376534,-3.417856454849243,-0.042856477200984955,attack,no
2811,1,0,0.00048785704830483806,-7.634381294250488,-0.009381141513586044,attack,no
2812,1,0,0.11920291576401235,-2.1323158740997314,-0.13231581449508667,attack,no
2813,1,0,0.02033235430730904,-3.897636890411377,-0.022636938840150833,attack,no
2814,1,0,0.0028009265119004908,-5.881403923034668,-0.006403760053217411,attack,no
2815,1,0,0.002800927597926621,-5.880323886871338,-0.005324112717062235,attack,no
2816,1,0,0.08509903804604459,-2.4715025424957275,-0.09650245308876038,attack,no
2817,1,0,0.0019267343843863895,-6.253133296966553,-0.003133151913061738,attack,no
2818,1,0,0.4378234991142019,-0.8580005764961243,-0.6080005764961243,attack,no
2819,1,0,0.18242553047372242,-1.7131105661392212,-0.21311061084270477,attack,no
2820,1,0,0.04742587115801275,-3.056607246398926,-0.0566072016954422,attack,no
2821,1,0,0.007577242080253438,-4.887337684631348,-0.012337792664766312,attack,no
2822,1,0,0.042087725512577126,-3.17280650138855,-0.04780644178390503,attack,no
2823,1,0,0.3486451285660856,-1.077051043510437,-0.4520510137081146,attack,no
2824,1,0,0.04742587031653194,-3.0561017990112305,-0.056101735681295395,attack,no
2825,1,0,0.0021827168824602623,-6.13163948059082,-0.006639681290835142,attack,no
2826,1,0,0.017986212133449052,-4.025913238525391,-0.025913361459970474,attack,no
2827,1,0,0.014063626991591189,-4.274847030639648,-0.02484702691435814,attack,no
2828,1,0,0.005220125064846893,-5.257848262786865,-0.007848141714930534,attack,no
2829,1,0,0.002472623237033828,-6.011943817138672,-0.011943849734961987,attack,no
2830,1,0,0.002182716571104499,-6.130082130432129,-0.005082188174128532,attack,no
2831,1,0,0.02297736752655447,-3.7763006687164307,-0.026300562545657158,attack,no
2832,1,0,0.06008664596619963,-2.8190155029296875,-0.06901542842388153,attack,no
2833,1,0,0.003172682151785086,-5.755113124847412,-0.005112906452268362,attack,no
2834,1,0,0.008577485698827865,-4.760586261749268,-0.010586295276880264,attack,no
2835,1,0,0.16451645880021026,-1.8266823291778564,-0.20168229937553406,attack,no
2836,1,1,0.5621765008857981,-0.6316628456115723,-0.8816628456115723,attack,yes
2837,1,0,0.02595735456051482,-3.6616549491882324,-0.036654844880104065,attack,no
2838,1,0,0.00857748533451313,-4.762937545776367,-0.012937536463141441,attack,no
2839,1,0,0.005911068495054135,-5.134409427642822,-0.009409366175532341,attack,no
2840,1,0,0.4378234991142019,-0.8322713375091553,-0.5822713375091553,attack,no
2841,1,0,0.002182716680636815,-6.132284164428711,-0.007284272462129593,attack,no
2842,1,0,0.24508500761839525,-1.4403222799301147,-0.31532225012779236,attack,no
2843,1,0,0.006692851048114562,-5.010395526885986,-0.01039554551243782,attack,no
2844,1,0,0.10669059607594457,-2.2435741424560547,-0.11857416480779648,attack,no
2845,1,0,0.015906388475422514,-4.152728080749512,-0.027727873995900154,attack,no
2846,1,0,0.003172682114967388,-5.7598700523376465,-0.009869822300970554,attack,no
2847,1,0,0.2942149597859341,-1.2752702236175537,-0.40027016401290894,attack,no
2848,1,0,0.022977372168051135,-3.7794556617736816,-0.0294557623565197,attack,no
2849,1,0,0.0015011823886576878,-6.505005359649658,-0.005005447659641504,attack,no
2850,1,0,0.37754066879814546,-1.0061423778533936,-0.5061423778533936,attack,no
2851,1,1,0.5312093733737563,-0.6747666597366333,-0.7997666597366333,attack,yes
2852,1,0,0.5,-0.7046674489974976,-0.7046674489974976,attack,no
2853,1,0,0.037326884399142314,-3.291637897491455,-0.04163781553506851,attack,no
2854,1,0,0.0046095725682363115,-5.387087345123291,-0.012087429873645306,attack,no
2855,1,0,0.007577241190823584,-4.888155460357666,-0.013155450113117695,attack,no
2856,1,0,0.07585817532042316,-2.5909218788146973,-0.0909218117594719,attack,no
2857,1,0,0.16451646494473965,-1.8254514932632446,-0.20045150816440582,attack,no
2858,1,0,0.004609571730687207,-5.387980937957764,-0.012980840168893337,attack,no
2859,1,0,0.09534947132582737,-2.365943431854248,-0.11594350636005402,attack,no
2860,1,0,0.017986210652978004,-4.0226216316223145,-0.022621670737862587,attack,no
2861,1,0,0.01798620890931226,-4.02155876159668,-0.021558701992034912,attack,no
2862,1,0,0.014063626836628337,-4.2667059898376465,-0.01670597493648529,attack,no
2863,1,0,0.000911051184228131,-7.011157512664795,-0.011157501488924026,attack,no
2864,1,0,0.0600866476493228,-2.8203611373901367,-0.07036109268665314,attack,no
2865,1,1,0.5621765008857981,-0.6099522113800049,-0.8599522113800049,attack,yes
2866,1,0,0.00970847666950685,-4.6369547843933105,-0.011954803951084614,attack,no
2867,1,0,0.005911068516944417,-5.135125637054443,-0.010125579312443733,attack,no
2868,1,0,0.004609571401650101,-5.386235237121582,-0.011235067620873451,attack,no
2869,1,0,0.012431648440623664,-4.389039993286133,-0.014039796777069569,attack,no
2870,1,0,0.020332355642978747,-3.8995704650878906,-0.024570580571889877,attack,no
2871,1,0,0.014063626914109765,-4.267228126525879,-0.01722811721265316,attack,no
2872,1,0,0.0017007226739190508,-6.3830671310424805,-0.008067285642027855,attack,no
2873,1,0,0.0007096703773053088,-7.2525482177734375,-0.0025481870397925377,attack,no
2874,1,0,0.04208772536238702,-3.172692060470581,-0.04769199714064598,attack,no
2875,1,0,0.0024726231485948692,-6.005070686340332,-0.00507068308070302,attack,no
2876,1,0,0.13296424019782924,-2.0271825790405273,-0.15218257904052734,attack,no
2877,1,0,0.005220126046604121,-5.257108211517334,-0.007108279503881931,attack,no
2878,1,0,0.13296425394084313,-2.0253443717956543,-0.15034449100494385,attack,no
2879,1,0,0.014063626578356922,-4.272483825683594,-0.022483792155981064,attack,no
2880,1,0,0.0420877310696113,-3.1731793880462646,-0.048179466277360916,attack,no
2881,1,0,0.009708474986165875,-4.637736797332764,-0.012736641801893711,attack,no
2882,1,0,0.0011695100920766466,-6.756901741027832,-0.006901592947542667,attack,no
2883,1,0,0.006692849964604709,-5.011637210845947,-0.0116370664909482,attack,no
2884,1,0,0.0066928519334970285,-5.0107197761535645,-0.010719927959144115,attack,no
2885,1,0,0.2942149783515162,-1.2507805824279785,-0.3757806122303009,attack,no
2886,1,0,0.24508500210441886,-1.4167914390563965,-0.2917913794517517,attack,no
2887,1,0,0.002800926753817652,-5.879942893981934,-0.004942817613482475,attack,no
2888,1,0,0.29421497216298875,-1.2490031719207764,-0.37400317192077637,attack,no
2889,1,0,0.09534946297109421,-2.359006881713867,-0.1090068593621254,attack,no
2890,1,0,0.11920292045759123,-2.1332340240478516,-0.13323400914669037,attack,no
2891,1,0,0.060086648911665194,-2.8219993114471436,-0.07199928909540176,attack,no
2892,1,0,0.010986944998665253,-4.524842739105225,-0.02484295703470707,attack,no
2893,1,0,0.07585817270885642,-2.5824084281921387,-0.08240832388401031,attack,no
2894,1,0,0.32082130082460697,-1.150646448135376,-0.400646448135376,attack,no
2895,1,0,0.029312227359491745,-3.533844470977783,-0.03384435176849365,attack,no
2896,1,0,0.10669060317692272,-2.244955062866211,-0.1199551597237587,attack,no
2897,1,0,0.006692851800380076,-5.007693290710449,-0.007693422492593527,attack,no
2898,1,0,0.009708475254784096,-4.638510704040527,-0.013510576449334621,attack,no
2899,1,0,0.003593603155001629,-5.645733833312988,-0.020733993500471115,attack,no
2900,1,0,0.047425874692232355,-3.0522186756134033,-0.052218709141016006,attack,no
2901,1,0,0.0040701379877092995,-5.516608715057373,-0.01660878211259842,attack,no
2902,1,0,0.004070137489385165,-5.513843059539795,-0.013843003660440445,attack,no
2903,1,1,0.5312093733737563,-0.6745911240577698,-0.7995911240577698,attack,yes
2904,1,0,0.004070137021262546,-5.5102763175964355,-0.010276146233081818,attack,no
2905,1,0,0.06008665522337757,-2.8176066875457764,-0.06760677695274353,attack,no
2906,1,0,0.0046095722199697015,-5.381774425506592,-0.006774434354156256,attack,no
2907,1,0,0.014063627249862615,-4.270848751068115,-0.020848765969276428,attack,no
2908,1,0,0.00359360296992153,-5.631916046142578,-0.006916154641658068,attack,no
2909,1,0,0.0293122296913986,-3.5422463417053223,-0.04224630445241928,attack,no
2910,1,0,0.11920291576401235,-2.1357362270355225,-0.13573616743087769,attack,no
2911,1,0,0.00023050677929845693,-8.380623817443848,-0.005624066106975079,attack,no
2912,1,0,0.025957355502401233,-3.661583662033081,-0.03658359497785568,attack,no
2913,1,0,0.012431651241939954,-4.390972137451172,-0.015972169116139412,attack,no
2914,1,0,0.08509904442693891,-2.4708497524261475,-0.09584974497556686,attack,no
2915,1,0,0.008577485611709122,-4.7606096267700195,-0.010609650053083897,attack,no
2916,1,0,0.2689414330889798,-1.333317518234253,-0.3333175778388977,attack,no
2917,1,0,0.0015011826043375815,-6.509676933288574,-0.009677165187895298,attack,no
2918,1,0,0.5,-0.7022039890289307,-0.7022039890289307,attack,no
2919,1,0,0.0010322310187482996,-6.877447605133057,-0.0024475876707583666,attack,no
2920,1,0,0.29421496597446145,-1.241559624671936,-0.36655959486961365,attack,no
2921,1,0,0.0066928520635182375,-5.013195514678955,-0.013195686042308807,attack,no
2922,1,0,0.04208772941751998,-3.1777143478393555,-0.05271438509225845,attack,no
2923,1,0,0.1066905825840872,-2.2471303939819336,-0.12213027477264404,attack,no
2924,1,0,0.05340333130637379,-2.9400949478149414,-0.0650949776172638,attack,no
2925,1,0,0.00669285011939182,-5.015885353088379,-0.015885232016444206,attack,no
2926,1,0,0.04742587435564,-3.060399055480957,-0.06039908155798912,attack,no
2927,1,0,0.01590639308217917,-4.147378444671631,-0.022378532215952873,attack,no
2928,1,0,0.3486451488696663,-1.0677523612976074,-0.4427524209022522,attack,no
2929,1,0,0.4378234991142019,-0.8500428795814514,-0.6000428795814514,attack,no
2930,1,0,0.005220124827871039,-5.257289409637451,-0.007289242930710316,attack,no
2931,1,0,0.015906391361934443,-4.14727783203125,-0.02227780967950821,attack,no
2932,1,0,0.0031726826392514547,-5.754718780517578,-0.0047187162563204765,attack,no
2933,1,0,0.009708478146907411,-4.6373515129089355,-0.012351686134934425,attack,no
2934,1,0,0.5,-0.7219171524047852,-0.7219171524047852,attack,no
2935,1,0,0.000552778537619194,-7.508508682250977,-0.008508502505719662,attack,no
2936,1,0,0.07585817897661679,-2.5866167545318604,-0.08661673963069916,attack,no
2937,1,0,0.4073334000459302,-0.9218202233314514,-0.5468202233314514,attack,no
2938,1,0,0.0015011820040635206,-6.507823944091797,-0.00782377552241087,attack,no
2939,1,1,0.6224593312018546,-0.5285356044769287,-1.0285356044769287,attack,yes
2940,1,0,0.007577240007251732,-4.894140243530273,-0.019140075892210007,attack,no
2941,1,0,0.10669060530721626,-2.241913318634033,-0.11691343784332275,attack,no
2942,1,0,0.11920292358664389,-2.1300978660583496,-0.1300978809595108,attack,no
2943,1,0,0.017986211278065763,-4.024753570556641,-0.024753645062446594,attack,no
2944,1,0,0.24508501864634827,-1.4120017290115356,-0.28700175881385803,attack,no
2945,1,0,0.20181322226037882,-1.606296181678772,-0.23129618167877197,attack,no
2946,1,0,0.03732688975366457,-3.291344404220581,-0.04134447127580643,attack,no
2947,1,0,0.03308597767364294,-3.411524772644043,-0.03652475029230118,attack,no
2948,1,0,0.009708477842473338,-4.640522003173828,-0.015522144734859467,attack,no
2949,1,0,0.2018132198600306,-1.6172915697097778,-0.24229155480861664,attack,no
2950,1,0,0.26894141551050293,-1.3201522827148438,-0.32015225291252136,attack,no
2951,1,0,0.4073334000459302,-0.9127217531204224,-0.5377217531204224,attack,no
2952,1,0,0.022977370286363184,-3.7784605026245117,-0.028460519388318062,attack,no
2953,1,0,0.0035936024330225553,-5.631157398223877,-0.006157356780022383,attack,no
2954,1,0,0.13296424878721277,-2.033094882965088,-0.15809495747089386,attack,no
2955,1,0,0.11920291732853862,-2.1464951038360596,-0.146495059132576,attack,no
2956,1,0,0.012431651836505124,-4.392126560211182,-0.017126640304923058,attack,no
2957,1,0,0.005220125030993199,-5.260144233703613,-0.010144106112420559,attack,no
2958,1,0,0.22270014914315833,-1.509131669998169,-0.2591317296028137,attack,no
2959,1,0,0.01098694082923955,-4.516587257385254,-0.016587091609835625,attack,no
2960,1,0,0.14804719239327382,-1.9279794692993164,-0.17797942459583282,attack,no
2961,1,0,0.004609572076817176,-5.382526397705078,-0.007526375353336334,attack,no
2962,1,0,0.017986207461740823,-4.031970977783203,-0.03197083622217178,attack,no
2963,1,0,0.02931223255328453,-3.5402567386627197,-0.0402568019926548,attack,no
2964,1,0,0.22270014914315833,-1.5244309902191162,-0.274431049823761,attack,no
2965,1,0,0.4073334000459302,-0.9638718962669373,-0.5888718962669373,attack,no
2966,1,1,0.731058584489497,-0.36205777525901794,-1.3620578050613403,attack,yes
2967,1,0,0.009708475183152569,-4.638254642486572,-0.013254507444798946,attack,no
2968,1,0,0.0015011822246293104,-6.509666442871094,-0.009666421450674534,attack,no
2969,1,0,0.37754066879814546,-1.0036524534225464,-0.5036524534225464,attack,no
2970,1,0,0.13296425222296632,-2.022742509841919,-0.1477426141500473,attack,no
2971,1,0,0.014063626939936907,-4.267289638519287,-0.017289631068706512,attack,no
2972,1,0,0.46879062662624377,-0.7715308666229248,-0.6465308666229248,attack,no
2973,1,0,0.009708476329257056,-4.638308048248291,-0.013308032415807247,attack,no
2974,1,0,0.22270013882530884,-1.505355715751648,-0.25535571575164795,attack,no
2975,1,0,0.004609571734960417,-5.384387969970703,-0.009387873113155365,attack,no
2976,1,0,0.2942149597859341,-1.2359435558319092,-0.3609434962272644,attack,no
2977,1,0,0.06754669301670263,-2.7020177841186523,-0.07701781392097473,attack,no
2978,1,0,0.00359360194114313,-5.631350517272949,-0.006350338459014893,attack,no
2979,1,0,0.0017007227735363927,-6.382318496704102,-0.0073187099769711494,attack,no
2980,1,0,0.000911051144809639,-7.005842685699463,-0.005842631217092276,attack,no
2981,1,1,0.651354857898194,-0.4844924509525299,-1.1094924211502075,attack,yes
2982,1,0,0.0052201262400538425,-5.259004592895508,-0.009004698134958744,attack,no
2983,1,1,0.5926665999540697,-0.5322482585906982,-0.9072482585906982,attack,yes
2984,1,0,0.015906392761455564,-4.145173072814941,-0.02017313987016678,attack,no
2985,1,0,0.03732688814730781,-3.2961466312408447,-0.04614665359258652,attack,no
2986,1,0,0.26894141551050293,-1.3266113996505737,-0.32661136984825134,attack,no
2987,1,0,0.02033235471543033,-3.905521869659424,-0.03052193857729435,attack,no
2988,1,0,0.3208212878370535,-1.1726491451263428,-0.422649085521698,attack,no
2989,1,0,0.0035936031616711824,-5.637090682983398,-0.01209084503352642,attack,no
2990,1,0,0.004609572046904709,-5.3849334716796875,-0.009933442808687687,attack,no
2991,1,1,0.7981867729389246,-0.27720704674720764,-1.6522070169448853,attack,yes
2992,1,0,0.22270013882530884,-1.5186024904251099,-0.26860249042510986,attack,no
2993,1,0,0.06754669630158146,-2.6994564533233643,-0.07445653527975082,attack,no
2994,1,1,0.5312093733737563,-0.6536710262298584,-0.7786710262298584,attack,yes
2995,1,0,0.37754067580180184,-0.9833526611328125,-0.4833526909351349,attack,no
2996,1,1,0.5621765008857981,-0.6469781994819641,-0.8969781994819641,attack,yes
2997,1,0,0.01798621259404007,-4.021810054779053,-0.021810203790664673,attack,no
2998,1,1,0.798186768138228,-0.2614193558692932,-1.6364192962646484,attack,yes
2999,1,0,0.24508500761839525,-1.418455958366394,-0.29345592856407166,attack,no
3000,0,0,0.3208212878370535,-1.320286750793457,-0.5702866911888123,attack,no
3001,0,0,0.008577485540430151,-4.8331403732299805,-0.08314038813114166,attack,no
3002,0,0,0.06754668550840877,-2.843451738357544,-0.21845164895057678,attack,no
3003,0,0,0.006692851345305867,-5.037511825561523,-0.03751188889145851,attack,no
3004,0,0,0.0002959571157174767,-8.196590423583984,-0.07159043103456497,attack,no
3005,0,0,0.0013250222742561399,-6.665639400482178,-0.04063929244875908,attack,no
3006,0,0,0.0031726825773977126,-5.778918743133545,-0.028918659314513206,attack,no
3007,0,0,0.022977371248114782,-3.9458134174346924,-0.19581347703933716,attack,no
3008,0,0,0.017986207790734322,-4.047671318054199,-0.04767119511961937,attack,no
3009,0,0,0.007577242332375306,-4.9548420906066895,-0.0798422321677208,attack,no
3010,0,0,0.003593601754395705,-5.702881336212158,-0.0778811052441597,attack,no
3011,0,0,0.0028009275498032983,-5.982682704925537,-0.10768291354179382,attack,no
3012,0,0,0.02033235096813516,-3.965576171875,-0.09057605266571045,attack,no
3013,0,0,0.00970847519210651,-4.73511266708374,-0.11011253297328949,attack,no
3014,0,0,0.0021827160112727504,-6.153356552124023,-0.02835635282099247,attack,no
3015,0,0,0.014063626630011202,-4.393511772155762,-0.14351174235343933,attack,no
3016,0,0,0.0019267342621537913,-6.297739028930664,-0.04773882031440735,attack,no
3017,0,0,0.0021827165427072332,-6.1781134605407715,-0.053113505244255066,attack,no
3018,0,0,0.0021827165427072332,-6.159450531005859,-0.03445057570934296,attack,no
3019,0,0,0.003593603181679843,-5.644920825958252,-0.019920993596315384,attack,no
3020,0,0,0.015906388912772775,-4.388469696044922,-0.26346951723098755,attack,no
3021,0,0,0.0017007226201573129,-6.4120330810546875,-0.03703320398926735,attack,no
3022,0,0,0.0035936026948024803,-5.654040336608887,-0.029040368273854256,attack,no
3023,0,0,0.0040701384407312935,-5.63920783996582,-0.13920801877975464,attack,no
3024,0,0,0.11920292515117029,-2.2373149394989014,-0.23731496930122375,attack,no
3025,0,0,0.0002305067769375634,-8.414655685424805,-0.03965592384338379,attack,no
3026,0,0,0.16451647108926923,-1.979121446609497,-0.35412150621414185,attack,no
3027,0,0,0.0035936023546553203,-5.671196460723877,-0.04619639739394188,attack,no
3028,0,0,0.0017007220192909462,-6.441549777984619,-0.06654954701662064,attack,no
3029,0,0,0.00280092632200854,-5.964176654815674,-0.08917642384767532,attack,no
3030,0,0,0.0007096702564405903,-7.30063533782959,-0.05063513666391373,attack,no
3031,0,0,0.0015011821562259924,-6.530248165130615,-0.030248098075389862,attack,no
3032,0,0,0.0046095710854326425,-5.415994644165039,-0.04099440574645996,attack,no
3033,0,0,0.0009110511130205339,-7.050823211669922,-0.05082312226295471,attack,no
3034,0,0,0.007577240931698369,-4.901190757751465,-0.026190713047981262,attack,no
3035,0,0,0.24508501313237172,-1.7282179594039917,-0.6032179594039917,attack,no
3036,0,0,0.0031726822769652645,-5.918546676635742,-0.16854649782180786,attack,no
3037,0,0,0.0011695103956056209,-6.855330944061279,-0.10533105581998825,attack,no
3038,0,1,0.8354835330070839,-0.35814371705055237,-1.98314368724823,attack,yes
3039,0,0,0.029312232235297192,-3.6115541458129883,-0.11155419796705246,attack,no
3040,0,0,0.022977368906458788,-3.911808967590332,-0.16180892288684845,attack,no
3041,0,0,0.0040701367947516215,-5.529562473297119,-0.029562246054410934,attack,no
3042,0,0,0.0007096704889235645,-7.331501007080078,-0.08150113373994827,attack,no
3043,0,0,0.004070137142068378,-5.611289978027344,-0.11128983646631241,attack,no
3044,0,0,0.29421496597446145,-1.3487504720687866,-0.47375044226646423,attack,no
3045,0,0,0.002182716510253215,-6.201174736022949,-0.0761747658252716,attack,no
3046,0,0,0.0019267342764814216,-6.287146091461182,-0.037145890295505524,attack,no
3047,0,0,0.004070137897104907,-5.6369123458862305,-0.13691239058971405,attack,no
3048,0,0,0.13296423676207594,-2.1878185272216797,-0.3128184974193573,attack,no
3049,0,0,0.1329642436335826,-2.1409101486206055,-0.26591017842292786,attack,no
3050,0,0,0.042087729117139754,-3.2816219329833984,-0.15662196278572083,attack,no
3051,0,0,0.006692849933647288,-5.105400085449219,-0.10539993643760681,attack,no
3052,0,0,0.0052201248423797645,-5.424118995666504,-0.17411883175373077,attack,no
3053,0,0,0.003172682712886864,-5.808362007141113,-0.05836196616292,attack,no
3054,0,0,0.37754066879814546,-1.3606456518173218,-0.8606456518173218,attack,no
3055,0,0,0.16451645470385742,-1.9792735576629639,-0.3542734980583191,attack,no
3056,0,0,0.0015011821729778252,-6.5594000816345215,-0.05940002575516701,attack,no
3057,0,0,0.029312230327373224,-3.6358301639556885,-0.13583014905452728,attack,no
3058,0,0,0.01098694125427802,-4.589048862457275,-0.08904873579740524,attack,no
3059,0,0,0.000261190393997913,-8.289539337158203,-0.03953962400555611,attack,no
3060,0,0,0.06008664933244599,-2.8860814571380615,-0.13608144223690033,attack,no
3061,0,0,0.0015011820054595065,-6.5373430252075195,-0.0373428575694561,attack,no
3062,0,0,0.0002611903122864301,-8.289313316345215,-0.039313290268182755,attack,no
3063,0,0,0.5,-0.8516632914543152,-0.8516632914543152,attack,no
3064,0,0,0.017986206145766886,-4.069607257843018,-0.06960704177618027,attack,no
3065,0,0,0.04208773031866069,-3.25362491607666,-0.12862497568130493,attack,no
3066,0,0,0.0024726231382578485,-6.0867719650268555,-0.08677195757627487,attack,no
3067,0,0,0.0019267349355525226,-6.355623245239258,-0.10562338680028915,attack,no
3068,0,0,0.0059110694472814685,-5.162052631378174,-0.03705273196101189,attack,no
3069,0,0,0.2942149597859341,-1.4790380001068115,-0.6040379405021667,attack,no
3070,0,1,0.9241418241572634,-0.1811630129814148,-2.6811630725860596,attack,yes
3071,0,0,0.18242552825126704,-1.9161608219146729,-0.41616085171699524,attack,no
3072,0,0,0.0006263342548797565,-7.4036736488342285,-0.028673803433775902,attack,no
3073,0,0,0.006692850305136358,-5.060972690582275,-0.06097259745001793,attack,no
3074,0,0,0.0028009272064369135,-5.9226155281066895,-0.04761561378836632,attack,no
3075,0,0,0.0015011819607879582,-6.523177623748779,-0.02317742630839348,attack,no
3076,0,0,0.0024726225961385863,-6.0376410484313965,-0.03764082118868828,attack,no
3077,0,0,0.0028009269567159326,-5.920045852661133,-0.045045848935842514,attack,no
3078,0,0,0.002472623524173327,-6.07804536819458,-0.07804551720619202,attack,no
3079,0,1,0.7057850278370112,-0.5571877956390381,-1.432187795639038,attack,yes
3080,0,0,0.0015011823851677224,-6.53395938873291,-0.03395947441458702,attack,no
3081,0,0,0.0013250224960860068,-6.677828311920166,-0.05282837152481079,attack,no
3082,0,0,0.0013250224467904776,-6.645431041717529,-0.020431064069271088,attack,no
3083,0,0,0.2942149845400438,-1.4203369617462158,-0.5453370213508606,attack,no
3084,0,0,0.0035936022212642864,-5.6698899269104,-0.04488982632756233,attack,no
3085,0,0,0.0009110512961257951,-7.115823745727539,-0.11582385748624802,attack,no
3086,0,0,0.0007096702300220753,-7.431817054748535,-0.18181681632995605,attack,no
3087,0,0,0.004070137413881512,-5.5627875328063965,-0.06278745830059052,attack,no
3088,0,0,0.0024726227707193528,-6.047990798950195,-0.04799064248800278,attack,no
3089,0,0,0.24508501313237172,-1.5813391208648682,-0.45633912086486816,attack,no
3090,0,0,0.00048785716637881444,-7.67540168762207,-0.050401777029037476,attack,no
3091,0,0,0.002472622802878969,-6.0129570960998535,-0.012956952676177025,attack,no
3092,0,0,0.0011695101345054232,-6.846405029296875,-0.09640491753816605,attack,no
3093,0,0,0.002182716461572189,-6.16895055770874,-0.04395056515932083,attack,no
3094,0,0,0.2018132270610754,-1.7382925748825073,-0.3632926046848297,attack,no
3095,0,0,0.0028009274873730438,-5.94610595703125,-0.07110614329576492,attack,no
3096,0,0,0.009708475765158738,-4.707770824432373,-0.08277074992656708,attack,no
3097,0,0,0.0019267346919827415,-6.297612190246582,-0.047612205147743225,attack,no
3098,0,0,0.0015011820361711969,-6.526498317718506,-0.02649817056953907,attack,no
3099,0,0,0.0035936018344303144,-5.638577938079834,-0.01357772946357727,attack,no
3100,0,0,0.001169510173670449,-6.795462131500244,-0.04546205326914787,attack,no
3101,0,0,0.14804719051380197,-2.0551459789276123,-0.30514591932296753,attack,no
3102,0,0,0.22270013882530884,-1.63229238986969,-0.38229238986968994,attack,no
3103,0,0,0.00280092717522179,-5.965410232543945,-0.09041030704975128,attack,no
3104,0,0,0.002182716260762969,-6.138938903808594,-0.01393881905823946,attack,no
3105,0,0,0.0007096705576117306,-7.31460428237915,-0.0646045058965683,attack,no
3106,0,0,0.06754668926255561,-2.775614023208618,-0.15061399340629578,attack,no
3107,0,0,0.0021827169564960034,-6.174739360809326,-0.049739595502614975,attack,no
3108,0,0,0.0007096704347655922,-7.272859573364258,-0.022859623655676842,attack,no
3109,0,0,0.5,-0.9172836542129517,-0.9172836542129517,attack,no
3110,0,0,0.0006263342816956354,-7.407205104827881,-0.03220530226826668,attack,no
3111,0,0,0.0017007227529804328,-6.4285478591918945,-0.05354806035757065,attack,no
3112,0,0,0.00247262333121558,-6.019348621368408,-0.019348692148923874,attack,no
3113,0,1,0.5926665999540697,-0.8271219730377197,-1.2021219730377197,attack,yes
3114,0,1,0.5926666143433998,-0.6804720759391785,-1.0554721355438232,attack,yes
3115,0,0,0.014063630142502889,-4.341563701629639,-0.09156392514705658,attack,no
3116,0,0,0.0013250222594674832,-6.6541748046875,-0.02917468547821045,attack,no
3117,0,0,0.4378234991142019,-1.2096861600875854,-0.9596861600875854,attack,no
3118,0,0,0.001926734229916624,-6.276805877685547,-0.026805652305483818,attack,no
3119,0,0,0.001032231054041079,-6.9001007080078125,-0.025100724771618843,attack,no
3120,0,0,0.04208773212094217,-3.297985076904297,-0.17298518121242523,attack,no
3121,0,0,0.04742586846527418,-3.145601749420166,-0.14560164511203766,attack,no
3122,0,0,0.04742587452393617,-3.14330792427063,-0.14330795407295227,attack,no
3123,0,0,0.0015011823628319422,-6.553613185882568,-0.05361325666308403,attack,no
3124,0,0,0.0002959570705272854,-8.164417266845703,-0.039417121559381485,attack,no
3125,0,0,0.00043055711659632594,-7.790556907653809,-0.04055698961019516,attack,no
3126,0,0,0.06008665101556925,-2.908343553543091,-0.15834356844425201,attack,no
3127,0,0,0.20181321265898594,-1.7556915283203125,-0.3806914687156677,attack,no
3128,0,0,0.0004878570573874506,-7.74048376083374,-0.11548362672328949,attack,no
3129,0,0,0.0035936023146380092,-5.776952266693115,-0.15195219218730927,attack,no
3130,0,0,0.0013250226538317129,-6.684553623199463,-0.05955380201339722,attack,no
3131,0,0,0.015906388329639098,-4.235951900482178,-0.11095168441534042,attack,no
3132,0,0,0.001501182239985158,-6.53593635559082,-0.03593634441494942,attack,no
3133,0,0,0.006692852459773374,-5.07279109954834,-0.07279133051633835,attack,no
3134,0,0,0.0008040859924970913,-7.1627726554870605,-0.03777272626757622,attack,no
3135,0,0,0.16451646699291617,-1.906285047531128,-0.2812850773334503,attack,no
3136,0,0,0.0010322312768417828,-6.891839027404785,-0.01683926023542881,attack,no
3137,0,0,0.0019267346310903012,-6.280528545379639,-0.03052852861583233,attack,no
3138,0,0,0.0017007224873342032,-6.422525882720947,-0.04752592742443085,attack,no
3139,0,0,0.001926734229916624,-6.265749931335449,-0.015749705955386162,attack,no
3140,0,0,0.0010322310598031657,-6.967679023742676,-0.09267904609441757,attack,no
3141,0,0,0.047425867792089564,-3.211566925048828,-0.21156680583953857,attack,no
3142,0,0,0.0028009272376520377,-5.915743350982666,-0.040743447840213776,attack,no
3143,0,0,0.02297737057907019,-3.8443775177001953,-0.0943775475025177,attack,no
3144,0,0,0.009708476051684862,-4.72625732421875,-0.10125727951526642,attack,no
3145,0,0,0.0021827164453451808,-6.1749982833862305,-0.04999828338623047,attack,no
3146,0,0,0.006692851171944271,-5.086973667144775,-0.08697370439767838,attack,no
3147,0,0,0.0017007220382656704,-6.416733741760254,-0.0417335219681263,attack,no
3148,0,0,0.0007096705681791412,-7.323848724365234,-0.07384896278381348,attack,no
3149,0,0,0.007577242388402388,-4.943413734436035,-0.0684138834476471,attack,no
3150,0,0,0.0013250221115809271,-6.678666591644287,-0.053666360676288605,attack,no
3151,0,0,0.022977370913592487,-3.8308167457580566,-0.08081679046154022,attack,no
3152,0,0,0.06008665438181589,-2.8835082054138184,-0.13350827991962433,attack,no
3153,0,0,0.0002611902111198678,-8.306037902832031,-0.05603748932480812,attack,no
3154,0,0,0.00407013821422029,-5.5377960205078125,-0.03779614344239235,attack,no
3155,0,0,0.003593602901558612,-5.681682586669922,-0.05668267607688904,attack,no
3156,0,0,0.0024726236344349032,-6.06021785736084,-0.060218051075935364,attack,no
3157,0,0,0.37754066879814546,-1.1129295825958252,-0.6129295825958252,attack,no
3158,0,0,0.01243165140201519,-4.5043816566467285,-0.1293817013502121,attack,no
3159,0,0,0.22270013882530884,-1.7571005821228027,-0.5071005821228027,attack,no
3160,0,0,0.003172683148808524,-5.8403520584106445,-0.09035215526819229,attack,no
3161,0,0,0.010986944654586371,-4.587181568145752,-0.08718175441026688,attack,no
3162,0,0,0.0007096702802172546,-7.300489902496338,-0.05048973485827446,attack,no
3163,0,0,0.0008040859356292355,-7.408445358276367,-0.2834453582763672,attack,no
3164,0,0,0.2942149597859341,-1.322582483291626,-0.4475824236869812,attack,no
3165,0,0,0.0015011821506420483,-6.542346477508545,-0.04234640672802925,attack,no
3166,0,0,0.06008665522337757,-2.9452247619628906,-0.1952248513698578,attack,no
3167,0,0,0.001032231236507169,-6.967589855194092,-0.09259004890918732,attack,no
3168,0,0,0.005911068068193657,-5.168126106262207,-0.04312597215175629,attack,no
3169,0,0,0.0009110512350907039,-7.051016807556152,-0.051016852259635925,attack,no
3170,0,0,0.001501182446591119,-6.548450469970703,-0.04845059663057327,attack,no
3171,0,0,0.11920292828022305,-2.2524399757385254,-0.25244003534317017,attack,no
3172,0,0,0.008577486997689203,-4.823653221130371,-0.07365340739488602,attack,no
3173,0,0,0.0474258704848281,-3.1437997817993164,-0.14379972219467163,attack,no
3174,0,0,0.4073334000459302,-1.0137100219726562,-0.6387100219726562,attack,no
3175,0,0,0.2689414096510108,-1.4474809169769287,-0.44748085737228394,attack,no
3176,0,0,0.00048785709735094785,-7.656416416168213,-0.03141636401414871,attack,no
3177,0,0,0.002472622678834738,-6.0755743980407715,-0.07557420432567596,attack,no
3178,0,0,0.005911068768682665,-5.185259819030762,-0.060259804129600525,attack,no
3179,0,0,0.18242551936144574,-1.9435861110687256,-0.4435860812664032,attack,no
3180,0,0,0.009708476553105604,-4.674523830413818,-0.049523837864398956,attack,no
3181,0,0,0.10669059394565118,-2.4727354049682617,-0.3477354049682617,attack,no
3182,0,0,0.007577241015738977,-4.912477016448975,-0.03747698292136192,attack,no
3183,0,0,0.0075772397551299425,-4.961236000061035,-0.08623579889535904,attack,no
3184,0,0,0.0004305570139877201,-7.843371868133545,-0.09337171167135239,attack,no
3185,0,0,0.022977372084420553,-3.8129115104675293,-0.06291160732507706,attack,no
3186,0,0,0.0010322308754164115,-6.926417827606201,-0.051417671144008636,attack,no
3187,0,0,0.18242551936144574,-1.895509123802185,-0.39550909399986267,attack,no
3188,0,0,0.04208773031866069,-3.2346880435943604,-0.10968810319900513,attack,no
3189,0,0,0.14804719051380197,-2.1653332710266113,-0.41533321142196655,attack,no
3190,0,0,0.1645164506075047,-2.1120686531066895,-0.4870685636997223,attack,no
3191,0,0,0.0009110513435975354,-7.066323280334473,-0.06632344424724579,attack,no
3192,0,1,0.5621765008857981,-0.7052924633026123,-0.9552924633026123,attack,yes
3193,0,0,0.002800926592539542,-5.937541484832764,-0.06254135072231293,attack,no
3194,0,0,0.0006263342793638198,-7.503871917724609,-0.1288721114397049,attack,no
3195,0,0,0.09534947261117097,-2.5067267417907715,-0.25672683119773865,attack,no
3196,0,0,0.002472623248519407,-6.030345439910889,-0.030345477163791656,attack,no
3197,0,0,0.0019267344197577288,-6.324408531188965,-0.0744084045290947,attack,no
3198,0,0,0.0052201254614187564,-5.384403228759766,-0.13440318405628204,attack,no
3199,0,0,0.007577241155806661,-4.930893898010254,-0.05589388310909271,attack,no
3200,0,0,0.0003353500255624525,-8.07187557220459,-0.07187525928020477,attack,no
3201,0,0,0.09534945461636171,-2.709836959838867,-0.45983684062957764,attack,no
3202,0,0,0.0013250225798884109,-6.671947479248047,-0.046947602182626724,attack,no
3203,0,0,0.46879062662624377,-1.0223617553710938,-0.8973617553710938,attack,no
3204,0,0,0.002182716680636815,-6.149460315704346,-0.02446042373776436,attack,no
3205,0,0,0.014063626836628337,-4.355205535888672,-0.10520552098751068,attack,no
3206,0,0,0.0015011820920106356,-6.529016971588135,-0.02901686169207096,attack,no
3207,0,0,0.015906393111335862,-4.281036853790283,-0.15603694319725037,attack,no
3208,0,0,0.022977367902892003,-3.856537342071533,-0.10653725266456604,attack,no
3209,0,0,0.06008665101556925,-2.9035422801971436,-0.15354229509830475,attack,no
3210,0,0,0.0028009265717294646,-5.942834854125977,-0.06783471256494522,attack,no
3211,0,0,0.01590639299470909,-4.2251081466674805,-0.10010822862386703,attack,no
3212,0,0,0.18242552825126704,-1.81645929813385,-0.3164593279361725,attack,no
3213,0,0,0.007577240147319397,-4.953649044036865,-0.0786488950252533,attack,no
3214,0,0,0.00012339459804818067,-9.079850196838379,-0.07985037565231323,attack,no
3215,0,0,0.0021827159828754915,-6.172276020050049,-0.047275807708501816,attack,no
3216,0,0,0.09534946875514017,-2.455878973007202,-0.20587901771068573,attack,no
3217,0,0,0.010986941699556434,-4.549612522125244,-0.049612436443567276,attack,no
3218,0,0,0.005911069578623182,-5.154146194458008,-0.029146317392587662,attack,no
3219,0,0,0.16451645880021026,-1.9968664646148682,-0.3718664348125458,attack,no
3220,0,0,0.010986940687560063,-4.561380386352539,-0.061380207538604736,attack,no
3221,0,0,0.0003799844248984392,-7.8942484855651855,-0.019248249009251595,attack,no
3222,0,0,0.0021827162911886066,-6.18621826171875,-0.06121819093823433,attack,no
3223,0,0,0.0028009271440066668,-5.925286769866943,-0.05028683319687843,attack,no
3224,0,0,0.08509904152653235,-2.595721483230591,-0.22072143852710724,attack,no
3225,0,0,0.0004305570195991276,-7.774843215942383,-0.02484307251870632,attack,no
3226,0,0,0.0024726227523424295,-6.072741508483887,-0.07274134457111359,attack,no
3227,0,0,0.08509903804604459,-2.665601968765259,-0.2906018793582916,attack,no
3228,0,0,0.005220126738186909,-5.293818473815918,-0.043818674981594086,attack,no
3229,0,0,0.0040701385162349646,-5.550771713256836,-0.050771910697221756,attack,no
3230,0,0,0.0017007224746843838,-6.454092502593994,-0.07909253984689713,attack,no
3231,0,0,0.0021827159585349845,-6.202672004699707,-0.07767178118228912,attack,no
3232,0,0,0.005911069294049474,-5.230583190917969,-0.10558326542377472,attack,no
3233,0,0,0.00023050681728738293,-8.419898986816406,-0.04489940032362938,attack,no
3234,0,0,0.0007096703462635487,-7.322948455810547,-0.0729483813047409,attack,no
3235,0,0,0.0035936028215239795,-5.708779335021973,-0.08377940207719803,attack,no
3236,0,0,0.0017007227529804328,-6.4444403648376465,-0.0694405660033226,attack,no
3237,0,0,0.004070138380328358,-5.533029556274414,-0.033029720187187195,attack,no
3238,0,0,0.014063626268431226,-4.309247970581055,-0.05924791470170021,attack,no
3239,0,0,0.0010322310751687297,-6.957001686096191,-0.08200172334909439,attack,no
3240,0,0,0.007577241940185738,-4.945807456970215,-0.070807546377182,attack,no
3241,0,0,0.3208212878370535,-1.3018734455108643,-0.5518733859062195,attack,no
3242,0,0,0.0011695102563521749,-6.8236403465271,-0.07364033907651901,attack,no
3243,0,0,0.0010322311366309893,-6.910841941833496,-0.035842038691043854,attack,no
3244,0,0,0.0019267344054300975,-6.325738906860352,-0.07573877274990082,attack,no
3245,0,0,0.32082130731838393,-1.2462280988693237,-0.4962281286716461,attack,no
3246,0,0,0.002800926712197494,-5.906121253967285,-0.031121162697672844,attack,no
3247,0,0,0.001032231144313772,-6.981130599975586,-0.1061307042837143,attack,no
3248,0,0,0.002472623579304115,-6.079244136810303,-0.07924430817365646,attack,no
3249,0,0,0.007577241379914961,-5.023588180541992,-0.14858819544315338,attack,no
3250,0,0,0.014063625803542697,-4.316483497619629,-0.06648340821266174,attack,no
3251,0,0,0.0052201246876200265,-5.288670063018799,-0.03866986930370331,attack,no
3252,0,0,0.0011695102955172048,-6.768167495727539,-0.01816752180457115,attack,no
3253,0,0,0.00218271607212402,-6.161525726318359,-0.036525554955005646,attack,no
3254,0,1,0.679178699175393,-0.6846941709518433,-1.4346941709518433,attack,yes
3255,0,0,0.0007096704836398597,-7.294666290283203,-0.044666409492492676,attack,no
3256,0,0,0.000911051207963998,-7.045623779296875,-0.045623794198036194,attack,no
3257,0,0,0.006692851122412387,-5.057465076446533,-0.05746510624885559,attack,no
3258,0,0,0.01590639474411069,-4.188699722290039,-0.06369991600513458,attack,no
3259,0,0,0.0021827167698853724,-6.192450523376465,-0.06745067238807678,attack,no
3260,0,0,0.010986944776025976,-4.541868686676025,-0.04186888411641121,attack,no
3261,0,0,0.001032230986816738,-6.932816028594971,-0.05781598016619682,attack,no
3262,0,0,0.002800927341702454,-5.953211307525635,-0.07821144163608551,attack,no
3263,0,0,0.0009110510248587547,-7.040549278259277,-0.04054909199476242,attack,no
3264,0,0,0.0009110512011823215,-7.103683948516846,-0.1036839559674263,attack,no
3265,0,0,0.003172683231280196,-5.7896528244018555,-0.03965294733643532,attack,no
3266,0,0,0.008577486237380102,-4.855952739715576,-0.10595283657312393,attack,no
3267,0,0,0.001700722803579719,-6.427478790283203,-0.05247902125120163,attack,no
3268,0,0,0.001325022584817964,-6.678718090057373,-0.053718216717243195,attack,no
3269,0,0,0.0009110510655488055,-7.032040596008301,-0.03204045444726944,attack,no
3270,0,0,0.00407013842563056,-5.535989761352539,-0.03598993644118309,attack,no
3271,0,1,0.5621764862150634,-0.7658823132514954,-1.0158822536468506,attack,yes
3272,0,0,0.0013250221214400305,-6.7897539138793945,-0.16475369036197662,attack,no
3273,0,0,0.04742587788985982,-3.169584274291992,-0.16958437860012054,attack,no
3274,0,0,0.060086648490884395,-2.9886856079101562,-0.23868557810783386,attack,no
3275,0,0,0.01798620838292263,-4.131920337677002,-0.1319202482700348,attack,no
3276,0,0,0.2689414213699951,-1.5181690454483032,-0.5181690454483032,attack,no
3277,0,0,0.014063627456479755,-4.355015754699707,-0.10501578450202942,attack,no
3278,0,0,0.0013250222298901706,-6.684961795806885,-0.059961654245853424,attack,no
3279,0,0,0.0019267345200511502,-6.34394645690918,-0.09394638240337372,attack,no
3280,0,0,0.0008040859116848763,-7.183041572570801,-0.058041542768478394,attack,no
3281,0,0,0.0011695105435624257,-6.8230085372924805,-0.07300877571105957,attack,no
3282,0,0,0.0010322310751687297,-6.933538913726807,-0.058538950979709625,attack,no
3283,0,0,0.002800927024348696,-5.895338535308838,-0.020338555797934532,attack,no
3284,0,0,0.0015011822148574077,-6.519083499908447,-0.019083471968770027,attack,no
3285,0,0,0.0028009272376520377,-5.95081901550293,-0.07581911236047745,attack,no
3286,0,0,0.4073334000459302,-1.0648298263549805,-0.6898298263549805,attack,no
3287,0,0,0.001926734752875184,-6.262664794921875,-0.01266484148800373,attack,no
3288,0,0,0.0021827159828754915,-6.167338848114014,-0.04233863577246666,attack,no
3289,0,0,0.03308597886541159,-3.518846273422241,-0.1438462883234024,attack,no
3290,0,0,0.0373268852023206,-3.388488531112671,-0.13848847150802612,attack,no
3291,0,0,0.0004878571300483571,-7.741323471069336,-0.11632348597049713,attack,no
3292,0,0,0.01406362559692558,-4.403293609619141,-0.15329350531101227,attack,no
3293,0,0,0.0019267342478261613,-6.368607521057129,-0.1186073049902916,attack,no
3294,0,0,0.0019267342084251793,-6.271946430206299,-0.021946193650364876,attack,no
3295,0,1,0.6224593452091672,-0.71727055311203,-1.2172706127166748,attack,yes
3296,0,0,0.0013250221214400305,-6.671257972717285,-0.04625774919986725,attack,no
3297,0,0,0.0008040857740048254,-7.170549392700195,-0.045549191534519196,attack,no
3298,0,0,0.09534945590170514,-2.4955685138702393,-0.2455684095621109,attack,no
3299,0,0,0.042087727615238615,-3.237809896469116,-0.11280988901853561,attack,no
3300,0,0,0.0024726234139117557,-6.060707092285156,-0.06070719659328461,attack,no
3301,0,0,0.18242552380635632,-1.9475271701812744,-0.4475271701812744,attack,no
3302,0,0,0.02931223159932252,-3.627641439437866,-0.1276414692401886,attack,no
3303,0,0,0.0015011823349122177,-6.574493885040283,-0.07449393719434738,attack,no
3304,0,0,0.0035936025414027768,-5.650022029876709,-0.02502201870083809,attack,no
3305,0,0,0.04208772671409796,-3.2567760944366455,-0.13177606463432312,attack,no
3306,0,0,0.004070137217572024,-5.551563739776611,-0.05156361684203148,attack,no
3307,0,0,0.14804720930852133,-2.0993850231170654,-0.3493851125240326,attack,no
3308,0,0,0.0005527785690055587,-7.5571160316467285,-0.057115908712148666,attack,no
3309,0,0,0.0006263341114731189,-7.490780830383301,-0.11578075587749481,attack,no
3310,0,0,0.009708474475791274,-4.764937400817871,-0.13993719220161438,attack,no
3311,0,0,0.13296424019782924,-2.1092638969421387,-0.23426389694213867,attack,no
3312,0,0,0.006692851221476155,-5.019233703613281,-0.01923374831676483,attack,no
3313,0,0,0.007577240875671297,-4.9546709060668945,-0.07967085391283035,attack,no
3314,0,0,0.0008040858667892049,-7.156994819641113,-0.03199473395943642,attack,no
3315,0,0,0.0420877273148584,-3.2577714920043945,-0.13277147710323334,attack,no
3316,0,0,0.007577241071766051,-4.927186489105225,-0.05218646302819252,attack,no
3317,0,0,0.0006263342327275096,-7.44025993347168,-0.06526005268096924,attack,no
3318,0,0,0.0015011820194193658,-6.520451545715332,-0.020451387390494347,attack,no
3319,0,0,0.020332351858581475,-3.9846420288085938,-0.10964195430278778,attack,no
3320,0,0,0.0015011819887076757,-6.605685234069824,-0.10568505525588989,attack,no
3321,0,0,0.0019267349355525226,-6.316519737243652,-0.06651987880468369,attack,no
3322,0,0,0.18242552380635632,-1.9871464967727661,-0.4871464967727661,attack,no
3323,0,0,0.0028009266549697777,-5.914031982421875,-0.039031870663166046,attack,no
3324,0,0,0.0013250222594674832,-6.678072929382324,-0.05307281017303467,attack,no
3325,0,0,0.0015011822455691024,-6.516902446746826,-0.016902439296245575,attack,no
3326,0,0,0.0046095710854326425,-5.499029159545898,-0.12402892112731934,attack,no
3327,0,0,0.0019267343767748358,-6.285032749176025,-0.03503260016441345,attack,no
3328,0,0,0.06754669864792355,-2.957613945007324,-0.33261406421661377,attack,no
3329,0,0,0.004609571564032047,-5.416309833526611,-0.041309699416160583,attack,no
3330,0,0,0.0066928517663269035,-5.040584564208984,-0.04058469086885452,attack,no
3331,0,0,0.001325022481297348,-6.684912204742432,-0.05991225317120552,attack,no
3332,0,0,0.02595735757455145,-3.749270439147949,-0.12427045404911041,attack,no
3333,0,0,0.0017007220066411306,-6.412919998168945,-0.03791975975036621,attack,no
3334,0,0,0.003593602061195052,-5.67595911026001,-0.050958964973688126,attack,no
3335,0,0,0.0015011819887076757,-6.568423748016357,-0.0684235692024231,attack,no
3336,0,0,0.004609572828902135,-5.4122467041015625,-0.03724684566259384,attack,no
3337,0,0,0.0007096704308028138,-7.341711044311523,-0.09171108901500702,attack,no
3338,0,0,0.0019267342478261613,-6.319242477416992,-0.06924226135015488,attack,no
3339,0,0,0.015906391128680933,-4.245366096496582,-0.12036605924367905,attack,no
3340,0,0,0.005911068724902099,-5.183841705322266,-0.058841682970523834,attack,no
3341,0,0,0.002182716761771867,-6.187483310699463,-0.06248345598578453,attack,no
3342,0,0,0.0008040860164414527,-7.139119625091553,-0.014119725674390793,attack,no
3343,0,0,0.0007096703277705857,-7.286795139312744,-0.03679503872990608,attack,no
3344,0,0,0.0028009264676790765,-5.943187713623047,-0.06818753480911255,attack,no
3345,0,0,0.16451646699291617,-1.9271721839904785,-0.3021722137928009,attack,no
3346,0,0,0.004609571119618313,-5.416224479675293,-0.041224248707294464,attack,no
3347,0,0,0.004070137353478592,-5.569426536560059,-0.06942644715309143,attack,no
3348,0,0,0.0006263342513820332,-7.447180271148682,-0.07218042016029358,attack,no
3349,0,0,0.00460957164949623,-5.402456283569336,-0.027456168085336685,attack,no
3350,0,0,0.0003799844673488737,-7.90294885635376,-0.027948731556534767,attack,no
3351,0,0,0.0031726835258219,-5.822408199310303,-0.07240841537714005,attack,no
3352,0,0,0.0009110511638831027,-7.059183120727539,-0.059183087199926376,attack,no
3353,0,0,0.0011695102911655352,-6.843383312225342,-0.09338333457708359,attack,no
3354,0,0,0.004609571529846373,-5.4218316078186035,-0.046831466257572174,attack,no
3355,0,0,0.0017007220319407623,-6.398741245269775,-0.023741021752357483,attack,no
3356,0,0,0.005911070169660925,-5.2017316818237305,-0.07673190534114838,attack,no
3357,0,0,0.004609572487045321,-5.490644454956055,-0.11564452201128006,attack,no
3358,0,0,0.033085976958581766,-3.5993900299072266,-0.22438998520374298,attack,no
3359,0,0,0.003593603088306097,-5.712152004241943,-0.0871521458029747,attack,no
3360,0,0,0.005911067542826956,-5.179713249206543,-0.05471302568912506,attack,no
3361,0,0,0.0031726833608785423,-5.848154544830322,-0.0981547087430954,attack,no
3362,0,0,0.00132502237777674,-6.717227935791016,-0.09222790598869324,attack,no
3363,0,0,0.2689414096510108,-1.4461476802825928,-0.446147620677948,attack,no
3364,0,0,0.0011695102911655352,-6.831446170806885,-0.08144619315862656,attack,no
3365,0,0,0.002800927518588171,-5.929548263549805,-0.054548460990190506,attack,no
3366,0,0,0.06008665354025422,-2.9284920692443848,-0.17849212884902954,attack,no
3367,0,0,0.0031726822298386082,-5.846293926239014,-0.09629373252391815,attack,no
3368,0,0,0.0019267347779485435,-6.415532112121582,-0.1655321717262268,attack,no
3369,0,0,0.13296424019782924,-2.12508487701416,-0.25008487701416016,attack,no
3370,0,0,0.005911069775635757,-5.192181587219238,-0.06718174368143082,attack,no
3371,0,0,0.017986213910014467,-4.0999627113342285,-0.09996293485164642,attack,no
3372,0,0,0.000552778583412415,-7.602828025817871,-0.10282792896032333,attack,no
3373,0,0,0.0035936028482021903,-5.793384552001953,-0.1683846265077591,attack,no
3374,0,0,0.00522012601275042,-5.274787425994873,-0.02478748746216297,attack,no
3375,0,0,0.00317268293673852,-5.820897579193115,-0.07089760899543762,attack,no
3376,0,0,0.022977364557669702,-4.043529510498047,-0.2935292720794678,attack,no
3377,0,0,0.0019267344412491757,-6.265682697296143,-0.015682581812143326,attack,no
3378,0,0,0.0021827167171475878,-6.145193576812744,-0.02019370160996914,attack,no
3379,0,0,0.004070137308176402,-5.556162357330322,-0.05616225674748421,attack,no
3380,0,0,0.0017007227972548082,-6.434207916259766,-0.05920814350247383,attack,no
3381,0,0,0.0010322308562094598,-6.896596908569336,-0.02159673348069191,attack,no
3382,0,0,0.1480472055495773,-2.031087875366211,-0.2810879349708557,attack,no
3383,0,0,0.00280092632200854,-5.921220302581787,-0.046220071613788605,attack,no
3384,0,1,0.5926665999540697,-0.830032467842102,-1.205032467842102,attack,yes
3385,0,0,0.0028009266809823755,-5.902791976928711,-0.02779187448322773,attack,no
3386,0,0,0.004070138274623224,-5.552178859710693,-0.0521789975464344,attack,no
3387,0,0,0.002800926738210093,-5.945399284362793,-0.0703992024064064,attack,no
3388,0,0,0.0005527785463662135,-7.556850433349609,-0.05685026943683624,attack,no
3389,0,0,0.0002959571168196766,-8.164079666137695,-0.03907967731356621,attack,no
3390,0,0,0.003593602434689943,-5.658346652984619,-0.03334661200642586,attack,no
3391,0,0,0.002472622669646276,-6.053935527801514,-0.05393533036112785,attack,no
3392,0,0,0.042087730919421175,-3.2832388877868652,-0.1582389622926712,attack,no
3393,0,0,0.1645164628965632,-2.1040217876434326,-0.4790217876434326,attack,no
3394,0,0,0.0005527786039936393,-7.563772678375244,-0.06377261877059937,attack,no
3395,0,0,0.02595735813968335,-3.6999826431274414,-0.07498268038034439,attack,no
3396,0,0,0.10669059394565118,-2.4287028312683105,-0.30370283126831055,attack,no
3397,0,0,0.00460957120508249,-5.429854869842529,-0.054854657500982285,attack,no
3398,0,0,0.04208772851637929,-3.2613556385040283,-0.13635565340518951,attack,no
3399,0,0,0.0010322308216369478,-6.967438220977783,-0.09243801236152649,attack,no
3400,0,0,0.32082130082460697,-1.2872763872146606,-0.5372763872146606,attack,no
3401,0,0,0.0010322311289482067,-6.96915864944458,-0.09415873885154724,attack,no
3402,0,0,0.0015011825359342464,-6.6166605949401855,-0.11666078120470047,attack,no
3403,0,0,0.001032230906147535,-6.939718723297119,-0.06471859663724899,attack,no
3404,0,0,0.005220126680151985,-5.288575172424316,-0.03857536241412163,attack,no
3405,0,0,0.0019267344340853601,-6.312159538269043,-0.06215941905975342,attack,no
3406,0,0,0.0007096705642163622,-7.280547142028809,-0.030547374859452248,attack,no
3407,0,0,0.0015011820110434502,-6.5534138679504395,-0.05341370403766632,attack,no
3408,0,0,0.0008040859565805504,-7.164975166320801,-0.03997519239783287,attack,no
3409,0,0,0.053403329046549465,-3.030233383178711,-0.15523336827754974,attack,no
3410,0,0,0.1329642264548166,-2.165083408355713,-0.29008328914642334,attack,no
3411,0,0,0.0015011824354232285,-6.592945098876953,-0.09294521808624268,attack,no
3412,0,0,0.004070138523785333,-5.522489070892334,-0.022489270195364952,attack,no
3413,0,0,0.00407013830482469,-5.532326698303223,-0.032326843589544296,attack,no
3414,0,0,0.0052201264286673285,-5.317377090454102,-0.0673772320151329,attack,no
3415,0,0,0.0031726830074285195,-5.846452713012695,-0.09645276516675949,attack,no
3416,0,0,0.0003353500080784514,-8.039765357971191,-0.03976499289274216,attack,no
3417,0,0,0.047425871831197425,-3.143371820449829,-0.1433717906475067,attack,no
3418,0,0,0.000911050992645799,-7.028907299041748,-0.02890707738697529,attack,no
3419,0,0,0.002800927216841955,-6.023621082305908,-0.14862117171287537,attack,no
3420,0,0,0.004070137413881512,-5.557521343231201,-0.0575212687253952,attack,no
3421,0,0,0.0031726831605901917,-5.8113813400268555,-0.06138144060969353,attack,no
3422,0,1,0.7772998611746911,-0.4959232807159424,-1.7459232807159424,attack,yes
3423,0,0,0.0011695103651439282,-6.80121374130249,-0.0512138269841671,attack,no
3424,0,0,0.0021827166562962998,-6.16841983795166,-0.043419934809207916,attack,no
3425,0,0,0.0008040857470674268,-7.156988620758057,-0.03198838606476784,attack,no
3426,0,0,0.2018132174596823,-1.68035089969635,-0.3053508698940277,attack,no
3427,0,0,0.005220126776876857,-5.336392402648926,-0.0863926112651825,attack,no
3428,0,0,0.0021827161573158014,-6.146903991699219,-0.021903859451413155,attack,no
3429,0,0,0.0019267345988531277,-6.299660682678223,-0.04966064915060997,attack,no
3430,0,0,0.002800926821450411,-5.915149211883545,-0.04014915972948074,attack,no
3431,0,0,0.000911051248654057,-7.032074451446533,-0.03207451105117798,attack,no
3432,0,0,0.0006263342467184023,-7.44760274887085,-0.07260289043188095,attack,no
3433,0,0,0.0008040859356292355,-7.144976615905762,-0.01997661590576172,attack,no
3434,0,0,0.0011695100126586841,-6.822912693023682,-0.07291247695684433,attack,no
3435,0,0,0.0028009270763738998,-5.898055076599121,-0.023055115714669228,attack,no
3436,0,0,0.16451646699291617,-2.019724130630493,-0.39472416043281555,attack,no
3437,0,0,0.0028009275706133837,-5.929279327392578,-0.054279543459415436,attack,no
3438,0,0,0.020332355123551627,-4.003489971160889,-0.12849006056785583,attack,no
3439,0,0,0.0028009269463108925,-5.950900554656982,-0.07590054720640182,attack,no
3440,0,0,0.0019267350000268819,-6.310998439788818,-0.06099861487746239,attack,no
3441,0,0,0.0006263342327275096,-7.477001190185547,-0.10200130939483643,attack,no
3442,0,0,0.07585818002124356,-2.6787502765655518,-0.17875027656555176,attack,no
3443,0,0,0.00170072266126923,-6.3922600746154785,-0.017260221764445305,attack,no
3444,0,0,0.0007096704783561548,-7.3651509284973145,-0.11515104025602341,attack,no
3445,0,0,0.0046095728630878175,-5.503087997436523,-0.12808814644813538,attack,no
3446,0,0,0.46879062662624377,-1.0292888879776,-0.9042888879776001,attack,no
3447,0,0,0.022977370746331334,-3.804102897644043,-0.05410293489694595,attack,no
3448,0,0,0.0009110511401472368,-7.092331886291504,-0.09233182668685913,attack,no
3449,0,0,0.0031726835258219,-5.839646816253662,-0.08964703232049942,attack,no
3450,0,0,0.006692851122412387,-5.106133460998535,-0.10613349080085754,attack,no
3451,0,0,0.00013982206991847428,-8.918784141540527,-0.04378410056233406,attack,no
3452,0,0,0.005220124900414666,-5.295103549957275,-0.045103397220373154,attack,no
3453,0,0,0.001700722234337832,-6.458815574645996,-0.08381547033786774,attack,no
3454,0,0,0.008577483512939705,-4.820165634155273,-0.07016541063785553,attack,no
3455,0,0,0.00970847848715727,-4.764683246612549,-0.13968345522880554,attack,no
3456,0,0,0.34864513533394575,-1.2215923070907593,-0.5965923070907593,attack,no
3457,0,0,0.009708477484315619,-4.66344690322876,-0.03844700753688812,attack,no
3458,0,0,0.003593602954915036,-5.704294204711914,-0.07929430902004242,attack,no
3459,0,0,0.2942149597859341,-1.3474164009094238,-0.47241634130477905,attack,no
3460,0,0,0.002472623294461725,-6.038751125335693,-0.038751181215047836,attack,no
3461,0,0,0.18242552380635632,-2.0364296436309814,-0.5364296436309814,attack,no
3462,0,0,0.007577240483481804,-4.955994129180908,-0.08099402487277985,attack,no
3463,0,0,0.0017007224746843838,-6.44303560256958,-0.06803563982248306,attack,no
3464,0,0,0.003593601914464926,-5.645366191864014,-0.02036600559949875,attack,no
3465,0,0,0.0019267346597455672,-6.267145156860352,-0.017145154997706413,attack,no
3466,0,0,0.00132502237777674,-6.658469200134277,-0.033469170331954956,attack,no
3467,0,0,0.0011695101867254581,-6.844192981719971,-0.09419291466474533,attack,no
3468,0,0,0.005220125538798635,-5.338852882385254,-0.08885285258293152,attack,no
3469,0,0,0.0004878570174239567,-7.696699619293213,-0.07169940322637558,attack,no
3470,0,0,0.0007096705417606146,-7.3218793869018555,-0.07187958806753159,attack,no
3471,0,0,0.002182715926080975,-6.209529876708984,-0.08452963829040527,attack,no
3472,0,0,0.004070138078313694,-5.563587188720703,-0.06358727812767029,attack,no
3473,0,0,0.0028009275914234687,-5.951742172241211,-0.07674239575862885,attack,no
3474,0,0,0.09534945975773548,-2.5089406967163086,-0.2589406371116638,attack,no
3475,0,0,0.006692851221476155,-5.031666278839111,-0.03166632354259491,attack,no
3476,0,0,0.0019267342836452365,-6.302802562713623,-0.05280236527323723,attack,no
3477,0,0,0.0024726233128386523,-6.05448055267334,-0.05448061600327492,attack,no
3478,0,0,0.2942149845400438,-1.4979698657989502,-0.622969925403595,attack,no
3479,0,0,0.03308598172565655,-3.5132334232330322,-0.13823352754116058,attack,no
3480,0,0,0.002472623579304115,-6.043835163116455,-0.04383533447980881,attack,no
3481,0,0,0.002800926759020172,-5.918808937072754,-0.04380886256694794,attack,no
3482,0,0,0.00017952799876842413,-8.726327896118164,-0.1013280600309372,attack,no
3483,0,0,0.005220126249726329,-5.261388778686523,-0.011388885788619518,attack,no
3484,0,0,0.0028009266965899346,-5.982716083526611,-0.10771598666906357,attack,no
3485,0,0,0.00026119041637129965,-8.313733100891113,-0.06373347342014313,attack,no
3486,0,0,0.0021827162262805793,-6.146924018859863,-0.021923918277025223,attack,no
3487,0,0,0.0031726835906210784,-5.775763034820557,-0.025763271376490593,attack,no
3488,0,0,0.0024726225777616647,-6.039217472076416,-0.03921723738312721,attack,no
3489,0,0,0.0019267344054300975,-6.303504467010498,-0.0535043329000473,attack,no
3490,0,0,0.20181322226037882,-1.8354662656784058,-0.46046626567840576,attack,no
3491,0,0,0.022977371080853633,-3.831965208053589,-0.08196526020765305,attack,no
3492,0,1,0.5312093733737563,-1.0207959413528442,-1.1457959413528442,attack,yes
3493,0,0,0.001169510325978896,-6.768773555755615,-0.018773607909679413,attack,no
3494,0,0,0.0019267349068972529,-6.296875476837158,-0.04687560349702835,attack,no
3495,0,0,0.0010322308370025084,-6.967238426208496,-0.09223823249340057,attack,no
3496,0,0,0.0019267351182298785,-6.279744625091553,-0.029744861647486687,attack,no
3497,0,0,0.001501182379583777,-6.542499542236328,-0.04249962419271469,attack,no
3498,0,0,0.0019267347707847262,-6.298598289489746,-0.04859834536910057,attack,no
3499,0,0,0.0035936025814200896,-5.706037998199463,-0.08103799819946289,attack,no
3500,0,0,0.0019267344627406228,-6.30301570892334,-0.05301560461521149,attack,no
3501,0,0,0.4378235137849365,-1.0457983016967773,-0.7957983613014221,attack,no
3502,0,0,0.007577239811157005,-5.006253242492676,-0.13125304877758026,attack,no
3503,0,0,0.002182716112691535,-6.181504726409912,-0.05650457367300987,attack,no
3504,0,0,0.000430557179925087,-7.781189918518066,-0.03119014762341976,attack,no
3505,0,0,0.002182716234394082,-6.200612545013428,-0.07561244815587997,attack,no
3506,0,0,0.0013250224172131609,-6.666110992431641,-0.041110992431640625,attack,no
3507,0,0,0.001926734305136682,-6.321429252624512,-0.0714290663599968,attack,no
3508,0,0,0.053403325280175794,-3.0514259338378906,-0.17642584443092346,attack,no
3509,0,0,0.000626334155777605,-7.420125961303711,-0.04512595757842064,attack,no
3510,0,0,0.0019267348066038113,-6.382532119750977,-0.13253219425678253,attack,no
3511,0,0,0.0015011824130874477,-6.5659685134887695,-0.06596861779689789,attack,no
3512,0,0,0.002472623193388627,-6.061054229736328,-0.06105424463748932,attack,no
3513,0,0,0.008577484083171345,-4.803958415985107,-0.053958259522914886,attack,no
3514,0,0,0.0021827169402689915,-6.168499946594238,-0.04350017383694649,attack,no
3515,0,1,0.817574471748733,-0.4913741648197174,-1.991374135017395,attack,yes
3516,0,0,0.22270013882530884,-1.7115031480789185,-0.46150314807891846,attack,no
3517,0,0,0.001325022486226901,-6.683316707611084,-0.05831675976514816,attack,no
3518,0,0,0.2018132270610754,-1.8284428119659424,-0.45344284176826477,attack,no
3519,0,0,0.0008040860373927696,-7.198134422302246,-0.07313454896211624,attack,no
3520,0,0,0.05340332603345051,-3.0188353061676025,-0.14383523166179657,attack,no
3521,0,0,0.001926734706310375,-6.28812837600708,-0.03812839835882187,attack,no
3522,0,0,0.2942149845400438,-1.4025464057922363,-0.5275464653968811,attack,no
3523,0,0,0.001325022550311091,-6.671803951263428,-0.04680405184626579,attack,no
3524,0,0,0.004609572213559887,-5.418220043182373,-0.043220050632953644,attack,no
3525,0,0,0.005220125538798635,-5.394611835479736,-0.14461180567741394,attack,no
3526,0,0,0.0003353501079870413,-8.071703910827637,-0.07170384377241135,attack,no
3527,0,0,0.10669059678604234,-2.336704730987549,-0.21170476078987122,attack,no
3528,0,0,0.004070137459183703,-5.541240215301514,-0.0412401519715786,attack,no
3529,0,0,0.012431651584958318,-4.579061031341553,-0.2040610909461975,attack,no
3530,0,0,0.0010322311212654243,-6.911238670349121,-0.03623875230550766,attack,no
3531,0,0,0.00218271688347445,-6.160398483276367,-0.035398684442043304,attack,no
3532,0,0,0.0019267342406623464,-6.310435771942139,-0.06043555215001106,attack,no
3533,0,0,0.001032230986816738,-6.9236626625061035,-0.048662614077329636,attack,no
3534,0,0,0.002182716128918541,-6.173943519592285,-0.048943374305963516,attack,no
3535,0,0,0.18242552380635632,-1.8259309530258179,-0.32593095302581787,attack,no
3536,0,1,0.754914997895581,-0.45283621549606323,-1.577836275100708,attack,yes
3537,0,0,0.006692851122412387,-5.024855136871338,-0.02485516667366028,attack,no
3538,0,0,0.02297736857193652,-3.886235475540161,-0.13623541593551636,attack,no
3539,0,0,0.11920292202211755,-2.25360369682312,-0.2536036968231201,attack,no
3540,0,0,0.0019267346919827415,-6.335234642028809,-0.08523465692996979,attack,no
3541,0,0,0.006692850627093569,-5.078153610229492,-0.0781535655260086,attack,no
3542,0,0,0.0011695102955172048,-6.7980523109436035,-0.048052337020635605,attack,no
3543,0,0,0.0013250221805946513,-6.730662822723389,-0.10566264390945435,attack,no
3544,0,0,0.0024726231566347748,-6.0844011306762695,-0.08440113067626953,attack,no
3545,0,0,0.001501181899364581,-6.537703514099121,-0.03770327568054199,attack,no
3546,0,0,0.010986940849479477,-4.572262763977051,-0.07226260006427765,attack,no
3547,0,0,0.004070138621940107,-5.533740520477295,-0.03374074399471283,attack,no
3548,0,0,0.002182716526480224,-6.200407028198242,-0.07540706545114517,attack,no
3549,0,0,0.07585818002124356,-2.733947515487671,-0.2339475154876709,attack,no
3550,0,0,0.0011695103956056209,-6.787429332733154,-0.03742944449186325,attack,no
3551,0,0,0.006692849636456047,-5.097564697265625,-0.09756450355052948,attack,no
3552,0,0,0.0007096705364769095,-7.314626216888428,-0.06462641060352325,attack,no
3553,0,0,0.0008040860763023597,-7.165798664093018,-0.040798839181661606,attack,no
3554,0,0,0.0015011819217003541,-6.646969318389893,-0.14696909487247467,attack,no
3555,0,0,0.015906389379279733,-4.223495960235596,-0.09849581122398376,attack,no
3556,0,0,0.1192029188930649,-2.2320923805236816,-0.23209235072135925,attack,no
3557,0,0,0.11920292515117029,-2.303048610687256,-0.30304864048957825,attack,no
3558,0,0,0.0005527785895867823,-7.524736404418945,-0.024736318737268448,attack,no
3559,0,0,0.012431652957031865,-4.425420761108398,-0.05042093247175217,attack,no
3560,0,0,0.0017007225758829418,-6.4492292404174805,-0.07422933727502823,attack,no
3561,0,0,0.002182716859133933,-6.179204940795898,-0.05420513078570366,attack,no
3562,0,0,0.0009110512384815421,-7.040355682373047,-0.040355730801820755,attack,no
3563,0,0,0.004609572965644868,-5.423061370849609,-0.048061542212963104,attack,no
3564,0,0,0.0019267349642077933,-6.33339262008667,-0.08339277654886246,attack,no
3565,0,0,0.007577242444429472,-4.926594257354736,-0.051594413816928864,attack,no
3566,0,0,0.001501182295824604,-6.558701038360596,-0.05870106443762779,attack,no
3567,0,0,0.005220124677947543,-5.280003070831299,-0.03000287525355816,attack,no
3568,0,0,0.0019267346704912917,-6.2945146560668945,-0.04451465979218483,attack,no
3569,0,0,0.00591106981941633,-5.190699577331543,-0.0656997412443161,attack,no
3570,0,0,0.00970847723360522,-4.652444839477539,-0.02744491770863533,attack,no
3571,0,0,0.000804086040385815,-7.1652607917785645,-0.0402609221637249,attack,no
3572,0,0,0.09534946232842245,-2.4334518909454346,-0.18345186114311218,attack,no
3573,0,0,0.060086646807761206,-2.940115213394165,-0.19011515378952026,attack,no
3574,0,0,0.0007096703330542893,-7.29033899307251,-0.040338899940252304,attack,no
3575,0,1,0.5621764862150634,-0.8206010460853577,-1.070600986480713,attack,yes
3576,0,0,0.0006263341954184638,-7.466076850891113,-0.09107691049575806,attack,no
3577,0,0,0.003172682371218578,-5.815657138824463,-0.06565698981285095,attack,no
3578,0,0,0.0021827166562962998,-6.210937976837158,-0.08593807369470596,attack,no
3579,0,0,0.0011695101801979535,-6.770435810089111,-0.020435737445950508,attack,no
3580,0,0,0.0021827166887503197,-6.201631546020508,-0.07663165777921677,attack,no
3581,0,0,0.0046095727947164525,-5.454449653625488,-0.07944978773593903,attack,no
3582,0,0,0.017986213120429816,-4.143136501312256,-0.14313668012619019,attack,no
3583,0,1,0.754914997895581,-0.7068180441856384,-1.8318181037902832,attack,yes
3584,0,0,0.001032231113582642,-6.939970016479492,-0.06497009098529816,attack,no
3585,0,0,0.0005527786595629483,-7.55051326751709,-0.05051330849528313,attack,no
3586,0,0,0.1645164628965632,-1.9790195226669312,-0.35401952266693115,attack,no
3587,0,0,0.012431653414389749,-4.453667640686035,-0.07866784930229187,attack,no
3588,0,0,0.002800927258462121,-5.913480281829834,-0.03848038613796234,attack,no
3589,0,0,0.002182716494026206,-6.151589393615723,-0.026589415967464447,attack,no
3590,0,0,0.0007096703462635487,-7.37936544418335,-0.12936536967754364,attack,no
3591,0,0,0.0031726821591486257,-5.846480369567871,-0.09648015350103378,attack,no
3592,0,0,0.00048785713549792545,-7.659967422485352,-0.03496744856238365,attack,no
3593,0,0,0.0019267347492932755,-6.3242902755737305,-0.07429032027721405,attack,no
3594,0,0,0.0009110513673334065,-7.045614719390869,-0.04561490938067436,attack,no
3595,0,0,0.0015011825806058117,-6.583461761474609,-0.08346197754144669,attack,no
3596,0,0,0.0040701374742844335,-5.563562393188477,-0.06356233358383179,attack,no
3597,0,0,0.004070137625291741,-5.558407306671143,-0.05840728431940079,attack,no
3598,0,0,0.0024726236620002985,-6.025064945220947,-0.02506515011191368,attack,no
3599,0,0,0.002472623606869509,-6.046512603759766,-0.04651278629899025,attack,no
3600,0,0,0.13296422989056964,-2.1401734352111816,-0.2651733458042145,attack,no
3601,0,0,0.008577485160275657,-4.881197452545166,-0.13119742274284363,attack,no
3602,0,0,0.0015011822567369915,-6.533331394195557,-0.03333139419555664,attack,no
3603,0,0,0.002182716331756125,-6.201269149780273,-0.07626909762620926,attack,no
3604,0,0,0.001032231236507169,-7.004642486572266,-0.12964268028736115,attack,no
3605,0,0,0.0028009270919814614,-5.9080047607421875,-0.03300480544567108,attack,no
3606,0,0,0.0031726823476552492,-5.827391624450684,-0.07739146798849106,attack,no
3607,0,0,0.0011695100822853906,-6.7927680015563965,-0.04276784509420395,attack,no
3608,0,0,0.002472623354186739,-6.027670860290527,-0.02767094038426876,attack,no
3609,0,0,0.002800926405248846,-5.954441070556641,-0.07944086939096451,attack,no
3610,0,0,0.020332351264950595,-3.960392713546753,-0.08539260923862457,attack,no
3611,0,0,0.0009110513029074721,-7.065833568572998,-0.0658336877822876,attack,no
3612,0,0,0.0010322311558379463,-6.9081196784973145,-0.033119793981313705,attack,no
3613,0,0,0.01590639042892043,-4.216273307800293,-0.0912732258439064,attack,no
3614,0,0,0.007577241604023266,-4.959692478179932,-0.08469252288341522,attack,no
3615,0,1,0.7057850278370112,-0.621201753616333,-1.496201753616333,attack,yes
3616,0,0,0.0006263341487821595,-7.415484428405762,-0.040484413504600525,attack,no
3617,0,0,0.16451645880021026,-1.890535593032837,-0.2655355632305145,attack,no
3618,0,0,0.0002611903122864301,-8.294386863708496,-0.044386837631464005,attack,no
3619,0,0,0.002800927414537748,-5.923844337463379,-0.04884449765086174,attack,no
3620,0,0,0.006692851840624736,-5.029518127441406,-0.029518265277147293,attack,no
3621,0,0,0.006692850825221093,-5.047532081604004,-0.04753206670284271,attack,no
3622,0,0,0.0031726825125985543,-5.904721260070801,-0.15472115576267242,attack,no
3623,0,0,0.0031726821709302895,-5.782115936279297,-0.03211572393774986,attack,no
3624,0,0,0.0010322310444376016,-6.939787864685059,-0.06478787213563919,attack,no
3625,0,0,0.0002611904076164959,-8.280879974365234,-0.030880313366651535,attack,no
3626,0,0,0.0009110512723899257,-7.03251314163208,-0.03251322731375694,attack,no
3627,0,0,0.03308597958047282,-3.461501359939575,-0.08650139719247818,attack,no
3628,0,0,0.002182716461572189,-6.152507305145264,-0.02750731259584427,attack,no
3629,0,0,0.007577242500456555,-4.952265739440918,-0.0772659033536911,attack,no
3630,0,0,0.014063630039194294,-4.343463897705078,-0.09346411377191544,attack,no
3631,0,0,0.0675466911396291,-2.838155508041382,-0.21315550804138184,attack,no
3632,0,0,0.002182716615728775,-6.167502403259277,-0.04250248149037361,attack,no
3633,0,0,0.060086652698692546,-2.882230758666992,-0.13223080337047577,attack,no
3634,0,0,0.0013250225355224317,-6.6913557052612305,-0.06635579466819763,attack,no
3635,0,0,0.005220125480763726,-5.292516231536865,-0.04251619055867195,attack,no
3636,0,0,0.0013250222939743485,-6.6577630043029785,-0.032762911170721054,attack,no
3637,0,0,0.0017007225063089325,-6.424761772155762,-0.049761828035116196,attack,no
3638,0,0,0.3208212878370535,-1.3362700939178467,-0.5862700343132019,attack,no
3639,0,0,0.003172683078118521,-5.919233798980713,-0.16923387348651886,attack,no
3640,0,0,0.0028009266341596987,-5.962829113006592,-0.08782899379730225,attack,no
3641,0,0,0.13296425394084313,-2.119579792022705,-0.24457991123199463,attack,no
3642,0,0,0.012431650487299585,-4.444304466247559,-0.0693044364452362,attack,no
3643,0,0,0.0019267349606258844,-6.2793779373168945,-0.029378091916441917,attack,no
3644,0,0,0.0009110512011823215,-7.119133472442627,-0.11913347989320755,attack,no
3645,0,0,0.1329642333263228,-2.1424477100372314,-0.26744765043258667,attack,no
3646,0,0,0.37754066879814546,-1.1029576063156128,-0.6029576063156128,attack,no
3647,0,0,0.0600866518571309,-2.996983051300049,-0.24698308110237122,attack,no
3648,0,0,0.0006263341126390263,-7.402993202209473,-0.027993129566311836,attack,no
3649,0,0,0.0013250221115809271,-6.719793796539307,-0.09479356557130814,attack,no
3650,0,0,0.002472622926923207,-6.025254726409912,-0.025254633277654648,attack,no
3651,0,0,0.32082130082460697,-1.292635202407837,-0.5426352024078369,attack,no
3652,0,0,0.0011695101432087622,-6.808578968048096,-0.058578863739967346,attack,no
3653,0,0,0.002182716761771867,-6.162946701049805,-0.03794684633612633,attack,no
3654,0,0,0.00048785709735094785,-7.697136878967285,-0.07213682681322098,attack,no
3655,0,0,0.0007096704228772573,-7.295068264007568,-0.045068297535181046,attack,no
3656,0,0,0.008577484811800718,-4.798541069030762,-0.04854099825024605,attack,no
3657,0,0,0.005911069600513468,-5.192793369293213,-0.06779349595308304,attack,no
3658,0,0,0.0066928512710080395,-5.093850612640381,-0.09385066479444504,attack,no
3659,0,0,0.002472623303650189,-6.067933559417725,-0.06793361902236938,attack,no
3660,0,0,0.0013250224369313723,-6.698055744171143,-0.07305575907230377,attack,no
3661,0,0,0.0015011819105324674,-6.533387660980225,-0.033387430012226105,attack,no
3662,0,0,0.020332351264950595,-3.9425466060638428,-0.06754650175571442,attack,no
3663,0,0,0.0011695100039553462,-6.823288440704346,-0.0732882171869278,attack,no
3664,0,0,0.004070137806500516,-5.581419467926025,-0.08141949027776718,attack,no
3665,0,0,0.05340332452690107,-3.0544352531433105,-0.1794351488351822,attack,no
3666,0,0,0.002800927185626831,-5.918562412261963,-0.04356249049305916,attack,no
3667,0,0,0.2689414213699951,-1.53174889087677,-0.53174889087677,attack,no
3668,0,0,0.0009110512113548363,-7.035407066345215,-0.035407084971666336,attack,no
3669,0,0,0.0007096705179839416,-7.275038242340088,-0.02503840997815132,attack,no
3670,0,0,0.0005527786904347891,-7.592232704162598,-0.09223280102014542,attack,no
3671,0,0,0.0031726835258219,-5.820180416107178,-0.07018063217401505,attack,no
3672,0,0,0.005911067455265844,-5.178597450256348,-0.053597211837768555,attack,no
3673,0,0,0.001325022486226901,-6.691288471221924,-0.066288523375988,attack,no
3674,0,0,0.0021827166238422803,-6.147441864013672,-0.02244194597005844,attack,no
3675,0,0,0.0019267344699044388,-6.288506984710693,-0.0385068841278553,attack,no
3676,0,0,0.0007096703039939198,-7.3157639503479,-0.06576381623744965,attack,no
3677,0,0,0.004070138410529827,-5.548444747924805,-0.04844491928815842,attack,no
3678,0,0,0.0008040860733093143,-7.1537957191467285,-0.028795890510082245,attack,no
3679,0,0,0.01098694214483487,-4.591376304626465,-0.09137625992298126,attack,no
3680,0,0,0.06008665017400762,-2.9446709156036377,-0.1946709156036377,attack,no
3681,0,0,0.06008664512463808,-2.882110357284546,-0.13211026787757874,attack,no
3682,0,0,0.005220125074519377,-5.315910816192627,-0.0659106969833374,attack,no
3683,0,0,0.0011695105000457165,-6.814960956573486,-0.06496115773916245,attack,no
3684,0,0,0.010986941982915435,-4.5908403396606445,-0.09084028005599976,attack,no
3685,0,0,0.0006263341651048656,-7.43201208114624,-0.05701209232211113,attack,no
3686,0,0,0.005911068090083937,-5.180337429046631,-0.05533729866147041,attack,no
3687,0,0,0.006692849834583539,-5.120333671569824,-0.12033350765705109,attack,no
3688,0,0,0.06754668926255561,-2.792064666748047,-0.1670646369457245,attack,no
3689,0,0,0.000552778550482458,-7.563839435577393,-0.06383927911520004,attack,no
3690,0,0,0.46879062662624377,-1.040050983428955,-0.9150509834289551,attack,no
3691,0,0,0.00048785710098399316,-7.689083099365234,-0.0640830546617508,attack,no
3692,0,0,0.0017007220066411306,-6.479265213012695,-0.10426497459411621,attack,no
3693,0,0,0.0008040858488309371,-7.170529365539551,-0.045529257506132126,attack,no
3694,0,0,0.007577242360388847,-4.915001392364502,-0.04000153765082359,attack,no
3695,0,0,0.0035936022145947348,-5.651421070098877,-0.026420967653393745,attack,no
3696,0,0,0.004070137021262546,-5.612934112548828,-0.1129339411854744,attack,no
3697,0,0,0.003172683349096874,-5.787393569946289,-0.037393730133771896,attack,no
3698,0,0,0.4378234844434674,-1.0881898403167725,-0.8381897807121277,attack,no
3699,0,0,0.24508501864634827,-1.5375443696975708,-0.4125443994998932,attack,no
3700,0,0,0.008577485730507404,-4.829305171966553,-0.07930520921945572,attack,no
3701,0,0,0.22270013366638422,-1.6688439846038818,-0.41884395480155945,attack,no
3702,0,0,0.07585818524437762,-2.7209200859069824,-0.2209201604127884,attack,no
3703,0,1,0.5621765008857981,-0.739705502986908,-0.989705502986908,attack,yes
3704,0,0,0.017986213252027258,-4.076832294464111,-0.07683248072862625,attack,no
3705,0,0,0.01798621364681958,-4.128355026245117,-0.1283552348613739,attack,no
3706,0,0,0.010986944897465581,-4.63428258895874,-0.13428279757499695,attack,no
3707,0,0,0.005911069053256348,-5.16013765335083,-0.035137686878442764,attack,no
3708,0,0,0.24508501313237172,-1.562650203704834,-0.437650203704834,attack,no
3709,0,0,0.0006263341394548992,-7.504546165466309,-0.1295461356639862,attack,no
3710,0,0,0.002800927170019269,-5.899600982666016,-0.024601055309176445,attack,no
3711,0,0,0.005911070257222078,-5.317708969116211,-0.19270920753479004,attack,no
3712,0,0,0.10669059678604234,-2.4249470233917236,-0.299947053194046,attack,no
3713,0,0,0.0024726233771578993,-6.0486860275268555,-0.04868611693382263,attack,no
3714,0,0,0.012431652088051937,-4.420440196990967,-0.045440297573804855,attack,no
3715,0,0,0.0600866518571309,-3.0834920406341553,-0.33349207043647766,attack,no
3716,0,0,0.008577485920584663,-4.832813262939453,-0.0828133225440979,attack,no
3717,0,0,0.005220126622117065,-5.380182266235352,-0.1301824450492859,attack,no
3718,0,0,0.0015011823851677224,-6.541080474853516,-0.04108056053519249,attack,no
3719,0,0,0.34864513533394575,-1.3049811124801636,-0.6799811124801636,attack,no
3720,0,0,0.00020342700608901273,-8.549722671508789,-0.049722809344530106,attack,no
3721,0,0,0.0059110687030118165,-5.154090881347656,-0.02909085527062416,attack,no
3722,0,0,0.0009110511604922646,-7.064676284790039,-0.06467624753713608,attack,no
3723,0,0,0.003593602247942493,-5.680731296539307,-0.05573120340704918,attack,no
3724,0,0,0.1480472055495773,-2.0208795070648193,-0.2708795666694641,attack,no
3725,0,0,0.0008040859019574806,-7.137454986572266,-0.012454944662749767,attack,no
3726,0,0,0.01798620890931226,-4.163276672363281,-0.16327661275863647,attack,no
3727,0,0,0.00017952797402749358,-8.652412414550781,-0.02741244062781334,attack,no
3728,0,0,0.0010322308101127773,-6.911728382110596,-0.036728162318468094,attack,no
3729,0,0,0.002472622945300131,-6.039546012878418,-0.039545927196741104,attack,no
3730,0,0,0.004609572914366343,-5.403302192687988,-0.028302352875471115,attack,no
3731,0,0,0.0015011824800947912,-6.567418098449707,-0.06741824746131897,attack,no
3732,0,0,0.0024726228809808957,-6.108888626098633,-0.10888851433992386,attack,no
3733,0,0,0.00037998455083474206,-7.902610778808594,-0.02761087380349636,attack,no
3734,0,0,0.0015011823516640525,-6.536774635314941,-0.03677469864487648,attack,no
3735,0,0,0.4073334000459302,-1.1472139358520508,-0.7722139358520508,attack,no
3736,0,0,0.033085978388704126,-3.506136894226074,-0.13113689422607422,attack,no
3737,0,0,0.001169510328154731,-6.766581058502197,-0.016581112518906593,attack,no
3738,0,0,0.003593602674793823,-5.666399002075195,-0.0413990281522274,attack,no
3739,0,0,0.02931223244728875,-3.7101848125457764,-0.21018487215042114,attack,no
3740,0,0,0.010986942752032762,-4.532272815704346,-0.0322728268802166,attack,no
3741,0,1,0.679178699175393,-0.6674020290374756,-1.4174020290374756,attack,yes
3742,0,0,0.1645164628965632,-1.9626795053482056,-0.33767950534820557,attack,no
3743,0,0,0.4378234844434674,-1.124756097793579,-0.8747560381889343,attack,no
3744,0,0,0.32082130082460697,-1.437930703163147,-0.687930703163147,attack,no
3745,0,0,0.32082130082460697,-1.3570612668991089,-0.6070612668991089,attack,no
3746,0,1,0.5621765008857981,-0.7939440011978149,-1.043944001197815,attack,yes
3747,0,0,0.002182716137032044,-6.200298309326172,-0.07529816776514053,attack,no
3748,0,0,0.001501182061298944,-6.553445816040039,-0.053445685654878616,attack,no
3749,0,0,0.00033535017917192967,-8.04456901550293,-0.04456916078925133,attack,no
3750,0,0,0.18242552825126704,-1.8348218202590942,-0.3348218500614166,attack,no
3751,0,0,0.053403325280175794,-3.1287081241607666,-0.25370803475379944,attack,no
3752,0,0,0.004609571324732338,-5.462238311767578,-0.0872381255030632,attack,no
3753,0,0,0.0009110511469289128,-7.036403656005859,-0.0364036038517952,attack,no
3754,0,0,0.008577483893094128,-4.837555408477783,-0.08755522966384888,attack,no
3755,0,0,0.0031726824890352242,-5.816370964050293,-0.06637085229158401,attack,no
3756,0,0,0.0024726231750117,-6.077276706695557,-0.07727671414613724,attack,no
3757,0,0,0.32082130082460697,-1.3121511936187744,-0.5621511936187744,attack,no
3758,0,0,0.004070137595090279,-5.550362586975098,-0.05036255717277527,attack,no
3759,0,0,0.16451645470385742,-2.095965623855591,-0.47096556425094604,attack,no
3760,0,0,0.006692850701391389,-5.050703048706055,-0.050703015178442,attack,no
3761,0,0,0.01590639322796263,-4.182558536529541,-0.057558633387088776,attack,no
3762,0,0,0.001700722341861285,-6.401772499084473,-0.026772458106279373,attack,no
3763,0,1,0.679178699175393,-0.7424403429031372,-1.4924403429031372,attack,yes
3764,0,0,0.0017007225063089325,-6.434962272644043,-0.059962328523397446,attack,no
3765,0,0,0.00037998444966119216,-7.9660844802856445,-0.0910843089222908,attack,no
3766,0,0,0.0015011822120654355,-6.58407735824585,-0.08407732844352722,attack,no
3767,0,0,0.012431650807450038,-4.432281970977783,-0.057281967252492905,attack,no
3768,0,0,0.00591107012588035,-5.237367630004883,-0.11236784607172012,attack,no
3769,0,0,0.07585817270885642,-2.6983094215393066,-0.19830931723117828,attack,no
3770,0,0,0.32082130082460697,-1.4430434703826904,-0.6930434703826904,attack,no
3771,0,0,0.002472623606869509,-6.048307418823242,-0.04830760136246681,attack,no
3772,0,0,0.007577242612510723,-4.957252025604248,-0.08225220441818237,attack,no
3773,0,0,0.0017007227087060582,-6.411797046661377,-0.03679722175002098,attack,no
3774,0,0,0.033085981248949035,-3.5010108947753906,-0.1260109841823578,attack,no
3775,0,0,0.02931222863144092,-3.5994873046875,-0.09948723018169403,attack,no
3776,0,0,0.1480472055495773,-2.011784553527832,-0.2617846131324768,attack,no
3777,0,0,0.004070137761198322,-5.537619113922119,-0.037619125097990036,attack,no
3778,0,0,0.04742587385075148,-3.118311643600464,-0.11831165850162506,attack,no
3779,0,0,0.007577241884158658,-4.949393272399902,-0.07439335435628891,attack,no
3780,0,0,0.10669060246682488,-2.37790846824646,-0.2529085576534271,attack,no
3781,0,0,0.0024726231658232377,-6.050755023956299,-0.05075502768158913,attack,no
3782,0,0,0.0011695103346822365,-6.824122905731201,-0.07412296533584595,attack,no
3783,0,0,0.00010889692260103638,-9.180631637573242,-0.05563175305724144,attack,no
3784,0,0,0.007577241379914961,-5.09228515625,-0.2172851711511612,attack,no
3785,0,0,0.002182716193826566,-6.179424285888672,-0.05442417040467262,attack,no
3786,0,0,0.0024726234690425402,-6.069499492645264,-0.06949961930513382,attack,no
3787,0,0,0.0017007227529804328,-6.483733177185059,-0.10873337835073471,attack,no
3788,0,0,0.000911051092675507,-7.073365211486816,-0.07336509972810745,attack,no
3789,0,0,0.0006263341114731189,-7.3926920890808105,-0.017692014575004578,attack,no
3790,0,0,0.0013250224073540558,-6.6761860847473145,-0.051186077296733856,attack,no
3791,0,0,0.0005527786945510347,-7.591148853302002,-0.09114895761013031,attack,no
3792,0,0,0.11920291263495983,-2.2532238960266113,-0.25322380661964417,attack,no
3793,0,0,0.0010322312672383033,-6.915325164794922,-0.04032538831233978,attack,no
3794,0,0,0.033085981487302796,-3.483792304992676,-0.10879240185022354,attack,no
3795,0,0,0.004070137323277132,-5.558864593505859,-0.058864496648311615,attack,no
3796,0,0,0.0011695105305074126,-6.791045665740967,-0.041045892983675,attack,no
3797,0,0,0.008577485793866491,-4.870792388916016,-0.1207924336194992,attack,no
3798,0,0,0.06754669583231304,-2.764407157897949,-0.1394072324037552,attack,no
3799,0,0,0.0005527787562947218,-7.539718151092529,-0.03971836715936661,attack,no
3800,0,0,0.001700722626482223,-6.46969747543335,-0.09469760209321976,attack,no
3801,0,0,0.010986943440190413,-4.664824485778809,-0.16482456028461456,attack,no
3802,0,0,0.01590639042892043,-4.200943946838379,-0.07594386488199234,attack,no
3803,0,0,0.16451647518562237,-2.019624948501587,-0.3946250379085541,attack,no
3804,0,0,0.004070137051464004,-5.5628662109375,-0.06286604702472687,attack,no
3805,0,0,0.0006263343026819763,-7.439242362976074,-0.06424259394407272,attack,no
3806,0,0,0.0035936030349496715,-5.723747253417969,-0.0987473800778389,attack,no
3807,0,0,0.1329642436335826,-2.155810832977295,-0.2808108627796173,attack,no
3808,0,0,0.0021827164453451808,-6.169921398162842,-0.0449213981628418,attack,no
3809,0,0,0.29421497216298875,-1.4731786251068115,-0.5981786251068115,attack,no
3810,0,0,0.015906391478561197,-4.271363258361816,-0.1463632434606552,attack,no
3811,0,0,0.01798621101487092,-4.149100303649902,-0.14910036325454712,attack,no
3812,0,0,0.00010889694612749033,-9.155937194824219,-0.030937526375055313,attack,no
3813,0,0,0.001501181907740496,-6.531065464019775,-0.031065231189131737,attack,no
3814,0,0,0.025957360023456458,-3.7440316677093506,-0.11903177946805954,attack,no
3815,0,0,0.007577242220321141,-4.928933620452881,-0.05393374711275101,attack,no
3816,0,0,0.004070137655493202,-5.612635135650635,-0.11263512074947357,attack,no
3817,0,0,0.02595735606753309,-3.730531930923462,-0.10553188621997833,attack,no
3818,0,0,0.0066928523854755334,-5.037722110748291,-0.037722330540418625,attack,no
3819,0,0,0.00247262262370397,-6.053493022918701,-0.05349280685186386,attack,no
3820,0,0,0.001700722310236739,-6.412286758422852,-0.03728669881820679,attack,no
3821,0,0,0.02033235156176603,-3.961649179458618,-0.086649090051651,attack,no
3822,0,0,0.002182716461572189,-6.144315242767334,-0.01931525021791458,attack,no
3823,0,0,0.00247262262370397,-6.040162086486816,-0.040161870419979095,attack,no
3824,0,0,0.0035936018344303144,-5.747138500213623,-0.12213829159736633,attack,no
3825,0,0,0.010986940120842136,-4.59135103225708,-0.09135080128908157,attack,no
3826,0,0,0.0008040860284136337,-7.18244743347168,-0.05744754895567894,attack,no
3827,0,0,0.0031726828012493585,-5.774067401885986,-0.024067388847470284,attack,no
3828,0,0,0.004609573102387605,-5.4590744972229,-0.08407469838857651,attack,no
3829,0,0,0.0019267343320009895,-6.263540267944336,-0.013540095649659634,attack,no
3830,0,0,0.0008040858518239816,-7.175741195678711,-0.05074109137058258,attack,no
3831,0,1,0.6224593452091672,-0.7245115637779236,-1.2245116233825684,attack,yes
3832,0,0,0.008577484653403024,-4.870038986206055,-0.12003889679908752,attack,no
3833,0,0,0.0017007220762151193,-6.392170429229736,-0.01717023178935051,attack,no
3834,0,0,0.0011695101388570928,-6.802551746368408,-0.05255163833498955,attack,no
3835,0,0,0.006692850924284856,-5.078117847442627,-0.07811784744262695,attack,no
3836,0,0,0.4378234844434674,-1.0644323825836182,-0.8144323229789734,attack,no
3837,0,0,0.01590639031229368,-4.179759502410889,-0.05475941300392151,attack,no
3838,0,0,0.0015011825359342464,-6.566676616668701,-0.0666768029332161,attack,no
3839,0,0,0.0010322309349579638,-6.897449970245361,-0.02244987152516842,attack,no
3840,0,0,0.0021827169564960034,-6.172477722167969,-0.04747795686125755,attack,no
3841,0,0,0.00020342691971459519,-8.544153213500977,-0.04415292665362358,attack,no
3842,0,0,0.0017007221078396608,-6.441103935241699,-0.06610375642776489,attack,no
3843,0,0,0.03308597886541159,-3.5333518981933594,-0.15835191309452057,attack,no
3844,0,0,0.012431649115226305,-4.459492206573486,-0.08449206501245499,attack,no
3845,0,0,0.01590639031229368,-4.179594039916992,-0.054593950510025024,attack,no
3846,0,0,0.0024726228166616617,-6.043093681335449,-0.043093543499708176,attack,no
3847,0,0,0.004070137413881512,-5.636792182922363,-0.1367921084165573,attack,no
3848,0,0,0.22270013366638422,-1.6486530303955078,-0.3986530005931854,attack,no
3849,0,0,0.0021827168510204276,-6.221622943878174,-0.09662313014268875,attack,no
3850,0,0,0.014063629729268525,-4.309774398803711,-0.05977459251880646,attack,no
3851,0,0,0.0005527786986672803,-7.59091854095459,-0.0909186527132988,attack,no
3852,0,0,0.02931222905542399,-3.6081466674804688,-0.10814660787582397,attack,no
3853,0,0,0.008577485857225578,-4.816102027893066,-0.06610208004713058,attack,no
3854,0,0,0.0002034268848617704,-8.544598579406738,-0.04459812119603157,attack,no
3855,0,0,0.002182716875360945,-6.167113304138184,-0.04211350157856941,attack,no
3856,0,0,0.004609571905888793,-5.448695659637451,-0.0736956000328064,attack,no
3857,0,0,0.008577483576298776,-4.7899580001831055,-0.03995778411626816,attack,no
3858,0,0,0.0015011824019195573,-6.554494857788086,-0.0544949546456337,attack,no
3859,0,0,0.0024726227799078144,-6.016728401184082,-0.016728248447179794,attack,no
3860,0,0,0.005220125422728816,-5.2974348068237305,-0.04743475466966629,attack,no
3861,0,0,0.001169510508749058,-6.843056678771973,-0.09305688738822937,attack,no
3862,0,0,0.10669059394565118,-2.4279041290283203,-0.3029041290283203,attack,no
3863,0,0,0.04208773212094217,-3.268282651901245,-0.14328275620937347,attack,no
3864,0,0,0.0534033271633626,-2.9894871711730957,-0.11448711901903152,attack,no
3865,0,0,0.01590639427760358,-4.254574775695801,-0.1295749396085739,attack,no
3866,0,0,0.0002611902704579429,-8.271278381347656,-0.021278195083141327,attack,no
3867,0,0,0.010986941173318311,-4.536325454711914,-0.03632532060146332,attack,no
3868,0,0,0.0010322310521203835,-6.942127227783203,-0.06712724268436432,attack,no
3869,0,0,0.001926734606016944,-6.3053460121154785,-0.05534598231315613,attack,no
3870,0,0,0.22270013882530884,-1.6433783769607544,-0.3933783769607544,attack,no
3871,0,0,0.0015011821953136025,-6.533346652984619,-0.03334661200642586,attack,no
3872,0,0,0.003593602714811137,-5.679508686065674,-0.05450872331857681,attack,no
3873,0,0,0.1329642436335826,-2.2330515384674072,-0.3580515682697296,attack,no
3874,0,0,0.002472623349592508,-6.045420169830322,-0.04542024806141853,attack,no
3875,0,0,0.46879062662624377,-0.9557873010635376,-0.8307873010635376,attack,no
3876,0,0,0.37754066879814546,-1.3565139770507812,-0.8565139770507812,attack,no
3877,0,0,0.0010322311289482067,-6.915513515472412,-0.04051360487937927,attack,no
3878,0,0,0.34864513533394575,-1.1367709636688232,-0.5117709636688232,attack,no
3879,0,0,0.4378234991142019,-0.9467560648918152,-0.6967560648918152,attack,no
3880,0,0,0.008577483893094128,-4.793010711669922,-0.04301053285598755,attack,no
3881,0,0,0.1480471829959148,-2.2483949661254883,-0.49839484691619873,attack,no
3882,0,0,0.004070138002810032,-5.5570597648620605,-0.05705983564257622,attack,no
3883,0,0,0.4073333856566001,-1.0354487895965576,-0.6604487299919128,attack,no
3884,0,0,0.02033235408469743,-3.9362919330596924,-0.06129197031259537,attack,no
3885,0,0,0.2689414330889798,-1.4793531894683838,-0.47935324907302856,attack,no
3886,0,0,0.0040701374742844335,-5.562602996826172,-0.0626029372215271,attack,no
3887,0,0,0.002182716802339394,-6.192378520965576,-0.0673786848783493,attack,no
3888,0,0,0.4073333856566001,-1.0525081157684326,-0.6775080561637878,attack,no
3889,0,0,0.01406362601015982,-4.383772850036621,-0.13377277553081512,attack,no
3890,0,0,0.0005527786369235996,-7.522229194641113,-0.02222919464111328,attack,no
3891,0,0,0.004609571418742937,-5.401534557342529,-0.026534391567111015,attack,no
3892,0,0,0.18242553269617778,-1.7711820602416992,-0.271182119846344,attack,no
3893,0,0,0.02931222820745785,-3.619475841522217,-0.11947575211524963,attack,no
3894,0,0,0.000804085887740518,-7.166508197784424,-0.04150813817977905,attack,no
3895,0,0,0.003593602394672632,-5.724026679992676,-0.0990266278386116,attack,no
3896,0,0,0.06754668926255561,-2.921114206314087,-0.2961141765117645,attack,no
3897,0,0,0.007577240651563013,-4.926083087921143,-0.05108300596475601,attack,no
3898,0,1,0.6791787121629466,-0.6535364985466003,-1.4035365581512451,attack,yes
3899,0,0,0.015906393752783098,-4.182147979736328,-0.05714811012148857,attack,no
3900,0,0,0.037326884131416216,-3.363713264465332,-0.11371317505836487,attack,no
3901,0,0,0.16451646699291617,-1.950905442237854,-0.3259054720401764,attack,no
3902,0,0,0.0028009273833226214,-5.89790153503418,-0.022901684045791626,attack,no
3903,0,0,0.2942149597859341,-1.4690217971801758,-0.594021737575531,attack,no
3904,0,1,0.5621765008857981,-0.8268594741821289,-1.076859474182129,attack,yes
3905,0,0,0.0021827168510204276,-6.219404697418213,-0.09440488368272781,attack,no
3906,0,0,0.0028009263428186164,-6.0415496826171875,-0.1665494590997696,attack,no
3907,0,0,0.002182716173542808,-6.15044641494751,-0.025446290150284767,attack,no
3908,0,0,0.37754066879814546,-1.105577826499939,-0.605577826499939,attack,no
3909,0,0,0.20181322226037882,-1.8520680665969849,-0.47706806659698486,attack,no
3910,0,0,0.01243164810903933,-4.445821762084961,-0.07082153856754303,attack,no
3911,0,0,0.007577239867184069,-4.925816059112549,-0.050815872848033905,attack,no
3912,0,0,0.00407013825952249,-5.571561336517334,-0.07156147062778473,attack,no
3913,0,0,0.012431651356279409,-4.435902118682861,-0.06090215966105461,attack,no
3914,0,0,0.0028009268630705708,-5.96027946472168,-0.0852794274687767,attack,no
3915,0,0,0.07585818524437762,-2.7041473388671875,-0.20414741337299347,attack,no
3916,0,0,0.3208213138121609,-1.3204517364501953,-0.5704517960548401,attack,no
3917,0,0,0.005911069403500898,-5.178060054779053,-0.053060147911310196,attack,no
3918,0,0,0.0024726233128386523,-6.054887771606445,-0.054887834936380386,attack,no
3919,0,0,0.012431648200510868,-4.463199615478516,-0.08819939941167831,attack,no
3920,0,0,0.005220126215872627,-5.298195838928223,-0.048195939511060715,attack,no
3921,0,0,0.0015011820948026076,-6.53767204284668,-0.03767193481326103,attack,no
3922,0,0,0.0040701368098523495,-5.522334575653076,-0.022334352135658264,attack,no
3923,0,0,0.08509904732734556,-2.585669994354248,-0.21067002415657043,attack,no
3924,0,0,0.001501182502430573,-6.526834964752197,-0.026835128664970398,attack,no
3925,0,0,0.003172682983865187,-5.871485710144043,-0.12148575484752655,attack,no
3926,0,0,0.0013250225207337722,-6.677202224731445,-0.05220230296254158,attack,no
3927,0,0,0.18242552380635632,-1.8537957668304443,-0.35379576683044434,attack,no
3928,0,0,0.00669285072615733,-5.158076763153076,-0.15807673335075378,attack,no
3929,0,1,0.6513548646660542,-0.7834485769271851,-1.408448576927185,attack,yes
3930,0,0,0.006692852311177695,-5.080840110778809,-0.08084031939506531,attack,no
3931,0,0,0.004609572999830552,-5.422471523284912,-0.047471702098846436,attack,no
3932,0,0,0.02033235304584329,-3.9891679286956787,-0.11416791379451752,attack,no
3933,0,0,0.01098694125427802,-4.594875335693359,-0.09487520903348923,attack,no
3934,0,0,0.2942149845400438,-1.3861865997314453,-0.5111866593360901,attack,no
3935,0,0,0.0028009264260589225,-6.023904800415039,-0.14890460669994354,attack,no
3936,0,0,0.18242552825126704,-1.783160924911499,-0.2831609547138214,attack,no
3937,0,1,0.7310585669110203,-0.6568275094032288,-1.656827449798584,attack,yes
3938,0,0,0.32082130082460697,-1.2907084226608276,-0.5407084226608276,attack,no
3939,0,0,0.007577240259373531,-4.961062908172607,-0.08606277406215668,attack,no
3940,0,0,0.0007096703594728082,-7.275136470794678,-0.025136414915323257,attack,no
3941,0,0,0.0011695103433855766,-6.824049949645996,-0.07405001670122147,attack,no
3942,0,0,0.20181322226037882,-1.7114934921264648,-0.33649349212646484,attack,no
3943,0,0,0.2942149845400438,-1.4586772918701172,-0.583677351474762,attack,no
3944,0,0,0.002182716615728775,-6.185614109039307,-0.06061418727040291,attack,no
3945,0,0,0.0009110511401472368,-7.064904689788818,-0.06490463018417358,attack,no
3946,0,0,0.0017007226517818644,-6.398314952850342,-0.02331509441137314,attack,no
3947,0,0,0.001032231105899859,-6.910633087158203,-0.0356331542134285,attack,no
3948,0,0,0.00020342697426685462,-8.555869102478027,-0.05586908385157585,attack,no
3949,0,0,0.00460957306820192,-5.446682453155518,-0.0716826468706131,attack,no
3950,0,0,0.0373268852023206,-3.384312152862549,-0.13431209325790405,attack,no
3951,0,0,0.022977371917159397,-3.8585867881774902,-0.1085868775844574,attack,no
3952,0,0,0.005911067608497791,-5.185765743255615,-0.06076553091406822,attack,no
3953,0,1,0.679178699175393,-0.8210320472717285,-1.5710320472717285,attack,yes
3954,0,0,0.0035936024213508388,-5.667658805847168,-0.04265876114368439,attack,no
3955,0,0,0.003172682748231862,-5.8379435539245605,-0.08794352412223816,attack,no
3956,0,0,0.13296424019782924,-2.148144245147705,-0.2731442451477051,attack,no
3957,0,0,0.0009110512961257951,-7.103805065155029,-0.10380517691373825,attack,no
3958,0,0,0.0019267344269215444,-6.2976908683776855,-0.0476907454431057,attack,no
3959,0,0,0.004070137021262546,-5.5787672996521,-0.07876712828874588,attack,no
3960,0,0,0.007577242052239898,-5.019597053527832,-0.1445971578359604,attack,no
3961,0,0,0.008577487061048297,-4.948951721191406,-0.19895191490650177,attack,no
3962,0,0,0.08509904848750824,-2.5517799854278564,-0.17678003013134003,attack,no
3963,0,0,0.0019267346633274755,-6.316779613494873,-0.06677961349487305,attack,no
3964,0,0,0.06008665227791171,-2.8648767471313477,-0.11487678438425064,attack,no
3965,0,0,0.0019267344054300975,-6.283754825592041,-0.03375469148159027,attack,no
3966,0,0,0.24508500210441886,-1.6473774909973145,-0.5223774313926697,attack,no
3967,0,0,0.0059110693816106135,-5.2536211013793945,-0.1286211907863617,attack,no
3968,0,0,0.001501182558270029,-6.567076206207275,-0.06707640737295151,attack,no
3969,0,0,0.004070137172269837,-5.687681198120117,-0.18768106400966644,attack,no
3970,0,0,0.010986940687560063,-4.638220310211182,-0.13822013139724731,attack,no
3971,0,0,0.00407013711186692,-5.604394435882568,-0.10439428687095642,attack,no
3972,0,0,0.0005527785751799256,-7.558404922485352,-0.05840481072664261,attack,no
3973,0,1,0.6513548646660542,-0.6179680824279785,-1.2429680824279785,attack,yes
3974,0,0,0.001700722626482223,-6.449662208557129,-0.07466233521699905,attack,no
3975,0,0,0.07585818733363135,-2.73824405670166,-0.2382441610097885,attack,no
3976,0,0,0.0011695101997804675,-6.782986640930176,-0.032986585050821304,attack,no
3977,0,0,0.0028009264676790765,-5.953855991363525,-0.07885581254959106,attack,no
3978,0,0,0.012431647926096252,-4.457139015197754,-0.0821387767791748,attack,no
3979,0,0,0.05340332452690107,-3.0603718757629395,-0.1853717714548111,attack,no
3980,0,0,0.04208773031866069,-3.295891046524048,-0.17089110612869263,attack,no
3981,0,0,0.0017007222975869212,-6.441269397735596,-0.06626933068037033,attack,no
3982,0,0,0.0008040860613371324,-7.189977645874023,-0.06497780233621597,attack,no
3983,0,0,0.004070137776299053,-5.588418960571289,-0.08841897547245026,attack,no
3984,0,0,0.010986944897465581,-4.804943084716797,-0.3049432933330536,attack,no
3985,0,0,0.1329642333263228,-2.138277292251587,-0.26327723264694214,attack,no
3986,0,0,0.014063625183691352,-4.290717601776123,-0.0407174676656723,attack,no
3987,0,0,0.0013250221362286856,-6.661744117736816,-0.036743905395269394,attack,no
3988,0,0,0.0019267343911024666,-6.307873725891113,-0.05787358433008194,attack,no
3989,0,0,0.0015011824577590097,-6.631283760070801,-0.13128389418125153,attack,no
3990,0,0,0.0024726233404040437,-6.0492658615112305,-0.04926593601703644,attack,no
3991,0,0,0.010986940404201095,-4.528567314147949,-0.028567109256982803,attack,no
3992,0,0,0.007577241604023266,-4.937809467315674,-0.06280951201915741,attack,no
3993,0,0,0.0002034269394140205,-8.550275802612305,-0.050275612622499466,attack,no
3994,0,0,0.015906388329639098,-4.22004508972168,-0.09504487365484238,attack,no
3995,0,0,0.08509905080783367,-2.5380020141601562,-0.16300208866596222,attack,no
3996,0,0,0.0006263340182005267,-7.4107890129089355,-0.03578878939151764,attack,no
3997,0,0,0.003593603321740466,-5.652759552001953,-0.02775975875556469,attack,no
3998,0,0,0.0013250223974949503,-6.811117172241211,-0.18611715734004974,attack,no
3999,0,0,0.004609571290546667,-5.440541744232178,-0.06554155051708221,attack,no
4000,0,0,0.0021827166360125377,-6.147241115570068,-0.022241203114390373,attack,no
4001,0,0,0.00669285077568921,-5.027246475219727,-0.02724645286798477,attack,no
4002,0,0,0.003593602954915036,-5.734425067901611,-0.10942517220973969,attack,no
4003,0,0,0.0004305570043681645,-7.789675235748291,-0.03967505693435669,attack,no
4004,0,0,0.0008040858368587588,-7.160480499267578,-0.035480376332998276,attack,no
4005,0,0,0.34864513533394575,-1.2877472639083862,-0.6627472639083862,attack,no
4006,0,0,0.002800926967120973,-5.944613933563232,-0.06961393356323242,attack,no
4007,0,0,0.022977367233847502,-3.8339900970458984,-0.08398997783660889,attack,no
4008,0,0,0.02297736857193652,-3.807375907897949,-0.05737584829330444,attack,no
4009,0,0,0.0021827164291181723,-6.167289733886719,-0.04228972643613815,attack,no
4010,0,1,0.7057850154599563,-0.6390872597694397,-1.514087200164795,attack,yes
4011,0,0,0.004609571187989654,-5.462738037109375,-0.08773782104253769,attack,no
4012,0,0,0.014063624305568652,-4.308042526245117,-0.05804232880473137,attack,no
4013,0,0,0.0017007224209226522,-6.395883083343506,-0.020883088931441307,attack,no
4014,0,0,0.0004878570664700633,-7.681818962097168,-0.056818846613168716,attack,no
4015,0,0,0.3208213138121609,-1.312422752380371,-0.5624228119850159,attack,no
4016,0,0,0.008577485635468778,-4.810410499572754,-0.060410525649785995,attack,no
4017,0,0,0.0011695103216272258,-6.808743953704834,-0.058744002133607864,attack,no
4018,0,0,0.0024726234139117557,-6.047500133514404,-0.047500237822532654,attack,no
4019,0,0,0.0010322312826038706,-6.9341020584106445,-0.05910229682922363,attack,no
4020,0,0,0.0028009265717294646,-5.907317638397217,-0.032317496836185455,attack,no
4021,0,0,0.00048785706465354084,-7.807973384857178,-0.18297326564788818,attack,no
4022,0,0,0.0009110511774464548,-7.045563220977783,-0.04556320235133171,attack,no
4023,0,0,0.020332352452212373,-3.9587807655334473,-0.08378072082996368,attack,no
4024,0,1,0.7772998508568416,-0.5527628064155579,-1.802762746810913,attack,yes
4025,0,1,0.7057850278370112,-0.4668419361114502,-1.3418419361114502,attack,yes
4026,0,0,0.2942149597859341,-1.4265797138214111,-0.5515796542167664,attack,no
4027,0,0,0.00359360219458608,-5.669241428375244,-0.044241320341825485,attack,no
4028,0,0,0.004609572059724338,-5.421329021453857,-0.04632899537682533,attack,no
4029,0,0,0.005220126022422906,-5.2985405921936035,-0.04854065552353859,attack,no
4030,0,0,0.0011695099909003392,-6.773437023162842,-0.023436788469552994,attack,no
4031,0,0,0.0010322308216369478,-6.9013671875,-0.026366978883743286,attack,no
4032,0,0,0.0015011825806058117,-6.593211650848389,-0.09321186691522598,attack,no
4033,0,0,0.22270013882530884,-1.7454795837402344,-0.4954795837402344,attack,no
4034,0,0,0.008577485746347178,-4.776165008544922,-0.02616504766047001,attack,no
4035,0,0,0.0474258704848281,-3.1759369373321533,-0.17593687772750854,attack,no
4036,0,0,0.0011695101432087622,-6.823344707489014,-0.07334460318088531,attack,no
4037,0,0,0.0040701368098523495,-5.609983444213867,-0.10998322069644928,attack,no
4038,0,0,0.02595735569077852,-3.6815686225891113,-0.05656856298446655,attack,no
4039,0,0,0.00037998450555426884,-7.902953624725342,-0.027953600510954857,attack,no
4040,0,0,0.0293122339312297,-3.6241984367370605,-0.1241985484957695,attack,no
4041,0,0,0.001926735085992697,-6.2877655029296875,-0.03776572272181511,attack,no
4042,0,0,0.007577240147319397,-5.0125274658203125,-0.13752731680870056,attack,no
4043,0,0,0.02595735569077852,-3.7534990310668945,-0.12849897146224976,attack,no
4044,0,0,0.0010322311481551635,-6.921245574951172,-0.04624568298459053,attack,no
4045,0,0,0.005220125732248338,-5.310247898101807,-0.06024790555238724,attack,no
4046,0,0,0.13296424706933604,-2.149825096130371,-0.27482515573501587,attack,no
4047,0,0,0.007577241043752515,-4.957935810089111,-0.08293578028678894,attack,no
4048,0,0,0.0031726827717951933,-5.8271613121032715,-0.0771612897515297,attack,no
4049,0,0,0.009708474475791274,-4.774154186248779,-0.14915397763252258,attack,no
4050,0,0,0.002800927341702454,-5.9157538414001465,-0.04075397551059723,attack,no
4051,0,0,0.003172682536161884,-5.7675323486328125,-0.01753225177526474,attack,no
4052,0,0,0.014063625906851259,-4.330686569213867,-0.08068648725748062,attack,no
4053,0,0,0.005911067761729742,-5.196524143218994,-0.07152395695447922,attack,no
4054,0,0,0.003172683572948575,-5.7790374755859375,-0.029037706553936005,attack,no
4055,0,0,0.18242551936144574,-1.824520468711853,-0.32452043890953064,attack,no
4056,0,0,0.0011695103063963802,-6.768199443817139,-0.018199479207396507,attack,no
4057,0,0,0.07585818211049715,-2.8774197101593018,-0.37741973996162415,attack,no
4058,0,0,0.01590639357784294,-4.208676338195801,-0.08367645740509033,attack,no
4059,0,0,0.00037998460531281857,-7.926280975341797,-0.05128121376037598,attack,no
4060,0,0,0.18242551936144574,-1.9260838031768799,-0.4260837733745575,attack,no
4061,0,0,0.10669059962643358,-2.4926416873931885,-0.36764174699783325,attack,no
4062,0,0,0.005220126389977382,-5.290379524230957,-0.040379658341407776,attack,no
4063,0,0,0.005220125616178516,-5.315697193145752,-0.06569717824459076,attack,no
4064,0,0,0.00037998459116266807,-7.955974578857422,-0.08097478002309799,attack,no
4065,0,0,0.0031726825597252145,-5.839296340942383,-0.08929625153541565,attack,no
4066,0,0,0.008577485413711986,-4.794986248016357,-0.04498624801635742,attack,no
4067,0,0,0.007577240427454735,-4.937456130981445,-0.06245601922273636,attack,no
4068,0,0,0.3208212878370535,-1.384023666381836,-0.6340236067771912,attack,no
4069,0,0,0.0010322309676097843,-6.956924915313721,-0.08192484825849533,attack,no
4070,0,0,0.006692849983179163,-5.077940464019775,-0.07794032245874405,attack,no
4071,0,0,0.01243165103612894,-4.4784369468688965,-0.10343696177005768,attack,no
4072,0,0,0.1645164628965632,-2.039365768432617,-0.4143657684326172,attack,no
4073,0,0,0.0017007226517818644,-6.441770553588867,-0.06677069514989853,attack,no
4074,0,0,0.01406362570023414,-4.344764709472656,-0.09476461261510849,attack,no
4075,0,0,0.0010322312173002106,-6.904116153717041,-0.029116328805685043,attack,no
4076,0,0,0.00043055715828107903,-7.789792537689209,-0.03979271650314331,attack,no
4077,0,0,0.0021827169483824974,-6.162441730499268,-0.03744196146726608,attack,no
4078,0,0,0.0028009273625125377,-5.981846332550049,-0.10684647411108017,attack,no
4079,0,0,0.0008040860792954051,-7.197388172149658,-0.07238835096359253,attack,no
4080,0,0,0.0004305570973572105,-7.794712543487549,-0.04471258074045181,attack,no
4081,0,0,0.007577240511495337,-4.917377471923828,-0.042377371340990067,attack,no
4082,0,0,0.0011695100648787136,-6.796029567718506,-0.04602939635515213,attack,no
4083,0,1,0.7981867777396212,-0.4136849641799927,-1.7886849641799927,attack,yes
4084,0,0,0.00669285241024148,-5.052969932556152,-0.05297015607357025,attack,no
4085,0,0,0.015906394044350028,-4.293410778045654,-0.16841092705726624,attack,no
4086,0,0,0.0159063953272446,-4.235755443572998,-0.11075567454099655,attack,no
4087,0,0,0.34864513533394575,-1.4611128568649292,-0.8361128568649292,attack,no
4088,0,0,0.0017007222216880143,-6.435053825378418,-0.060053713619709015,attack,no
4089,0,0,0.22270013366638422,-1.6286728382110596,-0.3786728084087372,attack,no
4090,0,0,0.002800926759020172,-5.930455684661865,-0.055455610156059265,attack,no
4091,0,0,0.01098694263059318,-4.589090824127197,-0.08909082412719727,attack,no
4092,0,0,0.005911068155754778,-5.392664909362793,-0.2676647901535034,attack,no
4093,0,0,0.0046095717520532545,-5.435207366943359,-0.06020727381110191,attack,no
4094,0,0,0.0011695103303305662,-6.77523946762085,-0.025239523500204086,attack,no
4095,0,0,0.00026119031617745256,-8.3065185546875,-0.056518543511629105,attack,no
4096,0,0,0.042087725512577126,-3.2993688583374023,-0.17436879873275757,attack,no
4097,0,0,0.0009110511740556168,-7.074311256408691,-0.07431123405694962,attack,no
4098,0,0,0.0015011820557150003,-6.533052921295166,-0.03305278718471527,attack,no
4099,0,0,0.0011695102650555148,-6.815603733062744,-0.06560373306274414,attack,no
4100,0,1,0.6224593312018546,-0.6399363279342651,-1.1399363279342651,attack,yes
4101,0,0,0.0031726829956468527,-5.798868179321289,-0.04886822775006294,attack,no
4102,0,1,0.5926665999540697,-0.7250652313232422,-1.1000652313232422,attack,yes
4103,0,0,0.0028009273833226214,-5.963144779205322,-0.0881449282169342,attack,no
4104,0,0,0.020332351710173755,-3.9595603942871094,-0.08456031233072281,attack,no
4105,0,0,0.0015011824354232285,-6.533207893371582,-0.03320801258087158,attack,no
4106,0,0,0.005220125229279126,-5.3033928871154785,-0.05339279770851135,attack,no
4107,0,0,0.0028009274665629583,-6.011025905609131,-0.13602608442306519,attack,no
4108,0,0,0.053403329799824234,-3.011798143386841,-0.13679814338684082,attack,no
4109,0,0,0.0031726830368826874,-5.778656482696533,-0.028656544163823128,attack,no
4110,0,0,0.0046095718375174415,-5.486637115478516,-0.11163704097270966,attack,no
4111,0,0,0.004070137232672753,-5.576193332672119,-0.07619321346282959,attack,no
4112,0,0,0.0010322311366309893,-6.900428295135498,-0.025428391993045807,attack,no
4113,0,0,0.0009110511876189689,-7.051579475402832,-0.051579467952251434,attack,no
4114,0,0,0.002472622669646276,-6.055664539337158,-0.055664341896772385,attack,no
4115,0,0,0.0028009266757798557,-5.942580699920654,-0.06758059561252594,attack,no
4116,0,0,0.00037998445532125014,-7.938409328460693,-0.06340917199850082,attack,no
4117,0,0,0.4073334000459302,-1.2233967781066895,-0.8483967781066895,attack,no
4118,0,0,0.0019267343481195736,-6.336346626281738,-0.08634646236896515,attack,no
4119,0,0,0.0035936028882195066,-5.6648712158203125,-0.039871301501989365,attack,no
4120,0,0,0.001926734305136682,-6.370425224304199,-0.1204250380396843,attack,no
4121,0,0,0.0011695102345938256,-6.782592296600342,-0.03259227052330971,attack,no
4122,0,0,0.00033535005428617055,-8.056674003601074,-0.05667377635836601,attack,no
4123,0,0,0.20181322226037882,-1.7787394523620605,-0.40373945236206055,attack,no
4124,0,0,0.0024726227799078144,-6.049426078796387,-0.04942592605948448,attack,no
4125,0,0,0.0059110692064883365,-5.266199111938477,-0.14119917154312134,attack,no
4126,0,0,0.0005527785792961704,-7.557650566101074,-0.05765046179294586,attack,no
4127,0,0,0.0021827164291181723,-6.2211432456970215,-0.09614323824644089,attack,no
4128,0,0,0.0017007220382656704,-6.423366546630859,-0.048366326838731766,attack,no
4129,0,0,0.0006263342945206215,-7.403024673461914,-0.028024891391396523,attack,no
4130,0,0,0.015906393927723257,-4.182317733764648,-0.05731787532567978,attack,no
4131,0,0,0.0031726831016818556,-5.764533996582031,-0.014534078538417816,attack,no
4132,0,0,0.01243165140201519,-4.486570358276367,-0.11157040297985077,attack,no
4133,0,0,0.008577485350352902,-4.7858710289001465,-0.03587102144956589,attack,no
4134,0,0,0.08509904964767095,-2.5543220043182373,-0.17932206392288208,attack,no
4135,0,0,0.16451646699291617,-1.9361159801483154,-0.3111160099506378,attack,no
4136,0,0,0.0015011823628319422,-6.533315181732178,-0.033315252512693405,attack,no
4137,0,0,0.22270014398423357,-1.6341999769210815,-0.38420000672340393,attack,no
4138,0,0,0.037326884131416216,-3.342381477355957,-0.09238138794898987,attack,no
4139,0,0,0.37754066879814546,-1.2085654735565186,-0.7085654735565186,attack,no
4140,0,0,0.001032231163520729,-6.915567398071289,-0.04056752100586891,attack,no
4141,0,0,0.04742587788985982,-3.1781351566314697,-0.17813526093959808,attack,no
4142,0,0,0.34864513533394575,-1.1650521755218506,-0.5400521755218506,attack,no
4143,0,0,0.0007096702670079966,-7.343095302581787,-0.09309511631727219,attack,no
4144,0,0,0.0006263340718322655,-7.403532028198242,-0.028531890362501144,attack,no
4145,0,0,0.18242552825126704,-1.8389606475830078,-0.3389606773853302,attack,no
4146,0,0,0.0011695102650555148,-6.771108150482178,-0.021108150482177734,attack,no
4147,0,0,0.0013250226538317129,-6.75530481338501,-0.1303049921989441,attack,no
4148,0,0,0.022977369408242194,-3.840606451034546,-0.09060642868280411,attack,no
4149,0,0,0.14804720179063335,-2.0982284545898438,-0.34822848439216614,attack,no
4150,0,0,0.017986208514520034,-4.1180901527404785,-0.11809007078409195,attack,no
4151,0,1,0.8807970873650403,-0.3670155107975006,-2.3670156002044678,attack,yes
4152,0,0,0.0019267342549899764,-6.26564359664917,-0.01564338430762291,attack,no
4153,0,0,0.020332353342658753,-3.990201711654663,-0.11520171165466309,attack,no
4154,0,1,0.5312093733737563,-0.9558379650115967,-1.0808379650115967,attack,yes
4155,0,0,0.0035936033017318052,-5.700067520141602,-0.07506772130727768,attack,no
4156,0,0,0.004609571700774742,-5.431792259216309,-0.05679215490818024,attack,no
4157,0,0,0.04208772671409796,-3.251401901245117,-0.1264018714427948,attack,no
4158,0,0,0.05340333582602272,-3.1287922859191895,-0.253792405128479,attack,no
4159,0,0,0.0019267349785354285,-6.300909519195557,-0.05090968310832977,attack,no
4160,0,0,0.0024726227523424295,-6.107315540313721,-0.10731537640094757,attack,no
4161,0,0,0.0010322311289482067,-6.927186489105225,-0.05218657851219177,attack,no
4162,0,0,0.0031726822887469283,-5.805126190185547,-0.05512601509690285,attack,no
4163,0,0,0.0015011819328682409,-6.5369062423706055,-0.03690602630376816,attack,no
4164,0,0,0.012431651219072064,-4.444310188293457,-0.06931021809577942,attack,no
4165,0,0,0.004070137293075673,-5.629049301147461,-0.12904919683933258,attack,no
4166,0,0,0.0035936018877867223,-5.710716724395752,-0.08571653068065643,attack,no
4167,0,0,0.4073334000459302,-1.2800308465957642,-0.9050308465957642,attack,no
4168,0,0,0.0006263341744321264,-7.410479545593262,-0.03547957167029381,attack,no
4169,0,0,0.0019267344842320703,-6.287287712097168,-0.03728761896491051,attack,no
4170,0,0,0.18242553269617778,-1.8740227222442627,-0.37402278184890747,attack,no
4171,0,0,0.0024726235976810437,-6.075366973876953,-0.07536715269088745,attack,no
4172,0,0,0.0015011819552040147,-6.5365681648254395,-0.036567963659763336,attack,no
4173,0,0,0.08509904500702024,-2.6174979209899902,-0.24249792098999023,attack,no
4174,0,0,0.008577483703016914,-4.814004421234131,-0.06400422006845474,attack,no
4175,0,0,0.0015011821673938809,-6.665012836456299,-0.16501277685165405,attack,no
4176,0,0,0.003593602714811137,-5.688480854034424,-0.06348089128732681,attack,no
4177,0,0,0.033085976005166884,-3.5253045558929443,-0.15030448138713837,attack,no
4178,0,0,0.0009110512452632187,-7.036203861236572,-0.03620391711592674,attack,no
4179,0,0,0.0006263343073456077,-7.432398796081543,-0.05739903450012207,attack,no
4180,0,0,0.0002611902976950966,-8.313371658325195,-0.06337157636880875,attack,no
4181,0,0,0.05340332829327471,-3.0855305194854736,-0.21053048968315125,attack,no
4182,0,0,0.1480472055495773,-2.008971691131592,-0.2589717507362366,attack,no
4183,0,0,0.004070138138716626,-5.557348728179932,-0.05734883248806,attack,no
4184,0,0,0.003593602928236824,-5.707992076873779,-0.08299217373132706,attack,no
4185,0,0,0.29421497216298875,-1.4074877500534058,-0.5324877500534058,attack,no
4186,0,0,0.0052201262352176,-5.297116279602051,-0.04711638391017914,attack,no
4187,0,0,0.03308597767364294,-3.4746768474578857,-0.09967682510614395,attack,no
4188,0,0,0.0008040861211980428,-7.165785789489746,-0.0407860204577446,attack,no
4189,0,0,0.0008040858189004915,-7.1826372146606445,-0.05763706937432289,attack,no
4190,0,0,0.03732688573777281,-3.368447780609131,-0.11844773590564728,attack,no
4191,0,0,0.0007096704809980072,-7.275166988372803,-0.025167103856801987,attack,no
4192,0,0,0.0013250223925653976,-6.661566257476807,-0.03656623885035515,attack,no
4193,0,0,0.08509903804604459,-2.639737606048584,-0.2647375166416168,attack,no
4194,0,0,0.003593602181246977,-5.673181056976318,-0.048180945217609406,attack,no
4195,0,0,0.01798620667215645,-4.0514116287231445,-0.05141144245862961,attack,no
4196,0,0,0.0019267348710781658,-6.308760643005371,-0.05876075103878975,attack,no
4197,0,0,0.0006263340695004506,-7.402759552001953,-0.027759410440921783,attack,no
4198,0,1,0.5926665999540697,-0.6883348226547241,-1.0633348226547241,attack,yes
4199,0,0,0.02931223202330563,-3.5973117351531982,-0.09731177985668182,attack,no
4200,0,0,0.003593602461368151,-5.675991058349609,-0.05099102482199669,attack,no
4201,0,0,0.006692849735519792,-5.08537483215332,-0.08537465333938599,attack,no
4202,0,0,0.34864513533394575,-1.2357661724090576,-0.6107661724090576,attack,no
4203,0,0,0.005220126254562572,-5.300058841705322,-0.05005894973874092,attack,no
4204,0,0,0.012431650853185818,-4.4391255378723145,-0.06412553787231445,attack,no
4205,0,1,0.5312093733737563,-0.8553074598312378,-0.9803074598312378,attack,yes
4206,0,0,0.00037998454022213063,-7.956811428070068,-0.08181149512529373,attack,no
4207,0,0,0.0031726830309918535,-5.819570064544678,-0.06957012414932251,attack,no
4208,0,0,0.015906393986036643,-4.168955326080322,-0.043955471366643906,attack,no
4209,0,0,0.0004305570717050579,-7.794444561004639,-0.04444453865289688,attack,no
4210,0,0,0.004609573222037503,-5.431549072265625,-0.056549299508333206,attack,no
4211,0,0,0.004609571410196518,-5.424296855926514,-0.04929668828845024,attack,no
4212,0,0,0.02595735757455145,-3.816505193710327,-0.19150520861148834,attack,no
4213,0,0,0.0008040859655596853,-7.189913749694824,-0.0649137869477272,attack,no
4214,0,0,0.0028009270191461763,-5.913875579833984,-0.03887559846043587,attack,no
4215,0,1,0.5312093585306514,-0.8855426907539368,-1.010542631149292,attack,yes
4216,0,0,0.0059110702134415015,-5.210958957672119,-0.08595918864011765,attack,no
4217,0,0,0.010986942954432066,-4.570138931274414,-0.07013896107673645,attack,no
4218,0,0,0.0015011820110434502,-6.520817756652832,-0.0208175927400589,attack,no
4219,0,0,0.08509904152653235,-2.541563034057617,-0.1665629893541336,attack,no
4220,0,0,0.0028009267902352913,-5.928117752075195,-0.05311768874526024,attack,no
4221,0,0,0.05340333055309901,-3.0049750804901123,-0.1299750953912735,attack,no
4222,0,0,0.014063627249862615,-4.316800117492676,-0.06680013239383698,attack,no
4223,0,0,0.09534945718704857,-2.6137332916259766,-0.3637332022190094,attack,no
4224,0,0,0.002182716867247439,-6.163517475128174,-0.03851766884326935,attack,no
4225,0,0,0.24508500761839525,-1.531667709350586,-0.40666767954826355,attack,no
4226,0,0,0.0011695102237146509,-6.780674934387207,-0.030674898996949196,attack,no
4227,0,0,0.003172683384441879,-5.819193363189697,-0.069193534553051,attack,no
4228,0,0,0.005911069906977476,-5.169340133666992,-0.044340312480926514,attack,no
4229,0,0,0.0017007223165616484,-6.39360237121582,-0.018602315336465836,attack,no
4230,0,0,0.020332352303804646,-3.9272403717041016,-0.052240319550037384,attack,no
4231,0,0,0.004070137142068378,-5.569792747497559,-0.06979260593652725,attack,no
4232,0,0,0.11920291263495983,-2.2382264137268066,-0.23822632431983948,attack,no
4233,0,0,0.29421497216298875,-1.6190072298049927,-0.7440072298049927,attack,no
4234,0,0,0.00043055699154209085,-7.813941478729248,-0.06394127011299133,attack,no
4235,0,0,0.0021827165629909944,-6.15571403503418,-0.030714089050889015,attack,no
4236,0,0,0.017986209567299315,-4.0800461769104,-0.0800461545586586,attack,no
4237,0,0,0.015906391128680933,-4.224425315856934,-0.09942527860403061,attack,no
4238,0,0,0.004609572256291984,-5.396218776702881,-0.021218793466687202,attack,no
4239,0,0,0.22270013882530884,-1.5872125625610352,-0.33721256256103516,attack,no
4240,0,0,0.009708476553105604,-4.656264781951904,-0.031264789402484894,attack,no
4241,0,0,0.14804718675485834,-2.0498666763305664,-0.29986658692359924,attack,no
4242,0,0,0.01798621062007865,-4.062203407287598,-0.06220344454050064,attack,no
4243,0,0,0.005911068287096462,-5.158847332000732,-0.03384723514318466,attack,no
4244,0,0,0.037326884131416216,-3.339696168899536,-0.08969607949256897,attack,no
4245,0,1,0.7310585786300049,-0.5396404266357422,-1.5396404266357422,attack,yes
4246,0,0,0.06754669301670263,-2.819931745529175,-0.1949317753314972,attack,no
4247,0,0,0.32082130082460697,-1.31676185131073,-0.56676185131073,attack,no
4248,0,0,0.001325022550311091,-6.648021697998047,-0.023021798580884933,attack,no
4249,0,0,0.09534945718704857,-2.6161575317382812,-0.3661574423313141,attack,no
4250,0,0,0.0004878570501213606,-7.681451320648193,-0.05645117163658142,attack,no
4251,0,0,0.0007096704149517007,-7.315164089202881,-0.06516411155462265,attack,no
4252,0,0,0.0019267343194643127,-6.31702184677124,-0.06702166795730591,attack,no
4253,0,0,0.002182716185713063,-6.200256824493408,-0.07525670528411865,attack,no
4254,0,0,0.0010322308370025084,-6.957302570343018,-0.08230237662792206,attack,no
4255,0,0,0.0035936017677348064,-5.665885925292969,-0.040885698050260544,attack,no
4256,0,0,0.0040701385313356995,-5.580294609069824,-0.08029481023550034,attack,no
4257,0,0,0.11920292515117029,-2.2223410606384277,-0.22234109044075012,attack,no
4258,0,0,0.01243165062450692,-4.432097911834717,-0.057097893208265305,attack,no
4259,0,0,0.005911070257222078,-5.200580596923828,-0.07558083534240723,attack,no
4260,0,0,0.0028009272896772452,-5.913978099822998,-0.0389782153069973,attack,no
4261,0,0,0.0021827163966641563,-6.201406955718994,-0.07640693336725235,attack,no
4262,0,0,0.37754066879814546,-1.2347161769866943,-0.7347161769866943,attack,no
4263,0,0,0.0031726831252451896,-5.869430065155029,-0.11943015456199646,attack,no
4264,0,0,0.008577485191955198,-4.797094345092773,-0.04709431901574135,attack,no
4265,0,0,0.0009110511808372929,-7.07290506362915,-0.0729050487279892,attack,no
4266,0,0,0.0003353500280601671,-8.071944236755371,-0.07194393128156662,attack,no
4267,0,0,0.0008040860373927696,-7.2162184715271,-0.09121859818696976,attack,no
4268,0,0,0.0008040860014762267,-7.240945339202881,-0.11594542115926743,attack,no
4269,0,0,0.0019267343337919433,-6.369751453399658,-0.11975128203630447,attack,no
4270,0,0,0.0017007227909298973,-6.422829627990723,-0.047829851508140564,attack,no
4271,0,0,0.007577241043752515,-4.981816291809082,-0.10681626200675964,attack,no
4272,0,0,0.004070137504485895,-5.603577613830566,-0.10357756167650223,attack,no
4273,0,0,0.00132502270312725,-6.698195934295654,-0.07319615036249161,attack,no
4274,0,0,0.2942149845400438,-1.3604490756988525,-0.4854491353034973,attack,no
4275,0,0,0.008577485413711986,-4.8321123123168945,-0.08211231231689453,attack,no
4276,0,0,0.005220124648930093,-5.293179035186768,-0.04317883402109146,attack,no
4277,0,0,0.0675466911396291,-2.746589422225952,-0.12158942222595215,attack,no
4278,0,0,0.0024726237309137863,-6.015075206756592,-0.01507543958723545,attack,no
4279,0,0,0.014063627043245474,-4.325479030609131,-0.07547903060913086,attack,no
4280,0,0,0.022977367902892003,-3.8528730869293213,-0.10287299752235413,attack,no
4281,0,0,0.003593603395105557,-5.672278881072998,-0.04727910831570625,attack,no
4282,0,0,0.0006263341371230841,-7.425643444061279,-0.05064341053366661,attack,no
4283,0,0,0.0011695103781989395,-6.779603004455566,-0.029603101313114166,attack,no
4284,0,0,0.03732688627322502,-3.376434564590454,-0.1264345347881317,attack,no
4285,0,0,0.0009110513164708264,-7.026554107666016,-0.02655424177646637,attack,no
4286,0,0,0.001325022476367795,-6.657933712005615,-0.032933756709098816,attack,no
4287,0,0,0.010986942428193881,-4.560342311859131,-0.06034229323267937,attack,no
4288,0,0,0.18242552380635632,-1.873997688293457,-0.37399768829345703,attack,no
4289,0,0,0.004070138682343046,-5.638528823852539,-0.13852906227111816,attack,no
4290,0,0,0.0031726830309918535,-5.832773208618164,-0.08277326822280884,attack,no
4291,0,0,0.002472623657406066,-6.020703315734863,-0.020703518763184547,attack,no
4292,0,0,0.005220125132554282,-5.284937858581543,-0.03493775054812431,attack,no
4293,0,0,0.16451644651115205,-2.1762328147888184,-0.5512326955795288,attack,no
4294,0,0,0.001700722209038197,-6.423069953918457,-0.04806983470916748,attack,no
4295,0,0,0.006692850874752974,-5.049655437469482,-0.049655430018901825,attack,no
4296,0,0,0.004609571572578465,-5.404443740844727,-0.029443608596920967,attack,no
4297,0,0,0.0017007227498179777,-6.397494316101074,-0.022494515404105186,attack,no
4298,0,0,0.4073334000459302,-1.1046041250228882,-0.7296041250228882,attack,no
4299,0,0,0.005911067761729742,-5.164651870727539,-0.03965168446302414,attack,no
4300,0,0,0.0010322309023061444,-6.926466941833496,-0.05146681144833565,attack,no
4301,0,0,0.0017007223861356504,-6.4416069984436035,-0.06660698354244232,attack,no
4302,0,0,0.00037998450626177614,-7.956425666809082,-0.08142564445734024,attack,no
4303,0,0,0.01098694327827096,-4.597334861755371,-0.09733492136001587,attack,no
4304,0,0,0.0003353502253796724,-8.07214641571045,-0.0721466988325119,attack,no
4305,0,0,0.006692851345305867,-5.037415027618408,-0.03741509094834328,attack,no
4306,0,0,0.00048785716637881444,-7.739840984344482,-0.11484107375144958,attack,no
4307,0,0,0.00048785714412640896,-7.640197277069092,-0.015197320841252804,attack,no
4308,0,0,0.0011695104782873623,-6.801075458526611,-0.05107564106583595,attack,no
4309,0,0,0.2689414330889798,-1.5340638160705566,-0.5340638756752014,attack,no
4310,0,0,0.004070138138716626,-5.55832576751709,-0.0583258718252182,attack,no
4311,0,0,0.00013982210090637348,-8.90234661102295,-0.027346791699528694,attack,no
4312,0,0,0.003593601821091213,-5.677268028259277,-0.05226781591773033,attack,no
4313,0,0,0.2942149597859341,-1.4322595596313477,-0.5572595000267029,attack,no
4314,0,0,0.0002959570517898911,-8.239151000976562,-0.11415079236030579,attack,no
4315,0,0,0.0004305571069767681,-7.8649773597717285,-0.11497741937637329,attack,no
4316,0,0,0.002472623220954017,-6.031222820281982,-0.03122284635901451,attack,no
4317,0,0,0.006692852212113911,-5.076868057250977,-0.07686825096607208,attack,no
4318,0,1,0.7310585669110203,-0.5488758683204651,-1.5488758087158203,attack,yes
4319,0,0,0.0008040859176709661,-7.165594100952148,-0.04059407860040665,attack,no
4320,0,0,0.0013250221608764442,-6.699248790740967,-0.07424859702587128,attack,no
4321,0,0,0.008577486775932374,-4.80462121963501,-0.0546213798224926,attack,no
4322,0,0,0.007577241884158658,-4.945188999176025,-0.07018908113241196,attack,no
4323,0,0,0.0021827168347934166,-6.193527698516846,-0.06852787733078003,attack,no
4324,0,0,0.007577240651563013,-4.952029705047607,-0.07702962309122086,attack,no
4325,0,0,0.08509905080783367,-2.603022575378418,-0.22802264988422394,attack,no
4326,0,0,0.0024726235471444888,-6.025633335113525,-0.025633493438363075,attack,no
4327,0,0,0.00033535022787738834,-8.08095932006836,-0.08095961064100266,attack,no
4328,0,0,0.02931223350724656,-3.5938355922698975,-0.09383568912744522,attack,no
4329,0,0,0.029312234143221275,-3.5693769454956055,-0.06937706470489502,attack,no
4330,0,0,0.002800927601828512,-5.908475399017334,-0.03347562626004219,attack,no
4331,0,0,0.0066928495621582365,-5.033854007720947,-0.03385380282998085,attack,no
4332,0,0,0.0028009263324135785,-5.91900634765625,-0.044006120413541794,attack,no
4333,0,0,0.014063626630011202,-4.3532490730285645,-0.10324904322624207,attack,no
4334,0,0,0.0004305570845311339,-7.771528244018555,-0.021528251469135284,attack,no
4335,0,0,0.0009110513537700514,-7.045348644256592,-0.045348819345235825,attack,no
4336,0,0,0.001700722341861285,-6.428195953369141,-0.05319591239094734,attack,no
4337,0,0,0.0011695102258904857,-6.775869369506836,-0.02586933597922325,attack,no
4338,0,0,0.18242553269617778,-2.0410332679748535,-0.5410333275794983,attack,no
4339,0,0,0.06754669817865512,-2.7491118907928467,-0.12411200255155563,attack,no
4340,0,0,0.009708474762317362,-4.736391544342041,-0.11139136552810669,attack,no
4341,0,0,0.003593603088306097,-5.70367431640625,-0.07867445796728134,attack,no
4342,0,0,0.0011695102650555148,-6.824143886566162,-0.07414388656616211,attack,no
4343,0,0,0.042087731520181665,-3.243687152862549,-0.11868724226951599,attack,no
4344,0,0,0.0017007226138324027,-6.4132819175720215,-0.038282036781311035,attack,no
4345,0,0,0.014063624047297284,-4.294895172119141,-0.044894956052303314,attack,no
4346,0,0,0.001032231144313772,-6.957332134246826,-0.08233223855495453,attack,no
4347,0,0,0.0004305570171942387,-7.842535972595215,-0.0925358235836029,attack,no
4348,0,0,0.0021827159341944774,-6.148184299468994,-0.023184064775705338,attack,no
4349,0,0,0.0005527785720927422,-7.528580665588379,-0.028580548241734505,attack,no
4350,0,0,0.005220124571550228,-5.356044292449951,-0.10604407638311386,attack,no
4351,0,0,0.0004305571069767681,-7.814356327056885,-0.06435638666152954,attack,no
4352,0,0,0.0013250225996066243,-6.6845173835754395,-0.059517521411180496,attack,no
4353,0,0,0.0028009273833226214,-6.024382591247559,-0.14938274025917053,attack,no
4354,0,0,0.005911067761729742,-5.220614433288574,-0.0956142470240593,attack,no
4355,0,0,0.0021827163966641563,-6.233278751373291,-0.10827872902154922,attack,no
4356,0,0,0.02595735719779685,-3.743778705596924,-0.11877870559692383,attack,no
4357,0,0,0.0019267349355525226,-6.286667346954346,-0.036667488515377045,attack,no
4358,0,0,0.29421497216298875,-1.3820267915725708,-0.5070267915725708,attack,no
4359,0,0,0.0021827169402689915,-6.172526836395264,-0.04752706363797188,attack,no
4360,0,0,0.16451646699291617,-1.8916010856628418,-0.2666011154651642,attack,no
4361,0,0,0.025957355314023947,-3.692815065383911,-0.06781499087810516,attack,no
4362,0,0,0.0010322311539172507,-6.9002604484558105,-0.02526056207716465,attack,no
4363,0,0,0.0028009263948438074,-5.911456108093262,-0.0364559032022953,attack,no
4364,0,0,0.0024726237401022522,-6.014765739440918,-0.014765975996851921,attack,no
4365,0,0,0.00023050661553835608,-8.438284873962402,-0.06328441202640533,attack,no
4366,0,0,0.017986212067650338,-4.079563617706299,-0.07956373691558838,attack,no
4367,0,0,0.001501182145058104,-6.58330774307251,-0.0833076685667038,attack,no
4368,0,0,0.13296422989056964,-2.1574206352233887,-0.2824205458164215,attack,no
4369,0,0,0.0009110511130205339,-7.102696895599365,-0.10269680619239807,attack,no
4370,0,0,0.002182716380437148,-6.163813591003418,-0.03881356120109558,attack,no
4371,0,0,0.0024726227707193528,-6.034350872039795,-0.034350715577602386,attack,no
4372,0,0,0.0004878570900848571,-7.669610500335693,-0.04461043328046799,attack,no
4373,0,0,0.0007096704783561548,-7.322628498077393,-0.07262860983610153,attack,no
4374,0,0,0.08509904732734556,-2.565687656402588,-0.19068768620491028,attack,no
4375,0,0,0.012431653688804487,-4.425267219543457,-0.050267450511455536,attack,no
4376,0,0,0.10669059962643358,-2.6478042602539062,-0.522804319858551,attack,no
4377,0,0,0.002800927414537748,-5.904132843017578,-0.02913300320506096,attack,no
4378,0,0,0.0005527787562947218,-7.535569667816162,-0.03556988388299942,attack,no
4379,0,0,0.02297736756836975,-3.828866720199585,-0.0788666158914566,attack,no
4380,0,0,0.0011695100735820523,-6.897374153137207,-0.1473739892244339,attack,no
4381,0,0,0.00757724278059198,-4.924569129943848,-0.04956933110952377,attack,no
4382,0,0,0.16451646699291617,-2.03385591506958,-0.40885594487190247,attack,no
4383,0,0,0.0005527786245748641,-7.571928977966309,-0.0719289556145668,attack,no
4384,0,0,0.00037998457418248816,-7.9107584953308105,-0.03575865179300308,attack,no
4385,0,0,0.0009110511537105887,-7.0819315910339355,-0.08193154633045197,attack,no
4386,0,0,0.0007096704096679966,-7.300713539123535,-0.05071355402469635,attack,no
4387,0,0,0.002800926852665531,-5.919142246246338,-0.04414220526814461,attack,no
4388,0,0,0.006692852001603375,-5.02979850769043,-0.02979866974055767,attack,no
4389,0,0,0.00048785712641531156,-7.688575744628906,-0.06357575207948685,attack,no
4390,0,0,0.014063628489565516,-4.329460144042969,-0.0794602483510971,attack,no
4391,0,0,0.012431649938470258,-4.5457940101623535,-0.17079393565654755,attack,no
4392,0,0,0.005220125654868455,-5.332518100738525,-0.0825180932879448,attack,no
4393,0,0,0.13296423676207594,-2.2377490997314453,-0.3627490699291229,attack,no
4394,0,0,0.004609573204944661,-5.499929904937744,-0.12493012845516205,attack,no
4395,0,0,0.00591106842938329,-5.153409957885742,-0.028409885242581367,attack,no
4396,0,0,0.0010322310021823012,-6.910019397735596,-0.03501936420798302,attack,no
4397,0,0,0.004609571461475027,-5.4217448234558105,-0.04674466699361801,attack,no
4398,0,0,0.0008040858488309371,-7.160437107086182,-0.035436999052762985,attack,no
4399,0,0,0.13296425050508953,-2.266782283782959,-0.39178237318992615,attack,no
4400,0,0,0.0017007221774136536,-6.427399635314941,-0.05239949747920036,attack,no
4401,0,0,0.00280092717522179,-5.984712600708008,-0.10971267521381378,attack,no
4402,0,0,0.0028009273208923708,-5.9113922119140625,-0.03639233857393265,attack,no
4403,0,0,0.001169510204132137,-6.796460151672363,-0.0464600995182991,attack,no
4404,0,0,0.012431650853185818,-4.494253158569336,-0.11925315856933594,attack,no
4405,0,0,0.0024726237286166702,-6.01395845413208,-0.013958686031401157,attack,no
4406,0,0,0.003172683184153526,-5.773924827575684,-0.02392493560910225,attack,no
4407,0,0,0.0013250222890447963,-6.659301280975342,-0.03430118411779404,attack,no
4408,0,0,0.003593602528063672,-5.696600437164307,-0.07160042226314545,attack,no
4409,0,0,0.001700722284937103,-6.450123310089111,-0.07512323558330536,attack,no
4410,0,0,0.010986944654586371,-4.564048767089844,-0.06404895335435867,attack,no
4411,0,0,0.10669059962643358,-2.3653602600097656,-0.2403603196144104,attack,no
4412,0,0,0.001325022584817964,-6.676547527313232,-0.05154765397310257,attack,no
4413,0,0,0.022977370077286757,-3.8307676315307617,-0.08076763898134232,attack,no
4414,0,0,0.007577240763617155,-4.945377826690674,-0.07037775963544846,attack,no
4415,0,0,0.00033535025035683324,-8.072216987609863,-0.07221734523773193,attack,no
4416,0,0,0.0013250224566495835,-6.700786590576172,-0.07578662037849426,attack,no
4417,0,0,0.003172682135585299,-5.820150852203369,-0.07015062868595123,attack,no
4418,0,0,0.0003353500030830228,-8.063741683959961,-0.0637413039803505,attack,no
4419,0,1,0.7549149813536518,-0.3828430473804474,-1.507843017578125,attack,yes
4420,0,0,0.005220125074519377,-5.342241287231445,-0.09224116802215576,attack,no
4421,0,0,0.0031726823535460813,-5.770817279815674,-0.020817125216126442,attack,no
4422,0,0,0.007577240651563013,-4.9629597663879395,-0.08795968443155289,attack,no
4423,0,0,0.0007096704889235645,-7.314435958862305,-0.06443608552217484,attack,no
4424,0,0,0.0015011820277952813,-6.5384840965271,-0.03848394379019737,attack,no
4425,0,0,0.0005527787315972462,-7.581333160400391,-0.08133333176374435,attack,no
4426,0,0,0.004609571290546667,-5.45364236831665,-0.07864217460155487,attack,no
4427,0,0,0.03732688868276005,-3.363497018814087,-0.1134970560669899,attack,no
4428,0,0,0.00048785709735094785,-7.700724124908447,-0.07572407275438309,attack,no
4429,0,0,0.053403329799824234,-3.004488945007324,-0.12948894500732422,attack,no
4430,0,0,0.00017952795731065056,-8.739104270935059,-0.11410420387983322,attack,no
4431,0,0,0.24508501313237172,-1.6764976978302002,-0.5514976978302002,attack,no
4432,0,0,0.01798621259404007,-4.20729923248291,-0.2072993814945221,attack,no
4433,0,0,0.005220126931636656,-5.316727638244629,-0.06672787666320801,attack,no
4434,0,1,0.5312093733737563,-0.9801431894302368,-1.1051431894302368,attack,yes
4435,0,0,0.0046095727947164525,-5.4566144943237305,-0.08161462843418121,attack,no
4436,0,0,0.005911069797526043,-5.175455570220947,-0.0504557304084301,attack,no
4437,0,0,0.022977372084420553,-3.841996669769287,-0.09199676662683487,attack,no
4438,0,0,0.0015011825373302328,-6.51426362991333,-0.014263817109167576,attack,no
4439,0,0,0.0011695104739356916,-6.824333190917969,-0.07433336973190308,attack,no
4440,0,0,0.0021827165589342425,-6.2195000648498535,-0.0945001170039177,attack,no
4441,0,0,0.0004878570419470094,-7.650452613830566,-0.025452448055148125,attack,no
4442,0,0,0.0017007220825400275,-6.435112953186035,-0.060112759470939636,attack,no
4443,0,0,0.46879062662624377,-0.9371605515480042,-0.8121605515480042,attack,no
4444,0,1,0.7310585903489892,-0.5939447283744812,-1.593944787979126,attack,yes
4445,0,0,0.06754669020109236,-2.8168399333953857,-0.19183991849422455,attack,no
4446,0,0,0.0019267348639143487,-6.276736259460449,-0.026736363768577576,attack,no
4447,0,0,0.2942149597859341,-1.4755253791809082,-0.6005253195762634,attack,no
4448,0,0,0.005911068681121534,-5.228967666625977,-0.10396763682365417,attack,no
4449,0,0,0.005911068155754778,-5.162485599517822,-0.037485480308532715,attack,no
4450,0,0,0.00591106763038807,-5.197832107543945,-0.0728318989276886,attack,no
4451,0,0,0.16451647108926923,-1.8698599338531494,-0.2448599934577942,attack,no
4452,0,0,0.0035936031950189497,-5.660807132720947,-0.035807304084300995,attack,no
4453,0,0,0.2689414213699951,-1.5130325555801392,-0.5130325555801392,attack,no
4454,0,0,0.04742587452393617,-3.146527051925659,-0.14652708172798157,attack,no
4455,0,0,0.014063625390308462,-4.4080634117126465,-0.15806329250335693,attack,no
4456,0,0,0.01243165231673086,-4.4185614585876465,-0.043561577796936035,attack,no
4457,0,0,0.0017007224145977426,-6.405331134796143,-0.030331136658787727,attack,no
4458,0,0,0.03308598172565655,-3.586991786956787,-0.21199189126491547,attack,no
4459,0,1,0.5621765008857981,-0.69866943359375,-0.94866943359375,attack,yes
4460,0,1,0.7981867873410141,-0.45325297117233276,-1.8282530307769775,attack,yes
4461,0,0,0.00132502250101556,-6.63890266418457,-0.013902727514505386,attack,no
4462,0,0,0.01590639054554718,-4.311886787414551,-0.1868867129087448,attack,no
4463,0,0,0.003172682206275281,-5.870134353637695,-0.1201341524720192,attack,no
4464,0,0,0.00757724013331263,-4.9049153327941895,-0.029915181919932365,attack,no
4465,0,0,0.0021827160112727504,-6.153951168060303,-0.028950968757271767,attack,no
4466,0,0,0.04208772641371775,-3.2238614559173584,-0.09886141866445541,attack,no
4467,0,0,0.01098694392594878,-4.539187431335449,-0.03918755054473877,attack,no
4468,0,0,0.005911070082099775,-5.203311443328857,-0.07831165194511414,attack,no
4469,0,0,0.017986209698896728,-4.122549057006836,-0.12254904210567474,attack,no
4470,0,0,0.0009110514046326339,-7.0821943283081055,-0.08219455927610397,attack,no
4471,0,0,0.0013250225650997508,-6.698965549468994,-0.0739656612277031,attack,no
4472,0,0,0.0028009266965899346,-5.915194034576416,-0.040193937718868256,attack,no
4473,0,0,0.0850990357257195,-2.7175111770629883,-0.34251105785369873,attack,no
4474,0,0,0.0015011819887076757,-6.566498756408691,-0.06649857759475708,attack,no
4475,0,0,0.3486451217982255,-1.2685205936431885,-0.6435205340385437,attack,no
4476,0,0,0.01243164824624664,-4.41084098815918,-0.035840775817632675,attack,no
4477,0,0,0.0031726826893235336,-5.806056022644043,-0.05605597421526909,attack,no
4478,0,0,0.0330859781503504,-3.4474289417266846,-0.07242893427610397,attack,no
4479,0,0,0.012431650075677586,-4.424088954925537,-0.049088891595602036,attack,no
4480,0,0,0.004609571222175325,-5.426314830780029,-0.05131462216377258,attack,no
4481,0,0,0.004609572692159406,-5.41480016708374,-0.03980027884244919,attack,no
4482,0,0,0.010986941051878748,-4.557367324829102,-0.05736717954277992,attack,no
4483,0,0,0.0019267349785354285,-6.343020439147949,-0.09302060306072235,attack,no
4484,0,0,0.0019267348925696179,-6.3552632331848145,-0.105263352394104,attack,no
4485,0,0,0.015906391478561197,-4.218037128448486,-0.09303711354732513,attack,no
4486,0,0,0.0021827164291181723,-6.200366497039795,-0.07536648958921432,attack,no
4487,0,0,0.0019267344125939133,-6.291910171508789,-0.041910041123628616,attack,no
4488,0,0,0.004609571393103682,-5.427477836608887,-0.05247766524553299,attack,no
4489,0,0,0.00043055702360727583,-7.814273357391357,-0.06427322328090668,attack,no
4490,0,0,0.00116951008663706,-6.792091369628906,-0.04209121689200401,attack,no
4491,0,0,0.0024726235976810437,-6.044081687927246,-0.04408186674118042,attack,no
4492,0,0,0.04742587115801275,-3.1357860565185547,-0.1357860118150711,attack,no
4493,0,0,0.0035936022879598023,-5.661423683166504,-0.03642360121011734,attack,no
4494,0,0,0.012431651584958318,-4.548649311065674,-0.1736493706703186,attack,no
4495,0,0,0.0031726834786952253,-5.794091701507568,-0.044091902673244476,attack,no
4496,0,0,0.0019267349785354285,-6.287496566772461,-0.03749673068523407,attack,no
4497,0,0,0.0259573547488921,-3.722421646118164,-0.0974215492606163,attack,no
4498,0,0,0.053403325280175794,-2.9845237731933594,-0.10952368378639221,attack,no
4499,0,0,0.0028009267278050537,-5.926832675933838,-0.051832590252161026,attack,no
4500,0,0,0.0019267350788288787,-6.281005382537842,-0.031005598604679108,attack,no
4501,0,0,0.005220125983732964,-5.289663314819336,-0.039663370698690414,attack,no
4502,0,0,0.001325022146087789,-6.68021297454834,-0.05521276965737343,attack,no
4503,0,0,0.006692849834583539,-5.038283348083496,-0.03828318417072296,attack,no
4504,0,0,0.0675466977093867,-2.7692456245422363,-0.14424572885036469,attack,no
4505,0,0,0.1480472055495773,-2.0260307788848877,-0.27603083848953247,attack,no
4506,0,0,0.0004305570556724632,-7.789477348327637,-0.03947728872299194,attack,no
4507,0,0,0.2689414330889798,-1.4108555316925049,-0.41085559129714966,attack,no
4508,0,0,0.02931223053936477,-3.58701753616333,-0.08701752871274948,attack,no
4509,0,0,0.0035936033084013586,-5.645242214202881,-0.020242417231202126,attack,no
4510,0,0,0.003172682112021972,-5.785667896270752,-0.03566766530275345,attack,no
4511,0,0,0.0013250223186221102,-6.756468772888184,-0.13146869838237762,attack,no
4512,0,0,0.006692849809817602,-5.036499977111816,-0.036499809473752975,attack,no
4513,0,0,0.0002959571267394756,-8.1881103515625,-0.06311039626598358,attack,no
4514,0,0,0.0028009267798302516,-5.914287567138672,-0.0392875000834465,attack,no
4515,0,0,0.0028009274873730438,-5.897801876068115,-0.022802062332630157,attack,no
4516,0,0,0.006692849859349477,-5.041321754455566,-0.04132159426808357,attack,no
4517,0,0,0.05340332753999997,-3.0856099128723145,-0.21060986816883087,attack,no
4518,0,0,0.10669060246682488,-2.4005565643310547,-0.27555665373802185,attack,no
4519,0,0,0.18242552825126704,-1.8131484985351562,-0.31314852833747864,attack,no
4520,0,0,0.002472622660457815,-6.032042503356934,-0.03204230219125748,attack,no
4521,0,0,0.009708474332528234,-4.780027389526367,-0.15502716600894928,attack,no
4522,0,0,0.07585817793199003,-2.725452423095703,-0.22545239329338074,attack,no
4523,0,0,0.14804719427274565,-2.131450891494751,-0.3814508616924286,attack,no
4524,0,0,0.029312233083263427,-3.592158794403076,-0.09215887635946274,attack,no
4525,0,0,0.00023050679239068497,-8.431365013122559,-0.05636531859636307,attack,no
4526,0,0,0.18242551936144574,-1.7675522565841675,-0.2675522267818451,attack,no
4527,0,0,0.029312231175339414,-3.604712963104248,-0.10471297800540924,attack,no
4528,0,0,0.0006263342234002478,-7.506340026855469,-0.1313401311635971,attack,no
4529,0,0,0.00012339463297960783,-9.064193725585938,-0.06419418752193451,attack,no
4530,0,0,0.012431651950844584,-4.428865432739258,-0.053865522146224976,attack,no
4531,0,1,0.6513548782017746,-0.6749793887138367,-1.2999794483184814,attack,yes
4532,0,0,0.0009110510587671301,-7.064879417419434,-0.06487926840782166,attack,no
4533,0,0,0.06008664596619963,-2.930161952972412,-0.18016187846660614,attack,no
4534,0,0,0.0010322311654414249,-6.904542446136475,-0.029542570933699608,attack,no
4535,0,0,0.22270012850745968,-1.6898796558380127,-0.4398795962333679,attack,no
4536,0,0,0.014063624667148581,-4.338694095611572,-0.08869392424821854,attack,no
4537,0,0,0.01098694441170717,-4.549393653869629,-0.04939381778240204,attack,no
4538,0,0,0.0009110511706647788,-7.051222801208496,-0.051222775131464005,attack,no
4539,0,0,0.007577240203346464,-4.936026573181152,-0.061026431620121,attack,no
4540,0,1,0.5312093733737563,-0.8463351726531982,-0.9713351726531982,attack,yes
4541,0,0,0.004070138199119559,-5.581480026245117,-0.08148014545440674,attack,no
4542,0,0,0.10669059678604234,-2.4249565601348877,-0.2999565899372101,attack,no
4543,0,0,0.014063624770457132,-4.334217548370361,-0.0842173844575882,attack,no
4544,0,0,0.0011695102650555148,-6.782845973968506,-0.03284597396850586,attack,no
4545,0,0,0.0021827165508207375,-6.1848039627075195,-0.05980401113629341,attack,no
4546,0,0,0.0015011820892186637,-6.565242290496826,-0.06524217873811722,attack,no
4547,0,1,0.5312093733737563,-1.0098068714141846,-1.1348068714141846,attack,yes
4548,0,0,0.012431648840811669,-4.47564697265625,-0.10064680874347687,attack,no
4549,0,0,0.004070137353478592,-5.62537956237793,-0.12537947297096252,attack,no
4550,0,0,0.0004878570828187666,-7.642818927764893,-0.017818845808506012,attack,no
4551,0,0,0.0075772399372179,-4.905088424682617,-0.03008824773132801,attack,no
4552,0,0,0.0008040861211980428,-7.197400093078613,-0.07240032404661179,attack,no
4553,0,0,0.003593603168340736,-5.698039531707764,-0.0730396956205368,attack,no
4554,0,0,0.0066928520139863485,-5.108961582183838,-0.10896174609661102,attack,no
4555,0,0,0.017986212330845203,-4.043117046356201,-0.043117180466651917,attack,no
4556,0,0,0.03732688948593843,-3.406031370162964,-0.15603142976760864,attack,no
4557,0,0,0.0052201245908951935,-5.282551288604736,-0.032551076263189316,attack,no
4558,0,0,0.0046095730340162365,-5.49015998840332,-0.11516017466783524,attack,no
4559,0,0,0.24508500210441886,-1.5383648872375488,-0.41336482763290405,attack,no
4560,0,0,0.015906393111335862,-4.225815296173096,-0.10081538558006287,attack,no
4561,0,0,0.08509904616718289,-2.5497171878814697,-0.17471720278263092,attack,no
4562,0,0,0.004070137383680052,-5.549806594848633,-0.049806512892246246,attack,no
4563,0,0,0.010986940201801838,-4.584991931915283,-0.0849917083978653,attack,no
4564,0,0,0.000709670444012075,-7.295194149017334,-0.04519421234726906,attack,no
4565,0,0,0.0010322310636445568,-6.926201343536377,-0.05120136961340904,attack,no
4566,0,0,0.40733341443526055,-1.106907606124878,-0.7319076657295227,attack,no
4567,0,0,0.0008040858054317913,-7.150687217712402,-0.02568705566227436,attack,no
4568,0,0,0.0008040860538545189,-7.154233932495117,-0.029234079644083977,attack,no
4569,0,1,0.5621765008857981,-0.7164119482040405,-0.9664119482040405,attack,yes
4570,0,0,0.0015011820948026076,-6.542476654052734,-0.04247654601931572,attack,no
4571,0,0,0.0028009274405503535,-5.905710220336914,-0.030710389837622643,attack,no
4572,0,0,0.18242553269617778,-1.8596115112304688,-0.3596115708351135,attack,no
4573,0,0,0.01098694352115014,-4.553781509399414,-0.05378159135580063,attack,no
4574,0,0,0.010986941659076578,-4.663089275360107,-0.16308918595314026,attack,no
4575,0,0,0.00669284961169011,-5.034822940826416,-0.0348227433860302,attack,no
4576,0,0,0.001032230948402831,-6.901313304901123,-0.026313219219446182,attack,no
4577,0,0,0.012431652682617146,-4.408662796020508,-0.03366294503211975,attack,no
4578,0,0,0.005220124997139505,-5.365754127502441,-0.11575399339199066,attack,no
4579,0,0,0.004609571427289355,-5.409724235534668,-0.034724071621894836,attack,no
4580,0,0,0.001700722360836013,-6.4534125328063965,-0.0784125030040741,attack,no
4581,0,0,0.0017007220319407623,-6.469188690185547,-0.09418846666812897,attack,no
4582,0,0,0.0035936023413162166,-5.734513282775879,-0.10951321572065353,attack,no
4583,0,0,0.02033235408469743,-3.94633412361145,-0.07133416086435318,attack,no
4584,0,0,0.0019267348997334354,-6.296333312988281,-0.0463334359228611,attack,no
4585,0,0,0.017986213712618302,-4.054719924926758,-0.054720137268304825,attack,no
4586,0,0,0.00033535007551674633,-8.044816017150879,-0.044815853238105774,attack,no
4587,0,0,0.46879062662624377,-0.9590893983840942,-0.8340893983840942,attack,no
4588,0,0,0.014063628334602648,-4.3070268630981445,-0.05702695623040199,attack,no
4589,0,0,0.0004305570845311339,-7.821739673614502,-0.07173968106508255,attack,no
4590,0,0,0.005911068659231251,-5.156367301940918,-0.03136726841330528,attack,no
4591,0,0,0.0019267346203445767,-6.324374675750732,-0.07437465339899063,attack,no
4592,0,0,0.00029595712453507584,-8.240309715270996,-0.11530975252389908,attack,no
4593,0,0,0.009708478594604598,-4.686921119689941,-0.061921339482069016,attack,no
4594,0,0,0.18242552825126704,-1.9591091871261597,-0.45910921692848206,attack,no
4595,0,0,0.24508500761839525,-1.50802481174469,-0.38302478194236755,attack,no
4596,0,0,0.2942149597859341,-1.4236998558044434,-0.5486997961997986,attack,no
4597,0,0,0.0011695105174523996,-6.795688152313232,-0.04568836838006973,attack,no
4598,0,0,0.020332351710173755,-3.99031662940979,-0.11531654745340347,attack,no
4599,0,0,0.0003799844383410763,-7.947464942932129,-0.07246474176645279,attack,no
4600,0,0,0.0013250224073540558,-6.7092061042785645,-0.08420609682798386,attack,no
4601,0,0,0.0005527786657373164,-7.581817150115967,-0.08181720227003098,attack,no
4602,0,1,0.5621765008857981,-0.8437155485153198,-1.0937155485153198,attack,yes
4603,0,0,0.001700722209038197,-6.443705081939697,-0.06870496273040771,attack,no
4604,0,0,0.0010322308715750212,-6.904168128967285,-0.029167968779802322,attack,no
4605,0,0,0.001169510456529009,-6.80270528793335,-0.05270545184612274,attack,no
4606,0,0,0.0015011821227223277,-6.645736217498779,-0.14573612809181213,attack,no
4607,0,0,0.06008664596619963,-2.8971736431121826,-0.14717356860637665,attack,no
4608,0,0,0.0010322309983409105,-6.910888195037842,-0.03588815778493881,attack,no
4609,0,0,0.13296425050508953,-2.1193952560424805,-0.24439534544944763,attack,no
4610,0,0,0.001501182270696853,-6.527732849121094,-0.027732858434319496,attack,no
4611,0,0,0.10669059678604234,-2.3515784740448,-0.2265785038471222,attack,no
4612,0,0,0.008577483703016914,-4.794201374053955,-0.04420117288827896,attack,no
4613,0,0,0.01590639042892043,-4.201052665710449,-0.07605258375406265,attack,no
4614,0,0,0.0013250224172131609,-6.698904991149902,-0.07390499114990234,attack,no
4615,0,0,0.0019267347349656422,-6.360424995422363,-0.11042503267526627,attack,no
4616,0,0,0.002182716526480224,-6.168598175048828,-0.04359821230173111,attack,no
4617,0,0,0.014063629625959938,-4.372494220733643,-0.1224944069981575,attack,no
4618,0,0,0.0046095728459949765,-5.413125038146973,-0.038125183433294296,attack,no
4619,0,0,0.002182716145145547,-6.175551414489746,-0.05055127665400505,attack,no
4620,0,0,0.0021827162506210893,-6.309273719787598,-0.1842736303806305,attack,no
4621,0,0,0.4378234991142019,-1.0151777267456055,-0.7651777267456055,attack,no
4622,0,0,0.003172682642196871,-5.781517505645752,-0.03151744231581688,attack,no
4623,0,0,0.0015011823572479975,-6.547250270843506,-0.04725033789873123,attack,no
4624,0,0,0.0009110513300341806,-7.033178806304932,-0.03317895531654358,attack,no
4625,0,0,0.005220126003077935,-5.389744758605957,-0.1397448182106018,attack,no
4626,0,0,0.0008040860972536781,-7.228781223297119,-0.10378142446279526,attack,no
4627,0,0,0.001700722158438928,-6.449136734008789,-0.07413658499717712,attack,no
4628,0,0,0.001325022722845465,-6.700230598449707,-0.07523082941770554,attack,no
4629,0,0,0.0035936020011690904,-5.642461776733398,-0.017461614683270454,attack,no
4630,0,0,0.0031726827011051982,-5.794305801391602,-0.04430575668811798,attack,no
4631,0,0,0.0017007222596374673,-6.427546977996826,-0.05254688858985901,attack,no
4632,0,0,0.025957359269947192,-3.7268760204315186,-0.10187610238790512,attack,no
4633,0,0,0.0028009275706133837,-5.9369025230407715,-0.061902739107608795,attack,no
4634,0,0,0.0011695101236262493,-6.768285751342773,-0.018285630270838737,attack,no
4635,0,0,0.007577239615062284,-4.912867069244385,-0.037866849452257156,attack,no
4636,0,0,0.00247262289935782,-6.134067535400391,-0.13406743109226227,attack,no
4637,0,0,0.0013250223112277817,-6.654850006103516,-0.029849926009774208,attack,no
4638,0,0,0.0031726822769652645,-5.798266887664795,-0.048266708850860596,attack,no
4639,0,0,0.022977368906458788,-3.960378885269165,-0.21037884056568146,attack,no
4640,0,0,0.001032230844685289,-6.934175968170166,-0.05917578190565109,attack,no
4641,0,0,0.13296422989056964,-2.2086565494537354,-0.3336564600467682,attack,no
4642,0,0,0.010986945140344795,-4.550520896911621,-0.0505211278796196,attack,no
4643,0,0,0.1480471829959148,-2.040480136871338,-0.29048001766204834,attack,no
4644,0,0,0.4378234991142019,-0.9921727180480957,-0.7421727180480957,attack,no
4645,0,0,0.008577487251125584,-4.826110363006592,-0.07611057907342911,attack,no
4646,0,0,0.01098694153763701,-4.540457725524902,-0.040457624942064285,attack,no
4647,0,0,0.0031726833373152056,-5.779533386230469,-0.029533542692661285,attack,no
4648,0,0,0.01590638879614604,-4.212393760681152,-0.08739357441663742,attack,no
4649,0,0,0.01098694125427802,-4.612781047821045,-0.11278092116117477,attack,no
4650,0,0,0.003593602207925183,-5.6656622886657715,-0.04066218435764313,attack,no
4651,0,0,0.006692852038752292,-5.0361456871032715,-0.036145854741334915,attack,no
4652,0,0,0.010986941861475861,-4.533669471740723,-0.033669400960206985,attack,no
4653,0,0,0.009708476266579462,-4.7350850105285645,-0.11008498817682266,attack,no
4654,0,0,0.0005527786899202585,-7.51349401473999,-0.01349411066621542,attack,no
4655,0,0,0.0021827162506210893,-6.2092437744140625,-0.08424368500709534,attack,no
4656,0,0,0.0028009276226385973,-5.929568767547607,-0.054569002240896225,attack,no
4657,0,0,0.033085981248949035,-3.5343732833862305,-0.15937337279319763,attack,no
4658,0,1,0.5621765008857981,-0.708832323551178,-0.958832323551178,attack,yes
4659,0,0,0.0001795279452745245,-8.705331802368164,-0.08033166825771332,attack,no
4660,0,0,0.00013982206523122966,-8.931161880493164,-0.05616180598735809,attack,no
4661,0,0,0.0159063953272446,-4.248036861419678,-0.12303709238767624,attack,no
4662,0,0,0.0009110512859532796,-7.05752420425415,-0.05752430483698845,attack,no
4663,0,0,0.0007096703832494759,-7.3143181800842285,-0.06431815773248672,attack,no
4664,0,0,0.004070137934856737,-5.524910926818848,-0.024910980835556984,attack,no
4665,0,0,0.0021827164291181723,-6.168371200561523,-0.04337119311094284,attack,no
4666,0,0,0.0013250224566495835,-6.700927257537842,-0.07592728734016418,attack,no
4667,0,0,0.37754066879814546,-1.148315191268921,-0.6483151912689209,attack,no
4668,0,1,0.5621765008857981,-1.02930748462677,-1.27930748462677,attack,yes
4669,0,0,0.04742586846527418,-3.1331427097320557,-0.1331426054239273,attack,no
4670,0,0,0.0010322310751687297,-6.933112144470215,-0.05811218172311783,attack,no
4671,0,1,0.5926666143433998,-0.6723503470420837,-1.0473504066467285,attack,yes
4672,0,0,0.5,-0.7959040403366089,-0.7959040403366089,attack,no
4673,0,0,0.16451646699291617,-1.8941460847854614,-0.2691461145877838,attack,no
4674,0,0,0.0035936018477694164,-5.683803558349609,-0.05880335345864296,attack,no
4675,0,0,0.11920292358664389,-2.2049202919006348,-0.20492030680179596,attack,no
4676,0,0,0.0017007220825400275,-6.507874488830566,-0.1328742951154709,attack,no
4677,0,0,0.010986940201801838,-4.617366313934326,-0.11736609041690826,attack,no
4678,0,0,0.2689414330889798,-1.6058790683746338,-0.6058791279792786,attack,no
4679,0,0,0.0024726234047232915,-6.049206256866455,-0.04920635744929314,attack,no
4680,0,0,0.003593603168340736,-5.676906108856201,-0.051906272768974304,attack,no
4681,0,0,0.0003799845713524582,-7.946459770202637,-0.07145991921424866,attack,no
4682,0,0,0.007577242948673238,-5.0109076499938965,-0.1359078735113144,attack,no
4683,0,0,0.015906393461216167,-4.206509590148926,-0.08150970190763474,attack,no
4684,0,0,0.008577487124407394,-4.857198238372803,-0.10719843953847885,attack,no
4685,0,0,0.0002305067941076985,-8.42475414276123,-0.04975445568561554,attack,no
4686,0,0,0.0011695104652323502,-6.79594087600708,-0.04594104737043381,attack,no
4687,0,0,0.002182715926080975,-6.258098602294922,-0.13309836387634277,attack,no
4688,0,0,0.0004878570501213606,-7.715825080871582,-0.09082493185997009,attack,no
4689,0,0,0.13296424019782924,-2.130636215209961,-0.25563621520996094,attack,no
4690,0,0,0.0675466977093867,-2.7473814487457275,-0.1223815530538559,attack,no
4691,0,0,0.004070137293075673,-5.657627582550049,-0.15762747824192047,attack,no
4692,0,0,0.002472623009619369,-6.098255157470703,-0.09825509786605835,attack,no
4693,0,0,0.001032231186569078,-6.910581588745117,-0.03558173403143883,attack,no
4694,0,0,0.00048785709735094785,-7.70763635635376,-0.08263630419969559,attack,no
4695,0,0,0.11920292828022305,-2.35046124458313,-0.35046130418777466,attack,no
4696,0,0,0.0031726830545551867,-5.7906694412231445,-0.040669508278369904,attack,no
4697,0,0,0.00591106881246323,-5.217017650604248,-0.09201764315366745,attack,no
4698,0,0,0.00015843614592674554,-8.85128402709961,-0.10128356516361237,attack,no
4699,0,0,0.3486451217982255,-1.2099545001983643,-0.5849544405937195,attack,no
4700,0,0,0.004070137897104907,-5.581961154937744,-0.08196119964122772,attack,no
4701,0,0,0.0021827168347934166,-6.185344696044922,-0.0603448748588562,attack,no
4702,0,0,0.006692851419603695,-5.05682373046875,-0.05682380497455597,attack,no
4703,0,0,0.0004305570684985389,-7.789774417877197,-0.03977438807487488,attack,no
4704,0,0,0.24508500761839525,-1.51370370388031,-0.38870367407798767,attack,no
4705,0,0,0.0009110511401472368,-7.07254695892334,-0.07254689931869507,attack,no
4706,0,0,0.46879062662624377,-0.9367000460624695,-0.8117000460624695,attack,no
4707,0,0,0.0006263340613390989,-7.392112731933594,-0.017112577334046364,attack,no
4708,0,0,0.5,-1.0178312063217163,-1.0178312063217163,attack,no
4709,0,0,0.005220124997139505,-5.315909385681152,-0.0659092515707016,attack,no
4710,0,0,0.004609571504207118,-5.3997673988342285,-0.024767251685261726,attack,no
4711,0,0,0.0010322311923311653,-6.894886016845703,-0.019886167719960213,attack,no
4712,0,0,0.022977368906458788,-3.978724718093872,-0.2287246733903885,attack,no
4713,0,0,0.18242552380635632,-1.8381705284118652,-0.33817052841186523,attack,no
4714,0,0,0.004609572589602362,-5.58681058883667,-0.21181067824363708,attack,no
4715,0,0,0.0008040861032397692,-7.217855930328369,-0.09285613894462585,attack,no
4716,0,0,0.06008664428307651,-2.9378697872161865,-0.18786968290805817,attack,no
4717,0,0,0.0008040859236570559,-7.197440147399902,-0.07244013249874115,attack,no
4718,0,0,0.005220125248624094,-5.289793491363525,-0.039793405681848526,attack,no
4719,0,0,0.003172682553834382,-5.775675296783447,-0.025675205513834953,attack,no
4720,0,0,0.0010322308830991924,-6.904087066650391,-0.029086917638778687,attack,no
4721,0,0,0.0031726826363060387,-5.773090362548828,-0.023090297356247902,attack,no
4722,0,0,0.40733341443526055,-1.0924932956695557,-0.7174933552742004,attack,no
4723,0,0,0.0005527786832313594,-7.5256500244140625,-0.025650108233094215,attack,no
4724,0,0,0.0008040859116848763,-7.169966220855713,-0.0449661910533905,attack,no
4725,0,0,0.06008664344151498,-2.976872444152832,-0.22687232494354248,attack,no
4726,0,0,0.060086648490884395,-2.965972423553467,-0.2159723937511444,attack,no
4727,0,0,0.0040701379424071035,-5.524394989013672,-0.024395044893026352,attack,no
4728,0,0,0.0009110510062091484,-7.026250839233398,-0.026250632479786873,attack,no
4729,0,0,0.0028009269150957718,-5.932243824005127,-0.05724380537867546,attack,no
4730,0,0,0.0011695102563521749,-6.824462413787842,-0.0744624063372612,attack,no
4731,0,0,0.015906388446265834,-4.264430046081543,-0.13942983746528625,attack,no
4732,0,0,0.0046095715127535365,-5.428110599517822,-0.053110454231500626,attack,no
4733,0,0,0.0028009272376520377,-5.918368816375732,-0.04336891323328018,attack,no
4734,0,0,0.022977370244547896,-3.93674635887146,-0.18674637377262115,attack,no
4735,0,0,0.0004305569979551276,-7.841511249542236,-0.09151105582714081,attack,no
4736,0,0,0.0019267344913958867,-6.310632228851318,-0.060632139444351196,attack,no
4737,0,0,0.010986943723549459,-4.561882019042969,-0.06188211962580681,attack,no
4738,0,0,0.0010322307909058268,-6.939766883850098,-0.06476664543151855,attack,no
4739,0,0,0.017986210093688976,-4.083938121795654,-0.0839381292462349,attack,no
4740,0,0,0.0024726233128386523,-6.050804138183594,-0.050804201513528824,attack,no
4741,0,0,0.004070137277974943,-5.539738178253174,-0.03973807021975517,attack,no
4742,0,0,0.04208773212094217,-3.253091812133789,-0.12809191644191742,attack,no
4743,0,0,0.012431648840811669,-4.464109420776367,-0.08910925686359406,attack,no
4744,0,0,0.0011695104304189849,-6.802918910980225,-0.05291905254125595,attack,no
4745,0,0,0.003593603168340736,-5.713603973388672,-0.08860413730144501,attack,no
4746,0,0,0.03308597981882656,-3.4480695724487305,-0.07306961715221405,attack,no
4747,0,0,0.0011695102650555148,-6.841909885406494,-0.09190988540649414,attack,no
4748,0,0,0.0019267346131807605,-6.292974472045898,-0.04297444596886635,attack,no
4749,0,0,0.001926735025100244,-6.2775092124938965,-0.027509400621056557,attack,no
4750,0,0,0.06008665606493926,-2.893608808517456,-0.1436089128255844,attack,no
4751,0,0,0.0013250222989039011,-6.662032604217529,-0.037032514810562134,attack,no
4752,0,0,0.0017007223734858317,-6.4935622215271,-0.11856219917535782,attack,no
4753,0,0,0.017986206408961668,-4.081088542938232,-0.0810883417725563,attack,no
4754,0,0,0.009708475908421797,-4.699737071990967,-0.07473701238632202,attack,no
4755,0,0,0.004070137081665462,-5.577765464782715,-0.07776530832052231,attack,no
4756,0,0,0.00857748566714832,-4.825265407562256,-0.07526543736457825,attack,no
4757,0,1,0.5621765155565327,-0.8181323409080505,-1.0681324005126953,attack,yes
4758,0,0,0.0008040859835179557,-7.289536952972412,-0.16453701257705688,attack,no
4759,0,0,0.24508500210441886,-1.5658349990844727,-0.4408349394798279,attack,no
4760,0,0,0.24508501313237172,-1.5722814798355103,-0.44728147983551025,attack,no
4761,0,0,0.0019267350358459707,-6.3384928703308105,-0.08849306404590607,attack,no
4762,0,0,0.0028009275914234687,-5.901126384735107,-0.02612660825252533,attack,no
4763,0,0,0.004070137085440645,-5.514403343200684,-0.014403187669813633,attack,no
4764,0,0,0.0024726233404040437,-6.043983459472656,-0.04398353397846222,attack,no
4765,0,1,0.7057850402140659,-0.4557148814201355,-1.3307149410247803,attack,yes
4766,0,0,0.0021827165345937286,-6.163663864135742,-0.03866390511393547,attack,no
4767,0,0,0.000804085750060471,-7.175826072692871,-0.05082584172487259,attack,no
4768,0,0,0.0031726828424851893,-5.901772975921631,-0.15177297592163086,attack,no
4769,0,0,0.0040701369910610885,-5.569775104522705,-0.06977492570877075,attack,no
4770,0,0,0.03308597934211908,-3.691664218902588,-0.3166642487049103,attack,no
4771,0,0,0.009708477126157909,-4.748735427856445,-0.12373549491167068,attack,no
4772,0,0,0.0017007223039118302,-6.411682605743408,-0.03668254241347313,attack,no
4773,0,0,0.4073334000459302,-1.0573076009750366,-0.6823076009750366,attack,no
4774,0,0,0.002800927518588171,-5.890835285186768,-0.015835482627153397,attack,no
4775,0,0,0.05340332678672523,-3.1220579147338867,-0.24705785512924194,attack,no
4776,0,0,0.012431651493486755,-4.417326927185059,-0.04232697933912277,attack,no
4777,0,0,0.3486451488696663,-1.2073841094970703,-0.5823841691017151,attack,no
4778,0,0,0.007577240259373531,-4.932251930236816,-0.05725179612636566,attack,no
4779,0,0,0.0758581737534831,-2.6642396450042725,-0.1642395555973053,attack,no
4780,0,0,0.002472623193388627,-6.085455417633057,-0.08545543253421783,attack,no
4781,0,0,0.002472622678834738,-6.085741996765137,-0.0857418030500412,attack,no
4782,0,0,0.015906390487233805,-4.163363456726074,-0.03836337849497795,attack,no
4783,0,0,0.002182716453458685,-6.163297176361084,-0.03829718008637428,attack,no
4784,0,0,0.001926735028682153,-6.298374652862549,-0.04837484285235405,attack,no
4785,0,0,0.003593601994499539,-5.69456672668457,-0.06956656277179718,attack,no
4786,0,0,0.017986208119727825,-4.06453275680542,-0.06453265249729156,attack,no
4787,0,0,0.0031726824772535596,-5.790728569030762,-0.040728453546762466,attack,no
4788,0,0,0.009708474762317362,-4.7183709144592285,-0.09337073564529419,attack,no
4789,0,0,0.005911069688074611,-5.156748294830322,-0.03174843639135361,attack,no
4790,0,0,0.002182716380437148,-6.235931873321533,-0.11093184351921082,attack,no
4791,0,0,0.006692850094625882,-5.022287845611572,-0.022287720814347267,attack,no
4792,0,0,0.003593601981160437,-5.679921627044678,-0.054921459406614304,attack,no
4793,0,0,0.0019267344054300975,-6.292029857635498,-0.0420297235250473,attack,no
4794,0,0,0.004070137353478592,-5.628417491912842,-0.12841740250587463,attack,no
4795,0,0,0.0006263340228641561,-7.438822269439697,-0.06382205337285995,attack,no
4796,0,0,0.00020342694017169076,-8.580362319946289,-0.08036213368177414,attack,no
4797,0,0,0.01798620785653302,-4.142547130584717,-0.14254701137542725,attack,no
4798,0,0,0.0019267345701978625,-6.311845302581787,-0.06184525415301323,attack,no
4799,0,0,0.002800926613349621,-5.906933784484863,-0.031933657824993134,attack,no
4800,0,0,0.0003799845204119235,-7.905928611755371,-0.030928626656532288,attack,no
4801,0,0,0.002182716007215999,-6.164755344390869,-0.039755143225193024,attack,no
4802,0,0,0.053403329046549465,-3.1242761611938477,-0.24927614629268646,attack,no
4803,0,0,0.4378234991142019,-1.0554828643798828,-0.8054828643798828,attack,no
4804,0,0,0.0008040860254205886,-7.207129001617432,-0.0821291133761406,attack,no
4805,0,0,0.0024726228166616617,-6.032146453857422,-0.03214631602168083,attack,no
4806,0,0,0.0031726827600135274,-5.786738872528076,-0.03673884645104408,attack,no
4807,0,0,0.002472623432288684,-6.055152416229248,-0.055152527987957,attack,no
4808,0,0,0.0028009264260589225,-5.910918712615967,-0.03591851890087128,attack,no
4809,0,0,0.09534945718704857,-2.49076247215271,-0.2407623827457428,attack,no
4810,0,0,0.0006263342140729864,-7.456473350524902,-0.0814734399318695,attack,no
4811,0,0,0.029312227359491745,-3.6419506072998047,-0.14195048809051514,attack,no
4812,0,0,0.2689414213699951,-1.4599932432174683,-0.45999324321746826,attack,no
4813,0,0,0.022977372418942873,-3.806692361831665,-0.05669247359037399,attack,no
4814,0,0,0.0010322311558379463,-6.928160190582275,-0.05316030606627464,attack,no
4815,0,0,0.11920293297380237,-2.240147590637207,-0.2401476949453354,attack,no
4816,0,0,0.0021827166400692896,-6.168452262878418,-0.04345235228538513,attack,no
4817,0,0,0.09534946232842245,-2.580026388168335,-0.3300263583660126,attack,no
4818,0,0,0.002800927149209187,-5.902679920196533,-0.027679985389113426,attack,no
4819,0,0,0.002472623459854076,-6.056007385253906,-0.0560075081884861,attack,no
4820,0,0,0.0013250226932681422,-6.708173751831055,-0.0831739604473114,attack,no
4821,0,0,0.005911070082099775,-5.201330184936523,-0.07633039355278015,attack,no
4822,0,0,0.40733341443526055,-1.0179193019866943,-0.6429193615913391,attack,no
4823,0,0,0.0009110510655488055,-7.065771102905273,-0.0657709613442421,attack,no
4824,0,0,0.0003799844270209609,-7.939269542694092,-0.06426931172609329,attack,no
4825,0,0,0.00669285052802981,-5.175809860229492,-0.1758098006248474,attack,no
4826,0,0,0.1480471829959148,-2.1105990409851074,-0.36059892177581787,attack,no
4827,0,0,0.004609571974260146,-5.4337239265441895,-0.05872388184070587,attack,no
4828,0,0,0.014063626268431226,-4.288654327392578,-0.03865427151322365,attack,no
4829,0,0,0.003172683078118521,-5.830538272857666,-0.08053834736347198,attack,no
4830,0,1,0.754914975839675,-0.5145161747932434,-1.6395161151885986,attack,yes
4831,0,0,0.0019267348925696179,-6.317158222198486,-0.06715834140777588,attack,no
4832,0,0,0.22270013882530884,-1.7523730993270874,-0.5023730993270874,attack,no
4833,0,0,0.006692851518667466,-5.040686130523682,-0.040686219930648804,attack,no
4834,0,0,0.20181322226037882,-1.7440495491027832,-0.3690495491027832,attack,no
4835,0,0,0.0017007226138324027,-6.509712219238281,-0.1347123384475708,attack,no
4836,0,0,0.0015011821673938809,-6.582418918609619,-0.08241885900497437,attack,no
4837,0,0,0.0015011824633429554,-6.529613494873047,-0.029613632708787918,attack,no
4838,0,0,0.0011695101258020842,-6.786453723907471,-0.03645360469818115,attack,no
4839,0,1,0.7310585786300049,-0.5286084413528442,-1.5286084413528442,attack,yes
4840,0,0,0.14804719991116141,-1.9855141639709473,-0.23551417887210846,attack,no
4841,0,0,0.02595735851643796,-3.734224319458008,-0.10922437161207199,attack,no
4842,0,0,0.002472623726319554,-6.043769836425781,-0.043770067393779755,attack,no
4843,0,0,0.003172683537603569,-5.812313556671143,-0.06231377646327019,attack,no
4844,0,0,0.042087723109535534,-3.2654666900634766,-0.140466570854187,attack,no
4845,0,0,0.0007096704677887455,-7.3527445793151855,-0.1027446761727333,attack,no
4846,0,0,0.0006263342607092953,-7.447154521942139,-0.0721546858549118,attack,no
4847,0,0,0.10669059678604234,-2.444068193435669,-0.31906822323799133,attack,no
4848,0,0,0.0031726831723718585,-5.8231000900268555,-0.07310019433498383,attack,no
4849,0,0,0.008577484083171345,-4.789727687835693,-0.039727531373500824,attack,no
4850,0,0,0.029312227783474795,-3.681356430053711,-0.18135632574558258,attack,no
4851,0,0,0.0013250225158042191,-6.710967540740967,-0.08596761524677277,attack,no
4852,0,0,0.0004305570588789821,-7.814941883087158,-0.06494183093309402,attack,no
4853,0,0,0.13296424706933604,-2.1343190670013428,-0.25931912660598755,attack,no
4854,0,0,0.002800926967120973,-5.924108982086182,-0.04910898208618164,attack,no
4855,0,0,0.0008040860433788604,-7.206934928894043,-0.08193506300449371,attack,no
4856,0,1,0.7772998663336157,-0.4085176885128021,-1.6585177183151245,attack,yes
4857,0,1,0.7057850402140659,-0.5879127383232117,-1.4629127979278564,attack,yes
4858,0,0,0.06008665017400762,-2.9050819873809814,-0.15508198738098145,attack,no
4859,0,0,0.34864513533394575,-1.2376301288604736,-0.6126301288604736,attack,no
4860,0,0,0.0024726228717924337,-6.034431457519531,-0.034431342035532,attack,no
4861,0,1,0.6791787121629466,-0.75920170545578,-1.5092017650604248,attack,yes
4862,0,0,0.002472623266896334,-6.034125804901123,-0.03412584960460663,attack,no
4863,0,0,0.0031726824419085657,-5.775972843170166,-0.025972716510295868,attack,no
4864,0,0,0.13296422989056964,-2.2294564247131348,-0.3544563353061676,attack,no
4865,0,0,0.3486451488696663,-1.1976313591003418,-0.5726314187049866,attack,no
4866,0,0,0.005220124764999895,-5.310368061065674,-0.0603678822517395,attack,no
4867,0,0,0.0015011826085255411,-6.533875465393066,-0.03387570008635521,attack,no
4868,0,0,0.14804719427274565,-2.0042941570281982,-0.25429412722587585,attack,no
4869,0,0,0.004609572025538661,-5.432375431060791,-0.05737539753317833,attack,no
4870,0,0,0.0017007227972548082,-6.385921001434326,-0.010921228677034378,attack,no
4871,0,0,0.029312227359491745,-3.611708164215088,-0.11170804500579834,attack,no
4872,0,0,0.0028009267017924545,-5.903010845184326,-0.02801075018942356,attack,no
4873,0,0,0.007577240063278798,-4.930258274078369,-0.05525811389088631,attack,no
4874,0,0,0.008577484843480258,-4.8449177742004395,-0.09491770714521408,attack,no
4875,0,0,0.0031726830074285195,-5.829032897949219,-0.07903295010328293,attack,no
4876,0,0,0.05340332829327471,-3.0119714736938477,-0.13697144389152527,attack,no
4877,0,0,0.0059110692064883365,-5.255861282348633,-0.1308613419532776,attack,no
4878,0,0,0.007577241519982652,-4.9235124588012695,-0.04851249232888222,attack,no
4879,0,0,0.004609573102387605,-5.433065414428711,-0.058065615594387054,attack,no
4880,0,0,0.047425875197120895,-3.2220540046691895,-0.22205404937267303,attack,no
4881,0,0,0.02595735757455145,-3.698934316635132,-0.07393433153629303,attack,no
4882,0,0,0.0066928493887966865,-5.103945732116699,-0.10394550114870071,attack,no
4883,0,0,0.007577241996212817,-4.948513984680176,-0.07351408153772354,attack,no
4884,0,0,0.03308598172565655,-3.534654378890991,-0.15965448319911957,attack,no
4885,0,0,0.0035936020812037056,-5.644799709320068,-0.019799569621682167,attack,no
4886,0,0,0.11920292828022305,-2.3099327087402344,-0.30993276834487915,attack,no
4887,0,0,0.005911067608497791,-5.178853988647461,-0.053853776305913925,attack,no
4888,0,0,0.0013250223457346485,-6.645014762878418,-0.02001470886170864,attack,no
4889,0,0,0.0019267346919827415,-6.415130615234375,-0.1651306301355362,attack,no
4890,0,0,0.3775406547908327,-1.2689619064331055,-0.7689618468284607,attack,no
4891,0,0,0.0028009263948438074,-5.936377048492432,-0.061376843601465225,attack,no
4892,0,0,0.004609571564032047,-5.400153636932373,-0.025153502821922302,attack,no
4893,0,0,0.13296424706933604,-2.214226007461548,-0.3392260670661926,attack,no
4894,0,0,0.0002611904008072044,-8.301127433776855,-0.05112774670124054,attack,no
4895,0,0,0.010986943197311236,-4.585660457611084,-0.08566050976514816,attack,no
4896,0,0,0.0008040860792954051,-7.210377216339111,-0.08537739515304565,attack,no
4897,0,0,0.3208213138121609,-1.3444931507110596,-0.5944932103157043,attack,no
4898,0,0,0.0007096704017424403,-7.306710720062256,-0.05671072378754616,attack,no
4899,0,0,0.0011695101519121015,-6.815948963165283,-0.06594886630773544,attack,no
4900,0,0,0.008577487441202876,-4.886780738830566,-0.1367809772491455,attack,no
4901,0,0,0.006692851171944271,-5.085816383361816,-0.08581642061471939,attack,no
4902,0,0,0.00407013711186692,-5.537769317626953,-0.037769168615341187,attack,no
4903,0,0,0.0004305570171942387,-7.813906192779541,-0.06390604376792908,attack,no
4904,0,0,0.46879062662624377,-1.0522663593292236,-0.9272663593292236,attack,no
4905,0,0,0.004070136749449438,-5.601290702819824,-0.10129046440124512,attack,no
4906,0,0,0.008577484811800718,-4.800625801086426,-0.05062573030591011,attack,no
4907,0,0,0.006692852323560668,-5.029017925262451,-0.029018135741353035,attack,no
4908,0,0,0.09534945590170514,-2.4810469150543213,-0.23104681074619293,attack,no
4909,0,0,0.009708476123316394,-4.6855244636535645,-0.06052442640066147,attack,no
4910,0,0,0.001169510204132137,-6.816187381744385,-0.06618732959032059,attack,no
4911,0,1,0.7310585786300049,-0.5385996103286743,-1.5385996103286743,attack,yes
4912,0,0,0.005220125616178516,-5.286412239074707,-0.03641222417354584,attack,no
4913,0,0,0.002472623505796398,-6.068044185638428,-0.06804432719945908,attack,no
4914,0,0,0.0009110510858938316,-7.045949935913086,-0.04594981670379639,attack,no
4915,0,0,0.004609571803331766,-5.422685146331787,-0.04768506437540054,attack,no
4916,0,0,0.002472622715588583,-6.135296821594238,-0.13529664278030396,attack,no
4917,0,0,0.03308597624352061,-3.4528968334198,-0.07789676636457443,attack,no
4918,0,0,0.0009110512418723805,-7.072796821594238,-0.07279687374830246,attack,no
4919,0,0,0.005220126660807012,-5.3627471923828125,-0.11274737864732742,attack,no
4920,0,0,0.0019267347851123604,-6.284507751464844,-0.034507814794778824,attack,no
4921,0,0,0.0021827163155291175,-6.2013068199157715,-0.07630676031112671,attack,no
4922,0,0,0.047425871831197425,-3.319154977798462,-0.3191549479961395,attack,no
4923,0,0,0.022977370077286757,-3.8240647315979004,-0.07406473904848099,attack,no
4924,0,0,0.32082130731838393,-1.233272671699524,-0.4832727015018463,attack,no
4925,0,0,0.06008664933244599,-2.8878703117370605,-0.13787029683589935,attack,no
4926,0,0,0.46879062662624377,-1.0584204196929932,-0.9334204196929932,attack,no
4927,0,0,0.0021827160640105177,-6.177925109863281,-0.05292493477463722,attack,no
4928,0,0,0.042087731520181665,-3.468248128890991,-0.3432482182979584,attack,no
4929,0,0,0.0019267350573374247,-6.309895992279053,-0.05989619717001915,attack,no
4930,0,0,0.0028009271544117077,-5.961566925048828,-0.0865669921040535,attack,no
4931,0,0,0.004609572487045321,-5.490745544433594,-0.11574561148881912,attack,no
4932,0,0,0.06754669864792355,-2.8836312294006348,-0.2586313486099243,attack,no
4933,0,0,0.006692850874752974,-5.116500377655029,-0.1165003702044487,attack,no
4934,0,0,0.0675466977093867,-2.8000640869140625,-0.17506419122219086,attack,no
4935,0,0,0.0007096705628954358,-7.282054424285889,-0.032054655253887177,attack,no
4936,0,0,0.0013250223186221102,-6.71790075302124,-0.09290067851543427,attack,no
4937,0,0,0.40733341443526055,-1.1317222118377686,-0.7567222714424133,attack,no
4938,0,0,0.16451645675203383,-1.8600910902023315,-0.23509104549884796,attack,no
4939,0,0,0.001926734577361679,-6.283553600311279,-0.033553555607795715,attack,no
4940,0,1,0.6513548646660542,-0.5901142358779907,-1.2151142358779907,attack,yes
4941,0,0,0.29421497216298875,-1.6182844638824463,-0.7432844638824463,attack,no
4942,0,0,0.002182716786112383,-6.210909366607666,-0.08590952306985855,attack,no
4943,0,0,0.0011695104543531735,-6.7681403160095215,-0.018140478059649467,attack,no
4944,0,0,0.46879062662624377,-0.8754574060440063,-0.7504574060440063,attack,no
4945,0,0,0.020332355049347755,-3.9246792793273926,-0.04967936500906944,attack,no
4946,0,0,0.0035936031950189497,-5.746646881103516,-0.12164705246686935,attack,no
4947,0,0,0.00023050663270847912,-8.476875305175781,-0.10187491774559021,attack,no
4948,0,0,0.0011695103956056209,-6.853170871734619,-0.1031709834933281,attack,no
4949,0,0,0.3486451488696663,-1.1512718200683594,-0.5262718796730042,attack,no
4950,0,0,0.01243164902375476,-4.412448883056641,-0.037448734045028687,attack,no
4951,0,0,0.16451645470385742,-2.048403739929199,-0.42340368032455444,attack,no
4952,0,0,0.0008040859595735953,-7.190206527709961,-0.06520655751228333,attack,no
4953,0,0,0.00669285052802981,-5.093432903289795,-0.09343284368515015,attack,no
4954,0,0,0.020332352229600784,-3.9272782802581787,-0.052278224378824234,attack,no
4955,0,0,0.46879062662624377,-0.908576250076294,-0.783576250076294,attack,no
4956,0,0,0.0017007225505833018,-6.441030025482178,-0.0660301074385643,attack,no
4957,0,0,0.009708477699210249,-4.649363040924072,-0.024363167583942413,attack,no
4958,0,0,0.005220125364693909,-5.305239677429199,-0.055239614099264145,attack,no
4959,0,0,0.008577486332418735,-4.784955024719238,-0.03495513275265694,attack,no
4960,0,0,0.0008040859296431455,-7.175967693328857,-0.050967685878276825,attack,no
4961,0,0,0.002182716526480224,-6.208439350128174,-0.08343938738107681,attack,no
4962,0,0,0.004070137995259667,-5.52198600769043,-0.02198607660830021,attack,no
4963,0,0,0.002182716218167076,-6.1934967041015625,-0.06849659979343414,attack,no
4964,0,1,0.7549149868676283,-0.44531571865081787,-1.5703157186508179,attack,yes
4965,0,0,0.005911069294049474,-5.227921962738037,-0.10292203724384308,attack,no
4966,0,0,0.007577242220321141,-4.94447135925293,-0.06947148591279984,attack,no
4967,0,0,0.008577487187766488,-4.852108955383301,-0.1021091639995575,attack,no
4968,0,0,0.001700722234337832,-6.461106300354004,-0.08610619604587555,attack,no
4969,0,0,0.0013250224369313723,-6.677207946777344,-0.052207961678504944,attack,no
4970,0,0,0.0019267349283887051,-6.2797322273254395,-0.029732365161180496,attack,no
4971,0,0,0.0046095718375174415,-5.441300868988037,-0.06630079448223114,attack,no
4972,0,0,0.004070138418080193,-5.5288405418396,-0.028840715065598488,attack,no
4973,0,0,0.006692850230838542,-5.18662166595459,-0.1866215616464615,attack,no
4974,0,0,0.0024726236436233688,-6.04893159866333,-0.0489317961037159,attack,no
4975,0,0,0.0003799844482461776,-7.93091344833374,-0.05591327324509621,attack,no
4976,0,0,0.004070137866903443,-5.6099019050598145,-0.10990194231271744,attack,no
4977,0,0,0.0011695100953403987,-6.80926513671875,-0.05926499143242836,attack,no
4978,0,0,0.0010322310559617743,-6.9075188636779785,-0.03251888230443001,attack,no
4979,0,0,0.005911070060209488,-5.161393165588379,-0.03639337047934532,attack,no
4980,0,0,0.0013250224246074901,-6.645735740661621,-0.02073574624955654,attack,no
4981,0,0,0.0009110511604922646,-7.052333354949951,-0.05233331769704819,attack,no
4982,0,0,0.2018132174596823,-1.7820502519607544,-0.407050222158432,attack,no
4983,0,0,0.001700722778280076,-6.4219231605529785,-0.046923376619815826,attack,no
4984,0,0,0.2689414213699951,-1.5257720947265625,-0.5257720947265625,attack,no
4985,0,0,0.0028009275914234687,-5.923673629760742,-0.048673853278160095,attack,no
4986,0,0,0.0066928512710080395,-5.042263507843018,-0.04226355999708176,attack,no
4987,0,1,0.7057850402140659,-0.6056479811668396,-1.4806480407714844,attack,yes
4988,0,0,0.0015011821003865517,-6.574769973754883,-0.07476986944675446,attack,no
4989,0,0,0.007577239643075814,-4.93133544921875,-0.05633523315191269,attack,no
4990,0,0,0.1192029188930649,-2.3091845512390137,-0.3091845214366913,attack,no
4991,0,0,0.00280092717522179,-5.974957466125488,-0.09995754063129425,attack,no
4992,0,0,0.005911069906977476,-5.188166618347168,-0.0631667971611023,attack,no
4993,0,0,0.1480472055495773,-2.0703284740448,-0.3203285336494446,attack,no
4994,0,0,0.0035936020878732573,-5.644120216369629,-0.019120078533887863,attack,no
4995,0,0,0.037326887879581695,-3.4947643280029297,-0.24476434290409088,attack,no
4996,0,0,0.022977371248114782,-3.9023611545562744,-0.1523612141609192,attack,no
4997,0,0,0.004070138402979459,-5.516007900238037,-0.01600806973874569,attack,no
4998,0,0,0.0019267344484129915,-6.369221210479736,-0.11922109872102737,attack,no
4999,0,0,0.003172683349096874,-5.787918567657471,-0.03791872784495354,attack,no
5000,0,0,0.02297736857193652,-4.065298557281494,-0.31529849767684937,attack,no
5001,0,0,0.006692851196710213,-5.047675132751465,-0.04767517372965813,attack,no
5002,0,0,0.001501182301408549,-6.593912601470947,-0.09391263127326965,attack,no
5003,0,0,0.0006263342513820332,-7.402867317199707,-0.02786746621131897,attack,no
5004,0,1,0.8354835289107309,-0.4283908009529114,-2.0533907413482666,attack,yes
5005,0,0,0.2689414272294874,-1.454880952835083,-0.4548809826374054,attack,no
5006,0,0,0.005911068177645059,-5.18522310256958,-0.060222987085580826,attack,no
5007,0,0,0.4378234991142019,-1.0210596323013306,-0.7710596323013306,attack,no
5008,0,0,0.012431649481112502,-4.47064208984375,-0.09564197808504105,attack,no
5009,0,0,0.08509904848750824,-2.533015727996826,-0.15801577270030975,attack,no
5010,0,0,0.0019267348639143487,-6.357249736785889,-0.10724984109401703,attack,no
5011,0,0,0.06008664512463808,-2.98323392868042,-0.23323383927345276,attack,no
5012,0,0,0.001325022594677071,-6.666674613952637,-0.04167474806308746,attack,no
5013,0,0,0.015906389379279733,-4.213874816894531,-0.08887466788291931,attack,no
5014,0,0,0.003593602594759194,-5.673582553863525,-0.04858255758881569,attack,no
5015,0,0,0.0011695100017795118,-6.7751994132995605,-0.02519918791949749,attack,no
5016,0,0,0.0004305570107812016,-7.822062015533447,-0.07206185162067413,attack,no
5017,0,0,0.22270014398423357,-1.6220916509628296,-0.372091680765152,attack,no
5018,0,0,0.05340333130637379,-3.1192309856414795,-0.24423101544380188,attack,no
5019,0,0,0.04742587721667508,-3.113679885864258,-0.11367997527122498,attack,no
5020,0,0,0.020332352155396922,-3.9769697189331055,-0.1019696593284607,attack,no
5021,0,0,0.0028009264676790765,-6.010303497314453,-0.1353033185005188,attack,no
5022,0,0,0.00043055715347129967,-7.789745807647705,-0.03974597528576851,attack,no
5023,0,0,0.022977372418942873,-3.85852313041687,-0.10852324217557907,attack,no
5024,0,0,0.017986206803753842,-4.137915134429932,-0.13791495561599731,attack,no
5025,0,0,0.005911069294049474,-5.168142795562744,-0.04314287006855011,attack,no
5026,0,0,0.0005527787068997715,-7.565482139587402,-0.06548226624727249,attack,no
5027,0,0,0.0052201262739075445,-5.330913543701172,-0.08091365545988083,attack,no
5028,0,0,0.0009110513639425678,-7.091531753540039,-0.09153193980455399,attack,no
5029,0,0,0.0021827163601533884,-6.152328968048096,-0.02732892893254757,attack,no
5030,0,0,0.0075772403154006,-4.910248756408691,-0.03524862974882126,attack,no
5031,0,0,0.00669285161773124,-5.116463661193848,-0.11646376550197601,attack,no
5032,0,0,0.001926734505723518,-6.356345176696777,-0.10634509474039078,attack,no
5033,0,0,0.0013250227055920266,-6.648993968963623,-0.023994186893105507,attack,no
5034,0,1,0.7549149813536518,-0.42200401425361633,-1.547003984451294,attack,yes
5035,0,0,0.005220126080457822,-5.334282398223877,-0.08428247272968292,attack,no
5036,0,0,0.0011695104782873623,-6.802258014678955,-0.0522581972181797,attack,no
5037,0,0,0.00048785708645181187,-7.67551326751709,-0.050513193011283875,attack,no
5038,0,0,0.0009110511944006454,-7.0645060539245605,-0.06450605392456055,attack,no
5039,0,0,0.003172682176821121,-5.7665114402771,-0.016511229798197746,attack,no
5040,0,0,0.0009110509841687055,-7.018057823181152,-0.01805759221315384,attack,no
5041,0,0,0.009708477627578704,-4.688831329345703,-0.06383144855499268,attack,no
5042,0,0,0.008577485033557495,-4.783918380737305,-0.033918336033821106,attack,no
5043,0,1,0.817574471748733,-0.35756710171699524,-1.8575670719146729,attack,yes
5044,0,0,0.00460957237594186,-5.405538082122803,-0.030538124963641167,attack,no
5045,0,0,0.0017007220825400275,-6.417506217956543,-0.04250602424144745,attack,no
5046,0,0,0.11920292202211755,-2.4155783653259277,-0.41557836532592773,attack,no
5047,0,1,0.7981867777396212,-0.3919336795806885,-1.7669336795806885,attack,yes
5048,0,0,0.02595735682104226,-3.76163387298584,-0.13663385808467865,attack,no
5049,0,0,0.0010322312672383033,-6.912014484405518,-0.037014707922935486,attack,no
5050,0,0,0.022977371917159397,-3.854637622833252,-0.10463771224021912,attack,no
5051,0,0,0.46879062662624377,-1.05997896194458,-0.9349789619445801,attack,no
5052,0,0,0.000626334235059325,-7.426414489746094,-0.0514146126806736,attack,no
5053,0,0,0.4378234991142019,-1.0666102170944214,-0.8166102170944214,attack,no
5054,0,0,0.0031726832666251993,-5.813809394836426,-0.06380952894687653,attack,no
5055,0,0,0.22270013882530884,-1.6816439628601074,-0.4316439628601074,attack,no
5056,0,0,0.1480472055495773,-2.0271427631378174,-0.27714282274246216,attack,no
5057,0,0,0.001169510421715644,-6.837090492248535,-0.0870906263589859,attack,no
5058,0,0,0.004070138168918091,-5.5351786613464355,-0.0351787731051445,attack,no
5059,0,1,0.5312093733737563,-0.8714381456375122,-0.9964381456375122,attack,yes
5060,0,0,0.11920290950590741,-2.1717610359191895,-0.1717609167098999,attack,no
5061,0,0,0.22270012850745968,-1.8551342487335205,-0.6051341891288757,attack,no
5062,0,0,0.020332353787881955,-3.930069923400879,-0.0550699457526207,attack,no
5063,0,0,0.0013250227277750188,-6.671873092651367,-0.04687332734465599,attack,no
5064,0,0,0.005220126854256756,-5.303618907928467,-0.053619131445884705,attack,no
5065,0,0,0.022977371582637088,-3.900651454925537,-0.15065152943134308,attack,no
5066,0,0,0.001325022126369582,-6.650776386260986,-0.02577616646885872,attack,no
5067,0,0,0.0015011819161164111,-6.552547454833984,-0.05254722759127617,attack,no
5068,0,0,0.053403329799824234,-3.0271527767181396,-0.15215277671813965,attack,no
5069,0,1,0.6513548646660542,-0.5922583341598511,-1.217258334159851,attack,yes
5070,0,0,0.001325022328481215,-6.71149206161499,-0.08649199455976486,attack,no
5071,0,0,0.0035936032350362703,-5.6807074546813965,-0.05570763722062111,attack,no
5072,0,0,0.3775406828054583,-1.2284667491912842,-0.728466808795929,attack,no
5073,0,0,0.010986943116351513,-4.668166160583496,-0.16816620528697968,attack,no
5074,0,0,0.0017007227087060582,-6.4298095703125,-0.05480974540114403,attack,no
5075,0,0,0.07585818419975078,-2.7337965965270996,-0.23379665613174438,attack,no
5076,0,0,0.46879061178313897,-1.0387461185455322,-0.9137460589408875,attack,no
5077,0,0,0.025957356255910384,-3.72106671333313,-0.0960666760802269,attack,no
5078,0,0,0.18242551491653522,-1.8367323875427246,-0.33673232793807983,attack,no
5079,0,0,0.00218271597881874,-6.1559929847717285,-0.030992770567536354,attack,no
5080,0,0,0.005220126041767878,-5.307019233703613,-0.057019300758838654,attack,no
5081,0,0,0.004609572589602362,-5.439075469970703,-0.06407555937767029,attack,no
5082,0,0,0.0013250223876358448,-6.662895679473877,-0.03789565712213516,attack,no
5083,0,1,0.6224593452091672,-0.5866972804069519,-1.0866973400115967,attack,yes
5084,0,0,0.00015843623208532923,-8.813268661499023,-0.06326874345541,attack,no
5085,0,1,0.5312093733737563,-0.8111018538475037,-0.9361018538475037,attack,yes
5086,0,0,0.002472623119880922,-6.1341657638549805,-0.13416574895381927,attack,no
5087,0,0,0.0021827165751612514,-6.186359405517578,-0.0613594651222229,attack,no
5088,0,0,0.008577485033557495,-4.829820156097412,-0.07982011139392853,attack,no
5089,0,0,0.0009110510858938316,-7.086454391479492,-0.08645427227020264,attack,no
5090,0,0,0.0013250222397492748,-6.742142200469971,-0.11714206635951996,attack,no
5091,0,0,0.0021827165589342425,-6.210428237915039,-0.08542829006910324,attack,no
5092,0,0,0.003172682524380219,-5.776156902313232,-0.026156801730394363,attack,no
5093,0,1,0.7772998611746911,-0.4560716152191162,-1.7060716152191162,attack,yes
5094,0,0,0.004609571196536072,-5.40218448638916,-0.027184272184967995,attack,no
5095,0,0,0.03308598005718029,-3.4734742641448975,-0.09847431629896164,attack,no
5096,0,0,0.0031726835022585624,-5.863206386566162,-0.11320659518241882,attack,no
5097,0,0,0.0007096705047746792,-7.2861785888671875,-0.03617873787879944,attack,no
5098,0,0,0.0019267349068972529,-6.309986114501953,-0.05998624116182327,attack,no
5099,0,0,0.20181322226037882,-1.8509275913238525,-0.47592759132385254,attack,no
5100,0,0,0.0259573558791558,-3.7037482261657715,-0.0787481740117073,attack,no
5101,0,0,0.003172682542052717,-5.779897689819336,-0.029897594824433327,attack,no
5102,0,0,0.001501182318160383,-6.532694339752197,-0.03269438073039055,attack,no
5103,0,0,0.0066928500079451005,-5.059886455535889,-0.05988631770014763,attack,no
5104,0,0,0.01406363034912007,-4.285916328430176,-0.03591656684875488,attack,no
5105,0,0,0.000911051079112156,-7.082137584686279,-0.08213745802640915,attack,no
5106,0,0,0.009708476123316394,-4.70638370513916,-0.08138366788625717,attack,no
5107,0,0,0.0015011824577590097,-6.574608325958252,-0.0746084600687027,attack,no
5108,0,0,0.0005527785998773944,-7.525207042694092,-0.025206975638866425,attack,no
5109,0,0,0.0013250222915095725,-6.641668319702148,-0.016668224707245827,attack,no
5110,0,0,0.24508502416032488,-1.5473833084106445,-0.4223833680152893,attack,no
5111,0,0,0.4378234991142019,-0.9312255382537842,-0.6812255382537842,attack,no
5112,0,0,0.005220126138492738,-5.3026957511901855,-0.05269583687186241,attack,no
5113,0,0,0.005911069075146632,-5.237687587738037,-0.1126876249909401,attack,no
5114,0,0,0.0015011821673938809,-6.573719024658203,-0.07371896505355835,attack,no
5115,0,0,0.0006263341231321938,-7.4321513175964355,-0.05715126171708107,attack,no
5116,0,0,0.0046095727776236115,-5.420733451843262,-0.045733582228422165,attack,no
5117,0,0,0.002472622632892431,-6.041702747344971,-0.04170253500342369,attack,no
5118,0,0,0.001700722411435288,-6.581262111663818,-0.20626211166381836,attack,no
5119,0,0,0.0028009270399562574,-5.918806552886963,-0.04380657896399498,attack,no
5120,0,0,0.0046095724528596406,-5.46283483505249,-0.08783489465713501,attack,no
5121,0,0,0.0009110511265838854,-7.09203577041626,-0.0920356959104538,attack,no
5122,0,0,0.08509904268669496,-2.6247780323028564,-0.24977800250053406,attack,no
5123,0,0,0.0024726235149848627,-6.022323131561279,-0.022323276847600937,attack,no
5124,0,0,0.0031726823947819073,-5.782299518585205,-0.03229937702417374,attack,no
5125,0,0,0.0015011823125764385,-6.592778205871582,-0.09277824312448502,attack,no
5126,0,0,0.00029595698124912297,-8.196297645568848,-0.07129719853401184,attack,no
5127,0,1,0.7310585786300049,-0.47405481338500977,-1.4740548133850098,attack,yes
5128,0,0,0.0035936018544389676,-5.654242038726807,-0.029241835698485374,attack,no
5129,0,0,0.0035936029415759296,-5.677459239959717,-0.052459340542554855,attack,no
5130,0,0,0.00048785702923135227,-7.640220642089844,-0.01522045023739338,attack,no
5131,0,0,0.0009110512961257951,-7.064736366271973,-0.06473647803068161,attack,no
5132,0,0,0.00407013842563056,-5.5448317527771,-0.04483192786574364,attack,no
5133,0,0,0.006692850131774789,-5.084090709686279,-0.08409059047698975,attack,no
5134,0,0,0.01243165213378772,-4.443109035491943,-0.06810913980007172,attack,no
5135,0,0,0.0011695104347706556,-6.807547569274902,-0.057547714561223984,attack,no
5136,0,0,0.0010322309445614404,-6.933050632476807,-0.05805054306983948,attack,no
5137,0,0,0.000911051082502994,-7.036354064941406,-0.0363539420068264,attack,no
5138,0,0,0.0009110513368158578,-7.081319332122803,-0.08131948858499527,attack,no
5139,0,0,0.0031726828896118543,-5.816250801086426,-0.06625081598758698,attack,no
5140,0,0,0.004070138138716626,-5.669334411621094,-0.1693345159292221,attack,no
5141,0,0,0.22270013882530884,-1.6756399869918823,-0.4256399869918823,attack,no
5142,0,0,0.0017007227276807902,-6.492234230041504,-0.11723441630601883,attack,no
5143,0,0,0.09534946104307897,-2.4780077934265137,-0.2280077487230301,attack,no
5144,0,0,0.003172682913175187,-5.8184123039245605,-0.06841232627630234,attack,no
5145,0,0,0.0009110510655488055,-7.092846393585205,-0.09284625202417374,attack,no
5146,0,0,0.001032230898464754,-6.957324028015137,-0.08232389390468597,attack,no
5147,0,0,0.008577484463325792,-4.808616638183594,-0.058616526424884796,attack,no
5148,0,0,0.002472623606869509,-6.04814338684082,-0.04814356938004494,attack,no
5149,0,0,0.002472622945300131,-6.01622200012207,-0.016221914440393448,attack,no
5150,0,0,0.0031726825597252145,-5.8286919593811035,-0.07869186997413635,attack,no
5151,0,0,0.0075772403154006,-4.962024211883545,-0.08702408522367477,attack,no
5152,0,0,0.1480471980316895,-2.0246424674987793,-0.2746424674987793,attack,no
5153,0,0,0.0046095720939100145,-5.419541358947754,-0.044541340321302414,attack,no
5154,0,0,0.0007096703594728082,-7.300884246826172,-0.0508841909468174,attack,no
5155,0,0,0.02033235319425102,-3.9783146381378174,-0.10331463068723679,attack,no
5156,0,0,0.0017007225948576722,-6.416616439819336,-0.04161654785275459,attack,no
5157,0,0,0.005911070169660925,-5.194056034088135,-0.06905625760555267,attack,no
5158,0,0,0.0013250224172131609,-6.671721458435059,-0.046721458435058594,attack,no
5159,0,0,0.0017007224588721094,-6.402557849884033,-0.02755787782371044,attack,no
5160,0,1,0.7981867777396212,-0.35309112071990967,-1.7280911207199097,attack,yes
5161,0,0,0.0024726228717924337,-6.034431457519531,-0.034431342035532,attack,no
5162,0,0,0.0031726823947819073,-5.78901481628418,-0.039014674723148346,attack,no
5163,0,0,0.01243165231673086,-4.461491107940674,-0.08649122714996338,attack,no
5164,0,0,0.0013250225478463147,-6.6539082527160645,-0.028908351436257362,attack,no
5165,0,0,0.0017007223861356504,-6.449704170227051,-0.07470415532588959,attack,no
5166,0,0,0.0008040858458378924,-7.170221328735352,-0.04522121697664261,attack,no
5167,0,0,0.0017007224620345643,-6.434544563293457,-0.05954459309577942,attack,no
5168,0,0,0.16451645880021026,-1.995880126953125,-0.3708800971508026,attack,no
5169,0,0,0.004609573256223189,-5.419905662536621,-0.0449058972299099,attack,no
5170,0,0,0.009708476517289835,-4.675495624542236,-0.05049562826752663,attack,no
5171,0,0,0.005220124881069698,-5.315986633300781,-0.06598647683858871,attack,no
5172,0,0,0.0028009270815764205,-5.914453983306885,-0.03945402428507805,attack,no
5173,0,0,0.10669059962643358,-2.37625789642334,-0.2512579560279846,attack,no
5174,0,0,0.00280092763304364,-5.915048599243164,-0.040048837661743164,attack,no
5175,0,0,0.006692849487860429,-5.047609806060791,-0.047609589993953705,attack,no
5176,0,0,0.0035936028482021903,-5.69802188873291,-0.07302196323871613,attack,no
5177,0,0,0.006692851890156625,-5.058319091796875,-0.05831923708319664,attack,no
5178,0,0,0.0021827167293178456,-6.185140132904053,-0.06014026328921318,attack,no
5179,0,0,0.0019267346346722098,-6.325758457183838,-0.0757584422826767,attack,no
5180,0,0,0.004070138319925425,-5.550580024719238,-0.05058017373085022,attack,no
5181,0,0,0.04208772371029592,-3.283529043197632,-0.15852893888950348,attack,no
5182,0,0,0.004070136862704897,-5.524893283843994,-0.024893073365092278,attack,no
5183,0,0,0.0024726229177347444,-6.069640159606934,-0.06964006274938583,attack,no
5184,0,0,0.01098694327827096,-4.5713934898376465,-0.07139354944229126,attack,no
5185,0,0,0.03732688627322502,-3.3534560203552246,-0.10345599055290222,attack,no
5186,0,0,0.22270014914315833,-1.619753122329712,-0.3697531819343567,attack,no
5187,0,0,0.04208772701447818,-3.2119271755218506,-0.0869271531701088,attack,no
5188,0,0,0.0002959571542944747,-8.181248664855957,-0.056248802691698074,attack,no
5189,0,1,0.6513548511303336,-0.6389835476875305,-1.2639834880828857,attack,yes
5190,0,0,0.00037998460531281857,-7.906660079956055,-0.03166031837463379,attack,no
5191,0,0,0.003593602514724568,-5.682397365570068,-0.05739734694361687,attack,no
5192,0,0,0.007577242892646153,-4.946134567260742,-0.0711347833275795,attack,no
5193,0,0,0.007577240875671297,-4.939481735229492,-0.06448168307542801,attack,no
5194,0,0,0.01098694441170717,-4.698633193969727,-0.1986333578824997,attack,no
5195,0,1,0.7057850402140659,-0.520375669002533,-1.3953757286071777,attack,yes
5196,0,0,0.001032231144313772,-6.958740711212158,-0.08374081552028656,attack,no
5197,0,0,0.002800927008741136,-5.910844326019287,-0.0358443409204483,attack,no
5198,0,0,0.006692849809817602,-5.03236198425293,-0.03236181661486626,attack,no
5199,0,0,0.014063627456479755,-4.4411845207214355,-0.19118455052375793,attack,no
5200,0,0,0.003172682606851875,-5.819235324859619,-0.06923525035381317,attack,no
5201,0,0,0.01098694339971055,-4.5582170486450195,-0.0582171194255352,attack,no
5202,0,0,0.07585817584273653,-2.7240471839904785,-0.22404712438583374,attack,no
5203,0,0,0.0006263342140729864,-7.465799808502197,-0.09079989790916443,attack,no
5204,0,0,0.0009110511333655611,-7.082643508911133,-0.08264344185590744,attack,no
5205,0,0,0.008577484590043946,-4.801445960998535,-0.051445864140987396,attack,no
5206,0,0,0.0031726823240919213,-5.801411151885986,-0.051410987973213196,attack,no
5207,0,0,0.03308597981882656,-3.5173115730285645,-0.14231161773204803,attack,no
5208,0,0,0.2689414213699951,-1.4485260248184204,-0.4485260248184204,attack,no
5209,0,0,0.05340333130637379,-3.0527474880218506,-0.17774751782417297,attack,no
5210,0,0,0.009708474404159754,-4.719241619110107,-0.09424140304327011,attack,no
5211,0,0,0.0019267350537555156,-6.274624347686768,-0.024624550715088844,attack,no
5212,0,0,0.0019267349498801579,-6.293168067932129,-0.043168216943740845,attack,no
5213,0,0,0.0013250222298901706,-6.730679512023926,-0.10567937046289444,attack,no
5214,0,0,0.0019267347707847262,-6.283522605895996,-0.03352266177535057,attack,no
5215,0,0,0.003172682606851875,-5.902674674987793,-0.152674600481987,attack,no
5216,0,0,0.0373268852023206,-3.3813719749450684,-0.13137191534042358,attack,no
5217,0,0,0.32082130082460697,-1.4127506017684937,-0.6627506017684937,attack,no
5218,0,0,0.0035936024480290474,-5.688563823699951,-0.06356378644704819,attack,no
5219,0,0,0.2689414213699951,-1.4470056295394897,-0.44700562953948975,attack,no
5220,0,0,0.007577241043752515,-4.944664001464844,-0.06966397166252136,attack,no
5221,0,0,0.00037998451192183504,-7.9771599769592285,-0.10215996950864792,attack,no
5222,0,0,0.0011695100822853906,-6.786393642425537,-0.036393485963344574,attack,no
5223,0,0,0.0015011823628319422,-6.537973403930664,-0.03797347471117973,attack,no
5224,0,0,0.0035936018277607637,-5.644111633300781,-0.019111422821879387,attack,no
5225,0,0,0.0011695101116591588,-6.759738922119141,-0.009738790802657604,attack,no
5226,0,0,0.0004878570501213606,-7.660573482513428,-0.035573333501815796,attack,no
5227,0,0,0.005911068768682665,-5.183847427368164,-0.05884741246700287,attack,no
5228,0,0,0.001700722449384745,-6.442431926727295,-0.06743194907903671,attack,no
5229,0,1,0.5621765008857981,-0.7314524054527283,-0.9814524054527283,attack,yes
5230,0,0,0.05340332753999997,-3.0367465019226074,-0.16174645721912384,attack,no
5231,0,0,0.0031726829485201865,-5.778144359588623,-0.028144393116235733,attack,no
5232,0,0,0.004609572897273501,-5.465299606323242,-0.09029976278543472,attack,no
5233,0,0,0.3775406828054583,-1.2091038227081299,-0.7091038823127747,attack,no
5234,0,0,0.00037998447513145386,-7.976715564727783,-0.10171546041965485,attack,no
5235,0,0,0.0031726826186335402,-5.7855119705200195,-0.03551189973950386,attack,no
5236,0,0,0.0019267349570439751,-6.288387775421143,-0.038387928158044815,attack,no
5237,0,0,0.00317268272466853,-5.826972484588623,-0.07697244733572006,attack,no
5238,0,0,0.04208772491181671,-3.2861056327819824,-0.16110555827617645,attack,no
5239,0,0,0.37754066879814546,-1.192489504814148,-0.692489504814148,attack,no
5240,0,0,0.0017007225758829418,-6.449822425842285,-0.07482252269983292,attack,no
5241,0,0,0.0028009275706133837,-5.914360523223877,-0.039360739290714264,attack,no
5242,0,0,0.14804719239327382,-1.999498963356018,-0.24949891865253448,attack,no
5243,0,0,0.0004878570174239567,-7.716236114501953,-0.09123589843511581,attack,no
5244,0,0,0.008577484399966718,-4.800241947174072,-0.050241827964782715,attack,no
5245,0,0,0.015906389729159958,-4.244077205657959,-0.11907707899808884,attack,no
5246,0,0,0.02033235423310517,-3.9989445209503174,-0.12394456565380096,attack,no
5247,0,0,0.06754669207816587,-2.7927942276000977,-0.16779424250125885,attack,no
5248,0,0,0.03732688306051187,-3.3348655700683594,-0.08486545085906982,attack,no
5249,0,0,0.0031726823240919213,-5.819852352142334,-0.06985218822956085,attack,no
5250,0,0,0.0031726821591486257,-5.782745361328125,-0.03274514526128769,attack,no
5251,0,0,0.010986942954432066,-4.542426586151123,-0.042426615953445435,attack,no
5252,0,0,0.002472623717131089,-6.0338826179504395,-0.03388284519314766,attack,no
5253,0,0,0.2689414213699951,-1.4337327480316162,-0.4337327480316162,attack,no
5254,0,0,0.015906393927723257,-4.193734645843506,-0.0687347874045372,attack,no
5255,0,0,0.0008040859116848763,-7.206097602844238,-0.0810975730419159,attack,no
5256,0,0,0.0031726830545551867,-5.799698352813721,-0.049698419868946075,attack,no
5257,0,0,0.0019267343911024666,-6.296938419342041,-0.046938277781009674,attack,no
5258,0,0,0.01243164865786858,-4.442729949951172,-0.06772977113723755,attack,no
5259,0,0,0.009708476481474066,-4.694314002990723,-0.06931400299072266,attack,no
5260,0,0,0.0008040860613371324,-7.160732269287109,-0.03573242574930191,attack,no
5261,0,0,0.0024726234506656126,-6.068073272705078,-0.06807339191436768,attack,no
5262,0,0,0.18242553269617778,-1.9413034915924072,-0.441303551197052,attack,no
5263,0,0,0.000709670367398364,-7.341240406036377,-0.09124036133289337,attack,no
5264,0,0,0.014063628437911225,-4.296629428863525,-0.04662952944636345,attack,no
5265,0,0,0.00970847827226262,-4.701342582702637,-0.07634276896715164,attack,no
5266,0,0,0.003172682371218578,-5.857231140136719,-0.10723099112510681,attack,no
5267,0,0,0.0024726227890962764,-6.096248626708984,-0.09624847769737244,attack,no
5268,0,0,0.0066928493887966865,-5.026008605957031,-0.026008374989032745,attack,no
5269,0,0,0.0004878570464883156,-7.6897406578063965,-0.06474050134420395,attack,no
5270,0,0,0.001032231113582642,-6.933171272277832,-0.058171346783638,attack,no
5271,0,0,0.00970847827226262,-4.659524440765381,-0.03452462702989578,attack,no
5272,0,0,0.0008040860703162687,-7.161551475524902,-0.036551643162965775,attack,no
5273,0,0,0.010986940201801838,-4.53103494644165,-0.031034722924232483,attack,no
5274,0,0,0.000487857180910998,-7.697214126586914,-0.07221424579620361,attack,no
5275,0,0,0.0008040861152119515,-7.197579383850098,-0.07257960736751556,attack,no
5276,0,0,0.00048785716819533734,-7.669632911682129,-0.04463300481438637,attack,no
5277,0,0,0.0008040858218935361,-7.207873821258545,-0.08287367969751358,attack,no
5278,0,0,0.002472623459854076,-6.059936046600342,-0.059936169534921646,attack,no
5279,0,0,0.0024726236987541584,-6.0393781661987305,-0.03937838599085808,attack,no
5280,0,0,0.01098694214483487,-4.626291275024414,-0.12629123032093048,attack,no
5281,0,0,0.5,-0.8875817060470581,-0.8875817060470581,attack,no
5282,0,0,0.0015011825247663551,-6.633803367614746,-0.13380354642868042,attack,no
5283,0,0,0.001501182379583777,-6.536904335021973,-0.03690441697835922,attack,no
5284,0,0,0.2689414330889798,-1.4455804824829102,-0.44558054208755493,attack,no
5285,0,0,0.00048785722450755167,-7.664783000946045,-0.039783209562301636,attack,no
5286,0,0,0.003593603255044931,-5.634165287017822,-0.009165475144982338,attack,no
5287,0,0,0.0021827166725233095,-6.177987575531006,-0.052987679839134216,attack,no
5288,0,0,0.03308597529010575,-3.4554381370544434,-0.0804380401968956,attack,no
5289,0,0,0.0009110513351204387,-7.017538070678711,-0.017538225278258324,attack,no
5290,0,0,0.006692852459773374,-5.064686298370361,-0.06468652933835983,attack,no
5291,0,0,0.004070137172269837,-5.598161220550537,-0.09816108644008636,attack,no
5292,0,0,0.0003799844440011342,-7.947068691253662,-0.07206850498914719,attack,no
5293,0,0,0.0028009269255008114,-5.996501922607422,-0.12150190770626068,attack,no
5294,0,0,0.24508501864634827,-1.612349033355713,-0.4873490631580353,attack,no
5295,0,0,0.3775406547908327,-1.2286922931671143,-0.7286922335624695,attack,no
5296,0,1,0.8519528132451416,-0.4039274752140045,-2.1539275646209717,attack,yes
5297,0,0,0.0028009271023865024,-5.9254279136657715,-0.050427962094545364,attack,no
5298,0,0,0.006692849983179163,-5.0503764152526855,-0.050376273691654205,attack,no
5299,0,0,0.0004305570139877201,-7.790006160736084,-0.04000600427389145,attack,no
5300,0,0,0.006692851419603695,-5.099948406219482,-0.09994848072528839,attack,no
5301,0,0,0.0373268852023206,-3.505070209503174,-0.25507014989852905,attack,no
5302,0,0,0.0011695102302421558,-6.776041507720947,-0.026041477918624878,attack,no
5303,0,0,0.010986942306754304,-4.564102649688721,-0.06410261988639832,attack,no
5304,0,0,0.0019267345200511502,-6.296643257141113,-0.04664318263530731,attack,no
5305,0,0,0.03732689055684297,-3.4881067276000977,-0.23810681700706482,attack,no
5306,0,0,0.0010322310521203835,-6.957419395446777,-0.08241941034793854,attack,no
5307,0,0,0.00048785719362665915,-7.675278186798096,-0.05027833208441734,attack,no
5308,0,0,0.017986207461740823,-4.1178717613220215,-0.11787161976099014,attack,no
5309,0,0,0.029312233083263427,-3.624028205871582,-0.1240282878279686,attack,no
5310,0,0,0.0040701380481122295,-5.59940242767334,-0.09940250962972641,attack,no
5311,0,0,0.0017007224810092934,-6.412139415740967,-0.03713945671916008,attack,no
5312,0,0,0.00023050675118236317,-8.414690971374512,-0.039691098034381866,attack,no
5313,0,0,0.04208773031866069,-3.276130199432373,-0.15113025903701782,attack,no
5314,0,0,0.001700722360836013,-6.442953586578369,-0.06795355677604675,attack,no
5315,0,0,0.0024726236436233688,-6.061648368835449,-0.06164856627583504,attack,no
5316,0,0,0.0006263340974822291,-7.49017333984375,-0.11517324298620224,attack,no
5317,0,0,0.00857748379805552,-4.801119327545166,-0.051119137555360794,attack,no
5318,0,0,0.07585818419975078,-2.7906293869018555,-0.29062944650650024,attack,no
5319,0,0,0.24508500210441886,-1.7466230392456055,-0.6216229796409607,attack,no
5320,0,0,0.0028009265092992313,-5.906938552856445,-0.03193838894367218,attack,no
5321,0,0,0.0004305570973572105,-7.781124591827393,-0.031124629080295563,attack,no
5322,0,0,0.005911068921914645,-5.171428680419922,-0.04642869159579277,attack,no
5323,0,0,0.025957357951306048,-3.8311755657196045,-0.20617559552192688,attack,no
5324,0,0,0.005220125326003969,-5.2887091636657715,-0.038709092885255814,attack,no
5325,0,0,0.008577486490816461,-4.873254299163818,-0.12325442582368851,attack,no
5326,0,0,0.0203323526006201,-3.9167320728302,-0.04173203557729721,attack,no
5327,0,0,0.0010322310982170768,-6.967839241027832,-0.0928393006324768,attack,no
5328,0,0,0.0035936028748804008,-5.71370267868042,-0.08870276063680649,attack,no
5329,0,0,0.0013250226735499273,-6.717203140258789,-0.09220333397388458,attack,no
5330,0,0,0.0002611904231805916,-8.300365447998047,-0.05036584660410881,attack,no
5331,0,0,0.18242551936144574,-1.876086950302124,-0.37608692049980164,attack,no
5332,0,0,0.004070137413881512,-5.575660705566406,-0.07566063106060028,attack,no
5333,0,0,0.0019267343123004976,-6.310356616973877,-0.06035643443465233,attack,no
5334,0,0,0.0031726834315685517,-5.789158821105957,-0.039159007370471954,attack,no
5335,0,0,0.005220126080457822,-5.319452285766602,-0.06945236027240753,attack,no
5336,0,0,0.0035936031950189497,-5.695220470428467,-0.07022064179182053,attack,no
5337,0,0,0.004609571700774742,-5.412089824676514,-0.037089720368385315,attack,no
5338,0,0,0.02931223202330563,-3.649594783782959,-0.14959482848644257,attack,no
5339,0,0,0.0015011823977315987,-6.5114521980285645,-0.01145229209214449,attack,no
5340,0,0,0.0007096702656870707,-7.277845859527588,-0.02784567140042782,attack,no
5341,0,0,0.13296425050508953,-2.1255245208740234,-0.2505246102809906,attack,no
5342,0,0,0.0035936023413162166,-5.661599636077881,-0.03659956902265549,attack,no
5343,0,0,0.0019267349068972529,-6.2967610359191895,-0.0467611625790596,attack,no
5344,0,0,0.029312229903390143,-3.582973003387451,-0.08297297358512878,attack,no
5345,0,0,0.0017007223165616484,-6.408515453338623,-0.03351539745926857,attack,no
5346,0,0,0.004609572948552026,-5.418667316436768,-0.04366748407483101,attack,no
5347,0,0,0.00048785714458053967,-7.689072608947754,-0.06407265365123749,attack,no
5348,0,0,0.0035936030349496715,-5.670495986938477,-0.04549611359834671,attack,no
5349,0,0,0.0006263340881549695,-7.4789347648620605,-0.10393465310335159,attack,no
5350,0,0,0.005911069994538625,-5.161138534545898,-0.03613872826099396,attack,no
5351,0,0,0.053403333566198224,-3.0089290142059326,-0.1339290887117386,attack,no
5352,0,0,0.0040701383425765245,-5.5182576179504395,-0.01825777254998684,attack,no
5353,0,0,0.004609572999830552,-5.499221324920654,-0.12422150373458862,attack,no
5354,0,0,0.34864513533394575,-1.1696760654449463,-0.5446760654449463,attack,no
5355,0,0,0.00043055707691565123,-7.763916492462158,-0.013916482217609882,attack,no
5356,0,0,0.017986208119727825,-4.105481147766113,-0.10548104345798492,attack,no
5357,0,0,0.012431651676429884,-4.436931133270264,-0.061931200325489044,attack,no
5358,0,0,0.004609571991352984,-5.401248931884766,-0.026248890906572342,attack,no
5359,0,0,0.0007096703304124375,-7.322033882141113,-0.07203378528356552,attack,no
5360,0,0,0.007577241576009728,-4.924750328063965,-0.04975036904215813,attack,no
5361,0,0,0.001926734989281155,-6.279409408569336,-0.029409578070044518,attack,no
5362,0,0,0.001032231102058468,-6.920284271240234,-0.04528433457016945,attack,no
5363,0,0,0.29421497216298875,-1.4740746021270752,-0.5990746021270752,attack,no
5364,0,0,0.22270014914315833,-1.7226567268371582,-0.472656786441803,attack,no
5365,0,0,0.0011695102650555148,-6.786134243011475,-0.03613424301147461,attack,no
5366,0,1,0.5621765008857981,-0.6389926075935364,-0.8889926075935364,attack,yes
5367,0,0,0.004070136960859632,-5.622206211090088,-0.12220602482557297,attack,no
5368,0,1,0.5926665999540697,-0.5937207341194153,-0.9687207341194153,attack,yes
5369,0,0,0.0021827163155291175,-6.161113262176514,-0.036113202571868896,attack,no
5370,0,0,0.06008664933244599,-2.922924041748047,-0.17292402684688568,attack,no
5371,0,0,0.014063629470997055,-4.309817314147949,-0.059817489236593246,attack,no
5372,0,0,0.042087729717900216,-3.1939334869384766,-0.06893353164196014,attack,no
5373,0,0,0.06008664512463808,-2.9529998302459717,-0.20299974083900452,attack,no
5374,0,0,0.0021827159585349845,-6.258087635040283,-0.1330874115228653,attack,no
5375,0,0,0.0031726824419085657,-5.785530090332031,-0.0355299636721611,attack,no
5376,0,0,0.001926734606016944,-6.288019180297852,-0.038019150495529175,attack,no
5377,0,0,0.04742587788985982,-3.22078537940979,-0.2207854837179184,attack,no
5378,0,0,0.0010322312441899525,-6.911047458648682,-0.03604765981435776,attack,no
5379,0,0,0.0003353500405487399,-8.064000129699707,-0.06399986147880554,attack,no
5380,0,0,0.0007096704730724502,-7.314396858215332,-0.06439696252346039,attack,no
5381,0,0,0.00048785713549792545,-7.682491302490234,-0.057491328567266464,attack,no
5382,0,0,0.0002611903190957194,-8.342120170593262,-0.09212017059326172,attack,no
5383,0,0,0.0002611901955557848,-8.284550666809082,-0.03455019369721413,attack,no
5384,0,0,0.04208772791561884,-3.3395698070526123,-0.2145698070526123,attack,no
5385,0,0,0.4378234991142019,-0.9515834450721741,-0.7015834450721741,attack,no
5386,0,0,0.11920291263495983,-2.3650529384613037,-0.36505284905433655,attack,no
5387,0,0,0.029312231811314076,-3.591977596282959,-0.09197763353586197,attack,no
5388,0,0,0.001032231140472381,-6.915829181671143,-0.04082928225398064,attack,no
5389,0,0,0.01243164865786858,-4.504793643951416,-0.1297934651374817,attack,no
5390,0,0,0.0015011823460801075,-6.630476951599121,-0.13047701120376587,attack,no
5391,0,0,0.060086646807761206,-2.94936203956604,-0.19936197996139526,attack,no
5392,0,0,0.0004305569851290541,-7.794754981994629,-0.044754758477211,attack,no
5393,0,0,0.004070137051464004,-5.529821395874023,-0.029821231961250305,attack,no
5394,0,0,0.0003353502603476981,-8.044145584106445,-0.04414597153663635,attack,no
5395,0,0,0.010986941982915435,-4.590489864349365,-0.09048980474472046,attack,no
5396,0,0,0.003172682866048522,-5.819328784942627,-0.06932879239320755,attack,no
5397,0,0,0.004070137172269837,-5.580132007598877,-0.08013187348842621,attack,no
5398,0,0,0.022977368404675395,-3.8708276748657227,-0.12082760781049728,attack,no
5399,0,0,0.0028009265509193865,-5.972545623779297,-0.09754547476768494,attack,no
5400,0,0,0.004070138535110883,-5.515395641326904,-0.015395843423902988,attack,no
5401,0,1,0.6224593452091672,-0.6428114771842957,-1.1428115367889404,attack,yes
5402,0,0,0.0019267351074841515,-6.297492504119873,-0.04749273508787155,attack,no
5403,0,0,0.04742587115801275,-3.1619839668273926,-0.161983922123909,attack,no
5404,0,0,0.0015011825806058117,-6.529709815979004,-0.029710032045841217,attack,no
5405,0,0,0.00037998445532125014,-7.9899187088012695,-0.114918552339077,attack,no
5406,0,0,0.005220126041767878,-5.317470550537109,-0.06747061759233475,attack,no
5407,0,0,0.0015011825415181918,-6.547891139984131,-0.04789132997393608,attack,no
5408,0,0,0.0017007221394642026,-6.4167070388793945,-0.0417068786919117,attack,no
5409,0,0,0.002800926613349621,-5.984372615814209,-0.10937248915433884,attack,no
5410,0,0,0.00857748636409828,-4.8288187980651855,-0.0788189098238945,attack,no
5411,0,0,0.0019267346489998422,-6.309872627258301,-0.059872619807720184,attack,no
5412,0,0,0.0052201259256980485,-5.443734645843506,-0.19373469054698944,attack,no
5413,0,0,0.03732688948593843,-3.3426527976989746,-0.09265285730361938,attack,no
5414,0,0,0.005911067980632537,-5.1600260734558105,-0.03502592444419861,attack,no
5415,0,0,0.5,-0.8690980672836304,-0.8690980672836304,attack,no
5416,0,0,0.0002611903891341335,-8.299964904785156,-0.04996517300605774,attack,no
5417,0,0,0.005911067783620022,-5.16544246673584,-0.04044228419661522,attack,no
5418,0,0,0.00970847848715727,-4.765244960784912,-0.14024516940116882,attack,no
5419,0,1,0.7310585669110203,-0.4314129948616028,-1.431412935256958,attack,yes
5420,0,0,0.0028009269931335745,-5.898355960845947,-0.023355970159173012,attack,no
5421,0,0,0.002472623579304115,-6.04516077041626,-0.045160941779613495,attack,no
5422,0,0,0.3486451488696663,-1.1470632553100586,-0.5220633149147034,attack,no
5423,0,0,0.03732688948593843,-3.590151071548462,-0.3401511311531067,attack,no
5424,0,0,0.0024726232760847976,-6.0537519454956055,-0.05375199392437935,attack,no
5425,0,0,0.22270014398423357,-1.6014189720153809,-0.35141900181770325,attack,no
5426,0,0,0.0002611903832975983,-8.285017967224121,-0.03501821309328079,attack,no
5427,0,0,0.010986941011398892,-4.678737163543701,-0.17873701453208923,attack,no
5428,0,0,0.002472623124475154,-6.022482872009277,-0.0224828589707613,attack,no
5429,0,0,0.0017007226138324027,-6.4173583984375,-0.04235851764678955,attack,no
5430,0,0,0.004070137444082972,-5.534029483795166,-0.03402941673994064,attack,no
5431,0,0,0.007577242556483638,-4.97586727142334,-0.10086744278669357,attack,no
5432,0,0,0.02033235096813516,-4.084204196929932,-0.2092040777206421,attack,no
5433,0,0,0.001032230990658129,-6.991849422454834,-0.1168493777513504,attack,no
5434,0,0,0.0010322310636445568,-6.9129252433776855,-0.037925269454717636,attack,no
5435,0,0,0.0013250225798884109,-6.650408744812012,-0.025408867746591568,attack,no
5436,0,0,0.04742587721667508,-3.1418254375457764,-0.14182552695274353,attack,no
5437,0,0,0.005911067717949184,-5.198577404022217,-0.07357721030712128,attack,no
5438,0,0,0.003593602381333528,-5.6375885009765625,-0.012588445097208023,attack,no
5439,0,0,0.009708477735026021,-4.674540042877197,-0.04954017326235771,attack,no
5440,0,0,0.4378235137849365,-1.0072646141052246,-0.7572646737098694,attack,no
5441,0,0,0.02595735851643796,-3.7152528762817383,-0.09025292843580246,attack,no
5442,0,0,0.3486451217982255,-1.2048120498657227,-0.5798119902610779,attack,no
5443,0,0,0.001700722411435288,-6.521029949188232,-0.14602994918823242,attack,no
5444,0,0,0.2689414330889798,-1.4647819995880127,-0.46478205919265747,attack,no
5445,0,0,0.00013982205689835065,-8.955018997192383,-0.08001886308193207,attack,no
5446,0,0,0.0003799845784275331,-7.9255452156066895,-0.050545383244752884,attack,no
5447,0,0,0.0002959569735337274,-8.155914306640625,-0.030913833528757095,attack,no
5448,0,0,0.0028009264468689997,-5.903210639953613,-0.028210453689098358,attack,no
5449,0,0,0.01098694028276154,-4.6218132972717285,-0.1218130812048912,attack,no
5450,0,0,0.047425875197120895,-3.133776903152466,-0.1337769478559494,attack,no
5451,0,0,0.0003799845968227282,-7.9317946434021,-0.05679485946893692,attack,no
5452,0,0,0.3775406828054583,-1.2238526344299316,-0.7238526940345764,attack,no
5453,0,0,0.06008665522337757,-2.9054603576660156,-0.1554604470729828,attack,no
5454,0,1,0.6224593171945417,-0.7077625393867493,-1.2077624797821045,attack,yes
5455,0,0,0.014063625906851259,-4.3429694175720215,-0.09296933561563492,attack,no
5456,0,0,0.0031726826186335402,-5.805227279663086,-0.05522720888257027,attack,no
5457,0,0,0.0015011823404961625,-6.533932685852051,-0.03393274173140526,attack,no
5458,0,0,0.033085976005166884,-3.5039875507354736,-0.12898747622966766,attack,no
5459,0,0,0.37754066879814546,-1.258784532546997,-0.7587845325469971,attack,no
5460,0,0,0.0013250227327045727,-6.699324607849121,-0.0743248462677002,attack,no
5461,0,0,0.007577240651563013,-4.899940013885498,-0.02493993192911148,attack,no
5462,0,0,0.0008040857949561359,-7.161551475524902,-0.036551300436258316,attack,no
5463,0,0,0.0017007227403306115,-6.506885051727295,-0.13188524544239044,attack,no
5464,0,0,0.0010322309560856125,-6.920651435852051,-0.045651357620954514,attack,no
5465,0,0,0.004070138199119559,-5.566008567810059,-0.06600868701934814,attack,no
5466,0,0,0.0017007226992186927,-6.4015350341796875,-0.02653520368039608,attack,no
5467,0,0,0.00020342690645536765,-8.528007507324219,-0.028007155284285545,attack,no
5468,0,0,0.003593603421783772,-5.665069103240967,-0.0400693379342556,attack,no
5469,0,0,0.0007096702960683646,-7.285275936126709,-0.035275790840387344,attack,no
5470,0,0,0.0330859781503504,-3.493759870529175,-0.11875986307859421,attack,no
5471,0,0,0.00029595699667991454,-8.18842601776123,-0.06342562288045883,attack,no
5472,0,0,0.07585817584273653,-2.6758265495300293,-0.17582648992538452,attack,no
5473,0,0,0.0031726826775418677,-5.785885334014893,-0.0358852818608284,attack,no
5474,0,1,0.5926666143433998,-0.6884328722953796,-1.0634329319000244,attack,yes
5475,0,0,0.029312227783474795,-3.615328550338745,-0.11532844603061676,attack,no
5476,0,0,0.001501182513598464,-6.567508220672607,-0.06750839203596115,attack,no
5477,0,0,0.0003799845204119235,-7.938054084777832,-0.06305409967899323,attack,no
5478,0,0,0.06754669489377622,-2.90743350982666,-0.28243356943130493,attack,no
5479,0,0,0.0017007226549443195,-6.402626037597656,-0.02762618102133274,attack,no
5480,0,0,0.07585818733363135,-2.666332960128784,-0.16633306443691254,attack,no
5481,0,0,0.0017007227340057008,-6.434704780578613,-0.0597049705684185,attack,no
5482,0,0,0.0024726233955348273,-6.076991558074951,-0.07699165493249893,attack,no
5483,0,0,0.01098694076851977,-4.540537357330322,-0.040537185966968536,attack,no
5484,0,0,0.22270013882530884,-1.8014253377914429,-0.5514253377914429,attack,no
5485,0,0,0.012431649115226305,-4.4171271324157715,-0.04212699085474014,attack,no
5486,0,1,0.6224593312018546,-0.6655675172805786,-1.1655675172805786,attack,yes
5487,0,0,0.00043055713743870205,-7.8008599281311035,-0.05086005851626396,attack,no
5488,0,0,0.06008664933244599,-2.940107583999634,-0.1901075690984726,attack,no
5489,0,0,0.4073334000459302,-0.9822648167610168,-0.6072648167610168,attack,no
5490,0,0,0.0015011824689269003,-6.583639144897461,-0.08363928645849228,attack,no
5491,0,0,0.0017007220066411306,-6.490917205810547,-0.11591696739196777,attack,no
5492,0,1,0.5312093585306514,-0.8893025517463684,-1.0143024921417236,attack,yes
5493,0,0,0.0017007224936591127,-6.4014997482299805,-0.02649979665875435,attack,no
5494,0,0,0.005911069118927199,-5.254445552825928,-0.12944559752941132,attack,no
5495,0,0,0.07585817584273653,-2.7057230472564697,-0.20572298765182495,attack,no
5496,0,0,0.025957354183760273,-3.8128104209899902,-0.18781030178070068,attack,no
5497,0,0,0.02595735456051482,-3.7616467475891113,-0.13664664328098297,attack,no
5498,0,0,0.34864513533394575,-1.3739888668060303,-0.7489888668060303,attack,no
5499,0,0,0.0031726825125985543,-5.820566177368164,-0.0705660730600357,attack,no
5500,0,0,0.0004878571182409591,-7.650078296661377,-0.025078287348151207,attack,no
5501,0,0,0.0031726827953585256,-5.7994585037231445,-0.04945848882198334,attack,no
5502,0,0,0.01798621062007865,-4.105791091918945,-0.1057911291718483,attack,no
5503,0,0,0.01243165204231615,-4.446457386016846,-0.07145748287439346,attack,no
5504,0,0,0.00037998448645157074,-7.938243865966797,-0.0632437914609909,attack,no
5505,0,0,0.0005527785052037703,-7.590785980224609,-0.09078574180603027,attack,no
5506,0,0,0.007577241884158658,-4.944753170013428,-0.0697532519698143,attack,no
5507,0,0,0.003593602207925183,-5.717789649963379,-0.09278954565525055,attack,no
5508,0,0,0.004609571700774742,-5.531704425811768,-0.15670432150363922,attack,no
5509,0,0,0.0017007225063089325,-6.433854103088379,-0.05885415896773338,attack,no
5510,0,0,0.0028009274769680015,-5.913240432739258,-0.03824061527848244,attack,no
5511,0,0,0.0017007227213558795,-6.4180779457092285,-0.04307812824845314,attack,no
5512,0,0,0.003593602661454718,-5.702446937561035,-0.07744695991277695,attack,no
5513,0,0,0.00029595717523627575,-8.159868240356445,-0.034868448972702026,attack,no
5514,0,0,0.007577242556483638,-4.9326677322387695,-0.05766790360212326,attack,no
5515,0,0,0.11920292045759123,-2.2267112731933594,-0.22671125829219818,attack,no
5516,0,0,0.002182716096464529,-6.185781955718994,-0.06078179553151131,attack,no
5517,0,0,0.017986212857234944,-4.102924346923828,-0.10292451083660126,attack,no
5518,0,0,0.0017007226517818644,-6.470369338989258,-0.09536948055028915,attack,no
5519,0,0,0.037326890021390696,-3.3693089485168457,-0.11930902302265167,attack,no
5520,0,0,0.0179862130546311,-4.055041790008545,-0.05504196509718895,attack,no
5521,0,0,0.0009110511876189689,-7.065281391143799,-0.06528138369321823,attack,no
5522,0,0,0.0017007227846049867,-6.4050984382629395,-0.030098658055067062,attack,no
5523,0,0,0.0021827169483824974,-6.189480781555176,-0.06448101252317429,attack,no
5524,0,0,0.0007096702960683646,-7.264386177062988,-0.014386031776666641,attack,no
5525,0,0,0.11920291263495983,-2.342580556869507,-0.3425804674625397,attack,no
5526,0,0,0.004609572290477663,-5.406158924102783,-0.031158948317170143,attack,no
5527,0,0,0.00317268272466853,-5.827168941497803,-0.07716890424489975,attack,no
5528,0,0,0.00460957154693921,-5.431018352508545,-0.05601821467280388,attack,no
5529,0,0,0.006692849487860429,-5.094733715057373,-0.09473349899053574,attack,no
5530,0,0,0.010986941820996006,-4.553652763366699,-0.05365268886089325,attack,no
5531,0,0,0.002472623726319554,-6.048149585723877,-0.04814981669187546,attack,no
5532,0,0,0.006692850329902297,-5.04622220993042,-0.04622212052345276,attack,no
5533,0,0,0.0019267345952712197,-6.280025005340576,-0.030024969950318336,attack,no
5534,0,0,0.020332352749027827,-4.128772258758545,-0.25377222895622253,attack,no
5535,0,0,0.006692850230838542,-5.157811164855957,-0.15781106054782867,attack,no
5536,0,0,0.0021827162993021103,-6.17240571975708,-0.047405652701854706,attack,no
5537,0,1,0.5312093733737563,-0.8534685373306274,-0.9784685373306274,attack,yes
5538,0,0,0.11920293140927592,-2.2132372856140137,-0.21323737502098083,attack,no
5539,0,0,0.010986943116351513,-4.572051048278809,-0.07205109298229218,attack,no
5540,0,0,0.002182716185713063,-6.273045539855957,-0.14804542064666748,attack,no
5541,0,0,0.000804086085281496,-7.176013946533203,-0.05101413279771805,attack,no
5542,0,0,0.0019267348925696179,-6.382258892059326,-0.13225901126861572,attack,no
5543,0,0,0.01590639474411069,-4.1944355964660645,-0.06943579018115997,attack,no
5544,0,0,0.010986944087868242,-4.551545143127441,-0.05154527723789215,attack,no
5545,0,0,0.0017007221774136536,-6.398772239685059,-0.02377210184931755,attack,no
5546,0,0,0.012431648840811669,-4.446652412414551,-0.07165224850177765,attack,no
5547,0,0,0.001032230898464754,-6.9106125831604,-0.035612449049949646,attack,no
5548,0,0,0.003593602394672632,-5.6801533699035645,-0.055153317749500275,attack,no
5549,0,0,0.2942149783515162,-1.3094508647918701,-0.4344508945941925,attack,no
5550,0,0,0.01098694214483487,-4.592655181884766,-0.09265513718128204,attack,no
5551,0,1,0.5312093733737563,-0.7829568386077881,-0.9079568386077881,attack,yes
5552,0,0,0.0019267347492932755,-6.330822467803955,-0.08082251250743866,attack,no
5553,0,0,0.006692851815858792,-5.0828537940979,-0.08285392820835114,attack,no
5554,0,0,0.10669058968506456,-2.321146011352539,-0.19614596664905548,attack,no
5555,0,0,0.01406363034912007,-4.420193672180176,-0.17019391059875488,attack,no
5556,0,0,0.0008040859176709661,-7.189526081085205,-0.06452605873346329,attack,no
5557,0,0,0.24508501313237172,-1.5531177520751953,-0.4281177520751953,attack,no
5558,0,0,0.000911051092675507,-7.051364898681641,-0.05136478692293167,attack,no
5559,0,0,0.005911067696058906,-5.140321731567383,-0.015321534126996994,attack,no
5560,0,0,0.0017007223924605597,-6.433450698852539,-0.05845068767666817,attack,no
5561,0,0,0.0015011824968466274,-6.559070110321045,-0.059070270508527756,attack,no
5562,0,0,0.29421496597446145,-1.3453015089035034,-0.47030147910118103,attack,no
5563,0,0,0.025957354372137545,-3.728600025177002,-0.103599913418293,attack,no
5564,0,0,0.0008040861152119515,-7.255084991455078,-0.13008521497249603,attack,no
5565,0,0,0.007577242164294059,-4.947625160217285,-0.07262527942657471,attack,no
5566,0,0,0.0675466911396291,-2.7753870487213135,-0.15038704872131348,attack,no
5567,0,0,0.01798621364681958,-4.088469505310059,-0.08846971392631531,attack,no
5568,0,0,0.000552778702783526,-7.581603527069092,-0.08160364627838135,attack,no
5569,0,0,0.004609572999830552,-5.411070823669434,-0.03607100248336792,attack,no
5570,0,0,0.0019267342478261613,-6.305305480957031,-0.05530526489019394,attack,no
5571,0,0,0.0019267351074841515,-6.288906097412109,-0.03890632838010788,attack,no
5572,0,0,0.0015011821087624676,-6.524256229400635,-0.024256130680441856,attack,no
5573,0,0,0.2018132174596823,-1.8276677131652832,-0.4526676833629608,attack,no
5574,0,0,0.0006263342875251746,-7.403041839599609,-0.02804204635322094,attack,no
5575,0,0,0.0017007222975869212,-6.425173759460449,-0.050173692405223846,attack,no
5576,0,0,0.00359360332841002,-5.669682502746582,-0.044682711362838745,attack,no
5577,0,0,0.29421496597446145,-1.3257572650909424,-0.45075723528862,attack,no
5578,0,0,0.020332351710173755,-3.9425172805786133,-0.06751719862222672,attack,no
5579,0,0,0.0046095718375174415,-5.492152214050293,-0.117152139544487,attack,no
5580,0,0,0.0008040859715457755,-7.180023193359375,-0.05502323806285858,attack,no
5581,0,0,0.004609571119618313,-5.418719291687012,-0.043719060719013214,attack,no
5582,0,0,0.014063628799491258,-4.308263778686523,-0.058263905346393585,attack,no
5583,0,0,0.0015011823684158874,-6.530239582061768,-0.030239656567573547,attack,no
5584,0,0,0.0010322309944995197,-6.894931316375732,-0.01993127539753914,attack,no
5585,0,1,0.6513548782017746,-0.6402499079704285,-1.2652499675750732,attack,yes
5586,0,0,0.0015011820445471127,-6.576486587524414,-0.07648644596338272,attack,no
5587,0,0,0.0474258688018665,-3.1140236854553223,-0.1140235885977745,attack,no
5588,0,0,0.24508501313237172,-1.5992424488067627,-0.4742424488067627,attack,no
5589,0,0,0.0052201248423797645,-5.426810264587402,-0.1768101006746292,attack,no
5590,0,0,0.0015011825359342464,-6.532947063446045,-0.032947249710559845,attack,no
5591,0,1,0.7057850278370112,-0.6926894187927246,-1.5676894187927246,attack,yes
5592,0,0,0.004070138667242311,-5.539685249328613,-0.039685484021902084,attack,no
5593,0,0,0.005220125055174408,-5.308115005493164,-0.05811488255858421,attack,no
5594,0,0,0.1066905911052601,-2.2783010005950928,-0.15330097079277039,attack,no
5595,0,0,0.001325022486226901,-6.6712870597839355,-0.046287111937999725,attack,no
5596,0,0,0.00970847490558041,-4.689401149749756,-0.06440098583698273,attack,no
5597,0,0,0.007577239811157005,-4.96185827255249,-0.08685807883739471,attack,no
5598,0,0,0.002182716007215999,-6.180697917938232,-0.055697716772556305,attack,no
5599,0,0,0.007577239867184069,-4.948000431060791,-0.07300024479627609,attack,no
5600,0,0,0.0028009273521074963,-5.897752285003662,-0.022752422839403152,attack,no
5601,0,0,0.06008665522337757,-2.975661039352417,-0.22566112875938416,attack,no
5602,0,0,0.16451646699291617,-1.9258838891983032,-0.3008839190006256,attack,no
5603,0,0,0.06008665438181589,-2.900059223175049,-0.1500592976808548,attack,no
5604,0,0,0.0013250222545379312,-6.665966033935547,-0.040965911000967026,attack,no
5605,0,0,0.0009110511418426559,-7.025332450866699,-0.025332393124699593,attack,no
5606,0,0,0.0003353501279687628,-8.035589218139648,-0.03558921068906784,attack,no
5607,0,0,0.0010322308715750212,-6.926426887512207,-0.0514267273247242,attack,no
5608,0,1,0.9149009584734678,-0.24637313187122345,-2.621373176574707,attack,yes
5609,0,0,0.01243165140201519,-4.446243762969971,-0.07124380767345428,attack,no
5610,0,0,0.004070137036363275,-5.540787220001221,-0.04078705236315727,attack,no
5611,0,0,0.0005527787171903858,-7.53550910949707,-0.03550925478339195,attack,no
5612,0,0,0.025957354937269386,-3.831833600997925,-0.20683351159095764,attack,no
5613,0,0,0.012431650487299585,-4.4703450202941895,-0.09534499049186707,attack,no
5614,0,0,0.04742587721667508,-3.2148067951202393,-0.21480688452720642,attack,no
5615,0,0,0.0031726833137518703,-5.819137096405029,-0.06913724541664124,attack,no
5616,0,0,0.0011695104478256675,-6.773106098175049,-0.023106254637241364,attack,no
5617,0,0,0.0019267343767748358,-6.3354105949401855,-0.08541044592857361,attack,no
5618,0,0,0.03308598053388778,-3.454008102416992,-0.07900816947221756,attack,no
5619,0,0,0.004609572076817176,-5.448296546936035,-0.07329652458429337,attack,no
5620,0,0,0.02297736773563088,-3.840158700942993,-0.0901586040854454,attack,no
5621,0,0,0.005911068790572947,-5.168467998504639,-0.043467987328767776,attack,no
5622,0,0,0.01590638879614604,-4.2154459953308105,-0.09044580906629562,attack,no
5623,0,0,0.002182716648182795,-6.17232608795166,-0.04732618108391762,attack,no
5624,0,0,0.0007096704783561548,-7.314235210418701,-0.06423532217741013,attack,no
5625,0,0,0.0035936022346033897,-5.6885175704956055,-0.06351747363805771,attack,no
5626,0,0,0.0003353501829185032,-8.091339111328125,-0.09133926779031754,attack,no
5627,0,0,0.0006263342280638786,-7.447161674499512,-0.07216178625822067,attack,no
5628,0,0,0.006692850973816738,-5.054952144622803,-0.05495215207338333,attack,no
5629,0,0,0.005220126660807012,-5.289289951324463,-0.039290137588977814,attack,no
5630,0,0,0.007577241043752515,-4.935298442840576,-0.060298413038253784,attack,no
5631,0,1,0.5926665999540697,-0.6469665765762329,-1.021966576576233,attack,yes
5632,0,0,0.0013250224073540558,-6.671641826629639,-0.046641819179058075,attack,no
5633,0,0,0.001926735028682153,-6.2838664054870605,-0.03386659547686577,attack,no
5634,0,0,0.0004878571518466312,-7.681703567504883,-0.05670362710952759,attack,no
5635,0,0,0.020332354678328394,-3.9476606845855713,-0.07266075164079666,attack,no
5636,0,0,0.053403325280175794,-3.0955164432525635,-0.2205163538455963,attack,no
5637,0,0,0.0007096702511568873,-7.314834117889404,-0.06483390927314758,attack,no
5638,0,0,0.00048785706465354084,-7.689558029174805,-0.06455790996551514,attack,no
5639,0,0,0.2689414096510108,-1.5499343872070312,-0.5499343276023865,attack,no
5640,0,0,0.004070137051464004,-5.578563213348389,-0.07856304943561554,attack,no
5641,0,0,0.0028009272428545584,-5.905735492706299,-0.030735591426491737,attack,no
5642,0,0,0.0013250223974949503,-6.654796600341797,-0.02979658544063568,attack,no
5643,0,0,0.007577242388402388,-5.178947448730469,-0.3039475977420807,attack,no
5644,0,0,0.08509904848750824,-2.620546817779541,-0.2455468624830246,attack,no
5645,0,0,0.03308597648187432,-3.509502649307251,-0.1345025897026062,attack,no
5646,0,0,0.06008664428307651,-2.920783281326294,-0.1707831770181656,attack,no
5647,0,0,0.18242552825126704,-1.7958595752716064,-0.29585960507392883,attack,no
5648,0,0,0.0011695102998688749,-6.832618713378906,-0.08261874318122864,attack,no
5649,0,0,0.0008040858039352692,-7.254549026489258,-0.12954886257648468,attack,no
5650,0,0,0.0009110513029074721,-7.036469459533691,-0.03646957874298096,attack,no
5651,0,0,0.009708476696368677,-4.735188961029053,-0.11018898338079453,attack,no
5652,0,0,0.0017007226011825822,-6.442201137542725,-0.06720124930143356,attack,no
5653,0,0,0.002472622605327048,-6.069940567016602,-0.06994034349918365,attack,no
5654,0,1,0.7772998714925403,-0.38707607984542847,-1.6370761394500732,attack,yes
5655,0,0,0.32082130082460697,-1.3358087539672852,-0.5858087539672852,attack,no
5656,0,0,0.0007096704677887455,-7.314170837402344,-0.06417093425989151,attack,no
5657,0,0,0.009708478057367978,-4.714564800262451,-0.0895649641752243,attack,no
5658,0,0,0.0007096702722916998,-7.341062068939209,-0.09106189012527466,attack,no
5659,0,0,0.022977369240981062,-3.8210701942443848,-0.07107016444206238,attack,no
5660,0,1,0.5926665999540697,-0.7096658945083618,-1.0846658945083618,attack,yes
5661,0,0,0.03308597481339833,-3.4470276832580566,-0.07202757149934769,attack,no
5662,0,0,0.03308598220236406,-3.558525562286377,-0.1835256814956665,attack,no
5663,0,0,0.004609572179374208,-5.4628705978393555,-0.08787059783935547,attack,no
5664,0,0,0.022977370746331334,-3.8335392475128174,-0.08353928476572037,attack,no
5665,0,0,0.0008040857919630916,-7.206065654754639,-0.08106547594070435,attack,no
5666,0,0,0.0021827159382512284,-6.149818420410156,-0.024818187579512596,attack,no
5667,0,0,0.18242551936144574,-1.8660074472427368,-0.36600741744041443,attack,no
5668,0,0,0.000626334125464009,-7.448519229888916,-0.07351917773485184,attack,no
5669,0,0,0.00280092632200854,-5.952040672302246,-0.07704044133424759,attack,no
5670,0,0,0.037326890021390696,-3.3539676666259766,-0.10396774113178253,attack,no
5671,0,0,0.01590639031229368,-4.279896259307861,-0.15489616990089417,attack,no
5672,0,0,0.00591106981941633,-5.229594707489014,-0.1045948714017868,attack,no
5673,0,0,0.20181322226037882,-1.8315201997756958,-0.4565201997756958,attack,no
5674,0,0,0.0013250226538317129,-6.708914279937744,-0.08391445875167847,attack,no
5675,0,1,0.893309411735131,-0.2857012152671814,-2.410701274871826,attack,yes
5676,0,0,0.0035936020745341545,-5.670742034912109,-0.04574189335107803,attack,no
5677,0,0,0.0059110693816106135,-5.164547443389893,-0.03954753279685974,attack,no
5678,0,0,0.0040701374742844335,-5.527663230895996,-0.02766317129135132,attack,no
5679,0,0,0.004609572657973725,-5.415183067321777,-0.0401831716299057,attack,no
5680,0,0,0.04208772611333754,-3.3037943840026855,-0.17879433929920197,attack,no
5681,0,0,0.003172683572948575,-5.784648418426514,-0.034648649394512177,attack,no
5682,0,0,0.000911050980777868,-7.0507941246032715,-0.05079388990998268,attack,no
5683,0,0,0.0024726234047232915,-6.050045013427734,-0.050045114010572433,attack,no
5684,0,0,0.017986209304104488,-4.078196048736572,-0.07819601148366928,attack,no
5685,0,0,0.0015011824745108455,-6.55900764465332,-0.05900778993964195,attack,no
5686,0,0,0.007577242332375306,-4.912702560424805,-0.03770270198583603,attack,no
5687,0,0,0.0031726826539785367,-5.7752580642700195,-0.025258004665374756,attack,no
5688,0,0,0.0028009270711713795,-5.9426398277282715,-0.06763986498117447,attack,no
5689,0,0,0.0005527787079288329,-7.527566909790039,-0.02756703831255436,attack,no
5690,0,0,0.0009110511740556168,-7.0409464836120605,-0.040946461260318756,attack,no
5691,0,0,0.0019267343839386509,-6.280161380767822,-0.030161235481500626,attack,no
5692,0,0,0.002800926613349621,-5.942647457122803,-0.06764733046293259,attack,no
5693,0,0,0.0024726234414771476,-6.027228355407715,-0.027228470891714096,attack,no
5694,0,1,0.5621765008857981,-0.8831738233566284,-1.1331738233566284,attack,yes
5695,0,1,0.8807970795424088,-0.2284400314092636,-2.228440046310425,attack,yes
5696,0,0,0.0035936025814200896,-5.665380001068115,-0.040380001068115234,attack,no
5697,0,0,0.0008040859236570559,-7.228674411773682,-0.10367439687252045,attack,no
5698,0,0,0.01798620838292263,-4.158913612365723,-0.1589135229587555,attack,no
5699,0,0,0.09534945590170514,-2.468087673187256,-0.2180875688791275,attack,no
5700,0,0,0.00522012503582944,-5.3343377113342285,-0.08433758467435837,attack,no
5701,0,0,0.002472622936111669,-6.0757670402526855,-0.07576695084571838,attack,no
5702,0,0,0.1329642436335826,-2.1608712673187256,-0.285871297121048,attack,no
5703,0,0,0.13296424019782924,-2.1621007919311523,-0.28710079193115234,attack,no
5704,0,1,0.7549149923816048,-0.44641610980033875,-1.5714161396026611,attack,yes
5705,0,0,0.00043055711659632594,-7.814681529998779,-0.06468161195516586,attack,no
5706,0,0,0.004609572179374208,-5.41898250579834,-0.043982505798339844,attack,no
5707,0,0,0.06008665354025422,-3.061945915222168,-0.31194597482681274,attack,no
5708,0,0,0.005220124881069698,-5.308609485626221,-0.05860932916402817,attack,no
5709,0,0,0.46879062662624377,-0.8814312815666199,-0.7564312815666199,attack,no
5710,0,0,0.0009110510960663448,-7.0603227615356445,-0.060322653502225876,attack,no
5711,0,0,0.002182716416947916,-6.151643753051758,-0.026643740013241768,attack,no
5712,0,0,0.10669058826486906,-2.4066660404205322,-0.28166598081588745,attack,no
5713,0,0,0.003172683572948575,-5.776678562164307,-0.026678793132305145,attack,no
5714,0,0,0.0075772417721044994,-4.960209846496582,-0.0852099135518074,attack,no
5715,0,0,0.00857748695016988,-4.772708892822266,-0.0227090734988451,attack,no
5716,0,0,0.0010322309215130968,-6.948646545410156,-0.0736464336514473,attack,no
5717,0,0,0.009708475621895678,-4.762417793273926,-0.13741770386695862,attack,no
5718,0,0,0.005220125384038879,-5.3850884437561035,-0.13508838415145874,attack,no
5719,0,0,0.020332357498075698,-4.05253791809082,-0.17753812670707703,attack,no
5720,0,0,0.07585817793199003,-2.649608612060547,-0.1496085822582245,attack,no
5721,0,0,0.006692851246242097,-5.0404510498046875,-0.04045109823346138,attack,no
5722,0,0,0.0004878571554796769,-7.717574119567871,-0.09257418662309647,attack,no
5723,0,0,0.005911069140817483,-5.173827648162842,-0.04882769659161568,attack,no
5724,0,0,0.01798621022528639,-4.077414512634277,-0.07741452753543854,attack,no
5725,0,0,0.0005527785113781365,-7.527948379516602,-0.027948152273893356,attack,no
5726,0,0,0.0035936031950189497,-5.747520923614502,-0.12252109497785568,attack,no
5727,0,0,0.16451645880021026,-2.026491403579712,-0.4014913737773895,attack,no
5728,0,0,0.0017007227023811478,-6.443233013153076,-0.0682331845164299,attack,no
5729,0,0,0.0046095730340162365,-5.447418212890625,-0.07241839915513992,attack,no
5730,0,0,0.0021827166725233095,-6.172846794128418,-0.047846898436546326,attack,no
5731,0,0,0.014063627766405476,-4.344749927520752,-0.09474997967481613,attack,no
5732,0,0,0.025957359081569886,-3.750964879989624,-0.12596495449543,attack,no
5733,0,0,0.0006263340182005267,-7.4478654861450195,-0.07286526262760162,attack,no
5734,0,0,0.047425871831197425,-3.1658918857574463,-0.1658918559551239,attack,no
5735,0,0,0.2689414213699951,-1.5499943494796753,-0.5499943494796753,attack,no
5736,0,0,0.0007096703753239198,-7.295062065124512,-0.04506203159689903,attack,no
5737,0,0,0.005911070027374056,-5.147676944732666,-0.022677144035696983,attack,no
5738,0,0,0.0008040859146779211,-7.170588970184326,-0.04558894410729408,attack,no
5739,0,0,0.008577483576298776,-4.83851957321167,-0.08851935714483261,attack,no
5740,0,0,0.0019267344878139783,-6.280465602874756,-0.030465511605143547,attack,no
5741,0,0,0.0015011819021565529,-6.529542922973633,-0.02954268641769886,attack,no
5742,0,0,0.0035936027948457686,-5.669948577880859,-0.04494863748550415,attack,no
5743,0,0,0.0031726822651836004,-5.782198905944824,-0.032198723405599594,attack,no
5744,0,0,0.0003353500155715947,-8.072287559509277,-0.07228721678256989,attack,no
5745,0,0,0.007577242108266978,-4.944642066955566,-0.06964217871427536,attack,no
5746,0,0,0.000626334102145859,-7.4473443031311035,-0.07234421372413635,attack,no
5747,0,0,0.012431652499674001,-4.501771450042725,-0.12677158415317535,attack,no
5748,0,0,0.0013250222298901706,-6.662554740905762,-0.03755459934473038,attack,no
5749,0,0,0.0011695104652323502,-6.854334831237793,-0.1043350026011467,attack,no
5750,0,0,0.007577242220321141,-4.939301490783691,-0.06430161744356155,attack,no
5751,0,0,0.06754669301670263,-2.8177499771118164,-0.1927500069141388,attack,no
5752,0,0,0.002800927279272204,-5.928793907165527,-0.0537940189242363,attack,no
5753,0,0,0.001501182145058104,-6.536217212677002,-0.036217138171195984,attack,no
5754,0,0,0.022977371248114782,-3.8892111778259277,-0.1392112374305725,attack,no
5755,0,0,0.0006263342443865867,-7.431638717651367,-0.05663885548710823,attack,no
5756,0,0,0.09534945590170514,-2.4696953296661377,-0.21969522535800934,attack,no
5757,0,0,0.0011695101214504147,-6.782378673553467,-0.03237855061888695,attack,no
5758,0,0,0.0008040858727752945,-7.175905227661133,-0.050905149430036545,attack,no
5759,0,0,0.00522012466827506,-5.288020610809326,-0.03802041336894035,attack,no
5760,0,0,0.0007096703330542893,-7.29572057723999,-0.04572048410773277,attack,no
5761,0,0,0.005220126293252518,-5.282774448394775,-0.03277456387877464,attack,no
5762,0,0,0.10669059820623795,-2.337221145629883,-0.2122211903333664,attack,no
5763,0,0,0.009708476051684862,-4.690997123718262,-0.06599707901477814,attack,no
5764,0,0,0.07585817793199003,-2.733933687210083,-0.23393365740776062,attack,no
5765,0,0,0.03308597981882656,-3.571540594100952,-0.19654063880443573,attack,no
5766,0,0,0.2942149597859341,-1.5133309364318848,-0.63833087682724,attack,no
5767,0,0,0.003172683572948575,-5.872757911682129,-0.12275814265012741,attack,no
5768,0,0,0.0004878570355891808,-7.806651592254639,-0.18165141344070435,attack,no
5769,0,0,0.0006263341347912691,-7.439435005187988,-0.0644349679350853,attack,no
5770,0,0,0.025957354183760273,-3.791731834411621,-0.16673171520233154,attack,no
5771,0,0,0.4073334000459302,-1.0889050960540771,-0.7139050960540771,attack,no
5772,0,0,0.11920293297380237,-2.2459099292755127,-0.24591003358364105,attack,no
5773,0,0,0.0024726234139117557,-6.076233863830566,-0.07623396813869476,attack,no
5774,0,0,0.0019267348710781658,-6.30374002456665,-0.053740132600069046,attack,no
5775,0,0,0.03732689136002139,-3.318735122680664,-0.06873523443937302,attack,no
5776,0,0,0.02297736857193652,-3.8769071102142334,-0.12690705060958862,attack,no
5777,0,0,0.0019267350071906994,-6.271299839019775,-0.021300017833709717,attack,no
5778,0,0,0.002472622761530891,-6.041935920715332,-0.0419357605278492,attack,no
5779,0,0,0.07585817897661679,-2.6548097133636475,-0.15480969846248627,attack,no
5780,0,0,0.0007096703858913278,-7.2865214347839355,-0.036521416157484055,attack,no
5781,0,0,0.007577242500456555,-4.938060760498047,-0.06306092441082001,attack,no
5782,0,0,0.0046095728630878175,-5.4421491622924805,-0.06714931130409241,attack,no
5783,0,0,0.11920292828022305,-2.2965331077575684,-0.29653316736221313,attack,no
5784,0,0,0.0031726830545551867,-5.797598838806152,-0.047598905861377716,attack,no
5785,0,0,0.004609572469952481,-5.3920722007751465,-0.017072264105081558,attack,no
5786,0,0,0.07585818002124356,-2.699233055114746,-0.1992330551147461,attack,no
5787,0,0,0.0035936026347765083,-5.793872356414795,-0.16887237131595612,attack,no
5788,0,0,0.0052201249197596335,-5.310545444488525,-0.06054529547691345,attack,no
5789,0,0,0.00359360332841002,-5.666224956512451,-0.041225165128707886,attack,no
5790,0,0,0.14804719051380197,-2.0679774284362793,-0.3179773688316345,attack,no
5791,0,0,0.012431651767901451,-4.435087203979492,-0.06008727848529816,attack,no
5792,0,0,0.0006263340846572471,-7.403066158294678,-0.028066040948033333,attack,no
5793,0,0,0.0013250225552406444,-6.728457927703857,-0.10345803201198578,attack,no
5794,0,0,0.00522012654473717,-5.3218207359313965,-0.07182089984416962,attack,no
5795,0,0,0.37754066879814546,-1.2184302806854248,-0.7184302806854248,attack,no
5796,0,0,0.02931222799546632,-3.596809148788452,-0.09680905193090439,attack,no
5797,0,0,0.01098694400690851,-4.541514873504639,-0.04151500016450882,attack,no
5798,0,0,0.005220124648930093,-5.292940616607666,-0.0429404154419899,attack,no
5799,0,0,0.0035936017810739075,-5.702736854553223,-0.07773663103580475,attack,no
5800,0,0,0.01590639299470909,-4.21464204788208,-0.08964212983846664,attack,no
5801,0,0,0.0013250223235516626,-6.662437438964844,-0.03743736818432808,attack,no
5802,0,0,0.029312231811314076,-3.5781099796295166,-0.07811001688241959,attack,no
5803,0,0,0.0017007227909298973,-6.506159782409668,-0.13116000592708588,attack,no
5804,0,0,0.0019267346275083932,-6.302335262298584,-0.05233524367213249,attack,no
5805,0,0,0.0028009275498032983,-5.914304256439209,-0.0393044650554657,attack,no
5806,0,0,0.22270013366638422,-1.7086212635040283,-0.45862123370170593,attack,no
5807,0,0,0.0004305570749115768,-7.806239128112793,-0.056239113211631775,attack,no
5808,0,0,0.006692850874752974,-5.028287410736084,-0.028287403285503387,attack,no
5809,0,0,0.0534033328129234,-3.052215814590454,-0.17721587419509888,attack,no
5810,0,0,0.00013982214178957867,-8.931108474731445,-0.05610894784331322,attack,no
5811,0,0,0.0028009274665629583,-5.930434226989746,-0.05543440580368042,attack,no
5812,0,0,0.0015011821227223277,-6.527386665344238,-0.027386575937271118,attack,no
5813,0,0,0.001032230929195878,-6.9332499504089355,-0.05824984610080719,attack,no
5814,0,0,0.1645164628965632,-1.9534400701522827,-0.3284400701522827,attack,no
5815,0,0,0.02931223287127187,-3.6584229469299316,-0.1584230214357376,attack,no
5816,0,0,0.0006263340135368975,-7.478401184082031,-0.10340095311403275,attack,no
5817,0,0,0.1480471961522176,-1.9826637506484985,-0.23266373574733734,attack,no
5818,0,0,0.025957354937269386,-3.6994450092315674,-0.07444491982460022,attack,no
5819,0,1,0.5926665999540697,-0.7455040216445923,-1.1205040216445923,attack,yes
5820,0,0,0.0006263342513820332,-7.456982135772705,-0.08198228478431702,attack,no
5821,0,0,0.0019267348066038113,-6.318146705627441,-0.06814678013324738,attack,no
5822,0,0,0.0017007227403306115,-6.46881628036499,-0.09381647408008575,attack,no
5823,0,0,0.008577486554175553,-4.882701396942139,-0.13270153105258942,attack,no
5824,0,0,0.09534947004048376,-2.455669641494751,-0.20566970109939575,attack,no
5825,0,0,0.0059110692064883365,-5.2316365242004395,-0.10663658380508423,attack,no
5826,0,0,0.002472623285273262,-6.107859134674072,-0.10785918682813644,attack,no
5827,0,0,0.01590639474411069,-4.237421989440918,-0.11242218315601349,attack,no
5828,0,0,0.005911068068193657,-5.239695072174072,-0.11469493806362152,attack,no
5829,0,0,0.06008665354025422,-3.0690433979034424,-0.31904345750808716,attack,no
5830,0,0,0.0059110685278895595,-5.147146701812744,-0.022146645933389664,attack,no
5831,0,0,0.002800927310487329,-5.930154323577881,-0.05515444651246071,attack,no
5832,0,0,0.025957354937269386,-3.7209584712982178,-0.09595838189125061,attack,no
5833,0,0,0.0031726826775418677,-5.84893274307251,-0.09893269091844559,attack,no
5834,0,0,0.004609571393103682,-5.459975242614746,-0.08497507125139236,attack,no
5835,0,0,0.0011695102171871462,-6.79877233505249,-0.04877229407429695,attack,no
5836,0,0,0.0028009275914234687,-6.00871467590332,-0.13371489942073822,attack,no
5837,0,0,0.00407013821422029,-5.549914360046387,-0.04991448298096657,attack,no
5838,0,0,0.13296424019782924,-2.1777005195617676,-0.3027005195617676,attack,no
5839,0,0,0.003593602714811137,-5.6755547523498535,-0.0505547896027565,attack,no
5840,0,0,0.0011695101954287976,-6.796145915985107,-0.046145856380462646,attack,no
5841,0,0,0.029312227783474795,-3.6712639331817627,-0.17126382887363434,attack,no
5842,0,0,0.004070137277974943,-5.541090965270996,-0.04109085723757744,attack,no
5843,0,0,0.017986208646117444,-4.108797073364258,-0.10879699885845184,attack,no
5844,0,0,0.0021827166887503197,-6.203216075897217,-0.07821618765592575,attack,no
5845,0,0,0.033085976958581766,-3.614328145980835,-0.23932810127735138,attack,no
5846,0,0,0.08509905080783367,-2.6243717670440674,-0.24937184154987335,attack,no
5847,0,0,0.0005527786739698072,-7.550625324249268,-0.05062539130449295,attack,no
5848,0,0,0.004070137549788086,-5.557021141052246,-0.05702110007405281,attack,no
5849,0,0,0.0010322308523680697,-6.96712589263916,-0.09212571382522583,attack,no
5850,0,0,0.0024726227523424295,-6.095398902893066,-0.09539873898029327,attack,no
5851,0,0,0.010986941780516148,-4.556683540344238,-0.056683462113142014,attack,no
5852,0,0,0.017986206145766886,-4.072862148284912,-0.0728619322180748,attack,no
5853,0,0,0.0007096702405894811,-7.285831451416016,-0.03583122789859772,attack,no
5854,0,0,0.003593602167907874,-5.680920600891113,-0.05592048540711403,attack,no
5855,0,0,0.16451647108926923,-1.9523518085479736,-0.3273518681526184,attack,no
5856,0,0,0.0675466911396291,-2.873231887817383,-0.2482318878173828,attack,no
5857,0,0,0.001325022476367795,-6.6858811378479,-0.06088118255138397,attack,no
5858,0,0,0.2018132174596823,-1.8280770778656006,-0.4530770480632782,attack,no
5859,0,0,0.06754668550840877,-2.8081600666046143,-0.1831599771976471,attack,no
5860,0,0,0.025957356444287677,-3.771855592727661,-0.14685556292533875,attack,no
5861,0,0,0.000626334291022898,-7.419744968414307,-0.04474518075585365,attack,no
5862,0,0,0.0011695104304189849,-6.776007652282715,-0.026007793843746185,attack,no
5863,0,0,0.004070138501134231,-5.55011510848999,-0.050115302205085754,attack,no
5864,0,0,0.00591106881246323,-5.192764759063721,-0.0677647516131401,attack,no
5865,0,0,0.00048785706465354084,-7.665054798126221,-0.04005467891693115,attack,no
5866,0,0,0.0075772422763482235,-4.930441379547119,-0.055441513657569885,attack,no
5867,0,0,0.34864513533394575,-1.3742079734802246,-0.7492079734802246,attack,no
5868,0,0,0.0031726821709302895,-5.811522006988525,-0.06152179464697838,attack,no
5869,0,0,0.18242552825126704,-1.7567005157470703,-0.2567005455493927,attack,no
5870,0,0,0.00970847709034214,-4.678481101989746,-0.05348116531968117,attack,no
5871,0,0,0.03732689136002139,-3.372927665710449,-0.12292777746915817,attack,no
5872,0,0,0.0007096705259094992,-7.378990650177002,-0.12899082899093628,attack,no
5873,0,0,0.008577487441202876,-4.840967178344727,-0.09096741676330566,attack,no
5874,0,0,0.46879062662624377,-0.8986619710922241,-0.7736619710922241,attack,no
5875,0,0,0.001926734992863064,-6.291782855987549,-0.04178302735090256,attack,no
5876,0,0,0.0031726832784068674,-5.798835277557373,-0.04883541539311409,attack,no
5877,0,0,0.009708475908421797,-4.701789379119873,-0.07678931951522827,attack,no
5878,0,0,0.0203323520069892,-3.9645471572875977,-0.08954709023237228,attack,no
5879,0,0,0.00218271688347445,-6.191697120666504,-0.06669732183218002,attack,no
5880,0,0,0.0011695101649671098,-6.775656700134277,-0.02565661445260048,attack,no
5881,0,0,0.037326890021390696,-3.3961021900177,-0.14610226452350616,attack,no
5882,0,0,0.0015011821673938809,-6.5837836265563965,-0.08378356695175171,attack,no
5883,0,0,0.0009110513537700514,-7.040812969207764,-0.0408131442964077,attack,no
5884,0,1,0.5621765008857981,-0.892572283744812,-1.142572283744812,attack,yes
5885,0,1,0.5926665999540697,-0.7175432443618774,-1.0925432443618774,attack,yes
5886,0,0,0.009708474762317362,-4.7084269523620605,-0.08342677354812622,attack,no
5887,0,0,0.0017007226834064163,-6.4209208488464355,-0.04592100903391838,attack,no
5888,0,0,0.002472623119880922,-6.033639907836914,-0.03363989293575287,attack,no
5889,0,0,0.006692850949050797,-5.0593132972717285,-0.059313300997018814,attack,no
5890,0,0,0.0015011821003865517,-6.54146146774292,-0.041461363434791565,attack,no
5891,0,0,0.18242552825126704,-1.7945359945297241,-0.2945360243320465,attack,no
5892,0,0,0.5,-0.9005745649337769,-0.9005745649337769,attack,no
5893,0,0,0.014063628282948357,-4.303923606872559,-0.05392369627952576,attack,no
5894,0,0,0.007577240483481804,-4.960687637329102,-0.0856875330209732,attack,no
5895,0,0,0.0035936022612815957,-5.682007789611816,-0.05700770020484924,attack,no
5896,0,0,0.008577486870971015,-4.80905818939209,-0.05905836075544357,attack,no
5897,0,0,0.06008665017400762,-3.1166677474975586,-0.3666677474975586,attack,no
5898,0,0,0.0015011821785617695,-6.566954612731934,-0.06695456057786942,attack,no
5899,0,0,0.02595735606753309,-3.7888455390930176,-0.163845494389534,attack,no
5900,0,0,0.004609571957167308,-5.412327289581299,-0.03732724115252495,attack,no
5901,0,0,0.0013250221904537553,-6.702694892883301,-0.07769472151994705,attack,no
5902,0,0,0.037326887611855576,-3.342430830001831,-0.09243083745241165,attack,no
5903,0,0,0.0013250223432698723,-6.667027950286865,-0.04202789440751076,attack,no
5904,0,0,0.00669285099858268,-5.040249347686768,-0.040249358862638474,attack,no
5905,0,0,0.2018132174596823,-1.7703419923782349,-0.3953419625759125,attack,no
5906,0,0,0.5,-0.8957488536834717,-0.8957488536834717,attack,no
5907,0,0,0.006692849735519792,-5.093186855316162,-0.09318667650222778,attack,no
5908,0,0,0.004609571222175325,-5.412425518035889,-0.03742530941963196,attack,no
5909,0,0,0.010986942387714022,-4.575638771057129,-0.07563874870538712,attack,no
5910,0,0,0.015906394160976806,-4.188838005065918,-0.0638381615281105,attack,no
5911,0,0,0.0009110512045731597,-7.058273792266846,-0.0582738034427166,attack,no
5912,0,0,0.001032231105899859,-6.911435604095459,-0.03643567115068436,attack,no
5913,0,0,0.003593603221697163,-5.702232837677002,-0.07723301649093628,attack,no
5914,0,0,0.003172683514040231,-5.812008857727051,-0.062009070068597794,attack,no
5915,0,0,0.05340333130637379,-2.9999825954437256,-0.12498262524604797,attack,no
5916,0,0,0.18242551491653522,-1.7785961627960205,-0.27859610319137573,attack,no
5917,0,0,0.0024726236160579735,-6.066749095916748,-0.06674928218126297,attack,no
5918,0,0,0.03308597791199666,-3.471454620361328,-0.09645460546016693,attack,no
5919,0,0,0.022977371582637088,-3.9063591957092285,-0.15635927021503448,attack,no
5920,0,0,0.001032231111661946,-6.886557102203369,-0.01155717484652996,attack,no
5921,0,0,0.06008665354025422,-2.853402614593506,-0.10340267419815063,attack,no
5922,0,0,0.0420877273148584,-3.3128600120544434,-0.18785999715328217,attack,no
5923,0,0,0.020332352452212373,-3.9436938762664795,-0.06869383156299591,attack,no
5924,0,0,0.4378234991142019,-1.1564226150512695,-0.9064226150512695,attack,no
5925,0,0,0.007577241716077422,-4.954516887664795,-0.0795169472694397,attack,no
5926,0,0,0.037326888415033926,-3.368500232696533,-0.11850026249885559,attack,no
5927,0,0,0.020332349484058054,-4.03477144241333,-0.15977124869823456,attack,no
5928,0,0,0.00317268344335022,-5.783679008483887,-0.03367919847369194,attack,no
5929,0,0,0.0035936026080982987,-5.711389541625977,-0.08638954907655716,attack,no
5930,0,0,0.0035936034351228795,-5.689814567565918,-0.06481480598449707,attack,no
5931,0,0,0.042087729117139754,-3.271024465560913,-0.14602449536323547,attack,no
5932,0,0,0.002182716932155486,-6.224518299102783,-0.09951852262020111,attack,no
5933,0,0,0.0017007225126338423,-6.458662033081055,-0.08366209268569946,attack,no
5934,0,0,0.01098694064708021,-4.541330814361572,-0.04133063182234764,attack,no
5935,0,0,0.03732688386369013,-3.3504445552825928,-0.10044445842504501,attack,no
5936,0,0,0.001032230844685289,-6.979143142700195,-0.10414295643568039,attack,no
5937,0,0,0.010986943764029325,-4.591304779052734,-0.09130488336086273,attack,no
5938,0,0,0.0004878570210570014,-7.716553688049316,-0.09155347943305969,attack,no
5939,0,0,0.0007096705206257941,-7.314424514770508,-0.06442468613386154,attack,no
5940,0,0,0.01406362952265135,-4.383187294006348,-0.13318747282028198,attack,no
5941,0,0,9.610238292375534e-05,-9.293352127075195,-0.04335178807377815,attack,no
5942,0,0,0.16451647108926923,-2.030334234237671,-0.4053342938423157,attack,no
5943,0,0,0.0010322308830991924,-6.93304967880249,-0.058049529790878296,attack,no
5944,0,0,0.13296425050508953,-2.158045530319214,-0.28304561972618103,attack,no
5945,0,0,0.015906392411575272,-4.29178524017334,-0.16678528487682343,attack,no
5946,0,0,0.01406362952265135,-4.3666558265686035,-0.11665600538253784,attack,no
5947,0,0,0.042087725512577126,-3.2911429405212402,-0.16614288091659546,attack,no
5948,0,0,0.0006263342863592667,-7.395473957061768,-0.020474161952733994,attack,no
5949,0,0,0.0006263342467184023,-7.4769721031188965,-0.10197224467992783,attack,no
5950,0,0,0.002472623303650189,-6.060235500335693,-0.060235559940338135,attack,no
5951,0,0,0.0008040859176709661,-7.217525959014893,-0.09252593666315079,attack,no
5952,0,0,0.0075772399792382,-4.942811489105225,-0.06781131774187088,attack,no
5953,0,0,0.0009110511672739408,-7.091983318328857,-0.09198328852653503,attack,no
5954,0,0,0.34864513533394575,-1.1581767797470093,-0.5331767797470093,attack,no
5955,0,0,0.04208772851637929,-3.29771089553833,-0.17271091043949127,attack,no
5956,0,0,0.025957356444287677,-3.76639461517334,-0.14139458537101746,attack,no
5957,0,0,0.11920293453832885,-2.373718738555908,-0.37371885776519775,attack,no
5958,0,0,0.005220125055174408,-5.297259330749512,-0.04725920781493187,attack,no
5959,0,0,0.0007096703383379931,-7.2863240242004395,-0.03632393851876259,attack,no
5960,0,0,0.0009110513707242452,-7.0407609939575195,-0.04076118767261505,attack,no
5961,0,0,0.001700722360836013,-6.4689459800720215,-0.0939459502696991,attack,no
5962,0,0,0.009708475407001092,-4.686145305633545,-0.06114519387483597,attack,no
5963,0,0,0.004609571854610279,-5.434482097625732,-0.05948202684521675,attack,no
5964,0,1,0.679178699175393,-0.7092894315719604,-1.4592894315719604,attack,yes
5965,0,0,0.005911069841306616,-5.168102741241455,-0.04310290887951851,attack,no
5966,0,0,0.0005527786122261291,-7.60302209854126,-0.10302205383777618,attack,no
5967,0,0,0.0002305067185591137,-8.419012069702148,-0.044012054800987244,attack,no
5968,0,0,0.24508500761839525,-1.5199191570281982,-0.39491912722587585,attack,no
5969,0,0,0.0006263340881549695,-7.400671482086182,-0.025671370327472687,attack,no
5970,0,0,0.001926734706310375,-6.28725004196167,-0.03725006431341171,attack,no
5971,0,0,0.0006263340671686359,-7.42003870010376,-0.045038554817438126,attack,no
5972,0,0,0.008577485793866491,-4.8818135261535645,-0.13181357085704803,attack,no
5973,0,0,0.0007096702775754029,-7.306789398193359,-0.056789226830005646,attack,no
5974,0,0,0.0006263340135368975,-7.4201130867004395,-0.04511285573244095,attack,no
5975,0,0,0.003593602554741881,-5.680573463439941,-0.05557345598936081,attack,no
5976,0,0,0.0011695103956056209,-6.802695274353027,-0.0526953861117363,attack,no
5977,0,0,0.0019267347851123604,-6.279758453369141,-0.0297585166990757,attack,no
5978,0,0,0.000911051248654057,-7.145593643188477,-0.14559370279312134,attack,no
5979,0,0,0.0035936028482021903,-5.713964462280273,-0.0889645367860794,attack,no
5980,0,0,0.001501182502430573,-6.575171947479248,-0.07517211139202118,attack,no
5981,0,0,0.18242551936144574,-1.838025450706482,-0.33802542090415955,attack,no
5982,0,0,0.009708476839631754,-4.714661598205566,-0.08966163545846939,attack,no
5983,0,0,0.0008040861152119515,-7.206457614898682,-0.08145783841609955,attack,no
5984,0,0,0.007577239474994629,-4.981816291809082,-0.10681605339050293,attack,no
5985,0,0,0.00218271607212402,-6.187043190002441,-0.06204301863908768,attack,no
5986,0,0,0.0010322312019346441,-6.933060169219971,-0.05806032940745354,attack,no
5987,0,0,0.07585818419975078,-2.656862735748291,-0.1568627953529358,attack,no
5988,0,0,0.0011695102389454955,-6.867355823516846,-0.11735580116510391,attack,no
5989,0,1,0.6224593312018546,-0.6728578805923462,-1.1728578805923462,attack,yes
5990,0,0,0.16451645880021026,-2.0345866680145264,-0.409586638212204,attack,no
5991,0,0,0.0028009276122335546,-5.9540276527404785,-0.07902788370847702,attack,no
5992,0,0,0.010986943602109868,-4.545113563537598,-0.04511365294456482,attack,no
5993,0,0,0.001032230929195878,-6.940282821655273,-0.06528271734714508,attack,no
5994,0,0,0.05340332678672523,-3.1948482990264893,-0.3198482394218445,attack,no
5995,0,0,0.003172683384441879,-5.833915710449219,-0.08391588181257248,attack,no
5996,0,0,0.005911068155754778,-5.199796199798584,-0.07479608058929443,attack,no
5997,0,0,0.012431653185710805,-4.407354354858398,-0.03235454484820366,attack,no
5998,0,0,0.003593602434689943,-5.672032833099365,-0.04703279212117195,attack,no
5999,0,0,0.4073334000459302,-1.1218270063400269,-0.7468270063400269,attack,no
