idx,y_true,y_pred,p_yes,lp_yes,lp_no,mode,raw_text
0,1,0,0.37754066879814546,-1.1347720623016357,-0.6347720623016357,assist,No
1,1,0,0.07585817584273653,-2.661045551300049,-0.16104549169540405,assist,No
2,1,0,0.3775406547908327,-1.0876591205596924,-0.5876590609550476,assist,No
3,1,0,0.40733341443526055,-1.0900704860687256,-0.7150705456733704,assist,No
4,1,0,0.4378234991142019,-1.0418684482574463,-0.7918684482574463,assist,No
5,1,0,0.10669059820623795,-2.2846169471740723,-0.15961699187755585,assist,No
6,1,0,0.46879062662624377,-0.8620838522911072,-0.7370838522911072,assist,No
7,1,0,0.34864513533394575,-1.1674047708511353,-0.5424047708511353,assist,No
8,1,0,0.2689414213699951,-1.4011651277542114,-0.4011651277542114,assist,No
9,1,0,0.5,-0.7561900019645691,-0.7561900019645691,assist,No
10,1,0,0.4378234991142019,-0.9352260231971741,-0.6852260231971741,assist,No
11,1,1,0.8519527944504226,-0.2690189480781555,-2.0190188884735107,assist,Yes
12,1,0,0.20181322226037882,-1.8258000612258911,-0.4508000612258911,assist,No
13,1,1,0.5312093733737563,-0.7980601787567139,-0.9230601787567139,assist,Yes
14,1,1,0.5926666143433998,-0.6857814192771912,-1.060781478881836,assist,Yes
15,1,1,0.8354835411997897,-0.3160826861858368,-1.9410827159881592,assist,Yes
16,1,1,0.754914997895581,-0.48203223943710327,-1.607032299041748,assist,Yes
17,1,1,0.754914975839675,-0.4169641137123108,-1.541964054107666,assist,Yes
18,1,1,0.5621765008857981,-0.7091482281684875,-0.9591482281684875,assist,Yes
19,1,1,0.7057850278370112,-0.43277645111083984,-1.3077764511108398,assist,Yes
20,1,1,0.880797081106935,-0.28102418780326843,-2.281024217605591,assist,Yes
21,1,1,0.867035763237924,-0.3623311221599579,-2.2373311519622803,assist,Yes
22,1,1,0.7310585903489892,-0.4642326235771179,-1.4642326831817627,assist,Yes
23,1,1,0.8670357666736773,-0.3621010184288025,-2.2371010780334473,assist,Yes
24,1,1,0.9820137900379085,-0.29845666885375977,-4.29845666885376,assist,Yes
25,1,0,0.11920292358664389,-2.2322139739990234,-0.23221398890018463,assist,No
26,1,0,0.5,-0.7673224210739136,-0.7673224210739136,assist,No
27,1,0,0.22270013366638422,-1.5945109128952026,-0.34451088309288025,assist,No
28,1,1,0.7772998560157665,-0.44371941685676575,-1.6937193870544434,assist,Yes
29,1,1,0.7772998663336157,-0.41770264506340027,-1.6677026748657227,assist,Yes
30,1,1,0.731058584489497,-0.4265994727611542,-1.4265995025634766,assist,Yes
31,1,0,0.34864513533394575,-1.1590993404388428,-0.5340993404388428,assist,No
32,1,0,0.4073334000459302,-0.9493509531021118,-0.5743509531021118,assist,No
33,1,0,0.042087729717900216,-3.199211359024048,-0.07421140372753143,assist,No
34,1,0,0.16451646494473965,-1.8478026390075684,-0.22280265390872955,assist,No
35,1,1,0.8670357460591569,-0.4508620500564575,-2.325861930847168,assist,Yes
36,1,0,0.2689414096510108,-1.3682365417480469,-0.3682364821434021,assist,No
37,1,1,0.9399133557169234,-0.22047437727451324,-2.9704744815826416,assist,Yes
38,1,1,0.6513548511303336,-0.6678033471107483,-1.2928032875061035,assist,Yes
39,1,0,0.4378234991142019,-0.956144392490387,-0.706144392490387,assist,No
40,1,1,0.9324533144915912,-0.29174676537513733,-2.9167468547821045,assist,Yes
41,1,0,0.2689414096510108,-1.3912608623504639,-0.3912608027458191,assist,No
42,1,1,0.5312093733737563,-0.745878279209137,-0.870878279209137,assist,Yes
43,1,1,0.7057850402140659,-0.604695737361908,-1.4796957969665527,assist,Yes
44,1,0,0.46879062662624377,-0.8447771072387695,-0.7197771072387695,assist,No
45,1,1,0.6224593312018546,-0.5706973075866699,-1.07069730758667,assist,Yes
46,1,1,0.679178699175393,-0.5408498048782349,-1.2908498048782349,assist,Yes
47,1,1,0.5621765008857981,-0.6665967702865601,-0.9165967702865601,assist,Yes
48,1,1,0.7057850278370112,-0.46800363063812256,-1.3430036306381226,assist,Yes
49,1,1,0.5312093733737563,-0.7908632755279541,-0.9158632755279541,assist,Yes
50,1,1,0.9241418199787566,-0.42024779319763184,-2.920247793197632,assist,Yes
51,1,0,0.16451647108926923,-1.856623649597168,-0.23162370920181274,assist,No
52,1,1,0.7981867729389246,-0.36300352215766907,-1.7380034923553467,assist,Yes
53,1,0,0.24508502416032488,-1.4839391708374023,-0.3589392304420471,assist,No
54,1,1,0.817574471748733,-0.3222302496433258,-1.8222302198410034,assist,Yes
55,1,1,0.9241418158002492,-0.35636693239212036,-2.8563668727874756,assist,Yes
56,1,1,0.754914975839675,-0.5048652291297913,-1.6298651695251465,assist,Yes
57,1,1,0.8519527944504226,-0.37649422883987427,-2.1264941692352295,assist,Yes
58,1,1,0.5926665855647394,-0.6357980370521545,-1.0107979774475098,assist,Yes
59,1,1,0.7310585727705126,-0.4083916246891022,-1.4083915948867798,assist,Yes
60,1,1,0.9046505299595163,-0.34572917222976685,-2.595729112625122,assist,Yes
61,1,0,0.07585817166422973,-2.64328670501709,-0.1432865858078003,assist,No
62,1,0,0.37754066879814546,-1.1397068500518799,-0.6397068500518799,assist,No
63,1,1,0.9241418199787566,-0.42225098609924316,-2.922250986099243,assist,Yes
64,1,1,0.7549149813536518,-0.4168420135974884,-1.541841983795166,assist,Yes
65,1,0,0.37754066879814546,-1.042574167251587,-0.5425741672515869,assist,No
66,1,1,0.9046505351008906,-0.29566168785095215,-2.545661687850952,assist,Yes
67,1,0,0.08509905080783367,-2.5089681148529053,-0.13396818935871124,assist,No
68,1,1,0.9046505402422645,-0.25731056928634644,-2.507310628890991,assist,Yes
69,1,1,0.6513548782017746,-0.5368956923484802,-1.161895751953125,assist,Yes
70,1,1,0.982013788985129,-0.4437313675880432,-4.443731307983398,assist,Yes
71,1,1,0.5621765008857981,-0.7454964518547058,-0.9954964518547058,assist,Yes
72,1,1,0.9525741248028792,-0.22606401145458221,-3.2260639667510986,assist,Yes
73,1,1,0.817574471748733,-0.32261529564857483,-1.8226152658462524,assist,Yes
74,1,1,0.9770226320971079,-0.3026823103427887,-4.052682399749756,assist,Yes
75,1,1,0.7981867825403176,-0.3631729781627655,-1.738173007965088,assist,Yes
76,1,1,0.8354835411997897,-0.33280619978904724,-1.9578062295913696,assist,Yes
77,1,1,0.8175744806385543,-0.3114185035228729,-1.8114185333251953,assist,Yes
78,1,1,0.8354835289107309,-0.3977976441383362,-2.0227975845336914,assist,Yes
79,1,1,0.8807970904940926,-0.3435577154159546,-2.343557834625244,assist,Yes
80,1,1,0.6224593452091672,-0.6261393427848816,-1.1261394023895264,assist,Yes
81,1,0,0.5,-0.7981769442558289,-0.7981769442558289,assist,No
82,1,0,0.3486451217982255,-1.121100664138794,-0.49610060453414917,assist,No
83,1,1,0.7981867777396212,-0.40110158920288086,-1.7761015892028809,assist,Yes
84,1,0,0.13296424878721277,-2.0904390811920166,-0.21543915569782257,assist,No
85,1,0,0.32082130082460697,-1.2444740533828735,-0.49447405338287354,assist,No
86,1,1,0.9740426435557125,-0.27686139941215515,-3.9018614292144775,assist,Yes
87,1,1,0.8933094032139576,-0.3579094707965851,-2.4829094409942627,assist,Yes
88,1,1,0.8933094145755219,-0.38607659935951233,-2.5110766887664795,assist,Yes
89,1,1,0.7981867777396212,-0.3824336528778076,-1.7574336528778076,assist,Yes
90,1,1,0.9046505428129514,-0.25668755173683167,-2.506687641143799,assist,Yes
91,1,1,0.7981867777396212,-0.4943549633026123,-1.8693549633026123,assist,Yes
92,1,1,0.7549149868676283,-0.4331974983215332,-1.5581974983215332,assist,Yes
93,1,1,0.679178699175393,-0.4717898368835449,-1.221789836883545,assist,Yes
94,1,1,0.880797071719777,-0.4635224938392639,-2.463522434234619,assist,Yes
95,1,1,0.8807970873650403,-0.34742727875709534,-2.3474273681640625,assist,Yes
96,1,1,0.9579122696813394,-0.26572567224502563,-3.390725612640381,assist,Yes
97,1,1,0.867035752930664,-0.30088382959365845,-2.1758837699890137,assist,Yes
98,1,0,0.37754066879814546,-1.1209826469421387,-0.6209826469421387,assist,No
99,1,1,0.9740426405416754,-0.30538591742515564,-3.9303858280181885,assist,Yes
100,1,1,0.9399133531922388,-0.3100866675376892,-3.060086727142334,assist,Yes
101,1,0,0.3208213138121609,-1.1893110275268555,-0.43931108713150024,assist,No
102,1,1,0.9770226341042414,-0.33477145433425903,-4.084771633148193,assist,Yes
103,1,1,0.8175744673038221,-0.44381433725357056,-1.9438142776489258,assist,Yes
104,1,1,0.9324533163686646,-0.3782428503036499,-3.0032429695129395,assist,Yes
105,1,1,0.7772998611746911,-0.3738917112350464,-1.6238917112350464,assist,Yes
106,1,1,0.957912274487423,-0.3876742720603943,-3.512674331665039,assist,Yes
107,1,0,0.4378234991142019,-0.9373130202293396,-0.6873130202293396,assist,No
108,1,1,0.9770226334351969,-0.30286917090415955,-4.0528693199157715,assist,Yes
109,1,1,0.8807970748488297,-0.300824910402298,-2.3008248805999756,assist,Yes
110,1,1,0.9525741248028792,-0.19049052894115448,-3.190490484237671,assist,Yes
111,1,1,0.893309411735131,-0.3573262095451355,-2.4823262691497803,assist,Yes
112,1,1,0.7310585669110203,-0.42078930139541626,-1.4207892417907715,assist,Yes
113,1,1,0.5926666143433998,-0.766488254070282,-1.1414883136749268,assist,Yes
114,1,1,0.9399133464597458,-0.2199588418006897,-2.969958782196045,assist,Yes
115,1,1,0.8807970873650403,-0.3220323622226715,-2.3220324516296387,assist,Yes
116,1,1,0.7057850278370112,-0.5020898580551147,-1.3770898580551147,assist,Yes
117,1,1,0.9525741234565097,-0.1599911004304886,-3.1599910259246826,assist,Yes
118,1,1,0.7772998611746911,-0.5967447757720947,-1.8467447757720947,assist,Yes
119,1,1,0.893309411735131,-0.29121869802474976,-2.4162187576293945,assist,Yes
120,1,1,0.5621765008857981,-0.796230673789978,-1.046230673789978,assist,Yes
121,1,1,0.97068777009661,-0.34117433428764343,-3.841174364089966,assist,Yes
122,1,1,0.8519527982093668,-0.3583429157733917,-2.1083428859710693,assist,Yes
123,1,1,0.8354835371034369,-0.548943281173706,-2.173943281173706,assist,Yes
124,1,1,0.7981867729389246,-0.3345426619052887,-1.7095426321029663,assist,Yes
125,1,1,0.9149009642742806,-0.36403167247772217,-2.7390317916870117,assist,Yes
126,1,1,0.9796676490318648,-0.4471787214279175,-4.322178840637207,assist,Yes
127,1,1,0.9706877675527112,-0.25347548723220825,-3.7534754276275635,assist,Yes
128,1,1,0.7549149813536518,-0.35884955525398254,-1.4838495254516602,assist,Yes
129,1,1,0.914900950352329,-0.5079084038734436,-2.882908344268799,assist,Yes
130,1,1,0.939913356558485,-0.26042401790618896,-3.0104241371154785,assist,Yes
131,1,1,0.9046505376715775,-0.31983014941215515,-2.5698301792144775,assist,Yes
132,1,1,0.5621765008857981,-0.8777509927749634,-1.1277509927749634,assist,Yes
133,1,1,0.9669140225647107,-0.3124663531780243,-3.6874663829803467,assist,Yes
134,1,1,0.8175744806385543,-0.37760958075523376,-1.8776096105575562,assist,Yes
135,1,1,0.9820137926698564,-0.3647969663143158,-4.364797115325928,assist,Yes
136,1,1,0.7310585786300049,-0.5129475593566895,-1.5129475593566895,assist,Yes
137,1,1,0.9626731094431571,-0.23796090483665466,-3.4879608154296875,assist,Yes
138,1,1,0.6224593171945417,-0.6720877289772034,-1.1720876693725586,assist,Yes
139,1,1,0.9626731110495138,-0.23808793723583221,-3.4880878925323486,assist,Yes
140,1,1,0.9324533051062237,-0.34635740518569946,-2.9713573455810547,assist,Yes
141,1,1,0.8354835371034369,-0.4042949676513672,-2.029294967651367,assist,Yes
142,1,1,0.982013792143467,-0.3303602933883667,-4.330360412597656,assist,Yes
143,1,1,0.97068777009661,-0.4545402228832245,-3.954540252685547,assist,Yes
144,1,1,0.9324533069832973,-0.4138374626636505,-3.038837432861328,assist,Yes
145,1,1,0.9669140225647107,-0.28289148211479187,-3.6578915119171143,assist,Yes
146,1,1,0.8807970842359877,-0.34534162282943726,-2.345341682434082,assist,Yes
147,1,1,0.9324533051062237,-0.2682340741157532,-2.8932340145111084,assist,Yes
148,1,1,0.914900950352329,-0.4669256806373596,-2.841925621032715,assist,Yes
149,1,1,0.9770226260757067,-0.4074017405509949,-4.1574015617370605,assist,Yes
150,1,1,0.9626731083722525,-0.2872072458267212,-3.5372071266174316,assist,Yes
151,1,1,0.9046505428129514,-0.31898704171180725,-2.5689871311187744,assist,Yes
152,1,1,0.7772998663336157,-0.3211648166179657,-1.571164846420288,assist,Yes
153,1,1,0.914900950352329,-0.3342021107673645,-2.7092020511627197,assist,Yes
154,1,1,0.8354835371034369,-0.4261891841888428,-2.0511891841888428,assist,Yes
155,1,1,0.9399133464597458,-0.33798128366470337,-3.0879812240600586,assist,Yes
156,1,1,0.9840936101542134,-0.3628743886947632,-4.487874507904053,assist,Yes
157,1,1,0.9740426412951848,-0.30615025758743286,-3.931150197982788,assist,Yes
158,1,1,0.9324533069832973,-0.2918572723865509,-2.9168572425842285,assist,Yes
159,1,1,0.7549149868676283,-0.4814116954803467,-1.6064116954803467,assist,Yes
160,1,1,0.9740426412951848,-0.27738720178604126,-3.9023871421813965,assist,Yes
161,1,1,0.9149009619539553,-0.3095020353794098,-2.684502124786377,assist,Yes
162,1,0,0.4073334000459302,-1.0634632110595703,-0.6884632110595703,assist,No
163,1,1,0.9669140206578809,-0.28316500782966614,-3.6581649780273438,assist,Yes
164,1,1,0.5926665855647394,-0.6636129021644592,-1.0386128425598145,assist,Yes
165,1,1,0.9149009526726544,-0.2885325253009796,-2.6635324954986572,assist,Yes
166,1,1,0.8175744673038221,-0.42188769578933716,-1.9218876361846924,assist,Yes
167,1,1,0.754914997895581,-0.5247215628623962,-1.649721622467041,assist,Yes
168,1,1,0.9465966747198243,-0.3668328821659088,-3.241832971572876,assist,Yes
169,1,1,0.5312093733737563,-0.7897013425827026,-0.9147013425827026,assist,Yes
170,1,1,0.9706877726405082,-0.5006870031356812,-4.000687122344971,assist,Yes
171,1,1,0.7310585903489892,-0.5080787539482117,-1.5080788135528564,assist,Yes
172,1,0,0.22270014398423357,-1.5772089958190918,-0.3272090256214142,assist,No
173,1,1,0.9399133464597458,-0.4036763310432434,-3.1536762714385986,assist,Yes
174,1,1,0.9579122696813394,-0.2665100693702698,-3.391510009765625,assist,Yes
175,1,1,0.9324533144915912,-0.37673988938331604,-3.001739978790283,assist,Yes
176,1,1,0.8519528057272543,-0.4985804259777069,-2.2485804557800293,assist,Yes
177,1,0,0.09534945975773548,-2.4807212352752686,-0.23072117567062378,assist,No
178,1,1,0.8519527944504226,-0.5803726315498352,-2.3303725719451904,assist,Yes
179,1,1,0.9669140187510509,-0.1931048333644867,-3.5681047439575195,assist,Yes
180,1,1,0.9840936096877062,-0.4010414183139801,-4.526041507720947,assist,Yes
181,1,1,0.7772998714925403,-0.4924272894859314,-1.7424273490905762,assist,Yes
182,1,0,0.46879062662624377,-0.9428550004959106,-0.8178550004959106,assist,No
183,1,1,0.7981867825403176,-0.3684473931789398,-1.7434474229812622,assist,Yes
184,1,1,0.9706877684006775,-0.34130027890205383,-3.8413002490997314,assist,Yes
185,1,1,0.952574129515172,-0.5643975138664246,-3.5643975734710693,assist,Yes
186,1,1,0.880797068590724,-0.3452478349208832,-2.345247745513916,assist,Yes
187,1,1,0.9525741241296944,-0.39194899797439575,-3.391948938369751,assist,Yes
188,1,1,0.9579122756889438,-0.266749769449234,-3.391749858856201,assist,Yes
189,1,1,0.8175744673038221,-0.2880440354347229,-1.7880439758300781,assist,Yes
190,1,1,0.7057850278370112,-0.5714442729949951,-1.4464442729949951,assist,Yes
191,1,1,0.7057850402140659,-0.4956974387168884,-1.3706974983215332,assist,Yes
192,1,1,0.8354835330070839,-0.31823471188545227,-1.9432346820831299,assist,Yes
193,1,1,0.7310585669110203,-0.569815456867218,-1.5698153972625732,assist,Yes
194,1,1,0.9399133515091156,-0.40474745631217957,-3.154747486114502,assist,Yes
195,1,1,0.7981867873410141,-0.382302463054657,-1.7573025226593018,assist,Yes
196,1,1,0.9399133531922388,-0.4068300127983093,-3.156830072402954,assist,Yes
197,1,1,0.914900950352329,-0.3370738625526428,-2.712073802947998,assist,Yes
198,1,1,0.8670357598021706,-0.2545745372772217,-2.1295745372772217,assist,Yes
199,1,1,0.9525741254760638,-0.32564452290534973,-3.3256444931030273,assist,Yes
200,1,1,0.9241418262465169,-0.35459867119789124,-2.8545987606048584,assist,Yes
201,1,1,0.9669140187510509,-0.3435133397579193,-3.718513250350952,assist,Yes
202,1,1,0.9525741322079105,-0.4723442792892456,-3.472344398498535,assist,Yes
203,1,1,0.9241418137109955,-0.42023715376853943,-2.9202370643615723,assist,Yes
204,1,1,0.9046505325302034,-0.3459635078907013,-2.595963478088379,assist,Yes
205,1,1,0.9740426428022031,-0.3371412754058838,-3.962141275405884,assist,Yes
206,1,1,0.7310585903489892,-0.4686688780784607,-1.4686689376831055,assist,Yes
207,1,1,0.9626731083722525,-0.3164001703262329,-3.5664000511169434,assist,Yes
208,1,1,0.9740426405416754,-0.3721219003200531,-3.997121810913086,assist,Yes
209,1,1,0.880797081106935,-0.3029625117778778,-2.3029625415802,assist,Yes
210,1,1,0.8807970779778823,-0.37029457092285156,-2.3702945709228516,assist,Yes
211,1,1,0.8354835411997897,-0.331675261259079,-1.9566752910614014,assist,Yes
212,1,1,0.9399133464597458,-0.2841256260871887,-3.034125566482544,assist,Yes
213,1,1,0.7981867825403176,-0.3358859717845917,-1.710886001586914,assist,Yes
214,1,1,0.8933094060543487,-0.3881111145019531,-2.513111114501953,assist,Yes
215,1,1,0.9706877684006775,-0.3086736500263214,-3.808673620223999,assist,Yes
216,1,1,0.9525741254760638,-0.2980630695819855,-3.298063039779663,assist,Yes
217,1,1,0.9820137863531804,-0.2690107524394989,-4.269010543823242,assist,Yes
218,1,1,0.9324533107374443,-0.3174383342266083,-2.9424383640289307,assist,Yes
219,1,1,0.9579122720843811,-0.321429967880249,-3.446429967880249,assist,Yes
220,1,1,0.8354835330070839,-0.3513897955417633,-1.976389765739441,assist,Yes
221,1,1,0.9669140235181256,-0.5032026171684265,-3.8782026767730713,assist,Yes
222,1,1,0.9626731137267751,-0.28858014941215515,-3.5385801792144775,assist,Yes
223,1,1,0.9770226334351969,-0.2735083997249603,-4.023508548736572,assist,Yes
224,1,1,0.817574471748733,-0.33921411633491516,-1.8392140865325928,assist,Yes
225,1,1,0.89330940889474,-0.2717384994029999,-2.3967385292053223,assist,Yes
226,1,1,0.893309411735131,-0.35727494955062866,-2.4822750091552734,assist,Yes
227,1,1,0.7772998611746911,-0.49194300174713135,-1.7419430017471313,assist,Yes
228,1,1,0.9149009642742806,-0.30972421169281006,-2.6847243309020996,assist,Yes
229,1,1,0.9626731094431571,-0.38340339064598083,-3.6334033012390137,assist,Yes
230,1,1,0.8933093989533708,-0.23795874416828156,-2.3629586696624756,assist,Yes
231,1,1,0.9046505453836383,-0.2985776662826538,-2.5485777854919434,assist,Yes
232,1,1,0.8933094003735664,-0.30857259035110474,-2.43357253074646,assist,Yes
233,1,1,0.9706877658567789,-0.6020361185073853,-4.102035999298096,assist,Yes
234,1,1,0.9525741322079105,-0.3572772741317749,-3.3572773933410645,assist,Yes
235,1,1,0.9525741268224334,-0.32670021057128906,-3.326700210571289,assist,Yes
236,1,1,0.9740426458162398,-0.30650126934051514,-3.9315013885498047,assist,Yes
237,1,1,0.9525741214369554,-0.4296776056289673,-3.4296774864196777,assist,Yes
238,1,1,0.8807970654616711,-0.34512150287628174,-2.345121383666992,assist,Yes
239,1,1,0.9399133464597458,-0.31138163805007935,-3.0613815784454346,assist,Yes
240,1,1,0.9525741268224334,-0.47144317626953125,-3.4714431762695312,assist,Yes
241,1,1,0.8670357666736773,-0.48213690519332886,-2.3571369647979736,assist,Yes
242,1,1,0.8519527869325346,-0.5020161867141724,-2.252016067504883,assist,Yes
243,1,1,0.9796676460637103,-0.3668823540210724,-4.24188232421875,assist,Yes
244,1,1,0.8670357460591569,-0.2652217149734497,-2.14022159576416,assist,Yes
245,1,1,0.977022627413796,-0.3686438798904419,-4.118643760681152,assist,Yes
246,1,1,0.89330940889474,-0.2909800708293915,-2.415980100631714,assist,Yes
247,1,1,0.8933094145755219,-0.26748982071876526,-2.3924899101257324,assist,Yes
248,1,1,0.9579122672782973,-0.46505749225616455,-3.590057373046875,assist,Yes
249,1,1,0.9399133515091156,-0.40525123476982117,-3.1552512645721436,assist,Yes
250,1,1,0.9046505376715775,-0.40779849886894226,-2.6577985286712646,assist,Yes
251,1,1,0.966914019704466,-0.3437526822090149,-3.71875262260437,assist,Yes
252,1,0,0.08509904500702024,-2.554750919342041,-0.17975091934204102,assist,No
253,1,1,0.939913356558485,-0.4049943685531616,-3.154994487762451,assist,Yes
254,1,1,0.9241418241572634,-0.3012930750846863,-2.801293134689331,assist,Yes
255,1,1,0.939913354875362,-0.37176647782325745,-3.1217665672302246,assist,Yes
256,1,1,0.8354835452961425,-0.35368937253952026,-1.978689432144165,assist,Yes
257,1,1,0.5926665999540697,-0.6055907607078552,-0.9805907607078552,assist,Yes
258,1,1,0.7981867873410141,-0.4993438124656677,-1.8743438720703125,assist,Yes
259,1,1,0.7772998611746911,-0.42368900775909424,-1.6736890077590942,assist,Yes
260,1,1,0.9770226334351969,-0.30290159583091736,-4.052901744842529,assist,Yes
261,1,1,0.7772998818103892,-0.8329647779464722,-2.0829648971557617,assist,Yes
262,1,1,0.7981867873410141,-0.4051777720451355,-1.7801778316497803,assist,Yes
263,1,1,0.679178699175393,-0.6030716896057129,-1.353071689605713,assist,Yes
264,1,1,0.9465966717067252,-0.23223969340324402,-3.1072397232055664,assist,Yes
265,1,1,0.9706877675527112,-0.37496668100357056,-3.874966621398926,assist,Yes
266,1,1,0.9796676448764484,-0.3665343225002289,-4.241534233093262,assist,Yes
267,1,1,0.9626731105140616,-0.5079873204231262,-3.7579872608184814,assist,Yes
268,1,1,0.9669140235181256,-0.31282728910446167,-3.6878273487091064,assist,Yes
269,1,1,0.9706877684006775,-0.308287650346756,-3.8082876205444336,assist,Yes
270,1,1,0.6791787121629466,-0.6216604113578796,-1.3716604709625244,assist,Yes
271,1,1,0.9525741268224334,-0.5671913623809814,-3.5671913623809814,assist,Yes
272,1,1,0.9820137942490252,-0.24261260032653809,-4.242612838745117,assist,Yes
273,1,0,0.5,-0.7873072028160095,-0.7873072028160095,assist,No
274,1,1,0.9149009480320036,-0.26636895537376404,-2.641368865966797,assist,Yes
275,1,1,0.9820137879323497,-0.2977677583694458,-4.297767639160156,assist,Yes
276,1,1,0.8670357666736773,-0.2535349726676941,-2.128535032272339,assist,Yes
277,1,1,0.9324533088603709,-0.34487318992614746,-2.9698731899261475,assist,Yes
278,1,1,0.817574471748733,-0.39205458760261536,-1.892054557800293,assist,Yes
279,1,0,0.29421497216298875,-1.3546713590621948,-0.4796713590621948,assist,No
280,1,1,0.7057850278370112,-0.5478713512420654,-1.4228713512420654,assist,Yes
281,1,1,0.6513548646660542,-0.7259184122085571,-1.3509184122085571,assist,Yes
282,1,1,0.8807970779778823,-0.4324991703033447,-2.4324991703033447,assist,Yes
283,1,1,0.9465966732132748,-0.253717839717865,-3.1287178993225098,assist,Yes
284,1,1,0.9399133447766225,-0.44295987486839294,-3.192959785461426,assist,Yes
285,1,1,0.9770226300899744,-0.2743368148803711,-4.024336814880371,assist,Yes
286,1,1,0.9149009526726544,-0.26517847180366516,-2.6401784420013428,assist,Yes
287,1,1,0.9626731147976793,-0.28723210096359253,-3.5372321605682373,assist,Yes
288,1,1,0.9525741268224334,-0.32634854316711426,-3.3263485431671143,assist,Yes
289,1,1,0.7310585786300049,-0.41501760482788086,-1.4150176048278809,assist,Yes
290,1,1,0.9820137858267906,-0.3647034168243408,-4.364703178405762,assist,Yes
291,1,1,0.9465966717067252,-0.30474159121513367,-3.179741621017456,assist,Yes
292,1,1,0.939913354875362,-0.31042495369911194,-3.060425043106079,assist,Yes
293,1,0,0.26894141551050293,-1.4115790128707886,-0.4115789830684662,assist,No
294,1,1,0.9399133481428692,-0.4428305923938751,-3.1928305625915527,assist,Yes
295,1,1,0.9840936054891429,-0.29602259397506714,-4.421022415161133,assist,Yes
296,1,1,0.9324533032291502,-0.3175068795681,-2.942506790161133,assist,Yes
297,1,1,0.9626731110495138,-0.23707441985607147,-3.487074375152588,assist,Yes
298,1,1,0.8354835411997897,-0.30320391058921814,-1.9282039403915405,assist,Yes
299,1,1,0.5926666143433998,-0.6587902903556824,-1.0337903499603271,assist,Yes
300,1,0,0.37754066879814546,-1.0142879486083984,-0.5142879486083984,assist,No
301,1,1,0.9579122720843811,-0.29185938835144043,-3.4168593883514404,assist,Yes
302,1,1,0.8670357598021706,-0.36269474029541016,-2.23769474029541,assist,Yes
303,1,1,0.8354835371034369,-0.3326786756515503,-1.9576786756515503,assist,Yes
304,1,1,0.966914019704466,-0.23311525583267212,-3.6081151962280273,assist,Yes
305,1,1,0.9669140216112958,-0.3794546127319336,-3.7544546127319336,assist,Yes
306,1,1,0.6513548782017746,-0.5606014132499695,-1.1856014728546143,assist,Yes
307,1,0,0.4378234991142019,-0.9442780613899231,-0.6942780613899231,assist,No
308,1,1,0.817574471748733,-0.39890363812446594,-1.8989036083221436,assist,Yes
309,1,1,0.7310585786300049,-0.5029362440109253,-1.5029362440109253,assist,Yes
310,1,0,0.46879062662624377,-0.8502184748649597,-0.7252184748649597,assist,No
311,1,1,0.9046505299595163,-0.2768271565437317,-2.526827096939087,assist,Yes
312,1,1,0.8933093946927838,-0.38582050800323486,-2.5108203887939453,assist,Yes
313,1,1,0.9149009561531425,-0.24634788930416107,-2.6213479042053223,assist,Yes
314,1,1,0.9740426450627306,-0.22644391655921936,-3.8514440059661865,assist,Yes
315,1,0,0.5,-0.8063923120498657,-0.8063923120498657,assist,No
316,1,1,0.7057850154599563,-0.48626476526260376,-1.361264705657959,assist,Yes
317,1,1,0.8933094032139576,-0.3102915585041046,-2.4352915287017822,assist,Yes
318,1,0,0.08509903804604459,-2.5099434852600098,-0.1349433958530426,assist,No
319,1,0,0.2018132174596823,-1.6932698488235474,-0.318269819021225,assist,No
320,1,0,0.34864513533394575,-1.3020951747894287,-0.6770951747894287,assist,No
321,1,1,0.9399133498259924,-0.3375093936920166,-3.0875093936920166,assist,Yes
322,1,1,0.9399133515091156,-0.2842216193675995,-3.034221649169922,assist,Yes
323,1,1,0.9149009596336303,-0.47139543294906616,-2.846395492553711,assist,Yes
324,1,1,0.7549149868676283,-0.3891080617904663,-1.5141080617904663,assist,Yes
325,1,1,0.9046505428129514,-0.34950128197669983,-2.599501371383667,assist,Yes
326,1,1,0.7310585669110203,-0.48694974184036255,-1.4869496822357178,assist,Yes
327,1,1,0.8807970873650403,-0.40107622742652893,-2.401076316833496,assist,Yes
328,1,1,0.9902915249511566,-0.2614615857601166,-4.8864617347717285,assist,Yes
329,1,1,0.5312093733737563,-0.7022523880004883,-0.8272523880004883,assist,Yes
330,1,0,0.03732688654095113,-3.34377384185791,-0.09377381950616837,assist,No
331,1,1,0.9579122732859019,-0.3532552421092987,-3.478255271911621,assist,Yes
332,1,0,0.29421496597446145,-1.2949917316436768,-0.41999170184135437,assist,No
333,1,1,0.7772998714925403,-0.36006706953048706,-1.6100671291351318,assist,Yes
334,1,1,0.893309411735131,-0.35748690366744995,-2.4824869632720947,assist,Yes
335,1,0,0.37754066879814546,-1.1327996253967285,-0.6327996253967285,assist,No
336,1,1,0.7981867729389246,-0.32253924012184143,-1.697539210319519,assist,Yes
337,1,1,0.9324533107374443,-0.3477325141429901,-2.9727325439453125,assist,Yes
338,1,1,0.9324533144915912,-0.37642183899879456,-3.0014219284057617,assist,Yes
339,1,1,0.9465966656805269,-0.3975442349910736,-3.2725441455841064,assist,Yes
340,1,0,0.5,-0.8594971299171448,-0.8594971299171448,assist,No
341,1,1,0.9579122768904644,-0.3868173360824585,-3.511817455291748,assist,Yes
342,1,1,0.5926666143433998,-0.7658931612968445,-1.1408932209014893,assist,Yes
343,1,1,0.9626731105140616,-0.2613220810890198,-3.511322021484375,assist,Yes
344,1,0,0.0373268854700467,-3.344796657562256,-0.09479660540819168,assist,No
345,1,1,0.9046505299595163,-0.4053836464881897,-2.655383586883545,assist,Yes
346,1,1,0.817574471748733,-0.324079304933548,-1.8240792751312256,assist,Yes
347,1,1,0.9324533032291502,-0.4121018350124359,-3.0371017456054688,assist,Yes
348,1,1,0.9706877709445761,-0.4129111170768738,-3.9129111766815186,assist,Yes
349,1,1,0.798186768138228,-0.33428865671157837,-1.7092885971069336,assist,Yes
350,1,1,0.9669140254249554,-0.4590057134628296,-3.834005832672119,assist,Yes
351,1,1,0.7057850154599563,-0.5911994576454163,-1.4661993980407715,assist,Yes
352,1,1,0.9465966641739773,-0.36411964893341064,-3.239119529724121,assist,Yes
353,1,1,0.7057850278370112,-0.6930278539657593,-1.5680278539657593,assist,Yes
354,1,1,0.7772998560157665,-0.32986918091773987,-1.5798691511154175,assist,Yes
355,1,1,0.7310585786300049,-0.4646952152252197,-1.4646952152252197,assist,Yes
356,1,1,0.7057850278370112,-0.5079377889633179,-1.3829377889633179,assist,Yes
357,1,1,0.9796676472509721,-0.300594300031662,-4.175594329833984,assist,Yes
358,1,1,0.8670357701094303,-0.3008381426334381,-2.1758382320404053,assist,Yes
359,1,1,0.9770226267447513,-0.3339311182498932,-4.083930969238281,assist,Yes
360,1,1,0.9046505376715775,-0.2580587565898895,-2.508058786392212,assist,Yes
361,1,1,0.9324533013520764,-0.44993317127227783,-3.0749330520629883,assist,Yes
362,1,1,0.9669140239948331,-0.23316209018230438,-3.6081621646881104,assist,Yes
363,1,1,0.9669140187510509,-0.3121093213558197,-3.6871092319488525,assist,Yes
364,1,0,0.0675466845698721,-2.7199289798736572,-0.09492887556552887,assist,No
365,1,0,0.2942149783515162,-1.3508074283599854,-0.47580745816230774,assist,No
366,1,1,0.8354835371034369,-0.3741908073425293,-1.9991908073425293,assist,Yes
367,1,1,0.9241418137109955,-0.20324668288230896,-2.703246593475342,assist,Yes
368,1,1,0.8519528019683106,-0.42944765090942383,-2.179447650909424,assist,Yes
369,1,1,0.9770226320971079,-0.27464810013771057,-4.024648189544678,assist,Yes
370,1,1,0.9399133481428692,-0.3388543426990509,-3.0888543128967285,assist,Yes
371,1,1,0.9525741227833249,-0.2970047891139984,-3.2970046997070312,assist,Yes
372,1,1,0.7057850402140659,-0.5593518614768982,-1.434351921081543,assist,Yes
373,1,1,0.957912274487423,-0.3532702326774597,-3.4782702922821045,assist,Yes
374,1,1,0.9579122756889438,-0.22158709168434143,-3.3465871810913086,assist,Yes
375,1,1,0.9706877709445761,-0.3413192629814148,-3.8413193225860596,assist,Yes
376,1,1,0.5312093733737563,-0.8775118589401245,-1.0025118589401245,assist,Yes
377,1,0,0.34864513533394575,-1.225332260131836,-0.6003322601318359,assist,No
378,1,1,0.9579122708828604,-0.3523917496204376,-3.4773917198181152,assist,Yes
379,1,1,0.9740426405416754,-0.33736690878868103,-3.962366819381714,assist,Yes
380,1,0,0.40733341443526055,-1.0016710758209229,-0.6266711354255676,assist,No
381,1,1,0.914900957313305,-0.3972718417644501,-2.7722718715667725,assist,Yes
382,1,0,0.07585818211049715,-2.6441140174865723,-0.14411404728889465,assist,No
383,1,0,0.2942149845400438,-1.3199000358581543,-0.4449000954627991,assist,No
384,1,1,0.9149009619539553,-0.2674528658390045,-2.6424529552459717,assist,Yes
385,1,1,0.9241418241572634,-0.3274816870689392,-2.827481746673584,assist,Yes
386,1,1,0.867035763237924,-0.39088961482048035,-2.2658896446228027,assist,Yes
387,1,1,0.7057850278370112,-0.407894492149353,-1.282894492149353,assist,Yes
388,1,0,0.4378234991142019,-1.0199580192565918,-0.7699580192565918,assist,No
389,1,1,0.9525741241296944,-0.3596418499946594,-3.3596417903900146,assist,Yes
390,1,1,0.9579122684798184,-0.32067999243736267,-3.4456799030303955,assist,Yes
391,1,1,0.9046505440982949,-0.2398773580789566,-2.489877462387085,assist,Yes
392,1,1,0.9706877692486436,-0.342069149017334,-3.842069149017334,assist,Yes
393,1,1,0.9525741322079105,-0.5160483121871948,-3.5160484313964844,assist,Yes
394,1,1,0.7772998508568416,-0.3376639485359192,-1.5876638889312744,assist,Yes
395,1,1,0.7981867729389246,-0.33263877034187317,-1.7076387405395508,assist,Yes
396,1,1,0.9241418272911436,-0.23635233938694,-2.7363524436950684,assist,Yes
397,1,1,0.9241418220680101,-0.3257088363170624,-2.8257088661193848,assist,Yes
398,1,1,0.8670357735451834,-0.48194730281829834,-2.356947422027588,assist,Yes
399,1,1,0.8807970779778823,-0.3028135299682617,-2.3028135299682617,assist,Yes
400,1,1,0.8175744850834649,-0.4259132742881775,-1.9259133338928223,assist,Yes
401,1,1,0.880797081106935,-0.32225891947746277,-2.322258949279785,assist,Yes
402,1,0,0.08509904732734556,-2.5582969188690186,-0.18329694867134094,assist,No
403,1,1,0.9706877726405082,-0.3396509885787964,-3.839651107788086,assist,Yes
404,1,1,0.8354835330070839,-0.32031574845314026,-1.9453157186508179,assist,Yes
405,1,1,0.9241418158002492,-0.35323792695999146,-2.8532378673553467,assist,Yes
406,1,1,0.9525741227833249,-0.39138469099998474,-3.3913846015930176,assist,Yes
407,1,1,0.9324533144915912,-0.34659329056739807,-2.9715933799743652,assist,Yes
408,1,1,0.9465966656805269,-0.39887675642967224,-3.273876667022705,assist,Yes
409,1,1,0.5621765008857981,-0.7619990110397339,-1.0119990110397339,assist,Yes
410,1,1,0.9324533069832973,-0.2673089802265167,-2.8923089504241943,assist,Yes
411,1,1,0.9740426443092215,-0.2503005862236023,-3.875300645828247,assist,Yes
412,1,1,0.9820137931962463,-0.5393155217170715,-4.539315700531006,assist,Yes
413,1,1,0.7772998560157665,-0.37343302369117737,-1.623432993888855,assist,Yes
414,1,1,0.8519528132451416,-0.33511725068092346,-2.0851173400878906,assist,Yes
415,1,1,0.9579122756889438,-0.3532520830631256,-3.4782521724700928,assist,Yes
416,1,1,0.5621765008857981,-0.6882004737854004,-0.9382004737854004,assist,Yes
417,1,0,0.22270013882530884,-1.5879852771759033,-0.3379852771759033,assist,No
418,1,0,0.16451647108926923,-1.8802402019500732,-0.255240261554718,assist,No
419,1,1,0.7310585786300049,-0.4647536277770996,-1.4647536277770996,assist,Yes
420,1,1,0.8354835452961425,-0.3511478304862976,-1.9761478900909424,assist,Yes
421,1,0,0.37754066879814546,-1.0830707550048828,-0.5830707550048828,assist,No
422,1,0,0.22270013366638422,-1.6054879426956177,-0.3554879128932953,assist,No
423,1,1,0.970687766704745,-0.3750494420528412,-3.875049352645874,assist,Yes
424,1,1,0.6513548646660542,-0.5051591396331787,-1.1301591396331787,assist,Yes
425,1,1,0.5621765008857981,-0.6363863945007324,-0.8863863945007324,assist,Yes
426,1,1,0.9465966686936261,-0.3989737331867218,-3.2739737033843994,assist,Yes
427,1,1,0.9579122756889438,-0.29291239380836487,-3.417912483215332,assist,Yes
428,1,1,0.6791787121629466,-0.4844474196434021,-1.2344474792480469,assist,Yes
429,1,1,0.5621765008857981,-0.8109145164489746,-1.0609145164489746,assist,Yes
430,1,1,0.9149009549929797,-0.39931344985961914,-2.774313449859619,assist,Yes
431,1,1,0.9399133447766225,-0.4049597680568695,-3.1549596786499023,assist,Yes
432,1,1,0.9796676496254957,-0.40493807196617126,-4.279938220977783,assist,Yes
433,1,0,0.13296422989056964,-2.1814022064208984,-0.3064021170139313,assist,No
434,1,0,0.13296424019782924,-2.108842134475708,-0.233842134475708,assist,No
435,1,1,0.8175744806385543,-0.44704052805900574,-1.9470405578613281,assist,Yes
436,1,1,0.9579122732859019,-0.24387547373771667,-3.368875503540039,assist,Yes
437,1,0,0.20181322226037882,-1.6433508396148682,-0.26835083961486816,assist,No
438,1,1,0.6513548511303336,-0.48517829179763794,-1.1101782321929932,assist,Yes
439,1,1,0.6513548782017746,-0.58138507604599,-1.2063851356506348,assist,Yes
440,1,1,0.8175744761936437,-0.3124988079071045,-1.8124988079071045,assist,Yes
441,1,1,0.9626731137267751,-0.38322755694389343,-3.633227586746216,assist,Yes
442,1,0,0.29421497216298875,-1.306618571281433,-0.4316185712814331,assist,No
443,1,1,0.9324533013520764,-0.2680121660232544,-2.893012046813965,assist,Yes
444,1,0,0.3775406547908327,-1.1671664714813232,-0.6671664118766785,assist,No
445,1,1,0.8175744761936437,-0.2782282829284668,-1.7782282829284668,assist,Yes
446,1,1,0.6513548782017746,-0.7147447466850281,-1.3397448062896729,assist,Yes
447,1,1,0.9579122696813394,-0.38724952936172485,-3.51224946975708,assist,Yes
448,1,0,0.32082130082460697,-1.2679402828216553,-0.5179402828216553,assist,No
449,1,0,0.26894141551050293,-1.4375689029693604,-0.43756887316703796,assist,No
450,1,0,0.5,-0.732667088508606,-0.732667088508606,assist,No
451,1,1,0.5926666143433998,-0.7494246363639832,-1.124424695968628,assist,Yes
452,1,1,0.952574129515172,-0.3917989134788513,-3.391798973083496,assist,Yes
453,1,1,0.8175744761936437,-0.39809513092041016,-1.8980951309204102,assist,Yes
454,1,1,0.9046505325302034,-0.4423978626728058,-2.6923978328704834,assist,Yes
455,1,1,0.9241418116217418,-0.4203678369522095,-2.92036771774292,assist,Yes
456,1,1,0.867035752930664,-0.3186383843421936,-2.193638324737549,assist,Yes
457,1,1,0.9579122708828604,-0.2922866642475128,-3.4172866344451904,assist,Yes
458,1,1,0.9820137897747135,-0.17815400660037994,-4.178153991699219,assist,Yes
459,1,1,0.9706877684006775,-0.27964428067207336,-3.779644250869751,assist,Yes
460,1,1,0.914900945711678,-0.4295145273208618,-2.8045144081115723,assist,Yes
461,1,1,0.7310585786300049,-0.4336686134338379,-1.433668613433838,assist,Yes
462,1,1,0.8807970779778823,-0.4298410415649414,-2.4298410415649414,assist,Yes
463,1,1,0.9669140235181256,-0.5031492114067078,-3.8781492710113525,assist,Yes
464,1,1,0.6224593312018546,-0.7431832551956177,-1.2431832551956177,assist,Yes
465,1,1,0.9525741254760638,-0.22679403424263,-3.2267940044403076,assist,Yes
466,1,1,0.985936372130286,-0.21533161401748657,-4.465331554412842,assist,Yes
467,1,1,0.7310585786300049,-0.5432150363922119,-1.543215036392212,assist,Yes
468,1,1,0.9626731147976793,-0.31689637899398804,-3.566896438598633,assist,Yes
469,1,1,0.9579122696813394,-0.29328709840774536,-3.4182870388031006,assist,Yes
470,1,1,0.9740426375276384,-0.4104263484477997,-4.035426139831543,assist,Yes
471,1,1,0.9525741227833249,-0.2703190743923187,-3.2703189849853516,assist,Yes
472,1,1,0.9399133498259924,-0.31011009216308594,-3.060110092163086,assist,Yes
473,1,1,0.9890130583409233,-0.32374802231788635,-4.8237481117248535,assist,Yes
474,1,1,0.9706877658567789,-0.455325722694397,-3.9553256034851074,assist,Yes
475,1,1,0.9399133447766225,-0.339329332113266,-3.089329242706299,assist,Yes
476,1,1,0.9399133464597458,-0.3715086579322815,-3.1215085983276367,assist,Yes
477,1,1,0.9706877726405082,-0.2540682554244995,-3.754068374633789,assist,Yes
478,1,1,0.5621765155565327,-0.7724971175193787,-1.0224971771240234,assist,Yes
479,1,1,0.9669140254249554,-0.34483182430267334,-3.719831943511963,assist,Yes
480,1,1,0.9740426450627306,-0.2507118284702301,-3.8757119178771973,assist,Yes
481,1,0,0.022977368070153135,-3.836174964904785,-0.08617488294839859,assist,No
482,1,1,0.9241418116217418,-0.4580594301223755,-2.958059310913086,assist,Yes
483,1,1,0.8354835289107309,-0.5531535744667053,-2.1781535148620605,assist,Yes
484,1,1,0.9465966747198243,-0.2552715837955475,-3.1302716732025146,assist,Yes
485,1,1,0.9525741241296944,-0.39400535821914673,-3.394005298614502,assist,Yes
486,1,1,0.9579122708828604,-0.2934425175189972,-3.418442487716675,assist,Yes
487,1,1,0.7057850402140659,-0.44302648305892944,-1.3180265426635742,assist,Yes
488,1,1,0.9241418126663687,-0.236031636595726,-2.7360315322875977,assist,Yes
489,1,1,0.9626731158685837,-0.2613145411014557,-3.511314630508423,assist,Yes
490,1,1,0.9706877722165251,-0.2294098287820816,-3.72940993309021,assist,Yes
491,1,1,0.9324533163686646,-0.3462017774581909,-2.9712018966674805,assist,Yes
492,1,1,0.9770226287518852,-0.44950395822525024,-4.1995038986206055,assist,Yes
493,1,1,0.9149009549929797,-0.28496456146240234,-2.6599645614624023,assist,Yes
494,1,1,0.9465966747198243,-0.27736034989356995,-3.152360439300537,assist,Yes
495,1,1,0.9399133498259924,-0.31046104431152344,-3.0604610443115234,assist,Yes
496,1,1,0.9840936092211993,-0.3631071448326111,-4.488107204437256,assist,Yes
497,1,0,0.3775406547908327,-1.145867109298706,-0.6458670496940613,assist,No
498,1,0,0.3775406828054583,-1.1268036365509033,-0.6268036961555481,assist,No
499,1,1,0.7057850278370112,-0.5214040279388428,-1.3964040279388428,assist,Yes
500,1,1,0.8354835309589073,-0.24826006591320038,-1.8732600212097168,assist,Yes
501,1,0,0.26894141551050293,-1.4265836477279663,-0.4265836179256439,assist,No
502,1,1,0.5312093733737563,-0.8521920442581177,-0.9771920442581177,assist,Yes
503,1,1,0.7981867729389246,-0.4009322226047516,-1.7759321928024292,assist,Yes
504,1,0,0.2689414096510108,-1.5131394863128662,-0.5131394267082214,assist,No
505,1,0,0.34864513533394575,-1.1762570142745972,-0.5512570142745972,assist,No
506,1,0,0.4073334000459302,-1.0354405641555786,-0.6604405641555786,assist,No
507,1,1,0.7310585786300049,-0.4820817708969116,-1.4820817708969116,assist,Yes
508,1,1,0.9740426428022031,-0.33766818046569824,-3.9626681804656982,assist,Yes
509,1,1,0.8807970842359877,-0.32110947370529175,-2.3211095333099365,assist,Yes
510,1,1,0.5926665999540697,-0.618864119052887,-0.993864119052887,assist,Yes
511,1,0,0.24508500761839525,-1.4595199823379517,-0.3345199525356293,assist,No
512,1,1,0.7310585669110203,-0.5305448174476624,-1.5305447578430176,assist,Yes
513,1,1,0.9465966656805269,-0.4365402162075043,-3.311540126800537,assist,Yes
514,1,1,0.9669140235181256,-0.25818198919296265,-3.6331820487976074,assist,Yes
515,1,1,0.932453304167687,-0.21136601269245148,-2.8363659381866455,assist,Yes
516,1,0,0.4073334000459302,-0.9623621106147766,-0.5873621106147766,assist,No
517,1,1,0.9324533144915912,-0.317739874124527,-2.942739963531494,assist,Yes
518,1,1,0.817574471748733,-0.46773961186408997,-1.9677395820617676,assist,Yes
519,1,1,0.9579122696813394,-0.6131299138069153,-3.7381298542022705,assist,Yes
520,1,1,0.6513548646660542,-0.5226083993911743,-1.1476083993911743,assist,Yes
521,1,1,0.8933094003735664,-0.3903985619544983,-2.5153985023498535,assist,Yes
522,1,1,0.8354835207180245,-0.5584193468093872,-2.1834192276000977,assist,Yes
523,1,1,0.8807970873650403,-0.40170517563819885,-2.401705265045166,assist,Yes
524,1,1,0.8519527982093668,-0.43991997838020325,-2.189919948577881,assist,Yes
525,1,1,0.8670357598021706,-0.3178138732910156,-2.1928138732910156,assist,Yes
526,1,0,0.24508501864634827,-1.4751098155975342,-0.35010984539985657,assist,No
527,1,0,0.20181322226037882,-1.6869969367980957,-0.3119969367980957,assist,No
528,1,1,0.914900945711678,-0.3935791254043579,-2.7685790061950684,assist,Yes
529,1,1,0.9525741268224334,-0.2970404624938965,-3.2970404624938965,assist,Yes
530,1,1,0.5312093733737563,-0.7658450603485107,-0.8908450603485107,assist,Yes
531,1,1,0.9669140187510509,-0.2831014096736908,-3.6581013202667236,assist,Yes
532,1,0,0.34864513533394575,-1.1905571222305298,-0.5655571222305298,assist,No
533,1,1,0.9820137926698564,-0.402885764837265,-4.402885913848877,assist,Yes
534,1,1,0.5926665999540697,-0.6578391790390015,-1.0328391790390015,assist,Yes
535,1,1,0.914900957313305,-0.3938457667827606,-2.768845796585083,assist,Yes
536,1,1,0.867035763237924,-0.44177505373954773,-2.31677508354187,assist,Yes
537,1,1,0.9669140187510509,-0.2570129334926605,-3.6320128440856934,assist,Yes
538,1,1,0.9740426443092215,-0.37294143438339233,-3.997941493988037,assist,Yes
539,1,0,0.2689414330889798,-1.4008829593658447,-0.4008830189704895,assist,No
540,1,1,0.7310585786300049,-0.40348243713378906,-1.403482437133789,assist,Yes
541,1,1,0.5926665999540697,-0.6579142808914185,-1.0329142808914185,assist,Yes
542,1,1,0.9840936096877062,-0.36334648728370667,-4.488346576690674,assist,Yes
543,1,1,0.9465966671870767,-0.43818122148513794,-3.313181161880493,assist,Yes
544,1,1,0.9740426428022031,-0.25080108642578125,-3.8758010864257812,assist,Yes
545,1,0,0.10669058684467357,-2.2640907764434814,-0.13909070193767548,assist,No
546,1,1,0.817574478416099,-0.24338971078395844,-1.7433897256851196,assist,Yes
547,1,1,0.6513548646660542,-0.6857813596725464,-1.3107813596725464,assist,Yes
548,1,1,0.8933093975331751,-0.41917404532432556,-2.5441739559173584,assist,Yes
549,1,1,0.970687766704745,-0.27972540259361267,-3.7797253131866455,assist,Yes
550,1,0,0.4073334000459302,-1.0918883085250854,-0.7168883085250854,assist,No
551,1,1,0.5621765008857981,-0.7043402791023254,-0.9543402791023254,assist,Yes
552,1,1,0.9579122732859019,-0.26671716570854187,-3.3917171955108643,assist,Yes
553,1,1,0.7057850278370112,-0.5083531141281128,-1.3833531141281128,assist,Yes
554,1,1,0.867035752930664,-0.44732338190078735,-2.3223233222961426,assist,Yes
555,1,1,0.9324533088603709,-0.3180053234100342,-2.943005323410034,assist,Yes
556,1,1,0.9626731137267751,-0.2619645297527313,-3.5119645595550537,assist,Yes
557,1,1,0.7549149868676283,-0.519761323928833,-1.644761323928833,assist,Yes
558,1,1,0.6224593312018546,-0.631718635559082,-1.131718635559082,assist,Yes
559,1,0,0.24508500210441886,-1.5662779808044434,-0.4412779211997986,assist,No
560,1,0,0.4073334000459302,-1.0834261178970337,-0.7084261178970337,assist,No
561,1,1,0.7772998611746911,-0.42359256744384766,-1.6735925674438477,assist,Yes
562,1,0,0.22270013366638422,-1.6700102090835571,-0.42001017928123474,assist,No
563,1,1,0.880797071719777,-0.4300435185432434,-2.4300434589385986,assist,Yes
564,1,1,0.9875683462197239,-0.3980867862701416,-4.7730865478515625,assist,Yes
565,1,1,0.7549149868676283,-0.4560016393661499,-1.58100163936615,assist,Yes
566,1,1,0.9740426428022031,-0.2504763603210449,-3.875476360321045,assist,Yes
567,1,1,0.6224593312018546,-0.5857594013214111,-1.0857594013214111,assist,Yes
568,1,1,0.7772998714925403,-0.4047064185142517,-1.6547064781188965,assist,Yes
569,1,1,0.7772998611746911,-0.38837921619415283,-1.6383792161941528,assist,Yes
570,1,1,0.9706877726405082,-0.599901556968689,-4.0999016761779785,assist,Yes
571,1,1,0.7057850278370112,-0.4432861804962158,-1.3182861804962158,assist,Yes
572,1,1,0.9669140187510509,-0.2577532231807709,-3.6327531337738037,assist,Yes
573,1,1,0.5621765155565327,-0.7941378951072693,-1.044137954711914,assist,Yes
574,1,0,0.1480472055495773,-1.9692442417144775,-0.21924430131912231,assist,No
575,1,1,0.9525741274956179,-0.2265767902135849,-3.226576805114746,assist,Yes
576,1,1,0.7772998611746911,-0.5257424116134644,-1.7757424116134644,assist,Yes
577,1,1,0.9149009480320036,-0.3082478940486908,-2.6832478046417236,assist,Yes
578,1,1,0.9399133481428692,-0.3721320927143097,-3.1221320629119873,assist,Yes
579,1,1,0.880797071719777,-0.4015570282936096,-2.401556968688965,assist,Yes
580,1,1,0.9399133481428692,-0.3709714710712433,-3.120971441268921,assist,Yes
581,1,0,0.29421496597446145,-1.3247947692871094,-0.449794739484787,assist,No
582,1,1,0.9626731169394882,-0.26168763637542725,-3.511687755584717,assist,Yes
583,1,1,0.5621765008857981,-0.6901408433914185,-0.9401408433914185,assist,Yes
584,1,1,0.9399133531922388,-0.53276127576828,-3.282761335372925,assist,Yes
585,1,1,0.6513548646660542,-0.6131718158721924,-1.2381718158721924,assist,Yes
586,1,1,0.9706877717925421,-0.2535354197025299,-3.753535509109497,assist,Yes
587,1,1,0.9740426435557125,-0.3053397834300995,-3.930339813232422,assist,Yes
588,1,1,0.939913354875362,-0.44305625557899475,-3.193056344985962,assist,Yes
589,1,1,0.9241418137109955,-0.49896201491355896,-2.998961925506592,assist,Yes
590,1,1,0.7772998611746911,-0.562149167060852,-1.812149167060852,assist,Yes
591,1,0,0.07585817793199003,-2.693366050720215,-0.19336602091789246,assist,No
592,1,1,0.7310585786300049,-0.5037298202514648,-1.5037298202514648,assist,Yes
593,1,1,0.7981867873410141,-0.6084138751029968,-1.9834139347076416,assist,Yes
594,1,1,0.8807970873650403,-0.4322260916233063,-2.4322261810302734,assist,Yes
595,1,1,0.9770226347732859,-0.33460357785224915,-4.084603786468506,assist,Yes
596,1,1,0.9399133531922388,-0.5761434435844421,-3.326143503189087,assist,Yes
597,1,1,0.966914019704466,-0.41788798570632935,-3.7928879261016846,assist,Yes
598,1,1,0.9706877679766944,-0.1888168305158615,-3.688816785812378,assist,Yes
599,1,1,0.9579122756889438,-0.20153895020484924,-3.3265390396118164,assist,Yes
600,1,1,0.5621765008857981,-0.8216733932495117,-1.0716733932495117,assist,Yes
601,1,1,0.7057850216484838,-0.4683707058429718,-1.3433706760406494,assist,Yes
602,1,0,0.2942149783515162,-1.3017724752426147,-0.42677250504493713,assist,No
603,1,1,0.9399133498259924,-0.337963342666626,-3.087963342666626,assist,Yes
604,1,1,0.939913343093499,-0.44453537464141846,-3.194535255432129,assist,Yes
605,1,1,0.7772998611746911,-0.39480555057525635,-1.6448055505752563,assist,Yes
606,1,1,0.9241418241572634,-0.3845600485801697,-2.8845601081848145,assist,Yes
607,1,1,0.9149009619539553,-0.2661339342594147,-2.641134023666382,assist,Yes
608,1,0,0.22270014398423357,-1.5884150266647339,-0.3384150564670563,assist,No
609,1,1,0.939913343093499,-0.486061692237854,-3.2360615730285645,assist,Yes
610,1,1,0.9525741227833249,-0.3930705487728119,-3.3930704593658447,assist,Yes
611,1,1,0.9399133447766225,-0.2825251519680023,-3.032525062561035,assist,Yes
612,1,1,0.9579122678790578,-0.22053776681423187,-3.3455376625061035,assist,Yes
613,1,0,0.2689414272294874,-1.3605002164840698,-0.3605002462863922,assist,No
614,1,1,0.7981867777396212,-0.40479230880737305,-1.779792308807373,assist,Yes
615,1,1,0.8175744761936437,-0.44751811027526855,-1.9475181102752686,assist,Yes
616,1,1,0.9399133531922388,-0.31006234884262085,-3.0600624084472656,assist,Yes
617,1,1,0.7057850278370112,-0.4829130172729492,-1.3579130172729492,assist,Yes
618,1,0,0.24508500761839525,-1.5127333402633667,-0.3877333104610443,assist,No
619,1,1,0.7772998714925403,-0.3604575991630554,-1.6104576587677002,assist,Yes
620,1,1,0.880797071719777,-0.43307119607925415,-2.4330711364746094,assist,Yes
621,1,1,0.8933094131553264,-0.23784653842449188,-2.362846612930298,assist,Yes
622,1,1,0.924141817889503,-0.27660515904426575,-2.7766051292419434,assist,Yes
623,1,1,0.957912274487423,-0.4253384470939636,-3.5503385066986084,assist,Yes
624,1,1,0.9241418262465169,-0.35588541626930237,-2.8558855056762695,assist,Yes
625,1,1,0.9525741254760638,-0.3594498932361603,-3.359449863433838,assist,Yes
626,1,1,0.7057850340255386,-0.47108539938926697,-1.3460854291915894,assist,Yes
627,1,1,0.5312093733737563,-0.7499794363975525,-0.8749794363975525,assist,Yes
628,1,1,0.7310585786300049,-0.46795332431793213,-1.4679533243179321,assist,Yes
629,1,1,0.817574471748733,-0.41541245579719543,-1.915412425994873,assist,Yes
630,1,1,0.7772998560157665,-0.38828566670417786,-1.6382856369018555,assist,Yes
631,1,1,0.9241418116217418,-0.420230507850647,-2.9202303886413574,assist,Yes
632,1,1,0.9669140206578809,-0.37893179059028625,-3.753931760787964,assist,Yes
633,1,1,0.6224593312018546,-0.5913054943084717,-1.0913054943084717,assist,Yes
634,1,1,0.5312093733737563,-0.7327223420143127,-0.8577223420143127,assist,Yes
635,1,1,0.9740426450627306,-0.3720947802066803,-3.9970948696136475,assist,Yes
636,1,0,0.34864513533394575,-1.224053144454956,-0.599053144454956,assist,No
637,1,0,0.32082130082460697,-1.2890228033065796,-0.5390228033065796,assist,No
638,1,1,0.880797068590724,-0.3705492913722992,-2.370549201965332,assist,Yes
639,1,1,0.8519528019683106,-0.43251609802246094,-2.182516098022461,assist,Yes
640,1,1,0.9324533107374443,-0.31741854548454285,-2.9424185752868652,assist,Yes
641,1,1,0.9324533051062237,-0.34385138750076294,-2.968851327896118,assist,Yes
642,1,1,0.9579122720843811,-0.3214585781097412,-3.446458578109741,assist,Yes
643,1,0,0.34864513533394575,-1.276316523551941,-0.6513165235519409,assist,No
644,1,1,0.8933094060543487,-0.30867600440979004,-2.43367600440979,assist,Yes
645,1,1,0.9770226287518852,-0.3030720353126526,-4.053071975708008,assist,Yes
646,1,1,0.9890130583409233,-0.3242324888706207,-4.824232578277588,assist,Yes
647,1,1,0.9465966702001757,-0.277773380279541,-3.152773380279541,assist,Yes
648,1,1,0.9525741281688026,-0.32598206400871277,-3.325982093811035,assist,Yes
649,1,1,0.9465966702001757,-0.3034639358520508,-3.178463935852051,assist,Yes
650,1,1,0.731058584489497,-0.4367518126964569,-1.4367518424987793,assist,Yes
651,1,1,0.9796676460637103,-0.3316808044910431,-4.206680774688721,assist,Yes
652,1,1,0.5621765008857981,-0.6751754283905029,-0.9251754283905029,assist,Yes
653,1,1,0.9046505428129514,-0.44026198983192444,-2.6902620792388916,assist,Yes
654,1,1,0.9525741315347259,-0.24733389914035797,-3.2473340034484863,assist,Yes
655,1,1,0.7981867729389246,-0.36267974972724915,-1.7376797199249268,assist,Yes
656,1,1,0.817574471748733,-0.2961527407169342,-1.7961527109146118,assist,Yes
657,1,1,0.6513548511303336,-0.6758111119270325,-1.3008110523223877,assist,Yes
658,1,1,0.6513548782017746,-0.6670157313346863,-1.292015790939331,assist,Yes
659,1,1,0.867035763237924,-0.33724185824394226,-2.2122418880462646,assist,Yes
660,1,0,0.3486451217982255,-1.373077630996704,-0.7480775713920593,assist,No
661,1,0,0.3208212878370535,-1.3015873432159424,-0.5515872836112976,assist,No
662,1,1,0.679178699175393,-0.6861840486526489,-1.436184048652649,assist,Yes
663,1,1,0.979667647844603,-0.49214786291122437,-4.367147922515869,assist,Yes
664,1,1,0.9324533069832973,-0.3778550922870636,-3.002855062484741,assist,Yes
665,1,1,0.880797068590724,-0.3008671700954437,-2.3008670806884766,assist,Yes
666,1,0,0.5,-0.7679468989372253,-0.7679468989372253,assist,No
667,1,1,0.6513548511303336,-0.5305443406105042,-1.1555442810058594,assist,Yes
668,1,1,0.7981867873410141,-0.5646533370018005,-1.9396533966064453,assist,Yes
669,1,1,0.7772998714925403,-0.6604761481285095,-1.9104762077331543,assist,Yes
670,1,1,0.9706877679766944,-0.18891553580760956,-3.688915491104126,assist,Yes
671,1,1,0.6513548646660542,-0.5810227394104004,-1.2060227394104004,assist,Yes
672,1,0,0.4073334000459302,-1.0788499116897583,-0.7038499116897583,assist,No
673,1,1,0.8354835371034369,-0.35387492179870605,-1.978874921798706,assist,Yes
674,1,1,0.914900945711678,-0.3105984926223755,-2.685598373413086,assist,Yes
675,1,1,0.9740426382811477,-0.4107291102409363,-4.035728931427002,assist,Yes
676,1,1,0.974042642048694,-0.27602484822273254,-3.90102481842041,assist,Yes
677,1,1,0.8354835330070839,-0.3746437132358551,-1.9996436834335327,assist,Yes
678,1,1,0.9399133531922388,-0.3094310164451599,-3.0594310760498047,assist,Yes
679,1,1,0.9579122768904644,-0.2929180860519409,-3.4179182052612305,assist,Yes
680,1,1,0.97068777009661,-0.37566468119621277,-3.875664710998535,assist,Yes
681,1,1,0.8807970654616711,-0.46706926822662354,-2.467069149017334,assist,Yes
682,1,1,0.957912274487423,-0.38719838857650757,-3.5121984481811523,assist,Yes
683,1,1,0.9579122696813394,-0.2662733197212219,-3.391273260116577,assist,Yes
684,1,1,0.7772998611746911,-0.49153196811676025,-1.7415319681167603,assist,Yes
685,1,0,0.4378234991142019,-0.9899665713310242,-0.7399665713310242,assist,No
686,1,1,0.9840936092211993,-0.26748937368392944,-4.392489433288574,assist,Yes
687,1,1,0.6224593312018546,-0.5956661701202393,-1.0956661701202393,assist,Yes
688,1,1,0.9241418283357702,-0.3002060651779175,-2.800206184387207,assist,Yes
689,1,1,0.966914019704466,-0.37896639108657837,-3.7539663314819336,assist,Yes
690,1,1,0.8354835493924953,-0.39799895882606506,-2.0229990482330322,assist,Yes
691,1,1,0.9706877675527112,-0.45524150133132935,-3.9552414417266846,assist,Yes
692,1,1,0.9241418262465169,-0.326254278421402,-2.826254367828369,assist,Yes
693,1,1,0.9046505428129514,-0.37253084778785706,-2.622530937194824,assist,Yes
694,1,0,0.46879062662624377,-0.8195948600769043,-0.6945948600769043,assist,No
695,1,0,0.24508501864634827,-1.5811398029327393,-0.45613983273506165,assist,No
696,1,1,0.679178699175393,-0.6944407224655151,-1.4444407224655151,assist,Yes
697,1,0,0.3775406828054583,-1.0964124202728271,-0.5964124798774719,assist,No
698,1,1,0.8175744761936437,-0.33740246295928955,-1.8374024629592896,assist,Yes
699,1,1,0.7981867729389246,-0.40134158730506897,-1.7763415575027466,assist,Yes
700,1,1,0.9149009596336303,-0.3652486205101013,-2.740248680114746,assist,Yes
701,1,1,0.9579122696813394,-0.20240861177444458,-3.3274085521698,assist,Yes
702,1,1,0.9149009596336303,-0.362235963344574,-2.7372360229492188,assist,Yes
703,1,1,0.9626731137267751,-0.3825518786907196,-3.632551908493042,assist,Yes
704,1,1,0.9046505402422645,-0.5178653597831726,-2.7678654193878174,assist,Yes
705,1,1,0.5926665999540697,-0.6119433641433716,-0.9869433641433716,assist,Yes
706,1,1,0.9525741214369554,-0.32884514331817627,-3.3288450241088867,assist,Yes
707,1,1,0.5312093733737563,-0.8510104417800903,-0.9760104417800903,assist,Yes
708,1,1,0.6224593312018546,-0.7816189527511597,-1.2816189527511597,assist,Yes
709,1,1,0.9840936078216783,-0.3627200424671173,-4.487720012664795,assist,Yes
710,1,1,0.9046505325302034,-0.37632301449775696,-2.6263229846954346,assist,Yes
711,1,1,0.835483553488848,-0.44773709774017334,-2.072737216949463,assist,Yes
712,1,1,0.9796676436891864,-0.446906715631485,-4.321906566619873,assist,Yes
713,1,1,0.9525741254760638,-0.35745003819465637,-3.357450008392334,assist,Yes
714,1,1,0.9399133481428692,-0.48418596386909485,-3.2341859340667725,assist,Yes
715,1,0,0.4073334000459302,-0.9902596473693848,-0.6152596473693848,assist,No
716,1,1,0.5312093733737563,-0.7730454206466675,-0.8980454206466675,assist,Yes
717,1,1,0.914900950352329,-0.508172333240509,-2.8831722736358643,assist,Yes
718,1,1,0.914900957313305,-0.31074878573417664,-2.685748815536499,assist,Yes
719,1,1,0.880797071719777,-0.30283123254776,-2.3028311729431152,assist,Yes
720,1,1,0.7772998663336157,-0.34850844740867615,-1.5985084772109985,assist,Yes
721,1,1,0.9149009480320036,-0.2875610291957855,-2.6625609397888184,assist,Yes
722,1,1,0.9740426443092215,-0.337080180644989,-3.962080240249634,assist,Yes
723,1,1,0.7772998611746911,-0.37379908561706543,-1.6237990856170654,assist,Yes
724,1,1,0.7057850278370112,-0.5216348171234131,-1.396634817123413,assist,Yes
725,1,1,0.9525741308615412,-0.3919748365879059,-3.391974925994873,assist,Yes
726,1,1,0.9859363725435202,-0.26561692357063293,-4.5156168937683105,assist,Yes
727,1,1,0.9740426412951848,-0.3723641037940979,-3.997364044189453,assist,Yes
728,1,1,0.9399133498259924,-0.3701024055480957,-3.1201024055480957,assist,Yes
729,1,1,0.9324533032291502,-0.3767882287502289,-3.0017881393432617,assist,Yes
730,1,0,0.16451645470385742,-1.8517003059387207,-0.22670024633407593,assist,No
731,1,1,0.9626731137267751,-0.3162975013256073,-3.5662975311279297,assist,Yes
732,1,1,0.7057850402140659,-0.5716380476951599,-1.4466381072998047,assist,Yes
733,1,1,0.798186768138228,-0.5102236866950989,-1.885223627090454,assist,Yes
734,1,1,0.8354835371034369,-0.27801787853240967,-1.9030178785324097,assist,Yes
735,1,1,0.9579122720843811,-0.3522758483886719,-3.477275848388672,assist,Yes
736,1,1,0.89330940889474,-0.33168908953666687,-2.4566891193389893,assist,Yes
737,1,1,0.7057850154599563,-0.5369775891304016,-1.4119775295257568,assist,Yes
738,1,1,0.7772998663336157,-0.3269488513469696,-1.576948881149292,assist,Yes
739,1,1,0.7310585669110203,-0.5498455166816711,-1.5498454570770264,assist,Yes
740,1,0,0.24508501864634827,-1.5264543294906616,-0.401454359292984,assist,No
741,1,1,0.9324533051062237,-0.4515255093574524,-3.0765254497528076,assist,Yes
742,1,1,0.9465966671870767,-0.3312733769416809,-3.206273317337036,assist,Yes
743,1,1,0.8519527944504226,-0.4304836392402649,-2.18048357963562,assist,Yes
744,1,1,0.9241418262465169,-0.27659645676612854,-2.7765965461730957,assist,Yes
745,1,1,0.8933094060543487,-0.42240166664123535,-2.5474016666412354,assist,Yes
746,1,1,0.5621765008857981,-0.6669521331787109,-0.9169521331787109,assist,Yes
747,1,0,0.4073334000459302,-0.9586860537528992,-0.5836860537528992,assist,No
748,1,1,0.9706877722165251,-0.20807971060276031,-3.7080798149108887,assist,Yes
749,1,1,0.9241418158002492,-0.32734233140945435,-2.8273422718048096,assist,Yes
750,1,0,0.2942149845400438,-1.3581559658050537,-0.4831560254096985,assist,No
751,1,1,0.966914017797636,-0.31213104724884033,-3.687130928039551,assist,Yes
752,1,1,0.7057850278370112,-0.5032565593719482,-1.3782565593719482,assist,Yes
753,1,1,0.7549149868676283,-0.494742751121521,-1.619742751121521,assist,Yes
754,1,1,0.835483553488848,-0.5209540128707886,-2.145954132080078,assist,Yes
755,1,0,0.2018132270610754,-1.6556339263916016,-0.28063395619392395,assist,No
756,1,1,0.9046505376715775,-0.29560038447380066,-2.545600414276123,assist,Yes
757,1,0,0.11920292828022305,-2.178236246109009,-0.17823630571365356,assist,No
758,1,1,0.8354835248143776,-0.4268270432949066,-2.0518269538879395,assist,Yes
759,1,0,0.4378234991142019,-0.9447405934333801,-0.6947405934333801,assist,No
760,1,0,0.24508501313237172,-1.5804859399795532,-0.4554859399795532,assist,No
761,1,1,0.9399133515091156,-0.406539648771286,-3.1565396785736084,assist,Yes
762,1,1,0.9241418241572634,-0.4201893210411072,-2.920189380645752,assist,Yes
763,1,1,0.7549149923816048,-0.36633607745170593,-1.4913361072540283,assist,Yes
764,1,1,0.9740426397881662,-0.3735610246658325,-3.998560905456543,assist,Yes
765,1,1,0.9465966732132748,-0.27669137716293335,-3.151691436767578,assist,Yes
766,1,1,0.9525741308615412,-0.2724124491214752,-3.2724125385284424,assist,Yes
767,1,1,0.5621765008857981,-0.6536521911621094,-0.9036521911621094,assist,Yes
768,1,1,0.8807970779778823,-0.46415090560913086,-2.464150905609131,assist,Yes
769,1,1,0.9525741241296944,-0.32670503854751587,-3.326704978942871,assist,Yes
770,1,1,0.9465966671870767,-0.2776227593421936,-3.152622699737549,assist,Yes
771,1,1,0.754914975839675,-0.49505120515823364,-1.6200511455535889,assist,Yes
772,1,1,0.9241418137109955,-0.4224937856197357,-2.9224936962127686,assist,Yes
773,1,0,0.32082130082460697,-1.289893627166748,-0.539893627166748,assist,No
774,1,1,0.9796676514063881,-0.27169108390808105,-4.14669132232666,assist,Yes
775,1,1,0.9626731158685837,-0.3168772757053375,-3.5668773651123047,assist,Yes
776,1,0,0.10669059252545564,-2.3196465969085693,-0.19464658200740814,assist,No
777,1,1,0.8933094174159129,-0.35748374462127686,-2.4824838638305664,assist,Yes
778,1,1,0.8175744761936437,-0.44391512870788574,-1.9439151287078857,assist,Yes
779,1,1,0.9669140216112958,-0.34492063522338867,-3.7199206352233887,assist,Yes
780,1,0,0.34864513533394575,-1.1502809524536133,-0.5252809524536133,assist,No
781,1,1,0.8175744806385543,-0.3414106070995331,-1.8414106369018555,assist,Yes
782,1,1,0.9465966732132748,-0.36327236890792847,-3.2382724285125732,assist,Yes
783,1,1,0.8175744673038221,-0.3240402340888977,-1.824040174484253,assist,Yes
784,1,1,0.679178699175393,-0.6013025045394897,-1.3513025045394897,assist,Yes
785,1,1,0.914900957313305,-0.3968636691570282,-2.7718636989593506,assist,Yes
786,1,1,0.9740426405416754,-0.4109059274196625,-4.035905838012695,assist,Yes
787,1,1,0.798186768138228,-0.42201167345046997,-1.7970116138458252,assist,Yes
788,1,1,0.8933093989533708,-0.2368813306093216,-2.3618812561035156,assist,Yes
789,1,1,0.8933094032139576,-0.3599567711353302,-2.484956741333008,assist,Yes
790,1,1,0.8933094003735664,-0.3088837265968323,-2.4338836669921875,assist,Yes
791,1,1,0.8807970904940926,-0.508269190788269,-2.5082693099975586,assist,Yes
792,1,1,0.8807970779778823,-0.43274474143981934,-2.4327447414398193,assist,Yes
793,1,1,0.9902915232319999,-0.26152995228767395,-4.886529922485352,assist,Yes
794,1,0,0.3486451488696663,-1.15171480178833,-0.5267148613929749,assist,No
795,1,1,0.9840936115537341,-0.26742294430732727,-4.392423152923584,assist,Yes
796,1,1,0.9579122756889438,-0.29254189133644104,-3.417541980743408,assist,Yes
797,1,1,0.9820137937226356,-0.3293907940387726,-4.329391002655029,assist,Yes
798,1,1,0.977022625406662,-0.33529016375541687,-4.08528995513916,assist,Yes
799,1,0,0.3775406547908327,-1.0464861392974854,-0.5464860796928406,assist,No
800,1,1,0.8519528132451416,-0.29907456040382385,-2.049074649810791,assist,Yes
801,1,1,0.9525741227833249,-0.39201220870018005,-3.392012119293213,assist,Yes
802,1,1,0.9465966671870767,-0.43523937463760376,-3.310239315032959,assist,Yes
803,1,1,0.6791787121629466,-0.6548029780387878,-1.4048030376434326,assist,Yes
804,1,1,0.9796676448764484,-0.2712336480617523,-4.146233558654785,assist,Yes
805,1,0,0.37754066879814546,-1.1587539911270142,-0.6587539911270142,assist,No
806,1,1,0.9706877726405082,-0.5007423162460327,-4.000742435455322,assist,Yes
807,1,1,0.9770226320971079,-0.3343271315097809,-4.084327220916748,assist,Yes
808,1,1,0.8519528170040853,-0.4679344892501831,-2.2179346084594727,assist,Yes
809,1,1,0.7981867825403176,-0.37924668192863464,-1.754246711730957,assist,Yes
810,1,1,0.9740426465697489,-0.4977782666683197,-4.122778415679932,assist,Yes
811,1,0,0.22270013366638422,-1.5418317317962646,-0.29183170199394226,assist,No
812,1,1,0.7772998714925403,-0.475921094417572,-1.7259211540222168,assist,Yes
813,1,1,0.9669140201811735,-0.23381070792675018,-3.6088106632232666,assist,Yes
814,1,1,0.6513548782017746,-0.5763949751853943,-1.201395034790039,assist,Yes
815,1,1,0.8519528057272543,-0.376571387052536,-2.1265714168548584,assist,Yes
816,1,1,0.798186768138228,-0.4669995903968811,-1.8419995307922363,assist,Yes
817,1,0,0.5,-0.8785505294799805,-0.8785505294799805,assist,No
818,1,1,0.9859363729567544,-0.3263130187988281,-4.576313018798828,assist,Yes
819,1,1,0.5621765008857981,-0.7607753276824951,-1.0107753276824951,assist,Yes
820,1,1,0.9796676430955554,-0.30040329694747925,-4.175403118133545,assist,Yes
821,1,1,0.9669140225647107,-0.3128213584423065,-3.687821388244629,assist,Yes
822,1,1,0.9465966717067252,-0.3639180362224579,-3.2389180660247803,assist,Yes
823,1,1,0.6513548511303336,-0.6514373421669006,-1.2764372825622559,assist,Yes
824,1,1,0.679178699175393,-0.4743218421936035,-1.2243218421936035,assist,Yes
825,1,1,0.7057850154599563,-0.470328152179718,-1.3453280925750732,assist,Yes
826,1,0,0.3775406828054583,-1.0715289115905762,-0.571528971195221,assist,No
827,1,1,0.9399133498259924,-0.28400349617004395,-3.034003496170044,assist,Yes
828,1,0,0.22270012850745968,-1.5767886638641357,-0.32678860425949097,assist,No
829,1,1,0.7057850278370112,-0.6569088697433472,-1.5319088697433472,assist,Yes
830,1,1,0.9399133447766225,-0.2601798474788666,-3.0101797580718994,assist,Yes
831,1,1,0.9796676502191265,-0.33161431550979614,-4.2066144943237305,assist,Yes
832,1,1,0.8354835330070839,-0.3330012857913971,-1.9580012559890747,assist,Yes
833,1,1,0.6513548646660542,-0.5055068731307983,-1.1305068731307983,assist,Yes
834,1,1,0.9626731115849659,-0.34815147519111633,-3.598151445388794,assist,Yes
835,1,1,0.7981867777396212,-0.4193294048309326,-1.7943294048309326,assist,Yes
836,1,1,0.798186768138228,-0.4453776478767395,-1.8203775882720947,assist,Yes
837,1,1,0.9465966717067252,-0.23259779810905457,-3.107597827911377,assist,Yes
838,1,1,0.9669140206578809,-0.41687634587287903,-3.7918763160705566,assist,Yes
839,1,1,0.5926665999540697,-0.6153907179832458,-0.9903907179832458,assist,Yes
840,1,1,0.9241418158002492,-0.19156652688980103,-2.6915664672851562,assist,Yes
841,1,1,0.9465966679403514,-0.21417765319347382,-3.0891776084899902,assist,Yes
842,1,1,0.9579122720843811,-0.35273194313049316,-3.477731943130493,assist,Yes
843,1,0,0.4378234991142019,-0.9360417127609253,-0.6860417127609253,assist,No
844,1,1,0.9669140225647107,-0.3114185035228729,-3.6864185333251953,assist,Yes
845,1,1,0.9241418283357702,-0.4190610647201538,-2.9190611839294434,assist,Yes
846,1,1,0.9399133498259924,-0.441364049911499,-3.191364049911499,assist,Yes
847,1,0,0.07585817949893016,-2.6187050342559814,-0.11870502680540085,assist,No
848,1,0,0.16451645470385742,-1.9103271961212158,-0.28532713651657104,assist,No
849,1,0,0.3486451488696663,-1.110459566116333,-0.4854596257209778,assist,No
850,1,1,0.9525741261492485,-0.14815737307071686,-3.1481573581695557,assist,Yes
851,1,0,0.2689414096510108,-1.3695218563079834,-0.3695217967033386,assist,No
852,1,0,0.29421497216298875,-1.2733509540557861,-0.39835095405578613,assist,No
853,1,1,0.9399133531922388,-0.2842089533805847,-3.0342090129852295,assist,Yes
854,1,1,0.9740426416719393,-0.2264879196882248,-3.851487874984741,assist,Yes
855,1,1,0.9465966702001757,-0.3323674201965332,-3.207367420196533,assist,Yes
856,1,1,0.6513548646660542,-0.5543771982192993,-1.1793771982192993,assist,Yes
857,1,0,0.06754669254743426,-2.7405893802642822,-0.11558940261602402,assist,No
858,1,1,0.952574129515172,-0.39209645986557007,-3.392096519470215,assist,Yes
859,1,1,0.8933094145755219,-0.27031460404396057,-2.3953146934509277,assist,Yes
860,1,0,0.4073334000459302,-1.0294078588485718,-0.6544078588485718,assist,No
861,1,1,0.9626731137267751,-0.38379570841789246,-3.633795738220215,assist,Yes
862,1,1,0.914900950352329,-0.26660019159317017,-2.6416001319885254,assist,Yes
863,1,1,0.939913343093499,-0.31010544300079346,-3.060105323791504,assist,Yes
864,1,1,0.8175744806385543,-0.2901063859462738,-1.7901064157485962,assist,Yes
865,1,1,0.8933094060543487,-0.35561180114746094,-2.480611801147461,assist,Yes
866,1,1,0.7549149868676283,-0.45544350147247314,-1.5804435014724731,assist,Yes
867,1,1,0.7549149868676283,-0.494205117225647,-1.619205117225647,assist,Yes
868,1,1,0.8670357598021706,-0.31779980659484863,-2.1927998065948486,assist,Yes
869,1,1,0.817574471748733,-0.4192318022251129,-1.9192317724227905,assist,Yes
870,1,1,0.8807970842359877,-0.2825741171836853,-2.28257417678833,assist,Yes
871,1,1,0.970687766704745,-0.25347861647605896,-3.753478527069092,assist,Yes
872,1,1,0.9579122732859019,-0.32152435183525085,-3.4465243816375732,assist,Yes
873,1,1,0.7772998663336157,-0.36005327105522156,-1.610053300857544,assist,Yes
874,1,1,0.8670357563664174,-0.3624265491962433,-2.237426519393921,assist,Yes
875,1,1,0.7772998560157665,-0.4918375313282013,-1.741837501525879,assist,Yes
876,1,1,0.9579122732859019,-0.38778015971183777,-3.51278018951416,assist,Yes
877,1,0,0.4073334000459302,-0.9796491861343384,-0.6046491861343384,assist,No
878,1,1,0.7981867729389246,-0.3227258026599884,-1.697725772857666,assist,Yes
879,1,0,0.34864513533394575,-1.3610970973968506,-0.7360970973968506,assist,No
880,1,1,0.7772998663336157,-0.34861990809440613,-1.5986199378967285,assist,Yes
881,1,1,0.9579122726851417,-0.24218152463436127,-3.3671815395355225,assist,Yes
882,1,1,0.9669140206578809,-0.379623681306839,-3.7546236515045166,assist,Yes
883,1,1,0.939913354875362,-0.3129250109195709,-3.062925100326538,assist,Yes
884,1,0,0.4378234991142019,-0.956710696220398,-0.706710696220398,assist,No
885,1,1,0.966914019704466,-0.41802841424942017,-3.7930283546447754,assist,Yes
886,1,1,0.8670357494949105,-0.38763293623924255,-2.2626328468322754,assist,Yes
887,1,1,0.8807970748488297,-0.28568390011787415,-2.2856838703155518,assist,Yes
888,1,1,0.9669140254249554,-0.31193435192108154,-3.686934471130371,assist,Yes
889,1,1,0.9525741227833249,-0.3923357427120209,-3.3923356533050537,assist,Yes
890,1,1,0.5312093882168609,-0.9046267867088318,-1.0296268463134766,assist,Yes
891,1,1,0.9706877684006775,-0.2800016701221466,-3.780001640319824,assist,Yes
892,1,0,0.2689414213699951,-1.3758609294891357,-0.37586092948913574,assist,No
893,1,1,0.8519528132451416,-0.3792625963687897,-2.129262685775757,assist,Yes
894,1,0,0.022977372502573448,-3.8121724128723145,-0.062172528356313705,assist,No
895,1,1,0.9465966702001757,-0.5225720405578613,-3.3975720405578613,assist,Yes
896,1,0,0.3486451285660856,-1.1232537031173706,-0.4982536733150482,assist,No
897,1,1,0.9324533163686646,-0.24679028987884521,-2.8717904090881348,assist,Yes
898,1,1,0.9324533051062237,-0.26948004961013794,-2.894479990005493,assist,Yes
899,1,1,0.914900950352329,-0.3626297116279602,-2.7376296520233154,assist,Yes
900,1,1,0.6513548646660542,-0.5504273176193237,-1.1754273176193237,assist,Yes
901,1,1,0.977022627413796,-0.3698498010635376,-4.119849681854248,assist,Yes
902,1,1,0.7772998611746911,-0.5311968326568604,-1.7811968326568604,assist,Yes
903,1,1,0.9796676514063881,-0.30071425437927246,-4.175714492797852,assist,Yes
904,1,1,0.9525741254760638,-0.29722025990486145,-3.297220230102539,assist,Yes
905,1,1,0.8933094003735664,-0.2689393162727356,-2.393939256668091,assist,Yes
906,1,1,0.9465966679403514,-0.1801920384168625,-3.055191993713379,assist,Yes
907,1,1,0.6224593452091672,-0.56305330991745,-1.0630533695220947,assist,Yes
908,1,1,0.9579122684798184,-0.320565789937973,-3.445565700531006,assist,Yes
909,1,1,0.9241418220680101,-0.299941748380661,-2.7999417781829834,assist,Yes
910,1,1,0.8519527944504226,-0.35360318422317505,-2.1036031246185303,assist,Yes
911,1,1,0.924141817889503,-0.29998496174812317,-2.799984931945801,assist,Yes
912,1,0,0.1645164628965632,-1.8805129528045654,-0.25551295280456543,assist,No
913,1,0,0.5,-0.7379150390625,-0.7379150390625,assist,No
914,1,1,0.8175744584140004,-0.6202603578567505,-2.120260238647461,assist,Yes
915,1,1,0.924141817889503,-0.38640835881233215,-2.8864083290100098,assist,Yes
916,1,1,0.979667647844603,-0.2713722586631775,-4.146372318267822,assist,Yes
917,1,1,0.9046505351008906,-0.22577214241027832,-2.4757721424102783,assist,Yes
918,1,1,0.7549149868676283,-0.43687641620635986,-1.5618764162063599,assist,Yes
919,1,1,0.9046505402422645,-0.2578069567680359,-2.5078070163726807,assist,Yes
920,1,1,0.9890130551025345,-0.3241059482097626,-4.824105739593506,assist,Yes
921,1,1,0.7057850216484838,-0.4233960211277008,-1.2983959913253784,assist,Yes
922,1,1,0.7057850278370112,-0.48660004138946533,-1.3616000413894653,assist,Yes
923,1,0,0.46879062662624377,-0.8554084897041321,-0.7304084897041321,assist,No
924,1,0,0.29421497216298875,-1.4068342447280884,-0.5318342447280884,assist,No
925,1,1,0.9399133439350607,-0.17396126687526703,-2.9239611625671387,assist,Yes
926,1,1,0.8519527906914787,-0.3143208920955658,-2.0643208026885986,assist,Yes
927,1,0,0.3486451217982255,-1.1402909755706787,-0.5152909159660339,assist,No
928,1,1,0.7549149813536518,-0.4765748083591461,-1.6015747785568237,assist,Yes
929,1,1,0.9740426450627306,-0.27694717049598694,-3.901947259902954,assist,Yes
930,1,1,0.9149009596336303,-0.3371536135673523,-2.712153673171997,assist,Yes
931,1,1,0.5926665999540697,-0.6577699184417725,-1.0327699184417725,assist,Yes
932,1,1,0.8670357580842941,-0.2388940006494522,-2.113893985748291,assist,Yes
933,1,1,0.9820137916170774,-0.3296622335910797,-4.329662322998047,assist,Yes
934,1,1,0.8175744761936437,-0.3582378625869751,-1.858237862586975,assist,Yes
935,1,0,0.5,-0.7772292494773865,-0.7772292494773865,assist,No
936,1,1,0.962673116404036,-0.21599449217319489,-3.4659945964813232,assist,Yes
937,1,1,0.9525741214369554,-0.4297553300857544,-3.429755210876465,assist,Yes
938,1,0,0.2942149845400438,-1.3235523700714111,-0.4485524296760559,assist,No
939,1,1,0.6224593171945417,-0.7112074494361877,-1.211207389831543,assist,Yes
940,1,1,0.5621765008857981,-0.7728737592697144,-1.0228737592697144,assist,Yes
941,1,1,0.7057850154599563,-0.49012166261672974,-1.365121603012085,assist,Yes
942,1,1,0.8519528019683106,-0.35831308364868164,-2.1083130836486816,assist,Yes
943,1,0,0.4378234991142019,-0.9185866713523865,-0.6685866713523865,assist,No
944,1,1,0.9241418158002492,-0.3011963963508606,-2.801196336746216,assist,Yes
945,1,1,0.5621765008857981,-0.7007988691329956,-0.9507988691329956,assist,Yes
946,1,0,0.11920290950590741,-2.1642966270446777,-0.16429650783538818,assist,No
947,1,0,0.16451645880021026,-1.9536176919937134,-0.328617662191391,assist,No
948,1,1,0.9740426458162398,-0.4968770742416382,-4.121877193450928,assist,Yes
949,1,1,0.9579122696813394,-0.3515649437904358,-3.476564884185791,assist,Yes
950,1,1,0.9796676490318648,-0.366695761680603,-4.241695880889893,assist,Yes
951,1,1,0.9740426412951848,-0.3055761456489563,-3.9305760860443115,assist,Yes
952,1,1,0.893309411735131,-0.3883776068687439,-2.5133776664733887,assist,Yes
953,1,1,0.9579122684798184,-0.2434597909450531,-3.368459701538086,assist,Yes
954,1,1,0.9324533126145177,-0.37767690420150757,-3.0026769638061523,assist,Yes
955,1,0,0.40733341443526055,-1.0524988174438477,-0.6774988770484924,assist,No
956,1,1,0.6791786861878392,-0.4929242730140686,-1.2429242134094238,assist,Yes
957,1,0,0.40733341443526055,-1.0724706649780273,-0.6974707245826721,assist,No
958,1,1,0.7981867729389246,-0.34709790349006653,-1.7220978736877441,assist,Yes
959,1,1,0.8519527944504226,-0.4363568425178528,-2.186356782913208,assist,Yes
960,1,1,0.679178699175393,-0.4957367181777954,-1.2457367181777954,assist,Yes
961,1,1,0.679178699175393,-0.5458242893218994,-1.2958242893218994,assist,Yes
962,1,1,0.8519528057272543,-0.38187000155448914,-2.1318700313568115,assist,Yes
963,1,1,0.7310585669110203,-0.39793187379837036,-1.3979318141937256,assist,Yes
964,1,1,0.8670357666736773,-0.5189022421836853,-2.39390230178833,assist,Yes
965,1,1,0.9324533013520764,-0.37946856021881104,-3.0044684410095215,assist,Yes
966,1,1,0.9525741308615412,-0.39242807030677795,-3.392428159713745,assist,Yes
967,1,1,0.9046505402422645,-0.3759302496910095,-2.6259303092956543,assist,Yes
968,1,1,0.6224593312018546,-0.6321597099304199,-1.13215970993042,assist,Yes
969,1,0,0.16451646699291617,-1.878341555595398,-0.25334158539772034,assist,No
970,1,1,0.5621765008857981,-0.7045095562934875,-0.9545095562934875,assist,Yes
971,1,1,0.9324533163686646,-0.34649837017059326,-2.971498489379883,assist,Yes
972,1,1,0.679178699175393,-0.6022677421569824,-1.3522677421569824,assist,Yes
973,1,1,0.952574129515172,-0.4722835421562195,-3.4722836017608643,assist,Yes
974,1,1,0.8354835371034369,-0.32029151916503906,-1.945291519165039,assist,Yes
975,1,1,0.982013792143467,-0.2425774335861206,-4.24257755279541,assist,Yes
976,1,1,0.9324533163686646,-0.2926281690597534,-2.917628288269043,assist,Yes
977,1,1,0.5312093733737563,-0.9062448740005493,-1.0312448740005493,assist,Yes
978,1,1,0.9890130554263733,-0.4838487505912781,-4.983848571777344,assist,Yes
979,1,1,0.8175744850834649,-0.3780624270439148,-1.8780624866485596,assist,Yes
980,1,1,0.957912274487423,-0.35211676359176636,-3.477116823196411,assist,Yes
981,1,1,0.9465966717067252,-0.277415007352829,-3.1524150371551514,assist,Yes
982,1,1,0.5621765008857981,-0.7641345262527466,-1.0141345262527466,assist,Yes
983,1,1,0.9706877709445761,-0.3087858557701111,-3.808785915374756,assist,Yes
984,1,1,0.952574129515172,-0.429787814617157,-3.4297878742218018,assist,Yes
985,1,1,0.9324533032291502,-0.3462136685848236,-2.9712135791778564,assist,Yes
986,1,1,0.9859363717170516,-0.36181315779685974,-4.611813068389893,assist,Yes
987,1,1,0.8519528057272543,-0.33984968066215515,-2.0898497104644775,assist,Yes
988,1,1,0.9770226347732859,-0.40794017910957336,-4.15794038772583,assist,Yes
989,1,0,0.26894141551050293,-1.3588464260101318,-0.35884639620780945,assist,No
990,1,0,0.29421497216298875,-1.3590435981750488,-0.48404359817504883,assist,No
991,1,1,0.9149009549929797,-0.2875516414642334,-2.6625516414642334,assist,Yes
992,1,1,0.97068777009661,-0.4128420054912567,-3.912842035293579,assist,Yes
993,1,1,0.8354835289107309,-0.3347530961036682,-1.9597530364990234,assist,Yes
994,1,1,0.9706877684006775,-0.253874808549881,-3.7538747787475586,assist,Yes
995,1,1,0.817574471748733,-0.39530816674232483,-1.8953081369400024,assist,Yes
996,1,1,0.679178699175393,-0.819785475730896,-1.569785475730896,assist,Yes
997,1,1,0.9324533069832973,-0.29270556569099426,-2.917705535888672,assist,Yes
998,1,1,0.7057850340255386,-0.4334481656551361,-1.3084481954574585,assist,Yes
999,1,1,0.7772998560157665,-0.42659762501716614,-1.6765975952148438,assist,Yes
1000,1,1,0.9241418283357702,-0.32768571376800537,-2.827685832977295,assist,Yes
1001,1,1,0.9149009480320036,-0.24617204070091248,-2.6211719512939453,assist,Yes
1002,1,1,0.6791786861878392,-0.5401907563209534,-1.2901906967163086,assist,Yes
1003,1,1,0.8519528170040853,-0.33491218090057373,-2.0849123001098633,assist,Yes
1004,1,1,0.9465966717067252,-0.27876588702201843,-3.153765916824341,assist,Yes
1005,1,1,0.7981867873410141,-0.40071481466293335,-1.7757148742675781,assist,Yes
1006,1,1,0.9669140235181256,-0.5040621161460876,-3.8790621757507324,assist,Yes
1007,1,0,0.11920291419948606,-2.245842695236206,-0.24584262073040009,assist,No
1008,1,1,0.89330940889474,-0.3882720172405243,-2.5132720470428467,assist,Yes
1009,1,1,0.5312093733737563,-0.7372311949729919,-0.8622311949729919,assist,Yes
1010,1,1,0.880797068590724,-0.30308446288108826,-2.303084373474121,assist,Yes
1011,1,1,0.9706877726405082,-0.279291033744812,-3.7792911529541016,assist,Yes
1012,1,0,0.3775406828054583,-1.1342275142669678,-0.6342275738716125,assist,No
1013,1,1,0.8519527906914787,-0.4358700215816498,-2.1858699321746826,assist,Yes
1014,1,1,0.880797071719777,-0.3491707444190979,-2.349170684814453,assist,Yes
1015,1,1,0.851952809486198,-0.355374276638031,-2.105374336242676,assist,Yes
1016,1,1,0.7981867729389246,-0.38263002038002014,-1.7576299905776978,assist,Yes
1017,1,1,0.7772998714925403,-0.6051608920097351,-1.8551609516143799,assist,Yes
1018,1,0,0.4073333856566001,-1.03863525390625,-0.6636351943016052,assist,No
1019,1,1,0.5312093733737563,-0.7569515705108643,-0.8819515705108643,assist,Yes
1020,1,1,0.9770226260757067,-0.44863003492355347,-4.198629856109619,assist,Yes
1021,1,1,0.9579122708828604,-0.32001593708992004,-3.4450159072875977,assist,Yes
1022,1,1,0.9241418199787566,-0.23825740814208984,-2.73825740814209,assist,Yes
1023,1,1,0.924141817889503,-0.2554481327533722,-2.75544810295105,assist,Yes
1024,1,1,0.9241418158002492,-0.38595277070999146,-2.8859527111053467,assist,Yes
1025,1,1,0.9399133481428692,-0.33900001645088196,-3.0889999866485596,assist,Yes
1026,1,1,0.9525741214369554,-0.4720526933670044,-3.472052574157715,assist,Yes
1027,1,0,0.3486451488696663,-1.1149611473083496,-0.4899612069129944,assist,No
1028,1,0,0.0850990438468576,-2.5551791191101074,-0.18017910420894623,assist,No
1029,1,1,0.8807970748488297,-0.4324984848499298,-2.4324984550476074,assist,Yes
1030,1,1,0.9626731115849659,-0.262177973985672,-3.5121779441833496,assist,Yes
1031,1,1,0.8807970842359877,-0.2839640974998474,-2.283964157104492,assist,Yes
1032,1,0,0.3486451488696663,-1.3109724521636963,-0.6859725117683411,assist,No
1033,1,1,0.9149009549929797,-0.28601765632629395,-2.661017656326294,assist,Yes
1034,1,1,0.679178699175393,-0.509021520614624,-1.259021520614624,assist,Yes
1035,1,1,0.9149009480320036,-0.46706947684288025,-2.842069387435913,assist,Yes
1036,1,1,0.9525741227833249,-0.3930252492427826,-3.3930251598358154,assist,Yes
1037,1,1,0.7981867825403176,-0.31134530901908875,-1.6863453388214111,assist,Yes
1038,1,0,0.16451645470385742,-2.055431365966797,-0.4304313063621521,assist,No
1039,1,1,0.7549149868676283,-0.46025359630584717,-1.5852535963058472,assist,Yes
1040,1,0,0.2018132270610754,-1.7198467254638672,-0.3448467552661896,assist,No
1041,1,1,0.9626731105140616,-0.34867483377456665,-3.598674774169922,assist,Yes
1042,1,0,0.16451645470385742,-1.9009547233581543,-0.2759546637535095,assist,No
1043,1,1,0.8354835452961425,-0.37454766035079956,-1.9995477199554443,assist,Yes
1044,1,1,0.9626731094431571,-0.34885987639427185,-3.5988597869873047,assist,Yes
1045,1,1,0.9525741214369554,-0.29655373096466064,-3.296553611755371,assist,Yes
1046,1,1,0.8175744850834649,-0.5415377020835876,-2.0415377616882324,assist,Yes
1047,1,0,0.46879062662624377,-0.8688359260559082,-0.7438359260559082,assist,No
1048,1,1,0.9241418137109955,-0.46269330382347107,-2.962693214416504,assist,Yes
1049,1,1,0.7981867825403176,-0.3102308213710785,-1.6852308511734009,assist,Yes
1050,1,1,0.9770226280828407,-0.3027835786342621,-4.052783489227295,assist,Yes
1051,1,1,0.6513548646660542,-0.5059657096862793,-1.1309657096862793,assist,Yes
1052,1,1,0.9324533126145177,-0.34770625829696655,-2.9727063179016113,assist,Yes
1053,1,0,0.46879062662624377,-0.9645943641662598,-0.8395943641662598,assist,No
1054,1,1,0.7981867777396212,-0.4672292470932007,-1.8422292470932007,assist,Yes
1055,1,1,0.9706877675527112,-0.3093646168708801,-3.8093645572662354,assist,Yes
1056,1,0,0.2689414213699951,-1.4238609075546265,-0.42386090755462646,assist,No
1057,1,1,0.8354835371034369,-0.33488965034484863,-1.9598896503448486,assist,Yes
1058,1,1,0.9465966656805269,-0.39865049719810486,-3.2736504077911377,assist,Yes
1059,1,1,0.880797071719777,-0.32395368814468384,-2.323953628540039,assist,Yes
1060,1,1,0.7772998663336157,-0.36275240778923035,-1.6127524375915527,assist,Yes
1061,1,1,0.9149009596336303,-0.39563077688217163,-2.7706308364868164,assist,Yes
1062,1,1,0.9525741268224334,-0.32572484016418457,-3.3257248401641846,assist,Yes
1063,1,1,0.9740426412951848,-0.33753782510757446,-3.9625377655029297,assist,Yes
1064,1,1,0.7057850278370112,-0.5964289903640747,-1.4714289903640747,assist,Yes
1065,1,0,0.4378234991142019,-0.9076602458953857,-0.6576602458953857,assist,No
1066,1,1,0.8807970654616711,-0.26587116718292236,-2.265871047973633,assist,Yes
1067,1,1,0.9706877743364403,-0.6009400486946106,-4.100940227508545,assist,Yes
1068,1,1,0.8933094032139576,-0.31037119030952454,-2.435371160507202,assist,Yes
1069,1,1,0.9046505325302034,-0.18840625882148743,-2.438406229019165,assist,Yes
1070,1,0,0.5,-0.8887366652488708,-0.8887366652488708,assist,No
1071,1,1,0.9626731137267751,-0.2618860900402069,-3.5118861198425293,assist,Yes
1072,1,1,0.9525741227833249,-0.29784831404685974,-3.2978482246398926,assist,Yes
1073,1,1,0.7981867825403176,-0.39488980174064636,-1.7698898315429688,assist,Yes
1074,1,1,0.8933094145755219,-0.30880680680274963,-2.433806896209717,assist,Yes
1075,1,1,0.7057850278370112,-0.5421874523162842,-1.4171874523162842,assist,Yes
1076,1,1,0.9525741322079105,-0.27160823345184326,-3.271608352661133,assist,Yes
1077,1,1,0.9046505453836383,-0.37428271770477295,-2.6242828369140625,assist,Yes
1078,1,1,0.7310585903489892,-0.48695582151412964,-1.4869558811187744,assist,Yes
1079,1,1,0.9525741268224334,-0.4300520420074463,-3.4300520420074463,assist,Yes
1080,1,1,0.9579122720843811,-0.3881528377532959,-3.513152837753296,assist,Yes
1081,1,1,0.9149009480320036,-0.31076154112815857,-2.6857614517211914,assist,Yes
1082,1,1,0.914900950352329,-0.3093586564064026,-2.684358596801758,assist,Yes
1083,1,1,0.9579122714836206,-0.20188523828983307,-3.326885223388672,assist,Yes
1084,1,1,0.9046505402422645,-0.3187069296836853,-2.56870698928833,assist,Yes
1085,1,1,0.7310585669110203,-0.37349849939346313,-1.3734984397888184,assist,Yes
1086,1,1,0.5926665999540697,-0.5767962336540222,-0.9517962336540222,assist,Yes
1087,1,1,0.9324533144915912,-0.48942604660987854,-3.1144261360168457,assist,Yes
1088,1,1,0.7057850402140659,-0.6050695776939392,-1.480069637298584,assist,Yes
1089,1,1,0.9840936078216783,-0.29612401127815247,-4.42112398147583,assist,Yes
1090,1,1,0.5312093733737563,-0.6835516095161438,-0.8085516095161438,assist,Yes
1091,1,1,0.939913350667554,-0.23910830914974213,-2.9891083240509033,assist,Yes
1092,1,1,0.7549149868676283,-0.5467711687088013,-1.6717711687088013,assist,Yes
1093,1,1,0.9840936101542134,-0.3631972074508667,-4.488197326660156,assist,Yes
1094,1,1,0.9706877675527112,-0.28048115968704224,-3.7804811000823975,assist,Yes
1095,1,1,0.8354835493924953,-0.39776769280433655,-2.0227677822113037,assist,Yes
1096,1,0,0.3775406828054583,-1.0842766761779785,-0.5842767357826233,assist,No
1097,1,1,0.9046505402422645,-0.3475448489189148,-2.5975449085235596,assist,Yes
1098,1,1,0.9770226341042414,-0.3695114254951477,-4.119511604309082,assist,Yes
1099,1,1,0.9579122708828604,-0.42708948254585266,-3.5520894527435303,assist,Yes
1100,1,1,0.9399133481428692,-0.2606797516345978,-3.0106797218322754,assist,Yes
1101,1,1,0.9706877684006775,-0.2534168064594269,-3.7534167766571045,assist,Yes
1102,1,1,0.9579122672782973,-0.32159245014190674,-3.446592330932617,assist,Yes
1103,1,1,0.8933093975331751,-0.3579483926296234,-2.4829483032226562,assist,Yes
1104,1,1,0.9399133531922388,-0.23903697729110718,-2.989037036895752,assist,Yes
1105,1,1,0.8175744761936437,-0.3981187343597412,-1.8981187343597412,assist,Yes
1106,1,1,0.966914017797636,-0.5023561716079712,-3.8773560523986816,assist,Yes
1107,1,1,0.5312093733737563,-0.7166388034820557,-0.8416388034820557,assist,Yes
1108,1,0,0.4378234991142019,-0.9434214234352112,-0.6934214234352112,assist,No
1109,1,1,0.9241418262465169,-0.3543910086154938,-2.854391098022461,assist,Yes
1110,1,1,0.7310585786300049,-0.6862170696258545,-1.6862170696258545,assist,Yes
1111,1,0,0.29421497216298875,-1.2882535457611084,-0.4132535457611084,assist,No
1112,1,1,0.9669140244715405,-0.31210842728614807,-3.6871085166931152,assist,Yes
1113,1,1,0.8670357563664174,-0.29909637570381165,-2.1740963459014893,assist,Yes
1114,1,1,0.9465966747198243,-0.33343687653541565,-3.208436965942383,assist,Yes
1115,1,1,0.7772998611746911,-0.32667434215545654,-1.5766743421554565,assist,Yes
1116,1,0,0.18242551936144574,-1.7693723440170288,-0.2693723142147064,assist,No
1117,1,0,0.2942149845400438,-1.3309249877929688,-0.4559250473976135,assist,No
1118,1,1,0.9324533163686646,-0.2478121519088745,-2.872812271118164,assist,Yes
1119,1,1,0.9669140235181256,-0.45746058225631714,-3.832460641860962,assist,Yes
1120,1,1,0.9324533126145177,-0.4488360285758972,-3.073836088180542,assist,Yes
1121,1,1,0.9324533126145177,-0.3173813223838806,-2.9423813819885254,assist,Yes
1122,1,1,0.7057850278370112,-0.5266158580780029,-1.401615858078003,assist,Yes
1123,1,1,0.9465966747198243,-0.43688860535621643,-3.3118886947631836,assist,Yes
1124,1,0,0.24508500761839525,-1.5260729789733887,-0.4010729491710663,assist,No
1125,1,1,0.8933094003735664,-0.49149566888809204,-2.6164956092834473,assist,Yes
1126,1,0,0.5,-0.781798779964447,-0.781798779964447,assist,No
1127,1,1,0.962673116404036,-0.21597470343112946,-3.465974807739258,assist,Yes
1128,1,1,0.9046505325302034,-0.4036617577075958,-2.6536617279052734,assist,Yes
1129,1,1,0.9579122684798184,-0.38764604926109314,-3.512645959854126,assist,Yes
1130,1,1,0.8670357460591569,-0.4448891878128052,-2.3198890686035156,assist,Yes
1131,1,1,0.8354835452961425,-0.5163189768791199,-2.1413190364837646,assist,Yes
1132,1,1,0.679178699175393,-0.5288923978805542,-1.2788923978805542,assist,Yes
1133,1,1,0.8807970732843035,-0.24991969764232635,-2.2499196529388428,assist,Yes
1134,1,1,0.9324533126145177,-0.34603065252304077,-2.9710307121276855,assist,Yes
1135,1,0,0.2942149597859341,-1.3021163940429688,-0.427116334438324,assist,No
1136,1,1,0.8175744806385543,-0.31119558215141296,-1.8111956119537354,assist,Yes
1137,1,1,0.9706877684006775,-0.3086729347705841,-3.8086729049682617,assist,Yes
1138,1,1,0.8933094060543487,-0.25318002700805664,-2.3781800270080566,assist,Yes
1139,1,0,0.46879062662624377,-0.9764697551727295,-0.8514697551727295,assist,No
1140,1,1,0.9465966656805269,-0.3037472665309906,-3.1787471771240234,assist,Yes
1141,1,1,0.970687766704745,-0.279744952917099,-3.779744863510132,assist,Yes
1142,1,1,0.9706877684006775,-0.2540796101093292,-3.754079580307007,assist,Yes
1143,1,1,0.5621765008857981,-0.6611124873161316,-0.9111124873161316,assist,Yes
1144,1,0,0.3486451488696663,-1.2181966304779053,-0.59319669008255,assist,No
1145,1,1,0.957912274487423,-0.3870667815208435,-3.5120668411254883,assist,Yes
1146,1,1,0.9579122696813394,-0.3208773732185364,-3.4458773136138916,assist,Yes
1147,1,1,0.9525741214369554,-0.3568817377090454,-3.356881618499756,assist,Yes
1148,1,1,0.9465966717067252,-0.27753207087516785,-3.1525321006774902,assist,Yes
1149,1,1,0.9770226354423304,-0.3358027935028076,-4.085803031921387,assist,Yes
1150,1,1,0.9859363704773486,-0.39939039945602417,-4.64939022064209,assist,Yes
1151,1,0,0.04208772461143651,-3.1897928714752197,-0.06479278951883316,assist,No
1152,1,1,0.9525741241296944,-0.24876242876052856,-3.248762369155884,assist,Yes
1153,1,1,0.970687766704745,-0.3762374818325043,-3.876237392425537,assist,Yes
1154,1,1,0.7772998611746911,-0.4528834819793701,-1.7028834819793701,assist,Yes
1155,1,0,0.5,-0.7989047169685364,-0.7989047169685364,assist,No
1156,1,1,0.893309411735131,-0.21067756414413452,-2.3356776237487793,assist,Yes
1157,1,1,0.9149009549929797,-0.3656654357910156,-2.7406654357910156,assist,Yes
1158,1,0,0.5,-0.8106974959373474,-0.8106974959373474,assist,No
1159,1,1,0.7310585727705126,-0.3933691084384918,-1.3933690786361694,assist,Yes
1160,1,1,0.8354835411997897,-0.3049820363521576,-1.92998206615448,assist,Yes
1161,1,1,0.8670357563664174,-0.3914931118488312,-2.266493082046509,assist,Yes
1162,1,1,0.9669140235181256,-0.16012853384017944,-3.535128593444824,assist,Yes
1163,1,1,0.9706877675527112,-0.3398450016975403,-3.8398449420928955,assist,Yes
1164,1,1,0.9525741254760638,-0.22690919041633606,-3.2269091606140137,assist,Yes
1165,1,1,0.9399133531922388,-0.25987571477890015,-3.009875774383545,assist,Yes
1166,1,1,0.6224593312018546,-0.6642177104949951,-1.1642177104949951,assist,Yes
1167,1,1,0.9149009549929797,-0.46721863746643066,-2.8422186374664307,assist,Yes
1168,1,1,0.9706877709445761,-0.4548479914665222,-3.954848051071167,assist,Yes
1169,1,1,0.867035752930664,-0.2972763180732727,-2.172276258468628,assist,Yes
1170,1,1,0.8807970873650403,-0.3008853495121002,-2.3008854389190674,assist,Yes
1171,1,1,0.880797081106935,-0.37293216586112976,-2.372932195663452,assist,Yes
1172,1,1,0.9626731147976793,-0.4215547442436218,-3.6715548038482666,assist,Yes
1173,1,1,0.7772998611746911,-0.3482412099838257,-1.5982412099838257,assist,Yes
1174,1,0,0.32082129433083023,-1.2234236001968384,-0.473423570394516,assist,No
1175,1,1,0.9796676490318648,-0.404990553855896,-4.2799906730651855,assist,Yes
1176,1,1,0.9740426428022031,-0.276944637298584,-3.901944637298584,assist,Yes
1177,1,1,0.9241418241572634,-0.27774447202682495,-2.7777445316314697,assist,Yes
1178,1,1,0.9525741281688026,-0.35823437571525574,-3.358234405517578,assist,Yes
1179,1,1,0.9465966747198243,-0.33262553811073303,-3.2076256275177,assist,Yes
1180,1,1,0.6513548646660542,-0.6002960205078125,-1.2252960205078125,assist,Yes
1181,1,1,0.9706877709445761,-0.3088685870170593,-3.808868646621704,assist,Yes
1182,1,0,0.08509903804604459,-2.52204966545105,-0.14704957604408264,assist,No
1183,1,1,0.8807970873650403,-0.3493424952030182,-2.3493425846099854,assist,Yes
1184,1,1,0.851952809486198,-0.35574811697006226,-2.105748176574707,assist,Yes
1185,1,1,0.867035763237924,-0.44725534319877625,-2.3222553730010986,assist,Yes
1186,1,1,0.6513548646660542,-0.6683034896850586,-1.2933034896850586,assist,Yes
1187,1,1,0.9324533051062237,-0.2671700119972229,-2.892169952392578,assist,Yes
1188,1,1,0.5312093733737563,-0.8181964159011841,-0.9431964159011841,assist,Yes
1189,1,0,0.3775406547908327,-1.0646233558654785,-0.5646232962608337,assist,No
1190,1,1,0.970687766704745,-0.2795492112636566,-3.7795491218566895,assist,Yes
1191,1,0,0.10669058826486906,-2.2789924144744873,-0.15399235486984253,assist,No
1192,1,1,0.9046505428129514,-0.3218452036380768,-2.571845293045044,assist,Yes
1193,1,1,0.966914019704466,-0.2119320034980774,-3.5869319438934326,assist,Yes
1194,1,1,0.9324533144915912,-0.37921372056007385,-3.004213809967041,assist,Yes
1195,1,1,0.9324533060447605,-0.24812249839305878,-2.873122453689575,assist,Yes
1196,1,1,0.98409360595565,-0.36316362023353577,-4.488163471221924,assist,Yes
1197,1,0,0.29421497216298875,-1.308584451675415,-0.43358445167541504,assist,No
1198,1,1,0.880797068590724,-0.2824626863002777,-2.2824625968933105,assist,Yes
1199,1,0,0.16451645880021026,-1.9502818584442139,-0.3252818286418915,assist,No
1200,1,1,0.9324533107374443,-0.34505125880241394,-2.9700512886047363,assist,Yes
1201,1,0,0.13296425050508953,-2.200392723083496,-0.32539281249046326,assist,No
1202,1,0,0.3486451217982255,-1.218641757965088,-0.5936416983604431,assist,No
1203,1,1,0.8519528019683106,-0.3165853023529053,-2.0665853023529053,assist,Yes
1204,1,1,0.7549149868676283,-0.40804433822631836,-1.5330443382263184,assist,Yes
1205,1,1,0.9579122708828604,-0.35314086079597473,-3.4781408309936523,assist,Yes
1206,1,1,0.970687766704745,-0.30932340025901794,-3.809323310852051,assist,Yes
1207,1,1,0.9465966747198243,-0.25393739342689514,-3.1289374828338623,assist,Yes
1208,1,1,0.7057850278370112,-0.6823995113372803,-1.5573995113372803,assist,Yes
1209,1,1,0.9399133464597458,-0.2608397603034973,-3.0108397006988525,assist,Yes
1210,1,1,0.8519527982093668,-0.38213327527046204,-2.1321332454681396,assist,Yes
1211,1,1,0.9669140216112958,-0.31288981437683105,-3.687889814376831,assist,Yes
1212,1,1,0.9149009480320036,-0.3623226583003998,-2.7373225688934326,assist,Yes
1213,1,1,0.7549149923816048,-0.3792559802532196,-1.504256010055542,assist,Yes
1214,1,1,0.9626731131913229,-0.19751141965389252,-3.4475114345550537,assist,Yes
1215,1,1,0.7981867729389246,-0.39852872490882874,-1.7735286951065063,assist,Yes
1216,1,1,0.9840936057223965,-0.17663447558879852,-4.301634311676025,assist,Yes
1217,1,1,0.9149009619539553,-0.43180957436561584,-2.806809663772583,assist,Yes
1218,1,1,0.9579122756889438,-0.35240164399147034,-3.4774017333984375,assist,Yes
1219,1,1,0.9770226334351969,-0.3691786229610443,-4.119178771972656,assist,Yes
1220,1,1,0.9579122768904644,-0.3529728651046753,-3.477972984313965,assist,Yes
1221,1,1,0.5621765155565327,-0.7522723078727722,-1.002272367477417,assist,Yes
1222,1,1,0.8807970873650403,-0.2504226267337799,-2.250422716140747,assist,Yes
1223,1,1,0.9399133498259924,-0.28519105911254883,-3.035191059112549,assist,Yes
1224,1,1,0.9399133531922388,-0.36931294202804565,-3.1193130016326904,assist,Yes
1225,1,1,0.9770226287518852,-0.24751931428909302,-3.9975192546844482,assist,Yes
1226,1,1,0.9669140187510509,-0.2568436563014984,-3.6318435668945312,assist,Yes
1227,1,0,0.22270014398423357,-1.5973167419433594,-0.34731677174568176,assist,No
1228,1,1,0.5621765008857981,-0.7616119384765625,-1.0116119384765625,assist,Yes
1229,1,1,0.7310585786300049,-0.46839332580566406,-1.468393325805664,assist,Yes
1230,1,1,0.9241418116217418,-0.3271447420120239,-2.8271446228027344,assist,Yes
1231,1,1,0.9740426416719393,-0.22631625831127167,-3.851316213607788,assist,Yes
1232,1,0,0.4378234991142019,-0.976928174495697,-0.726928174495697,assist,No
1233,1,1,0.9840936092211993,-0.40108340978622437,-4.526083469390869,assist,Yes
1234,1,1,0.9796676454700793,-0.44636398553848267,-4.321363925933838,assist,Yes
1235,1,1,0.9465966702001757,-0.3640167713165283,-3.2390167713165283,assist,Yes
1236,1,1,0.9740426405416754,-0.3055931031703949,-3.9305930137634277,assist,Yes
1237,1,1,0.9669140201811735,-0.23425059020519257,-3.609250545501709,assist,Yes
1238,1,1,0.939913354875362,-0.26037541031837463,-3.010375499725342,assist,Yes
1239,1,1,0.8519527944504226,-0.5860498547554016,-2.336049795150757,assist,Yes
1240,1,1,0.7057850278370112,-0.5032460689544678,-1.3782460689544678,assist,Yes
1241,1,0,0.3208213138121609,-1.3028960227966309,-0.5528960824012756,assist,No
1242,1,0,0.4073334000459302,-0.9864482879638672,-0.6114482879638672,assist,No
1243,1,0,0.24508501864634827,-1.526279091835022,-0.40127912163734436,assist,No
1244,1,1,0.7310585903489892,-0.5082411170005798,-1.5082411766052246,assist,Yes
1245,1,1,0.880797071719777,-0.4332152009010315,-2.4332151412963867,assist,Yes
1246,1,0,0.4073334000459302,-0.9909787774085999,-0.6159787774085999,assist,No
1247,1,1,0.6513548646660542,-0.6207746267318726,-1.2457746267318726,assist,Yes
1248,1,1,0.9241418137109955,-0.17853102087974548,-2.6785309314727783,assist,Yes
1249,1,1,0.9241418158002492,-0.3275321125984192,-2.8275320529937744,assist,Yes
1250,1,0,0.29421497216298875,-1.3438844680786133,-0.4688844680786133,assist,No
1251,1,1,0.7981867777396212,-0.4006631374359131,-1.775663137435913,assist,Yes
1252,1,1,0.8519528019683106,-0.6251220703125,-2.3751220703125,assist,Yes
1253,1,1,0.9324533088603709,-0.37931299209594727,-3.0043129920959473,assist,Yes
1254,1,1,0.9579122720843811,-0.4664280414581299,-3.59142804145813,assist,Yes
1255,1,1,0.9465966671870767,-0.3035343289375305,-3.1785342693328857,assist,Yes
1256,1,1,0.7772998611746911,-0.44737958908081055,-1.6973795890808105,assist,Yes
1257,1,1,0.9875683502444729,-0.3597220480442047,-4.734722137451172,assist,Yes
1258,1,1,0.5621765008857981,-1.0095665454864502,-1.2595665454864502,assist,Yes
1259,1,1,0.97068777009661,-0.25340792536735535,-3.7534079551696777,assist,Yes
1260,1,1,0.7057850278370112,-0.4867662191390991,-1.3617662191390991,assist,Yes
1261,1,1,0.7772998714925403,-0.5307573676109314,-1.7807574272155762,assist,Yes
1262,1,1,0.9669140244715405,-0.2832552492618561,-3.6582553386688232,assist,Yes
1263,1,1,0.5926665999540697,-0.7399505376815796,-1.1149505376815796,assist,Yes
1264,1,1,0.9046505453836383,-0.6102818250656128,-2.8602819442749023,assist,Yes
1265,1,1,0.8354835330070839,-0.356912761926651,-1.9819127321243286,assist,Yes
1266,1,1,0.5312093733737563,-0.7516515254974365,-0.8766515254974365,assist,Yes
1267,1,1,0.754914997895581,-0.6179677844047546,-1.7429678440093994,assist,Yes
1268,1,1,0.9706877688246606,-0.2297544628381729,-3.7297544479370117,assist,Yes
1269,1,0,0.060086647228542,-2.856818675994873,-0.10681862384080887,assist,No
1270,1,1,0.6224593452091672,-0.626281201839447,-1.1262812614440918,assist,Yes
1271,1,1,0.9465966732132748,-0.3037998080253601,-3.178799867630005,assist,Yes
1272,1,1,0.9770226324316302,-0.22400464117527008,-3.9740047454833984,assist,Yes
1273,1,0,0.22270013882530884,-1.5915255546569824,-0.3415255546569824,assist,No
1274,1,1,0.7310585669110203,-0.46427708864212036,-1.4642770290374756,assist,Yes
1275,1,0,0.10669059394565118,-2.330360174179077,-0.20536017417907715,assist,No
1276,1,1,0.9859363746096915,-0.2649959325790405,-4.51499605178833,assist,Yes
1277,1,0,0.4378234991142019,-0.9580870866775513,-0.7080870866775513,assist,No
1278,1,1,0.9149009549929797,-0.31091833114624023,-2.6859183311462402,assist,Yes
1279,1,1,0.9796676442828175,-0.3677769899368286,-4.242776870727539,assist,Yes
1280,1,1,0.9740426443092215,-0.45146602392196655,-4.076466083526611,assist,Yes
1281,1,1,0.9324533126145177,-0.45043057203292847,-3.0754306316375732,assist,Yes
1282,1,1,0.6513548646660542,-0.5658875703811646,-1.1908875703811646,assist,Yes
1283,1,0,0.34864513533394575,-1.232221007347107,-0.6072210073471069,assist,No
1284,1,0,0.4073334000459302,-0.9753187894821167,-0.6003187894821167,assist,No
1285,1,1,0.9399133464597458,-0.2853100895881653,-3.0353100299835205,assist,Yes
1286,1,1,0.9399133447766225,-0.31030353903770447,-3.0603034496307373,assist,Yes
1287,1,1,0.9859363733699887,-0.2952389419078827,-4.545238971710205,assist,Yes
1288,1,1,0.817574471748733,-0.4150022566318512,-1.9150022268295288,assist,Yes
1289,1,1,0.851952809486198,-0.5397354960441589,-2.2897355556488037,assist,Yes
1290,1,0,0.4378234991142019,-0.9435301423072815,-0.6935301423072815,assist,No
1291,1,1,0.9399133498259924,-0.48571157455444336,-3.2357115745544434,assist,Yes
1292,1,1,0.9820137895115189,-0.24284985661506653,-4.242849826812744,assist,Yes
1293,1,1,0.924141817889503,-0.3259258568286896,-2.825925827026367,assist,Yes
1294,1,1,0.9324533144915912,-0.21088853478431702,-2.835888624191284,assist,Yes
1295,1,1,0.9579122738866624,-0.24286098778247833,-3.367861032485962,assist,Yes
1296,1,1,0.9579122696813394,-0.386113703250885,-3.5111136436462402,assist,Yes
1297,1,1,0.9149009491921662,-0.24713261425495148,-2.6221325397491455,assist,Yes
1298,1,1,0.8807970842359877,-0.37073010206222534,-2.37073016166687,assist,Yes
1299,1,0,0.46879062662624377,-0.8452938795089722,-0.7202938795089722,assist,No
1300,1,0,0.16451645470385742,-1.9355008602142334,-0.3105008006095886,assist,No
1301,1,1,0.9740426428022031,-0.3729381561279297,-3.9979381561279297,assist,Yes
1302,1,1,0.970687766704745,-0.37518271803855896,-3.875182628631592,assist,Yes
1303,1,1,0.974042642048694,-0.2765829861164093,-3.901582956314087,assist,Yes
1304,1,1,0.939913343093499,-0.40400230884552,-3.1540021896362305,assist,Yes
1305,1,0,0.4378234991142019,-0.8957836031913757,-0.6457836031913757,assist,No
1306,1,1,0.6224593171945417,-0.6945744156837463,-1.1945743560791016,assist,Yes
1307,1,1,0.7057850402140659,-0.4464816451072693,-1.321481704711914,assist,Yes
1308,1,1,0.5312093733737563,-0.6879764795303345,-0.8129764795303345,assist,Yes
1309,1,1,0.7772998714925403,-0.5897673964500427,-1.8397674560546875,assist,Yes
1310,1,1,0.6224593312018546,-0.6218541860580444,-1.1218541860580444,assist,Yes
1311,1,1,0.9770226354423304,-0.2738635540008545,-4.023863792419434,assist,Yes
1312,1,1,0.6791786861878392,-0.5594037175178528,-1.309403657913208,assist,Yes
1313,1,1,0.9626731158685837,-0.3486234247684479,-3.598623514175415,assist,Yes
1314,1,1,0.9465966717067252,-0.303862065076828,-3.1788620948791504,assist,Yes
1315,1,1,0.5621765008857981,-0.7167765498161316,-0.9667765498161316,assist,Yes
1316,1,1,0.9525741254760638,-0.3256705105304718,-3.3256704807281494,assist,Yes
1317,1,1,0.8519527906914787,-0.37634167075157166,-2.1263415813446045,assist,Yes
1318,1,1,0.7057850278370112,-0.5029107332229614,-1.3779107332229614,assist,Yes
1319,1,1,0.9465966656805269,-0.39904603362083435,-3.274045944213867,assist,Yes
1320,1,1,0.679178699175393,-0.4733400344848633,-1.2233400344848633,assist,Yes
1321,1,1,0.9399133498259924,-0.5285956859588623,-3.2785956859588623,assist,Yes
1322,1,1,0.9579122756889438,-0.35301557183265686,-3.478015661239624,assist,Yes
1323,1,1,0.9046505299595163,-0.4078589081764221,-2.6578588485717773,assist,Yes
1324,1,1,0.9669140235181256,-0.45813196897506714,-3.833132028579712,assist,Yes
1325,1,0,0.0953494674697966,-2.43229603767395,-0.18229606747627258,assist,No
1326,1,1,0.9399133531922388,-0.3377920985221863,-3.087792158126831,assist,Yes
1327,1,1,0.939913356558485,-0.4040135145187378,-3.1540136337280273,assist,Yes
1328,1,1,0.957912274487423,-0.2419092059135437,-3.3669092655181885,assist,Yes
1329,1,1,0.9241418199787566,-0.3548238277435303,-2.8548238277435303,assist,Yes
1330,1,1,0.9740426405416754,-0.3724845349788666,-3.9974844455718994,assist,Yes
1331,1,1,0.9465966694469009,-0.2317958027124405,-3.1067957878112793,assist,Yes
1332,1,1,0.8807970748488297,-0.25173404812812805,-2.2517340183258057,assist,Yes
1333,1,0,0.042087731520181665,-3.2483136653900146,-0.12331375479698181,assist,No
1334,1,1,0.8519527982093668,-0.22048833966255188,-1.9704883098602295,assist,Yes
1335,1,1,0.9579122696813394,-0.4258144497871399,-3.550814390182495,assist,Yes
1336,1,1,0.914900945711678,-0.2471405267715454,-2.622140407562256,assist,Yes
1337,1,0,0.26894141551050293,-1.4018141031265259,-0.4018140733242035,assist,No
1338,1,1,0.8354835371034369,-0.4237864017486572,-2.0487864017486572,assist,Yes
1339,1,1,0.7549149813536518,-0.365254670381546,-1.4902546405792236,assist,Yes
1340,1,1,0.9465966717067252,-0.2536937892436981,-3.1286938190460205,assist,Yes
1341,1,1,0.5621765008857981,-0.6250443458557129,-0.8750443458557129,assist,Yes
1342,1,1,0.8933094003735664,-0.25155240297317505,-2.3765523433685303,assist,Yes
1343,1,1,0.9579122696813394,-0.425162136554718,-3.5501620769500732,assist,Yes
1344,1,1,0.9740426382811477,-0.45192068815231323,-4.076920509338379,assist,Yes
1345,1,0,0.2018132174596823,-1.6824549436569214,-0.307454913854599,assist,No
1346,1,1,0.9770226300899744,-0.4496116638183594,-4.199611663818359,assist,Yes
1347,1,1,0.7772998663336157,-0.41593965888023376,-1.6659396886825562,assist,Yes
1348,1,1,0.5926665855647394,-0.643240749835968,-1.0182406902313232,assist,Yes
1349,1,1,0.9626731137267751,-0.4217481315135956,-3.671748161315918,assist,Yes
1350,1,1,0.9149009480320036,-0.36390337347984314,-2.738903284072876,assist,Yes
1351,1,0,0.0850990519679964,-2.5217084884643555,-0.14670857787132263,assist,No
1352,1,1,0.9770226327661524,-0.33463990688323975,-4.084640026092529,assist,Yes
1353,1,0,0.46879062662624377,-0.8682125806808472,-0.7432125806808472,assist,No
1354,1,1,0.8670357563664174,-0.2667539417743683,-2.141753911972046,assist,Yes
1355,1,0,0.07585818837825822,-3.095043182373047,-0.5950433015823364,assist,No
1356,1,0,0.32082130082460697,-1.1934888362884521,-0.44348883628845215,assist,No
1357,1,1,0.8933094003735664,-0.4540444016456604,-2.5790443420410156,assist,Yes
1358,1,1,0.9465966754730989,-0.23164857923984528,-3.1066486835479736,assist,Yes
1359,1,1,0.8519527869325346,-0.3162323236465454,-2.066232204437256,assist,Yes
1360,1,1,0.9324533144915912,-0.3792382776737213,-3.0042383670806885,assist,Yes
1361,1,0,0.40733341443526055,-1.0209627151489258,-0.6459627747535706,assist,No
1362,1,1,0.5926665999540697,-0.7203675508499146,-1.0953675508499146,assist,Yes
1363,1,1,0.8519527944504226,-0.46737343072891235,-2.2173733711242676,assist,Yes
1364,1,1,0.9399133447766225,-0.37061652541160583,-3.1206164360046387,assist,Yes
1365,1,1,0.966914017797636,-0.5042749643325806,-3.879274845123291,assist,Yes
1366,1,1,0.9840936078216783,-0.44294503331184387,-4.5679450035095215,assist,Yes
1367,1,1,0.9399133531922388,-0.2603840231895447,-3.0103840827941895,assist,Yes
1368,1,1,0.9324533051062237,-0.49320822954177856,-3.118208169937134,assist,Yes
1369,1,1,0.9796676430955554,-0.2448093295097351,-4.119809150695801,assist,Yes
1370,1,1,0.6791787121629466,-0.553395688533783,-1.3033957481384277,assist,Yes
1371,1,0,0.32082130082460697,-1.3358029127120972,-0.5858029127120972,assist,No
1372,1,1,0.9706877717925421,-0.3083275854587555,-3.8083276748657227,assist,Yes
1373,1,1,0.9875683520739038,-0.3247087001800537,-4.699708938598633,assist,Yes
1374,1,1,0.939913356558485,-0.2615288496017456,-3.011528968811035,assist,Yes
1375,1,1,0.9626731169394882,-0.26164567470550537,-3.511645793914795,assist,Yes
1376,1,1,0.8807970873650403,-0.3707176744937897,-2.370717763900757,assist,Yes
1377,1,1,0.9149009526726544,-0.2873120605945587,-2.6623120307922363,assist,Yes
1378,1,1,0.9796676430955554,-0.36691969633102417,-4.24191951751709,assist,Yes
1379,1,1,0.8807970654616711,-0.26689016819000244,-2.266890048980713,assist,Yes
1380,1,1,0.9525741254760638,-0.2712109386920929,-3.2712109088897705,assist,Yes
1381,1,1,0.9579122696813394,-0.38777071237564087,-3.512770652770996,assist,Yes
1382,1,0,0.06754668785475053,-2.731065034866333,-0.10606498271226883,assist,No
1383,1,0,0.3775406547908327,-1.2245714664459229,-0.7245714068412781,assist,No
1384,1,1,0.8807970779778823,-0.30278658866882324,-2.3027865886688232,assist,Yes
1385,1,1,0.9770226314280634,-0.24809449911117554,-3.9980945587158203,assist,Yes
1386,1,1,0.9579122696813394,-0.3524673581123352,-3.4774672985076904,assist,Yes
1387,1,1,0.914900957313305,-0.2650875747203827,-2.640087604522705,assist,Yes
1388,1,1,0.9149009607937928,-0.23112647235393524,-2.606126546859741,assist,Yes
1389,1,1,0.9859363717170516,-0.3267107903957367,-4.5767107009887695,assist,Yes
1390,1,1,0.9525741227833249,-0.2716136872768402,-3.271613597869873,assist,Yes
1391,1,1,0.9465966671870767,-0.2783845067024231,-3.1533844470977783,assist,Yes
1392,1,1,0.9241418137109955,-0.25643953680992126,-2.756439447402954,assist,Yes
1393,1,1,0.9669140206578809,-0.312884122133255,-3.6878840923309326,assist,Yes
1394,1,1,0.9399133447766225,-0.2604757249355316,-3.0104756355285645,assist,Yes
1395,1,1,0.8933093946927838,-0.4543725252151489,-2.5793724060058594,assist,Yes
1396,1,1,0.9046505376715775,-0.29883071780204773,-2.54883074760437,assist,Yes
1397,1,1,0.679178699175393,-0.5461641550064087,-1.2961641550064087,assist,Yes
1398,1,1,0.9399133481428692,-0.3387892544269562,-3.088789224624634,assist,Yes
1399,1,1,0.7310585786300049,-0.5310380458831787,-1.5310380458831787,assist,Yes
1400,1,1,0.5621765008857981,-0.6765541434288025,-0.9265541434288025,assist,Yes
1401,1,1,0.9796676481414185,-0.24530260264873505,-4.120302677154541,assist,Yes
1402,1,1,0.9626731105140616,-0.46333223581314087,-3.713332176208496,assist,Yes
1403,1,1,0.9626731115849659,-0.4214461147785187,-3.6714460849761963,assist,Yes
1404,1,0,0.1645164628965632,-1.9322099685668945,-0.30720996856689453,assist,No
1405,1,1,0.9324533126145177,-0.44986051321029663,-3.0748605728149414,assist,Yes
1406,1,1,0.9890130549406149,-0.21236012876033783,-4.71235990524292,assist,Yes
1407,1,1,0.9626731083722525,-0.3481713533401489,-3.5981712341308594,assist,Yes
1408,1,1,0.9241418199787566,-0.27651238441467285,-2.776512384414673,assist,Yes
1409,1,0,0.4073334000459302,-0.9448555707931519,-0.5698555707931519,assist,No
1410,1,1,0.5312093733737563,-0.9519405364990234,-1.0769405364990234,assist,Yes
1411,1,1,0.9626731105140616,-0.42011529207229614,-3.6701152324676514,assist,Yes
1412,1,0,0.0850990519679964,-2.625093698501587,-0.2500937879085541,assist,No
1413,1,1,0.939913354875362,-0.440685898065567,-3.190685987472534,assist,Yes
1414,1,0,0.18242551936144574,-1.7439669370651245,-0.24396690726280212,assist,No
1415,1,1,0.6513548511303336,-0.48984891176223755,-1.1148488521575928,assist,Yes
1416,1,1,0.9840936054891429,-0.3630148768424988,-4.4880146980285645,assist,Yes
1417,1,1,0.9820137900379085,-0.36586761474609375,-4.365867614746094,assist,Yes
1418,1,1,0.9796676425019243,-0.29990026354789734,-4.174900054931641,assist,Yes
1419,1,1,0.939913356558485,-0.44138896465301514,-3.1913890838623047,assist,Yes
1420,1,1,0.9669140225647107,-0.28316518664360046,-3.658165216445923,assist,Yes
1421,1,1,0.9820137926698564,-0.4035228192806244,-4.403522968292236,assist,Yes
1422,1,1,0.89330940889474,-0.3321673572063446,-2.457167387008667,assist,Yes
1423,1,1,0.9046505428129514,-0.3767007887363434,-2.6267008781433105,assist,Yes
1424,1,1,0.9525741254760638,-0.3582668602466583,-3.358266830444336,assist,Yes
1425,1,1,0.9046505248181417,-0.31983768939971924,-2.5698375701904297,assist,Yes
1426,1,0,0.4378234991142019,-0.9638385772705078,-0.7138385772705078,assist,No
1427,1,0,0.46879062662624377,-0.845794141292572,-0.720794141292572,assist,No
1428,1,1,0.9579122684798184,-0.3521181046962738,-3.4771180152893066,assist,Yes
1429,1,1,0.7310585669110203,-0.5086095929145813,-1.5086095333099365,assist,Yes
1430,1,1,0.9626731158685837,-0.46204081177711487,-3.712040901184082,assist,Yes
1431,1,1,0.952574129515172,-0.2724766135215759,-3.2724766731262207,assist,Yes
1432,1,1,0.9669140225647107,-0.4168202579021454,-3.7918202877044678,assist,Yes
1433,1,0,0.46879062662624377,-0.9134673476219177,-0.7884673476219177,assist,No
1434,1,1,0.9525741241296944,-0.326665461063385,-3.3266654014587402,assist,Yes
1435,1,1,0.7772998714925403,-0.44833439588546753,-1.6983344554901123,assist,Yes
1436,1,1,0.9626731105140616,-0.46082454919815063,-3.710824489593506,assist,Yes
1437,1,1,0.9669140244715405,-0.3441139757633209,-3.719114065170288,assist,Yes
1438,1,1,0.7549149868676283,-0.5255345106124878,-1.6505345106124878,assist,Yes
1439,1,1,0.966914019704466,-0.4583743214607239,-3.833374261856079,assist,Yes
1440,1,1,0.9669140216112958,-0.25678253173828125,-3.6317825317382812,assist,Yes
1441,1,1,0.8175744761936437,-0.35387158393859863,-1.8538715839385986,assist,Yes
1442,1,1,0.7057850216484838,-0.4517776072025299,-1.3267775774002075,assist,Yes
1443,1,0,0.26894141551050293,-1.3915835618972778,-0.39158353209495544,assist,No
1444,1,1,0.6224593312018546,-0.7311404943466187,-1.2311404943466187,assist,Yes
1445,1,1,0.914900950352329,-0.3956926465034485,-2.7706925868988037,assist,Yes
1446,1,1,0.9525741241296944,-0.4300563931465149,-3.43005633354187,assist,Yes
1447,1,1,0.9820137903011033,-0.24287556111812592,-4.242875576019287,assist,Yes
1448,1,1,0.5926665999540697,-0.5838852524757385,-0.9588852524757385,assist,Yes
1449,1,1,0.5621765008857981,-0.6572339534759521,-0.9072339534759521,assist,Yes
1450,1,1,0.9626731105140616,-0.2879565358161926,-3.537956476211548,assist,Yes
1451,1,1,0.5621765008857981,-0.6704711318016052,-0.9204711318016052,assist,Yes
1452,1,0,0.4073334000459302,-0.9882075190544128,-0.6132075190544128,assist,No
1453,1,1,0.8175744761936437,-0.3722950220108032,-1.8722950220108032,assist,Yes
1454,1,1,0.9046505299595163,-0.4035504460334778,-2.653550386428833,assist,Yes
1455,1,1,0.8807970779778823,-0.322263240814209,-2.322263240814209,assist,Yes
1456,1,1,0.8807970748488297,-0.23682835698127747,-2.236828327178955,assist,Yes
1457,1,1,0.8519528019683106,-0.46093058586120605,-2.210930585861206,assist,Yes
1458,1,1,0.7549149923816048,-0.37933608889579773,-1.5043361186981201,assist,Yes
1459,1,0,0.32082130082460697,-1.2088327407836914,-0.4588327407836914,assist,No
1460,1,0,0.5,-0.7815994620323181,-0.7815994620323181,assist,No
1461,1,0,0.24508500761839525,-1.5368263721466064,-0.41182634234428406,assist,No
1462,1,1,0.8807970842359877,-0.30154627561569214,-2.301546335220337,assist,Yes
1463,1,1,0.7310585903489892,-0.4235822558403015,-1.4235823154449463,assist,Yes
1464,1,1,0.9626731147976793,-0.5079984068870544,-3.757998466491699,assist,Yes
1465,1,1,0.9241418158002492,-0.2989383339881897,-2.798938274383545,assist,Yes
1466,1,1,0.939913343093499,-0.259769082069397,-3.0097689628601074,assist,Yes
1467,1,1,0.7549149923816048,-0.48107191920280457,-1.606071949005127,assist,Yes
1468,1,1,0.8175744673038221,-0.4437165856361389,-1.9437165260314941,assist,Yes
1469,1,1,0.9465966732132748,-0.4795383810997009,-3.3545384407043457,assist,Yes
1470,1,1,0.9465966717067252,-0.25485941767692566,-3.129859447479248,assist,Yes
1471,1,1,0.9626731099786093,-0.21647079288959503,-3.466470718383789,assist,Yes
1472,1,1,0.7981867825403176,-0.4378682076931,-1.8128682374954224,assist,Yes
1473,1,1,0.9465966702001757,-0.4763832092285156,-3.3513832092285156,assist,Yes
1474,1,1,0.9046505286741726,-0.23948891460895538,-2.4894888401031494,assist,Yes
1475,1,1,0.9149009642742806,-0.31103503704071045,-2.68603515625,assist,Yes
1476,1,1,0.9669140216112958,-0.34404873847961426,-3.7190487384796143,assist,Yes
1477,1,0,0.0675466977093867,-2.7240192890167236,-0.09901939332485199,assist,No
1478,1,1,0.679178699175393,-0.5863262414932251,-1.336326241493225,assist,Yes
1479,1,1,0.9149009526726544,-0.31122997403144836,-2.686229944229126,assist,Yes
1480,1,1,0.6224593312018546,-0.5599699020385742,-1.0599699020385742,assist,Yes
1481,1,1,0.9149009480320036,-0.3083570897579193,-2.683357000350952,assist,Yes
1482,1,1,0.9796676502191265,-0.4479549527168274,-4.322955131530762,assist,Yes
1483,1,1,0.924141817889503,-0.32581642270088196,-2.8258163928985596,assist,Yes
1484,1,1,0.9465966747198243,-0.3314804136753082,-3.2064805030822754,assist,Yes
1485,1,1,0.5312093733737563,-0.7322995662689209,-0.8572995662689209,assist,Yes
1486,1,1,0.9525741254760638,-0.39282849431037903,-3.3928284645080566,assist,Yes
1487,1,1,0.914900957313305,-0.2861904799938202,-2.6611905097961426,assist,Yes
1488,1,1,0.835483553488848,-0.4268110990524292,-2.0518112182617188,assist,Yes
1489,1,1,0.6513548646660542,-0.5466243028640747,-1.1716243028640747,assist,Yes
1490,1,1,0.679178699175393,-0.5412759780883789,-1.291275978088379,assist,Yes
1491,1,1,0.9669140206578809,-0.19354894757270813,-3.5685489177703857,assist,Yes
1492,1,1,0.9324533163686646,-0.3465689420700073,-2.971569061279297,assist,Yes
1493,1,1,0.835483553488848,-0.39799439907073975,-2.0229945182800293,assist,Yes
1494,1,1,0.9149009561531425,-0.22909949719905853,-2.6040995121002197,assist,Yes
1495,1,1,0.5926665999540697,-0.6352781057357788,-1.0102781057357788,assist,Yes
1496,1,1,0.8175744673038221,-0.4721859097480774,-1.9721858501434326,assist,Yes
1497,1,1,0.8933094032139576,-0.3316941559314728,-2.4566941261291504,assist,Yes
1498,1,1,0.9669140254249554,-0.19273269176483154,-3.567732810974121,assist,Yes
1499,1,0,0.40733341443526055,-1.0088462829589844,-0.6338463425636292,assist,No
1500,1,0,0.34864513533394575,-1.1446118354797363,-0.5196118354797363,assist,No
1501,1,0,0.2689414213699951,-1.4009989500045776,-0.40099895000457764,assist,No
1502,1,1,0.5926665999540697,-0.6918596029281616,-1.0668596029281616,assist,Yes
1503,1,1,0.7310585727705126,-0.4682605564594269,-1.4682605266571045,assist,Yes
1504,1,1,0.7549149868676283,-0.4944593906402588,-1.6194593906402588,assist,Yes
1505,1,1,0.6224593312018546,-0.5540090799331665,-1.0540090799331665,assist,Yes
1506,1,1,0.7310585786300049,-0.4366213083267212,-1.4366213083267212,assist,Yes
1507,1,0,0.1480472036701053,-1.9929603338241577,-0.2429603785276413,assist,No
1508,1,1,0.9579122684798184,-0.32160601019859314,-3.446605920791626,assist,Yes
1509,1,0,0.16451645880021026,-1.8880324363708496,-0.2630324065685272,assist,No
1510,1,1,0.6224593452091672,-0.6656071543693542,-1.165607213973999,assist,Yes
1511,1,1,0.5312093733737563,-0.7075811624526978,-0.8325811624526978,assist,Yes
1512,1,0,0.14804719427274565,-1.9685426950454712,-0.2185426652431488,assist,No
1513,1,1,0.9241418220680101,-0.2984564006328583,-2.7984564304351807,assist,Yes
1514,1,1,0.8670357735451834,-0.266929030418396,-2.1419291496276855,assist,Yes
1515,1,1,0.5621765008857981,-0.8968679904937744,-1.1468679904937744,assist,Yes
1516,1,1,0.7772998560157665,-0.3740837872028351,-1.6240837574005127,assist,Yes
1517,1,1,0.5621765008857981,-0.7088862061500549,-0.9588862061500549,assist,Yes
1518,1,1,0.8354835248143776,-0.42701801657676697,-2.0520179271698,assist,Yes
1519,1,0,0.11920293140927592,-2.193962812423706,-0.19396290183067322,assist,No
1520,1,1,0.7310585669110203,-0.49230343103408813,-1.4923033714294434,assist,Yes
1521,1,1,0.8670357701094303,-0.25225988030433655,-2.1272599697113037,assist,Yes
1522,1,1,0.7772998560157665,-0.40434160828590393,-1.6543415784835815,assist,Yes
1523,1,0,0.29421497216298875,-1.4300649166107178,-0.5550649166107178,assist,No
1524,1,0,0.4073334000459302,-1.156243085861206,-0.781243085861206,assist,No
1525,1,1,0.939913343093499,-0.2846566438674927,-3.034656524658203,assist,Yes
1526,1,1,0.5312093733737563,-0.7263148427009583,-0.8513148427009583,assist,Yes
1527,1,0,0.26894141551050293,-1.3913153409957886,-0.3913153111934662,assist,No
1528,1,1,0.7772998560157665,-0.4919559061527252,-1.7419558763504028,assist,Yes
1529,1,1,0.5312093733737563,-0.8647459745407104,-0.9897459745407104,assist,Yes
1530,1,1,0.8354835493924953,-0.4009338915348053,-2.0259339809417725,assist,Yes
1531,1,1,0.679178699175393,-0.602584719657898,-1.352584719657898,assist,Yes
1532,1,1,0.7549149923816048,-0.4201478660106659,-1.5451478958129883,assist,Yes
1533,1,0,0.07585817793199003,-2.6108973026275635,-0.11089727282524109,assist,No
1534,1,1,0.9525741227833249,-0.3582230508327484,-3.3582229614257812,assist,Yes
1535,1,1,0.9241418220680101,-0.2753581702709198,-2.775358200073242,assist,Yes
1536,1,1,0.5312093733737563,-0.7070500254631042,-0.8320500254631042,assist,Yes
1537,1,1,0.7772998611746911,-0.3605102300643921,-1.610510230064392,assist,Yes
1538,1,1,0.8354835330070839,-0.3014812767505646,-1.9264812469482422,assist,Yes
1539,1,1,0.880797081106935,-0.3972122371196747,-2.397212266921997,assist,Yes
1540,1,1,0.914900950352329,-0.3351920247077942,-2.7101919651031494,assist,Yes
1541,1,0,0.32082130082460697,-1.2728949785232544,-0.5228949785232544,assist,No
1542,1,1,0.7057850402140659,-0.6185674071311951,-1.4935674667358398,assist,Yes
1543,1,1,0.8354835207180245,-0.558815598487854,-2.1838154792785645,assist,Yes
1544,1,1,0.7057850278370112,-0.714187741279602,-1.589187741279602,assist,Yes
1545,1,1,0.7057850278370112,-0.5216917991638184,-1.3966917991638184,assist,Yes
1546,1,1,0.5926665999540697,-0.7441394329071045,-1.1191394329071045,assist,Yes
1547,1,0,0.24508501313237172,-1.4815855026245117,-0.3565855026245117,assist,No
1548,1,0,0.2942149783515162,-1.308724045753479,-0.4337240755558014,assist,No
1549,1,0,0.24508501313237172,-1.5337599515914917,-0.4087599515914917,assist,No
1550,1,1,0.957912274487423,-0.4247817397117615,-3.5497817993164062,assist,Yes
1551,1,1,0.5312093733737563,-0.7273412346839905,-0.8523412346839905,assist,Yes
1552,1,1,0.9241418158002492,-0.49696141481399536,-2.9969613552093506,assist,Yes
1553,1,1,0.6513548646660542,-0.5813215970993042,-1.2063215970993042,assist,Yes
1554,1,0,0.24508501864634827,-1.5095356702804565,-0.38453570008277893,assist,No
1555,1,1,0.6224593171945417,-0.6104314923286438,-1.110431432723999,assist,Yes
1556,1,1,0.9626731158685837,-0.2876245081424713,-3.5376245975494385,assist,Yes
1557,1,1,0.9149009549929797,-0.2660949230194092,-2.641094923019409,assist,Yes
1558,1,1,0.9579122684798184,-0.26580819487571716,-3.39080810546875,assist,Yes
1559,1,0,0.40733341443526055,-1.00689697265625,-0.6318970322608948,assist,No
1560,1,1,0.7057850402140659,-0.5082690119743347,-1.3832690715789795,assist,Yes
1561,1,1,0.8354835371034369,-0.3161412477493286,-1.9411412477493286,assist,Yes
1562,1,0,0.46879062662624377,-0.881199836730957,-0.756199836730957,assist,No
1563,1,1,0.8933094032139576,-0.33225610852241516,-2.4572560787200928,assist,Yes
1564,1,0,0.5,-0.7721041440963745,-0.7721041440963745,assist,No
1565,1,1,0.7981867825403176,-0.3019648492336273,-1.6769648790359497,assist,Yes
1566,1,1,0.5312093733737563,-0.7729164361953735,-0.8979164361953735,assist,Yes
1567,1,1,0.8670357563664174,-0.3386993706226349,-2.2136993408203125,assist,Yes
1568,1,0,0.4378234991142019,-0.895563006401062,-0.645563006401062,assist,No
1569,1,1,0.6513548646660542,-0.5508999824523926,-1.1758999824523926,assist,Yes
1570,1,1,0.7772998611746911,-0.40406668186187744,-1.6540666818618774,assist,Yes
1571,1,1,0.8933094032139576,-0.419629842042923,-2.5446298122406006,assist,Yes
1572,1,1,0.9324533088603709,-0.3478720188140869,-2.972872018814087,assist,Yes
1573,1,0,0.3775406828054583,-1.1051385402679443,-0.6051385998725891,assist,No
1574,1,1,0.7057850278370112,-0.49065709114074707,-1.365657091140747,assist,Yes
1575,1,1,0.7310585786300049,-0.49205660820007324,-1.4920566082000732,assist,Yes
1576,1,1,0.8354835330070839,-0.37771227955818176,-2.0027122497558594,assist,Yes
1577,1,1,0.5312093733737563,-0.7322696447372437,-0.8572696447372437,assist,Yes
1578,1,1,0.966914019704466,-0.23420673608779907,-3.6092066764831543,assist,Yes
1579,1,0,0.025957355502401233,-3.7013204097747803,-0.0763203427195549,assist,No
1580,1,1,0.5621765008857981,-0.6706957221031189,-0.9206957221031189,assist,Yes
1581,1,0,0.0373268854700467,-3.3593719005584717,-0.1093718484044075,assist,No
1582,1,0,0.3208212878370535,-1.258331537246704,-0.5083314776420593,assist,No
1583,1,0,0.24508501313237172,-1.456925392150879,-0.3319253921508789,assist,No
1584,1,1,0.9465966732132748,-0.33251088857650757,-3.2075109481811523,assist,Yes
1585,1,1,0.924141817889503,-0.4623599350452423,-2.96235990524292,assist,Yes
1586,1,1,0.9820137937226356,-0.2981598675251007,-4.298160076141357,assist,Yes
1587,1,1,0.962673116404036,-0.2165287882089615,-3.46652889251709,assist,Yes
1588,1,1,0.9149009642742806,-0.3951019048690796,-2.770102024078369,assist,Yes
1589,1,1,0.914900950352329,-0.337055504322052,-2.7120554447174072,assist,Yes
1590,1,1,0.9399133447766225,-0.33906301856040955,-3.0890629291534424,assist,Yes
1591,1,0,0.2942149845400438,-1.2879366874694824,-0.4129367470741272,assist,No
1592,1,1,0.9241418241572634,-0.27922600507736206,-2.779226064682007,assist,Yes
1593,1,1,0.754914997895581,-0.5310856699943542,-1.656085729598999,assist,Yes
1594,1,1,0.9669140216112958,-0.4580221176147461,-3.833022117614746,assist,Yes
1595,1,0,0.46879062662624377,-0.8200612664222717,-0.6950612664222717,assist,No
1596,1,0,0.34864513533394575,-1.1097843647003174,-0.4847843647003174,assist,No
1597,1,1,0.9241418262465169,-0.27746739983558655,-2.7774674892425537,assist,Yes
1598,1,1,0.9046505261034853,-0.18774519860744476,-2.4377450942993164,assist,Yes
1599,1,1,0.9770226341042414,-0.36933404207229614,-4.1193342208862305,assist,Yes
1600,1,1,0.9465966762263737,-0.3650864362716675,-3.240086555480957,assist,Yes
1601,1,1,0.6513548511303336,-0.6143093705177307,-1.239309310913086,assist,Yes
1602,1,1,0.7981867729389246,-0.3222722113132477,-1.6972721815109253,assist,Yes
1603,1,1,0.9740426443092215,-0.2765743136405945,-3.9015743732452393,assist,Yes
1604,1,1,0.8670357563664174,-0.3647458851337433,-2.239745855331421,assist,Yes
1605,1,1,0.7549149868676283,-0.5594226121902466,-1.6844226121902466,assist,Yes
1606,1,1,0.9046505351008906,-0.3233602046966553,-2.5733602046966553,assist,Yes
1607,1,1,0.9241418158002492,-0.49883800745010376,-2.998837947845459,assist,Yes
1608,1,1,0.8354835289107309,-0.5205414891242981,-2.1455414295196533,assist,Yes
1609,1,0,0.3775406547908327,-1.0532231330871582,-0.5532230734825134,assist,No
1610,1,0,0.4073334000459302,-1.0643408298492432,-0.6893408298492432,assist,No
1611,1,1,0.7772998611746911,-0.36049318313598633,-1.6104931831359863,assist,Yes
1612,1,1,0.7772998714925403,-0.49760717153549194,-1.7476072311401367,assist,Yes
1613,1,1,0.8175744806385543,-0.47608682513237,-1.9760868549346924,assist,Yes
1614,1,1,0.835483553488848,-0.5527666807174683,-2.177766799926758,assist,Yes
1615,1,1,0.8807970779778823,-0.3752779960632324,-2.3752779960632324,assist,Yes
1616,1,1,0.9465966679403514,-0.21395091712474823,-3.0889508724212646,assist,Yes
1617,1,1,0.6513548646660542,-0.6764936447143555,-1.3014936447143555,assist,Yes
1618,1,0,0.24508501313237172,-1.4375033378601074,-0.3125033378601074,assist,No
1619,1,1,0.966914019704466,-0.45896607637405396,-3.833966016769409,assist,Yes
1620,1,1,0.7057850278370112,-0.5168788433074951,-1.3918788433074951,assist,Yes
1621,1,1,0.7057850340255386,-0.49883946776390076,-1.3738394975662231,assist,Yes
1622,1,1,0.9241418158002492,-0.300040066242218,-2.8000400066375732,assist,Yes
1623,1,1,0.8519528019683106,-0.3003387451171875,-2.0503387451171875,assist,Yes
1624,1,1,0.5621765008857981,-0.6468525528907776,-0.8968525528907776,assist,Yes
1625,1,1,0.5926665855647394,-0.7117102742195129,-1.0867102146148682,assist,Yes
1626,1,1,0.9706877709445761,-0.25424522161483765,-3.7542452812194824,assist,Yes
1627,1,1,0.9324533032291502,-0.45014843344688416,-3.075148344039917,assist,Yes
1628,1,1,0.9241418126663687,-0.2377534955739975,-2.737753391265869,assist,Yes
1629,1,1,0.754914975839675,-0.4557862877845764,-1.5807862281799316,assist,Yes
1630,1,0,0.32082130082460697,-1.2546463012695312,-0.5046463012695312,assist,No
1631,1,1,0.7981867729389246,-0.365016371011734,-1.7400163412094116,assist,Yes
1632,1,1,0.9046505351008906,-0.37633395195007324,-2.6263339519500732,assist,Yes
1633,1,1,0.7981867729389246,-0.3017268478870392,-1.6767268180847168,assist,Yes
1634,1,1,0.9706877717925421,-0.340665727853775,-3.840665817260742,assist,Yes
1635,1,1,0.7057850402140659,-0.4378945231437683,-1.312894582748413,assist,Yes
1636,1,1,0.851952809486198,-0.3558120131492615,-2.1058120727539062,assist,Yes
1637,1,1,0.9626731126558706,-0.34891486167907715,-3.598914861679077,assist,Yes
1638,1,1,0.7057850216484838,-0.47483542561531067,-1.3498353958129883,assist,Yes
1639,1,0,0.22270014914315833,-1.726717233657837,-0.4767172932624817,assist,No
1640,1,1,0.9465966649272521,-0.21333657205104828,-3.08833646774292,assist,Yes
1641,1,1,0.8807970654616711,-0.3012644052505493,-2.3012642860412598,assist,Yes
1642,1,1,0.6791787121629466,-0.6954061388969421,-1.445406198501587,assist,Yes
1643,1,1,0.9324533032291502,-0.41390904784202576,-3.0389089584350586,assist,Yes
1644,1,1,0.8670357598021706,-0.41667795181274414,-2.291677951812744,assist,Yes
1645,1,1,0.9399133498259924,-0.48412489891052246,-3.2341248989105225,assist,Yes
1646,1,1,0.904650527388829,-0.4059790074825287,-2.6559789180755615,assist,Yes
1647,1,1,0.851952809486198,-0.43242019414901733,-2.182420253753662,assist,Yes
1648,1,1,0.5621765008857981,-0.7233622074127197,-0.9733622074127197,assist,Yes
1649,1,0,0.3208213138121609,-1.2455074787139893,-0.49550753831863403,assist,No
1650,1,1,0.8175744806385543,-0.2987920939922333,-1.7987921237945557,assist,Yes
1651,1,1,0.9324533013520764,-0.4487243890762329,-3.0737242698669434,assist,Yes
1652,1,1,0.8807970873650403,-0.2503761351108551,-2.2503762245178223,assist,Yes
1653,1,1,0.8670357494949105,-0.28208622336387634,-2.157086133956909,assist,Yes
1654,1,1,0.9465966686936261,-0.36424878239631653,-3.239248752593994,assist,Yes
1655,1,1,0.924141817889503,-0.27665069699287415,-2.7766506671905518,assist,Yes
1656,1,1,0.9399133515091156,-0.28404852747917175,-3.034048557281494,assist,Yes
1657,1,0,0.24508502416032488,-1.4336655139923096,-0.30866557359695435,assist,No
1658,1,1,0.9706877684006775,-0.3752608597278595,-3.875260829925537,assist,Yes
1659,1,1,0.9706877709445761,-0.2792608141899109,-3.7792608737945557,assist,Yes
1660,1,1,0.9796676454700793,-0.30043894052505493,-4.17543888092041,assist,Yes
1661,1,1,0.9046505428129514,-0.44232097268104553,-2.6923210620880127,assist,Yes
1662,1,1,0.8519527906914787,-0.26913508772850037,-2.019134998321533,assist,Yes
1663,1,1,0.867035763237924,-0.2839929759502411,-2.1589930057525635,assist,Yes
1664,1,1,0.5926665999540697,-0.6440091133117676,-1.0190091133117676,assist,Yes
1665,1,1,0.9324533107374443,-0.24680277705192566,-2.871802806854248,assist,Yes
1666,1,1,0.9669140244715405,-0.2832261621952057,-3.658226251602173,assist,Yes
1667,1,1,0.9626731169394882,-0.5071176290512085,-3.757117748260498,assist,Yes
1668,1,1,0.9579122708828604,-0.18442967534065247,-3.30942964553833,assist,Yes
1669,1,1,0.5621765008857981,-0.6881313323974609,-0.9381313323974609,assist,Yes
1670,1,1,0.9465966747198243,-0.3989688456058502,-3.2739689350128174,assist,Yes
1671,1,0,0.5,-0.849567711353302,-0.849567711353302,assist,No
1672,1,1,0.966914019704466,-0.28329235315322876,-3.658292293548584,assist,Yes
1673,1,1,0.94659667246,-0.23173661530017853,-3.106736660003662,assist,Yes
1674,1,0,0.22270013882530884,-1.5400967597961426,-0.2900967597961426,assist,No
1675,1,1,0.9046505428129514,-0.2570554316043854,-2.5070555210113525,assist,Yes
1676,1,1,0.880797081106935,-0.43283769488334656,-2.432837724685669,assist,Yes
1677,1,1,0.7981867873410141,-0.6024202704429626,-1.9774203300476074,assist,Yes
1678,1,1,0.977022630759019,-0.37018343806266785,-4.12018346786499,assist,Yes
1679,1,1,0.9241418199787566,-0.3545970916748047,-2.8545970916748047,assist,Yes
1680,1,1,0.7772998611746911,-0.3509126901626587,-1.6009126901626587,assist,Yes
1681,1,1,0.835483553488848,-0.4484752416610718,-2.0734753608703613,assist,Yes
1682,1,1,0.9241418220680101,-0.32577845454216003,-2.8257784843444824,assist,Yes
1683,1,1,0.9149009549929797,-0.3091094493865967,-2.6841094493865967,assist,Yes
1684,1,1,0.9324533144915912,-0.31656280159950256,-2.9415628910064697,assist,Yes
1685,1,1,0.9241418199787566,-0.41890692710876465,-2.9189069271087646,assist,Yes
1686,1,1,0.8354835289107309,-0.26638704538345337,-1.8913869857788086,assist,Yes
1687,1,1,0.9149009526726544,-0.30840447545051575,-2.6834044456481934,assist,Yes
1688,1,1,0.9840936082881853,-0.17582368850708008,-4.30082368850708,assist,Yes
1689,1,1,0.9399133464597458,-0.31129127740859985,-3.061291217803955,assist,Yes
1690,1,1,0.6224593171945417,-0.6382876038551331,-1.1382875442504883,assist,Yes
1691,1,1,0.9579122696813394,-0.387073814868927,-3.5120737552642822,assist,Yes
1692,1,0,0.46879062662624377,-0.8750572800636292,-0.7500572800636292,assist,No
1693,1,1,0.9046505402422645,-0.3739733099937439,-2.6239733695983887,assist,Yes
1694,1,1,0.8807970842359877,-0.3755609393119812,-2.375560998916626,assist,Yes
1695,1,1,0.679178699175393,-0.4613645076751709,-1.211364507675171,assist,Yes
1696,1,1,0.9525741281688026,-0.3256551921367645,-3.325655221939087,assist,Yes
1697,1,1,0.9241418241572634,-0.2766689658164978,-2.7766690254211426,assist,Yes
1698,1,1,0.9740426428022031,-0.18575835227966309,-3.810758352279663,assist,Yes
1699,1,1,0.9241418220680101,-0.30134961009025574,-2.801349639892578,assist,Yes
1700,1,1,0.904650527388829,-0.37444838881492615,-2.624448299407959,assist,Yes
1701,1,1,0.8933094060543487,-0.5326783657073975,-2.6576783657073975,assist,Yes
1702,1,1,0.9324533163686646,-0.49134719371795654,-3.116347312927246,assist,Yes
1703,1,1,0.9579122720843811,-0.266491174697876,-3.391491174697876,assist,Yes
1704,1,1,0.7981867873410141,-0.5302621722221375,-1.9052622318267822,assist,Yes
1705,1,1,0.6791787121629466,-0.5652469992637634,-1.3152470588684082,assist,Yes
1706,1,1,0.924141817889503,-0.38768866658210754,-2.887688636779785,assist,Yes
1707,1,1,0.8519527944504226,-0.5023594498634338,-2.252359390258789,assist,Yes
1708,1,1,0.9740426435557125,-0.3373684585094452,-3.9623684883117676,assist,Yes
1709,1,1,0.9465966702001757,-0.39875316619873047,-3.2737531661987305,assist,Yes
1710,1,1,0.9579122768904644,-0.2932642698287964,-3.418264389038086,assist,Yes
1711,1,1,0.8807970732843035,-0.22591356933116913,-2.2259135246276855,assist,Yes
1712,1,1,0.9465966732132748,-0.47652143239974976,-3.3515214920043945,assist,Yes
1713,1,1,0.904650527388829,-0.44190916419029236,-2.691909074783325,assist,Yes
1714,1,1,0.9046505376715775,-0.2570616900920868,-2.507061719894409,assist,Yes
1715,1,1,0.9626731147976793,-0.26114195585250854,-3.5111420154571533,assist,Yes
1716,1,1,0.904650527388829,-0.34986647963523865,-2.5998663902282715,assist,Yes
1717,1,1,0.880797081106935,-0.43596360087394714,-2.4359636306762695,assist,Yes
1718,1,1,0.9626731158685837,-0.26187863945961,-3.511878728866577,assist,Yes
1719,1,1,0.8519527982093668,-0.31633642315864563,-2.0663363933563232,assist,Yes
1720,1,1,0.9626731094431571,-0.38265809416770935,-3.632658004760742,assist,Yes
1721,1,1,0.952574129515172,-0.47093838453292847,-3.4709384441375732,assist,Yes
1722,1,1,0.9241418220680101,-0.35617849230766296,-2.8561785221099854,assist,Yes
1723,1,1,0.9465966686936261,-0.30297139286994934,-3.177971363067627,assist,Yes
1724,1,1,0.957912274487423,-0.4271811842918396,-3.5521812438964844,assist,Yes
1725,1,1,0.9399133464597458,-0.40536051988601685,-3.155360460281372,assist,Yes
1726,1,1,0.8933094145755219,-0.20074978470802307,-2.3257498741149902,assist,Yes
1727,1,1,0.7981867825403176,-0.42227694392204285,-1.7972769737243652,assist,Yes
1728,1,1,0.9820137895115189,-0.36510804295539856,-4.365108013153076,assist,Yes
1729,1,1,0.9324533144915912,-0.22776570916175842,-2.8527657985687256,assist,Yes
1730,1,1,0.9579122720843811,-0.29267024993896484,-3.417670249938965,assist,Yes
1731,1,1,0.952574129515172,-0.27168864011764526,-3.27168869972229,assist,Yes
1732,1,1,0.9770226294209299,-0.3024440109729767,-4.052443981170654,assist,Yes
1733,1,1,0.9399133447766225,-0.31132540106773376,-3.0613253116607666,assist,Yes
1734,1,1,0.9579122720843811,-0.35239529609680176,-3.4773952960968018,assist,Yes
1735,1,1,0.9241418252018903,-0.23836581408977509,-2.738365888595581,assist,Yes
1736,1,1,0.9465966732132748,-0.4778127074241638,-3.3528127670288086,assist,Yes
1737,1,1,0.5926665999540697,-0.607944130897522,-0.982944130897522,assist,Yes
1738,1,1,0.9579122684798184,-0.32148250937461853,-3.4464824199676514,assist,Yes
1739,1,1,0.9525741274956179,-0.24665234982967377,-3.246652364730835,assist,Yes
1740,1,1,0.7772998611746911,-0.3861267566680908,-1.6361267566680908,assist,Yes
1741,1,0,0.5,-0.8679152727127075,-0.8679152727127075,assist,No
1742,1,1,0.8933093946927838,-0.5294500589370728,-2.654449939727783,assist,Yes
1743,1,1,0.8933093946927838,-0.31228554248809814,-2.4372854232788086,assist,Yes
1744,1,1,0.7981867729389246,-0.4221290647983551,-1.7971290349960327,assist,Yes
1745,1,1,0.8933093975331751,-0.2894619405269623,-2.414461851119995,assist,Yes
1746,1,1,0.9241418241572634,-0.3262328505516052,-2.82623291015625,assist,Yes
1747,1,1,0.9626731094431571,-0.31703314185142517,-3.567033052444458,assist,Yes
1748,1,1,0.8519528057272543,-0.3348531424999237,-2.084853172302246,assist,Yes
1749,1,1,0.9820137868795701,-0.4027702212333679,-4.402770042419434,assist,Yes
1750,1,1,0.9579122672782973,-0.3534790277481079,-3.4784789085388184,assist,Yes
1751,1,1,0.9324533088603709,-0.41216039657592773,-3.0371603965759277,assist,Yes
1752,1,1,0.7549149813536518,-0.3798035681247711,-1.5048035383224487,assist,Yes
1753,1,1,0.9465966762263737,-0.5708240270614624,-3.445824146270752,assist,Yes
1754,1,1,0.9046505402422645,-0.34572261571884155,-2.5957226753234863,assist,Yes
1755,1,1,0.8519527944504226,-0.3791547417640686,-2.129154682159424,assist,Yes
1756,1,1,0.939913354875362,-0.28413429856300354,-3.0341343879699707,assist,Yes
1757,1,1,0.9525741227833249,-0.2975979745388031,-3.297597885131836,assist,Yes
1758,1,1,0.8933094060543487,-0.5329747200012207,-2.6579747200012207,assist,Yes
1759,1,1,0.9241418283357702,-0.3017319440841675,-2.801732063293457,assist,Yes
1760,1,1,0.9324533088603709,-0.3778390884399414,-3.0028390884399414,assist,Yes
1761,1,1,0.9706877717925421,-0.45467081665992737,-3.9546709060668945,assist,Yes
1762,1,1,0.9465966702001757,-0.524395227432251,-3.399395227432251,assist,Yes
1763,1,1,0.924141817889503,-0.35308292508125305,-2.8530828952789307,assist,Yes
1764,1,1,0.966914019704466,-0.25819283723831177,-3.633192777633667,assist,Yes
1765,1,1,0.939913343093499,-0.3402048349380493,-3.0902047157287598,assist,Yes
1766,1,1,0.9626731115849659,-0.2613408863544464,-3.511340856552124,assist,Yes
1767,1,1,0.8933094060543487,-0.3599414825439453,-2.4849414825439453,assist,Yes
1768,1,1,0.9399133498259924,-0.1871645450592041,-2.937164545059204,assist,Yes
1769,1,1,0.9046505248181417,-0.5207444429397583,-2.7707443237304688,assist,Yes
1770,1,1,0.9465966641739773,-0.39876091480255127,-3.2737607955932617,assist,Yes
1771,1,1,0.9706877709445761,-0.3403264880180359,-3.8403265476226807,assist,Yes
1772,1,1,0.9820137910906878,-0.44436877965927124,-4.444368839263916,assist,Yes
1773,1,1,0.9324533126145177,-0.2688125967979431,-2.893812656402588,assist,Yes
1774,1,1,0.5312093585306514,-0.8898511528968811,-1.0148510932922363,assist,Yes
1775,1,1,0.9740426488302759,-0.4963986873626709,-4.12139892578125,assist,Yes
1776,1,1,0.9465966717067252,-0.36200806498527527,-3.2370080947875977,assist,Yes
1777,1,1,0.97068777009661,-0.30922672152519226,-3.8092267513275146,assist,Yes
1778,1,1,0.9399133498259924,-0.372058629989624,-3.122058629989624,assist,Yes
1779,1,1,0.9324533107374443,-0.291331022977829,-2.9163310527801514,assist,Yes
1780,1,1,0.966914019704466,-0.3129957318305969,-3.687995672225952,assist,Yes
1781,1,0,0.32082129433083023,-1.2296210527420044,-0.479621022939682,assist,No
1782,1,1,0.9399133447766225,-0.4039946496486664,-3.153994560241699,assist,Yes
1783,1,1,0.7057850402140659,-0.5484721064567566,-1.4234721660614014,assist,Yes
1784,1,1,0.880797081106935,-0.3709432780742645,-2.370943307876587,assist,Yes
1785,1,1,0.9324533097989077,-0.22875426709651947,-2.8537542819976807,assist,Yes
1786,1,1,0.939913356558485,-0.40411460399627686,-3.1541147232055664,assist,Yes
1787,1,1,0.6513548511303336,-0.5412967801094055,-1.1662967205047607,assist,Yes
1788,1,1,0.9579122696813394,-0.2926192879676819,-3.417619228363037,assist,Yes
1789,1,1,0.9046505325302034,-0.37612488865852356,-2.626124858856201,assist,Yes
1790,1,1,0.9579122756889438,-0.3516761362552643,-3.4766762256622314,assist,Yes
1791,1,1,0.9579122684798184,-0.3871499001979828,-3.5121498107910156,assist,Yes
1792,1,1,0.9626731169394882,-0.5058950185775757,-3.7558951377868652,assist,Yes
1793,1,1,0.9324533051062237,-0.3777211308479309,-3.002721071243286,assist,Yes
1794,1,1,0.9796676425019243,-0.44649192690849304,-4.321491718292236,assist,Yes
1795,1,1,0.957912274487423,-0.42603105306625366,-3.5510311126708984,assist,Yes
1796,1,1,0.9669140225647107,-0.31306955218315125,-3.6880695819854736,assist,Yes
1797,1,1,0.9579122672782973,-0.3525487184524536,-3.477548599243164,assist,Yes
1798,1,1,0.9770226320971079,-0.18309059739112854,-3.9330906867980957,assist,Yes
1799,1,1,0.7981867729389246,-0.34809914231300354,-1.7230991125106812,assist,Yes
1800,1,1,0.8933093946927838,-0.3341566324234009,-2.4591565132141113,assist,Yes
1801,1,0,0.32082130082460697,-1.3148460388183594,-0.5648460388183594,assist,No
1802,1,1,0.8354835411997897,-0.2913164794445038,-1.9163165092468262,assist,Yes
1803,1,1,0.7057850278370112,-0.5415319204330444,-1.4165319204330444,assist,Yes
1804,1,0,0.40733341443526055,-1.0026206970214844,-0.6276207566261292,assist,No
1805,1,0,0.11920291732853862,-2.1860299110412598,-0.18602986633777618,assist,No
1806,1,0,0.08509904500702024,-2.528264045715332,-0.15326404571533203,assist,No
1807,1,1,0.754914975839675,-0.49465423822402954,-1.6196541786193848,assist,Yes
1808,1,0,0.3208213138121609,-1.2163877487182617,-0.4663878083229065,assist,No
1809,1,1,0.8519527944504226,-0.31879812479019165,-2.068798065185547,assist,Yes
1810,1,1,0.8670357701094303,-0.2961250841617584,-2.1711251735687256,assist,Yes
1811,1,1,0.8933094060543487,-0.2876396179199219,-2.412639617919922,assist,Yes
1812,1,0,0.5,-0.7769072651863098,-0.7769072651863098,assist,No
1813,1,0,0.05340333582602272,-3.0200986862182617,-0.14509880542755127,assist,No
1814,1,1,0.5621765008857981,-0.7326217293739319,-0.9826217293739319,assist,Yes
1815,1,0,0.2689414096510108,-1.4483981132507324,-0.44839805364608765,assist,No
1816,1,0,0.4378234991142019,-0.9991022944450378,-0.7491022944450378,assist,No
1817,1,0,0.14804719051380197,-2.0147080421447754,-0.2647079825401306,assist,No
1818,1,0,0.06754669301670263,-2.7457878589630127,-0.12078788876533508,assist,No
1819,1,0,0.1480472036701053,-1.9688451290130615,-0.2188451737165451,assist,No
1820,1,0,0.10669059820623795,-2.3116910457611084,-0.18669109046459198,assist,No
1821,1,0,0.3775406828054583,-1.0648753643035889,-0.5648754239082336,assist,No
1822,1,0,0.1329642264548166,-2.0764970779418945,-0.20149695873260498,assist,No
1823,1,1,0.5926665999540697,-0.615121066570282,-0.990121066570282,assist,Yes
1824,1,1,0.7310585903489892,-0.4488160014152527,-1.4488160610198975,assist,Yes
1825,1,0,0.46879062662624377,-0.9311645030975342,-0.8061645030975342,assist,No
1826,1,1,0.9525741301883566,-0.24704639613628387,-3.24704647064209,assist,Yes
1827,1,0,0.46879062662624377,-0.9754011034965515,-0.8504011034965515,assist,No
1828,1,1,0.9149009619539553,-0.20037832856178284,-2.57537841796875,assist,Yes
1829,1,1,0.9579122720843811,-0.2655644416809082,-3.390564441680908,assist,Yes
1830,1,1,0.6513548646660542,-0.4781852960586548,-1.1031852960586548,assist,Yes
1831,1,1,0.8933094003735664,-0.5321343541145325,-2.6571342945098877,assist,Yes
1832,1,1,0.9399133481428692,-0.4051688015460968,-3.1551687717437744,assist,Yes
1833,1,1,0.679178699175393,-0.5858396291732788,-1.3358396291732788,assist,Yes
1834,1,0,0.2689414330889798,-1.4374463558197021,-0.4374464154243469,assist,No
1835,1,1,0.6513548782017746,-0.5946299433708191,-1.2196300029754639,assist,Yes
1836,1,1,0.6224593312018546,-0.5475763082504272,-1.0475763082504272,assist,Yes
1837,1,1,0.914900945711678,-0.2862745523452759,-2.6612744331359863,assist,Yes
1838,1,1,0.9241418241572634,-0.3858265280723572,-2.885826587677002,assist,Yes
1839,1,1,0.7057850278370112,-0.521630048751831,-1.396630048751831,assist,Yes
1840,1,1,0.9579122720843811,-0.42618441581726074,-3.5511844158172607,assist,Yes
1841,1,1,0.9626731126558706,-0.31638002395629883,-3.566380023956299,assist,Yes
1842,1,1,0.9241418137109955,-0.38634857535362244,-2.8863484859466553,assist,Yes
1843,1,1,0.8175744761936437,-0.418881893157959,-1.918881893157959,assist,Yes
1844,1,1,0.7057850154599563,-0.4139295220375061,-1.2889294624328613,assist,Yes
1845,1,1,0.8933094003735664,-0.3089035153388977,-2.433903455734253,assist,Yes
1846,1,1,0.94659667246,-0.2134685069322586,-3.088468551635742,assist,Yes
1847,1,1,0.9149009596336303,-0.3094250559806824,-2.684425115585327,assist,Yes
1848,1,1,0.9706877684006775,-0.253325492143631,-3.7533254623413086,assist,Yes
1849,1,0,0.5,-0.8106285929679871,-0.8106285929679871,assist,No
1850,1,1,0.6513548646660542,-0.5551421642303467,-1.1801421642303467,assist,Yes
1851,1,1,0.867035752930664,-0.6087561249732971,-2.4837560653686523,assist,Yes
1852,1,1,0.5926666143433998,-0.6359655261039734,-1.0109655857086182,assist,Yes
1853,1,1,0.835483553488848,-0.4597119092941284,-2.084712028503418,assist,Yes
1854,1,1,0.8670357598021706,-0.4162297248840332,-2.291229724884033,assist,Yes
1855,1,1,0.7772998560157665,-0.4441944658756256,-1.6941944360733032,assist,Yes
1856,1,1,0.9149009596336303,-0.33682459592819214,-2.711824655532837,assist,Yes
1857,1,0,0.22270014914315833,-1.6358904838562012,-0.38589054346084595,assist,No
1858,1,1,0.893309411735131,-0.3070313334465027,-2.4320313930511475,assist,Yes
1859,1,1,0.9324533088603709,-0.4912905693054199,-3.11629056930542,assist,Yes
1860,1,1,0.817574471748733,-0.34275344014167786,-1.8427534103393555,assist,Yes
1861,1,0,0.14804719991116141,-1.966750979423523,-0.21675099432468414,assist,No
1862,1,0,0.11920292515117029,-2.219259023666382,-0.21925905346870422,assist,No
1863,1,1,0.9770226300899744,-0.2745232582092285,-4.0245232582092285,assist,Yes
1864,1,1,0.7981867777396212,-0.5710442066192627,-1.9460442066192627,assist,Yes
1865,1,0,0.3208212878370535,-1.2081642150878906,-0.45816415548324585,assist,No
1866,1,0,0.46879062662624377,-0.796059250831604,-0.671059250831604,assist,No
1867,1,1,0.9525741241296944,-0.35760146379470825,-3.3576014041900635,assist,Yes
1868,1,1,0.6224593312018546,-0.6101417541503906,-1.1101417541503906,assist,Yes
1869,1,1,0.9770226320971079,-0.22329488396644592,-3.973294973373413,assist,Yes
1870,1,0,0.46879062662624377,-0.8517719507217407,-0.7267719507217407,assist,No
1871,1,0,0.22270014398423357,-1.5785644054412842,-0.32856443524360657,assist,No
1872,1,1,0.8670357598021706,-0.3621382713317871,-2.237138271331787,assist,Yes
1873,1,1,0.5312093733737563,-0.862775444984436,-0.987775444984436,assist,Yes
1874,1,1,0.9740426382811477,-0.45126789808273315,-4.076267719268799,assist,Yes
1875,1,1,0.867035763237924,-0.3161868751049042,-2.1911869049072266,assist,Yes
1876,1,1,0.7057850340255386,-0.4716334044933319,-1.3466334342956543,assist,Yes
1877,1,1,0.9046505440982949,-0.23979772627353668,-2.489797830581665,assist,Yes
1878,1,0,0.02931223265928031,-3.554269313812256,-0.05426938086748123,assist,No
1879,1,1,0.6513548511303336,-0.5880842804908752,-1.2130842208862305,assist,Yes
1880,1,1,0.7549149923816048,-0.4202485978603363,-1.5452486276626587,assist,Yes
1881,1,1,0.6224593312018546,-0.5821559429168701,-1.0821559429168701,assist,Yes
1882,1,0,0.13296424706933604,-2.100173234939575,-0.22517329454421997,assist,No
1883,1,1,0.5621765008857981,-0.6868287920951843,-0.9368287920951843,assist,Yes
1884,1,1,0.880797071719777,-0.3735113739967346,-2.37351131439209,assist,Yes
1885,1,1,0.89330940889474,-0.2716052234172821,-2.3966052532196045,assist,Yes
1886,1,1,0.9525741254760638,-0.3919663727283478,-3.3919663429260254,assist,Yes
1887,1,1,0.9046505402422645,-0.37651222944259644,-2.626512289047241,assist,Yes
1888,1,1,0.867035763237924,-0.44760581851005554,-2.322605848312378,assist,Yes
1889,1,1,0.9324533107374443,-0.3179187476634979,-2.9429187774658203,assist,Yes
1890,1,1,0.8175744761936437,-0.3956291675567627,-1.8956291675567627,assist,Yes
1891,1,1,0.9875683518909607,-0.21359993517398834,-4.588600158691406,assist,Yes
1892,1,1,0.7057850402140659,-0.5425321459770203,-1.417532205581665,assist,Yes
1893,1,1,0.9399133481428692,-0.40385082364082336,-3.153850793838501,assist,Yes
1894,1,1,0.8670357563664174,-0.26844218373298645,-2.143442153930664,assist,Yes
1895,1,1,0.5926665999540697,-0.5878450274467468,-0.9628450274467468,assist,Yes
1896,1,1,0.6791787056691698,-0.42446884512901306,-1.1744688749313354,assist,Yes
1897,1,1,0.9149009480320036,-0.31132611632347107,-2.686326026916504,assist,Yes
1898,1,1,0.914900957313305,-0.21497246623039246,-2.589972496032715,assist,Yes
1899,1,0,0.4378234991142019,-0.9999280571937561,-0.7499280571937561,assist,No
1900,1,1,0.9465966762263737,-0.3038824796676636,-3.178882598876953,assist,Yes
1901,1,1,0.9324533126145177,-0.3466300368309021,-2.971630096435547,assist,Yes
1902,1,1,0.6513548511303336,-0.5369215607643127,-1.161921501159668,assist,Yes
1903,1,1,0.5312093733737563,-0.739774227142334,-0.864774227142334,assist,Yes
1904,1,1,0.974042642048694,-0.27660325169563293,-3.9016032218933105,assist,Yes
1905,1,1,0.9820137916170774,-0.2691163122653961,-4.269116401672363,assist,Yes
1906,1,0,0.29421496597446145,-1.273140788078308,-0.3981407582759857,assist,No
1907,1,1,0.9324533060447605,-0.211093470454216,-2.8360934257507324,assist,Yes
1908,1,1,0.8807970779778823,-0.4040369987487793,-2.4040369987487793,assist,Yes
1909,1,1,0.9525741241296944,-0.4713061451911926,-3.471306085586548,assist,Yes
1910,1,1,0.5621765008857981,-0.7614296674728394,-1.0114296674728394,assist,Yes
1911,1,1,0.7057850402140659,-0.458049476146698,-1.3330495357513428,assist,Yes
1912,1,1,0.952574129515172,-0.5172736048698425,-3.5172736644744873,assist,Yes
1913,1,1,0.9241418262465169,-0.27649441361427307,-2.7764945030212402,assist,Yes
1914,1,1,0.9241418241572634,-0.3878921866416931,-2.887892246246338,assist,Yes
1915,1,1,0.9840936054891429,-0.29640263319015503,-4.421402454376221,assist,Yes
1916,1,1,0.7057850278370112,-0.5904718637466431,-1.465471863746643,assist,Yes
1917,1,0,0.08509903804604459,-2.489280939102173,-0.11428084969520569,assist,No
1918,1,1,0.9626731094431571,-0.31681737303733826,-3.566817283630371,assist,Yes
1919,1,1,0.7549149868676283,-0.4997752904891968,-1.6247752904891968,assist,Yes
1920,1,1,0.9324533069832973,-0.4107394516468048,-3.0357394218444824,assist,Yes
1921,1,1,0.8933094032139576,-0.35961464047431946,-2.484614610671997,assist,Yes
1922,1,1,0.7310585669110203,-0.6216769814491272,-1.6216769218444824,assist,Yes
1923,1,0,0.4073334000459302,-0.9799727201461792,-0.6049727201461792,assist,No
1924,1,1,0.5926665855647394,-0.7198420166969299,-1.0948419570922852,assist,Yes
1925,1,1,0.6513548511303336,-0.6850834488868713,-1.3100833892822266,assist,Yes
1926,1,1,0.9046505299595163,-0.4398372769355774,-2.6898372173309326,assist,Yes
1927,1,1,0.9579122702820998,-0.2213788479566574,-3.346378803253174,assist,Yes
1928,1,0,0.46879062662624377,-0.8970476388931274,-0.7720476388931274,assist,No
1929,1,1,0.9706877709445761,-0.28000348806381226,-3.780003547668457,assist,Yes
1930,1,1,0.8354835371034369,-0.44489192962646484,-2.069891929626465,assist,Yes
1931,1,1,0.8807970873650403,-0.34687772393226624,-2.3468778133392334,assist,Yes
1932,1,0,0.3486451217982255,-1.0990455150604248,-0.47404545545578003,assist,No
1933,1,1,0.977022630759019,-0.33539721369743347,-4.085397243499756,assist,Yes
1934,1,1,0.9525741248028792,-0.22599630057811737,-3.225996255874634,assist,Yes
1935,1,1,0.5926665999540697,-0.6084011793136597,-0.9834011793136597,assist,Yes
1936,1,1,0.893309411735131,-0.3865346312522888,-2.5115346908569336,assist,Yes
1937,1,1,0.9579122732859019,-0.2662639319896698,-3.391263961791992,assist,Yes
1938,1,1,0.5926666143433998,-0.6574484705924988,-1.0324485301971436,assist,Yes
1939,1,1,0.977022630759019,-0.27359816431999207,-4.0235981941223145,assist,Yes
1940,1,1,0.9579122732859019,-0.26634904742240906,-3.3913490772247314,assist,Yes
1941,1,1,0.8933094003735664,-0.3577752709388733,-2.4827752113342285,assist,Yes
1942,1,1,0.8354835371034369,-0.4230937957763672,-2.048093795776367,assist,Yes
1943,1,1,0.9046505428129514,-0.34588709473609924,-2.5958871841430664,assist,Yes
1944,1,1,0.9465966732132748,-0.43674033880233765,-3.3117403984069824,assist,Yes
1945,1,1,0.9399133515091156,-0.3694705665111542,-3.1194705963134766,assist,Yes
1946,1,1,0.7981867777396212,-0.4670133590698242,-1.8420133590698242,assist,Yes
1947,1,1,0.9890130576932457,-0.2920989692211151,-4.7920989990234375,assist,Yes
1948,1,1,0.9740426443092215,-0.25021880865097046,-3.8752188682556152,assist,Yes
1949,1,1,0.9579122684798184,-0.3871065080165863,-3.512106418609619,assist,Yes
1950,1,1,0.9241418241572634,-0.27643364667892456,-2.7764337062835693,assist,Yes
1951,1,1,0.9241418220680101,-0.23626086115837097,-2.7362608909606934,assist,Yes
1952,1,1,0.8933094032139576,-0.3880765736103058,-2.5130765438079834,assist,Yes
1953,1,0,0.18242551491653522,-1.8610498905181885,-0.3610498309135437,assist,No
1954,1,1,0.9465966732132748,-0.569286048412323,-3.4442861080169678,assist,Yes
1955,1,1,0.7310585786300049,-0.48703038692474365,-1.4870303869247437,assist,Yes
1956,1,1,0.7772998611746911,-0.44798099994659424,-1.6979809999465942,assist,Yes
1957,1,1,0.8933094032139576,-0.20069721341133118,-2.325697183609009,assist,Yes
1958,1,1,0.9465966732132748,-0.2537826895713806,-3.1287827491760254,assist,Yes
1959,1,1,0.5312093733737563,-0.6829395294189453,-0.8079395294189453,assist,Yes
1960,1,1,0.9241418241572634,-0.3557989001274109,-2.8557989597320557,assist,Yes
1961,1,1,0.7549149813536518,-0.376679927110672,-1.5016798973083496,assist,Yes
1962,1,1,0.7057850402140659,-0.6182469725608826,-1.4932470321655273,assist,Yes
1963,1,1,0.9465966656805269,-0.3039496839046478,-3.1789495944976807,assist,Yes
1964,1,1,0.9149009596336303,-0.3353051543235779,-2.7103052139282227,assist,Yes
1965,1,1,0.8933094032139576,-0.4512472450733185,-2.576247215270996,assist,Yes
1966,1,1,0.9740426450627306,-0.4969595968723297,-4.121959686279297,assist,Yes
1967,1,1,0.8354835411997897,-0.3771376311779022,-2.0021376609802246,assist,Yes
1968,1,1,0.9579122708828604,-0.3530471622943878,-3.4780471324920654,assist,Yes
1969,1,1,0.8519527869325346,-0.31642162799835205,-2.0664215087890625,assist,Yes
1970,1,1,0.8354835289107309,-0.40118271112442017,-2.0261826515197754,assist,Yes
1971,1,1,0.7310585669110203,-0.4912109971046448,-1.4912109375,assist,Yes
1972,1,1,0.8933094174159129,-0.3339122533798218,-2.4589123725891113,assist,Yes
1973,1,1,0.5926665999540697,-0.6748242378234863,-1.0498242378234863,assist,Yes
1974,1,0,0.46879062662624377,-0.8270277976989746,-0.7020277976989746,assist,No
1975,1,1,0.8670357494949105,-0.3598683774471283,-2.234868288040161,assist,Yes
1976,1,1,0.9525741254760638,-0.39553573727607727,-3.395535707473755,assist,Yes
1977,1,1,0.9740426412951848,-0.2503982186317444,-3.8753981590270996,assist,Yes
1978,1,1,0.9525741308615412,-0.27154436707496643,-3.2715444564819336,assist,Yes
1979,1,1,0.8519527982093668,-0.46743443608283997,-2.2174344062805176,assist,Yes
1980,1,0,0.22270014398423357,-1.5945507287979126,-0.344550758600235,assist,No
1981,1,1,0.9324533013520764,-0.317482590675354,-2.9424824714660645,assist,Yes
1982,1,1,0.867035763237924,-0.3858940303325653,-2.2608940601348877,assist,Yes
1983,1,1,0.9740426382811477,-0.45160406827926636,-4.076603889465332,assist,Yes
1984,1,1,0.9046505453836383,-0.3477715253829956,-2.597771644592285,assist,Yes
1985,1,1,0.9525741301883566,-0.24785058200359344,-3.2478506565093994,assist,Yes
1986,1,1,0.7981867777396212,-0.4450187683105469,-1.8200187683105469,assist,Yes
1987,1,1,0.9465966656805269,-0.3987194001674652,-3.273719310760498,assist,Yes
1988,1,1,0.9890130586647624,-0.23626792430877686,-4.736268043518066,assist,Yes
1989,1,1,0.9465966702001757,-0.3310105800628662,-3.206010580062866,assist,Yes
1990,1,1,0.8354835330070839,-0.48671963810920715,-2.1117196083068848,assist,Yes
1991,1,0,0.1480472036701053,-1.9626688957214355,-0.21266894042491913,assist,No
1992,1,1,0.9399133515091156,-0.31015440821647644,-3.060154438018799,assist,Yes
1993,1,1,0.9525741241296944,-0.3264985680580139,-3.326498508453369,assist,Yes
1994,1,1,0.7057850216484838,-0.4082689583301544,-1.283268928527832,assist,Yes
1995,1,1,0.8670357735451834,-0.5186084508895874,-2.393608570098877,assist,Yes
1996,1,1,0.924141817889503,-0.3261111080646515,-2.826111078262329,assist,Yes
1997,1,1,0.9669140187510509,-0.3792303502559662,-3.754230260848999,assist,Yes
1998,1,0,0.4378234991142019,-0.9678394198417664,-0.7178394198417664,assist,No
1999,1,1,0.966914017797636,-0.3441120386123657,-3.719111919403076,assist,Yes
2000,1,1,0.9669140206578809,-0.2839057743549347,-3.6589057445526123,assist,Yes
2001,1,1,0.982013792143467,-0.4028428792953491,-4.402842998504639,assist,Yes
2002,1,1,0.9669140225647107,-0.31161901354789734,-3.6866190433502197,assist,Yes
2003,1,0,0.3208213138121609,-1.2972960472106934,-0.5472961068153381,assist,No
2004,1,1,0.7772998663336157,-0.3917180001735687,-1.6417180299758911,assist,Yes
2005,1,0,0.5,-0.7980414628982544,-0.7980414628982544,assist,No
2006,1,1,0.9046505351008906,-0.4419441223144531,-2.691944122314453,assist,Yes
2007,1,1,0.8807970842359877,-0.463545024394989,-2.463545083999634,assist,Yes
2008,1,1,0.754914975839675,-0.45243555307388306,-1.5774354934692383,assist,Yes
2009,1,1,0.9626731094431571,-0.4218514859676361,-3.671851396560669,assist,Yes
2010,1,1,0.5621765008857981,-0.6790958642959595,-0.9290958642959595,assist,Yes
2011,1,1,0.9465966686936261,-0.36653926968574524,-3.241539239883423,assist,Yes
2012,1,1,0.966914019704466,-0.3792877793312073,-3.7542877197265625,assist,Yes
2013,1,1,0.979667648438234,-0.30034008622169495,-4.175340175628662,assist,Yes
2014,1,1,0.9770226280828407,-0.22353658080101013,-3.973536491394043,assist,Yes
2015,1,1,0.9046505351008906,-0.2567136287689209,-2.506713628768921,assist,Yes
2016,1,1,0.9324533144915912,-0.347680002450943,-2.97268009185791,assist,Yes
2017,1,1,0.6791787121629466,-0.5245842337608337,-1.2745842933654785,assist,Yes
2018,1,1,0.9525741241296944,-0.35791903734207153,-3.3579189777374268,assist,Yes
2019,1,1,0.9399133498259924,-0.36919641494750977,-3.1191964149475098,assist,Yes
2020,1,1,0.8519527869325346,-0.3142801523208618,-2.0642800331115723,assist,Yes
2021,1,1,0.7549149868676283,-0.5531536340713501,-1.67815363407135,assist,Yes
2022,1,1,0.8807970904940926,-0.545185923576355,-2.5451860427856445,assist,Yes
2023,1,1,0.89330940889474,-0.3302740752696991,-2.4552741050720215,assist,Yes
2024,1,1,0.9626731094431571,-0.31591424345970154,-3.5659141540527344,assist,Yes
2025,1,1,0.89330940889474,-0.25188586115837097,-2.3768858909606934,assist,Yes
2026,1,1,0.8175744673038221,-0.44379764795303345,-1.9437975883483887,assist,Yes
2027,1,1,0.9706877675527112,-0.3095601201057434,-3.8095600605010986,assist,Yes
2028,1,1,0.851952809486198,-0.2839474081993103,-2.033947467803955,assist,Yes
2029,1,1,0.8670357735451834,-0.2991389036178589,-2.1741390228271484,assist,Yes
2030,1,1,0.9859363700641142,-0.265482634305954,-4.515482425689697,assist,Yes
2031,1,1,0.9465966732132748,-0.3978554606437683,-3.272855520248413,assist,Yes
2032,1,1,0.8670357598021706,-0.4193112850189209,-2.294311285018921,assist,Yes
2033,1,1,0.9706877675527112,-0.4536038041114807,-3.953603744506836,assist,Yes
2034,1,1,0.966914019704466,-0.28312188386917114,-3.6581218242645264,assist,Yes
2035,1,1,0.9525741268224334,-0.35749316215515137,-3.3574931621551514,assist,Yes
2036,1,1,0.9840936082881853,-0.3278369903564453,-4.452836990356445,assist,Yes
2037,1,1,0.8933094032139576,-0.3338017761707306,-2.458801746368408,assist,Yes
2038,1,1,0.7057850402140659,-0.5549806952476501,-1.429980754852295,assist,Yes
2039,1,1,0.9706877658567789,-0.2807852029800415,-3.780785083770752,assist,Yes
2040,1,1,0.9796676454700793,-0.4054613709449768,-4.280461311340332,assist,Yes
2041,1,1,0.9324533013520764,-0.3464924097061157,-2.971492290496826,assist,Yes
2042,1,1,0.9579122720843811,-0.4251418113708496,-3.5501418113708496,assist,Yes
2043,1,1,0.9465966671870767,-0.23259741067886353,-3.1075973510742188,assist,Yes
2044,1,1,0.9626731158685837,-0.4216682016849518,-3.671668291091919,assist,Yes
2045,1,1,0.9626731137267751,-0.38344523310661316,-3.6334452629089355,assist,Yes
2046,1,1,0.9626731137267751,-0.315400093793869,-3.5654001235961914,assist,Yes
2047,1,1,0.9579122708828604,-0.4250037968158722,-3.55000376701355,assist,Yes
2048,1,1,0.5926665999540697,-0.6810086965560913,-1.0560086965560913,assist,Yes
2049,1,1,0.9706877717925421,-0.4541608393192291,-3.9541609287261963,assist,Yes
2050,1,1,0.893309411735131,-0.3091208338737488,-2.4341208934783936,assist,Yes
2051,1,1,0.9149009549929797,-0.28631591796875,-2.66131591796875,assist,Yes
2052,1,1,0.9740426428022031,-0.2772223949432373,-3.9022223949432373,assist,Yes
2053,1,1,0.9465966717067252,-0.4776119887828827,-3.352612018585205,assist,Yes
2054,1,1,0.9626731083722525,-0.4213320016860962,-3.6713318824768066,assist,Yes
2055,1,1,0.9324533088603709,-0.2692842483520508,-2.894284248352051,assist,Yes
2056,1,1,0.9770226247376173,-0.3690474033355713,-4.119047164916992,assist,Yes
2057,1,1,0.9324533144915912,-0.41266384720802307,-3.0376639366149902,assist,Yes
2058,1,1,0.9820137905642982,-0.32973048090934753,-4.32973051071167,assist,Yes
2059,1,1,0.9149009549929797,-0.3089168071746826,-2.6839168071746826,assist,Yes
2060,1,1,0.9796676419082933,-0.36722683906555176,-4.242226600646973,assist,Yes
2061,1,1,0.9669140206578809,-0.34383895993232727,-3.718838930130005,assist,Yes
2062,1,1,0.8175744761936437,-0.37752842903137207,-1.877528429031372,assist,Yes
2063,1,1,0.9579122756889438,-0.3870619833469391,-3.5120620727539062,assist,Yes
2064,1,1,0.851952809486198,-0.3351268172264099,-2.0851268768310547,assist,Yes
2065,1,1,0.9525741227833249,-0.3929928243160248,-3.3929927349090576,assist,Yes
2066,1,1,0.97068777009661,-0.3761250674724579,-3.8761250972747803,assist,Yes
2067,1,1,0.9465966686936261,-0.27596262097358704,-3.1509625911712646,assist,Yes
2068,1,1,0.987568348780928,-0.36020901799201965,-4.735208988189697,assist,Yes
2069,1,0,0.4073334000459302,-1.1281644105911255,-0.7531644105911255,assist,No
2070,1,0,0.4378234991142019,-0.9488291144371033,-0.6988291144371033,assist,No
2071,1,1,0.9579122708828604,-0.26654914021492004,-3.3915491104125977,assist,Yes
2072,1,1,0.9626731158685837,-0.28788915276527405,-3.537889242172241,assist,Yes
2073,1,1,0.9324533135530545,-0.2290302962064743,-2.8540303707122803,assist,Yes
2074,1,1,0.9465966686936261,-0.30346277356147766,-3.1784627437591553,assist,Yes
2075,1,1,0.9796676496254957,-0.3002966344356537,-4.175296783447266,assist,Yes
2076,1,1,0.9149009526726544,-0.2892170250415802,-2.664216995239258,assist,Yes
2077,1,1,0.9740426428022031,-0.37193751335144043,-3.9969375133514404,assist,Yes
2078,1,1,0.9525741308615412,-0.2977065145969391,-3.2977066040039062,assist,Yes
2079,1,1,0.9840936050226358,-0.328168123960495,-4.453167915344238,assist,Yes
2080,1,1,0.979667647844603,-0.36752980947494507,-4.24252986907959,assist,Yes
2081,1,1,0.9840936050226358,-0.3278600871562958,-4.452859878540039,assist,Yes
2082,1,1,0.9324533069832973,-0.26933553814888,-2.8943355083465576,assist,Yes
2083,1,1,0.9579122768904644,-0.35314738750457764,-3.478147506713867,assist,Yes
2084,1,1,0.9525741281688026,-0.3920268714427948,-3.392026901245117,assist,Yes
2085,1,1,0.9465966671870767,-0.39872580766677856,-3.273725748062134,assist,Yes
2086,1,1,0.9465966671870767,-0.39759284257888794,-3.272592782974243,assist,Yes
2087,1,1,0.9579122732859019,-0.4678764045238495,-3.592876434326172,assist,Yes
2088,1,1,0.8670357598021706,-0.31596875190734863,-2.1909687519073486,assist,Yes
2089,1,1,0.9669140216112958,-0.3115510940551758,-3.686551094055176,assist,Yes
2090,1,1,0.9579122768904644,-0.4249337911605835,-3.549933910369873,assist,Yes
2091,1,1,0.5926666143433998,-0.6309708952903748,-1.0059709548950195,assist,Yes
2092,1,1,0.8354835411997897,-0.32001957297325134,-1.9450196027755737,assist,Yes
2093,1,1,0.9669140187510509,-0.31249722838401794,-3.687497138977051,assist,Yes
2094,1,1,0.9740426443092215,-0.3377203345298767,-3.9627203941345215,assist,Yes
2095,1,1,0.9840936047893822,-0.21690915524959564,-4.341908931732178,assist,Yes
2096,1,1,0.9796676469541566,-0.22075603902339935,-4.0957560539245605,assist,Yes
2097,1,1,0.9241418158002492,-0.35491496324539185,-2.854914903640747,assist,Yes
2098,1,1,0.9465966717067252,-0.30376407504081726,-3.1787641048431396,assist,Yes
2099,1,1,0.8519527944504226,-0.3564520478248596,-2.106451988220215,assist,Yes
2100,1,0,0.060086648070103596,-2.84773850440979,-0.09773846715688705,assist,No
2101,1,1,0.5926665855647394,-0.8092158436775208,-1.184215784072876,assist,Yes
2102,1,0,0.4073333856566001,-1.1139895915985107,-0.738989531993866,assist,No
2103,1,1,0.7057850278370112,-0.5018149614334106,-1.3768149614334106,assist,Yes
2104,1,1,0.8807970748488297,-0.3731882870197296,-2.3731882572174072,assist,Yes
2105,1,1,0.5621765008857981,-0.6857587695121765,-0.9357587695121765,assist,Yes
2106,1,1,0.6513548646660542,-0.5502983331680298,-1.1752983331680298,assist,Yes
2107,1,1,0.7772998663336157,-0.47083887457847595,-1.7208389043807983,assist,Yes
2108,1,1,0.914900950352329,-0.3094854950904846,-2.68448543548584,assist,Yes
2109,1,1,0.9579122684798184,-0.32062944769859314,-3.445629358291626,assist,Yes
2110,1,1,0.754914997895581,-0.44767850637435913,-1.572678565979004,assist,Yes
2111,1,0,0.04742587216778976,-3.0941381454467773,-0.09413812309503555,assist,No
2112,1,1,0.7981867825403176,-0.417804092168808,-1.7928041219711304,assist,Yes
2113,1,0,0.07585817897661679,-2.643867254257202,-0.14386723935604095,assist,No
2114,1,1,0.970687766704745,-0.34063705801963806,-3.840636968612671,assist,Yes
2115,1,1,0.5621765008857981,-0.6961329579353333,-0.9461329579353333,assist,Yes
2116,1,0,0.0259573578571174,-3.675527334213257,-0.050527360290288925,assist,No
2117,1,0,0.4378234991142019,-0.9713688492774963,-0.7213688492774963,assist,No
2118,1,1,0.7057850278370112,-0.5030351877212524,-1.3780351877212524,assist,Yes
2119,1,1,0.5312093733737563,-0.7596487998962402,-0.8846487998962402,assist,Yes
2120,1,0,0.29421497216298875,-1.3759362697601318,-0.5009362697601318,assist,No
2121,1,1,0.7549149868676283,-0.4520617723464966,-1.5770617723464966,assist,Yes
2122,1,0,0.29421497216298875,-1.3875735998153687,-0.5125735998153687,assist,No
2123,1,1,0.7772998663336157,-0.4439598023891449,-1.6939598321914673,assist,Yes
2124,1,0,0.042087729117139754,-3.192962884902954,-0.06796291470527649,assist,No
2125,1,0,0.11920292828022305,-2.1925415992736816,-0.19254165887832642,assist,No
2126,1,1,0.8519528132451416,-0.3793460428714752,-2.1293461322784424,assist,Yes
2127,1,0,0.34864513533394575,-1.254153847694397,-0.629153847694397,assist,No
2128,1,1,0.8175744673038221,-0.3926435112953186,-1.8926434516906738,assist,Yes
2129,1,0,0.5,-0.9121248126029968,-0.9121248126029968,assist,No
2130,1,1,0.5621765008857981,-0.7335096597671509,-0.9835096597671509,assist,Yes
2131,1,0,0.4073333856566001,-1.0217933654785156,-0.6467933058738708,assist,No
2132,1,0,0.09534946104307897,-2.4320507049560547,-0.1820506602525711,assist,No
2133,1,1,0.9626731115849659,-0.3484974205493927,-3.5984973907470703,assist,Yes
2134,1,1,0.5312093733737563,-0.8642246723175049,-0.9892246723175049,assist,Yes
2135,1,0,0.32082130082460697,-1.2409621477127075,-0.4909621477127075,assist,No
2136,1,1,0.5621765008857981,-0.7329866290092468,-0.9829866290092468,assist,Yes
2137,1,1,0.7772998611746911,-0.4486551284790039,-1.698655128479004,assist,Yes
2138,1,1,0.6224593312018546,-0.6437846422195435,-1.1437846422195435,assist,Yes
2139,1,1,0.8175744673038221,-0.39536887407302856,-1.8953688144683838,assist,Yes
2140,1,1,0.9796676472509721,-0.24497506022453308,-4.1199750900268555,assist,Yes
2141,1,0,0.29421497216298875,-1.320086121559143,-0.44508612155914307,assist,No
2142,1,1,0.8670357598021706,-0.478778600692749,-2.353778600692749,assist,Yes
2143,1,1,0.9046505453836383,-0.5655602216720581,-2.8155603408813477,assist,Yes
2144,1,0,0.18242552380635632,-1.7688298225402832,-0.2688298225402832,assist,No
2145,1,1,0.5926665855647394,-0.6261942982673645,-1.0011942386627197,assist,Yes
2146,1,1,0.7310585669110203,-0.4819560647010803,-1.4819560050964355,assist,Yes
2147,1,1,0.8519527944504226,-0.4330514073371887,-2.183051347732544,assist,Yes
2148,1,1,0.8519528057272543,-0.43249747157096863,-2.182497501373291,assist,Yes
2149,1,0,0.5,-0.8694887161254883,-0.8694887161254883,assist,No
2150,1,1,0.9399133498259924,-0.37023019790649414,-3.120230197906494,assist,Yes
2151,1,1,0.939913354875362,-0.4050673544406891,-3.1550674438476562,assist,Yes
2152,1,1,0.9046505351008906,-0.29798245429992676,-2.5479824542999268,assist,Yes
2153,1,1,0.9465966717067252,-0.3631150424480438,-3.238115072250366,assist,Yes
2154,1,1,0.5926665999540697,-0.6309282779693604,-1.0059282779693604,assist,Yes
2155,1,0,0.24508501864634827,-1.4811890125274658,-0.3561890423297882,assist,No
2156,1,1,0.8175744806385543,-0.43991920351982117,-1.9399192333221436,assist,Yes
2157,1,1,0.6513548646660542,-0.6141996383666992,-1.2391996383666992,assist,Yes
2158,1,1,0.679178699175393,-0.6949687004089355,-1.4449687004089355,assist,Yes
2159,1,1,0.9465966656805269,-0.21288546919822693,-3.0878853797912598,assist,Yes
2160,1,0,0.3775406828054583,-1.1106469631195068,-0.6106470227241516,assist,No
2161,1,1,0.9241418199787566,-0.32776665687561035,-2.8277666568756104,assist,Yes
2162,1,1,0.9820137863531804,-0.2433287799358368,-4.24332857131958,assist,Yes
2163,1,1,0.9046505248181417,-0.4771305322647095,-2.72713041305542,assist,Yes
2164,1,1,0.8933094060543487,-0.30728912353515625,-2.4322891235351562,assist,Yes
2165,1,1,0.7981867825403176,-0.3921855390071869,-1.7671855688095093,assist,Yes
2166,1,1,0.8670357735451834,-0.2653735876083374,-2.140373706817627,assist,Yes
2167,1,0,0.34864513533394575,-1.1104629039764404,-0.48546290397644043,assist,No
2168,1,1,0.9324533088603709,-0.31736326217651367,-2.9423632621765137,assist,Yes
2169,1,0,0.1329642333263228,-2.1018941402435303,-0.2268940806388855,assist,No
2170,1,1,0.7772998611746911,-0.5311990976333618,-1.7811990976333618,assist,Yes
2171,1,1,0.8354835289107309,-0.31838542222976685,-1.943385362625122,assist,Yes
2172,1,1,0.817574471748733,-0.26965466141700745,-1.769654631614685,assist,Yes
2173,1,1,0.9840936092211993,-0.3634476065635681,-4.488447666168213,assist,Yes
2174,1,1,0.952574129515172,-0.47105473279953003,-3.471054792404175,assist,Yes
2175,1,1,0.9579122756889438,-0.46621575951576233,-3.5912158489227295,assist,Yes
2176,1,1,0.7981867777396212,-0.5256258249282837,-1.9006258249282837,assist,Yes
2177,1,0,0.37754066879814546,-1.0513975620269775,-0.5513975620269775,assist,No
2178,1,1,0.9399133447766225,-0.2605923116207123,-3.010592222213745,assist,Yes
2179,1,0,0.2942149783515162,-1.2606874704360962,-0.3856875002384186,assist,No
2180,1,1,0.9626731169394882,-0.31696879863739014,-3.5669689178466797,assist,Yes
2181,1,1,0.798186768138228,-0.3954172730445862,-1.7704172134399414,assist,Yes
2182,1,0,0.3775406828054583,-1.0966358184814453,-0.5966358780860901,assist,No
2183,1,0,0.37754066879814546,-1.0968230962753296,-0.5968230962753296,assist,No
2184,1,1,0.679178699175393,-0.5239157676696777,-1.2739157676696777,assist,Yes
2185,1,0,0.24508500761839525,-1.4792897701263428,-0.3542897403240204,assist,No
2186,1,1,0.867035763237924,-0.29788848757743835,-2.1728885173797607,assist,Yes
2187,1,1,0.9324533135530545,-0.20970575511455536,-2.8347058296203613,assist,Yes
2188,1,1,0.880797081106935,-0.30296823382377625,-2.3029682636260986,assist,Yes
2189,1,1,0.9149009642742806,-0.3949040174484253,-2.769904136657715,assist,Yes
2190,1,1,0.867035752930664,-0.26400476694107056,-2.139004707336426,assist,Yes
2191,1,1,0.5312093733737563,-0.7320889234542847,-0.8570889234542847,assist,Yes
2192,1,0,0.4378234991142019,-0.9185816049575806,-0.6685816049575806,assist,No
2193,1,0,0.3486451285660856,-1.0891602039337158,-0.46416017413139343,assist,No
2194,1,0,0.22270012850745968,-1.5996789932250977,-0.3496789336204529,assist,No
2195,1,1,0.6513548646660542,-0.48758649826049805,-1.112586498260498,assist,Yes
2196,1,1,0.8933094032139576,-0.26772525906562805,-2.3927252292633057,assist,Yes
2197,1,0,0.5,-0.8255009055137634,-0.8255009055137634,assist,No
2198,1,1,0.9820137939858306,-0.2188584953546524,-4.21885871887207,assist,Yes
2199,1,1,0.9046505402422645,-0.3186792731285095,-2.5686793327331543,assist,Yes
2200,1,1,0.6224593312018546,-0.6394244432449341,-1.139424443244934,assist,Yes
2201,1,1,0.5926666143433998,-0.6890293955802917,-1.0640294551849365,assist,Yes
2202,1,0,0.24508501864634827,-1.5904319286346436,-0.46543195843696594,assist,No
2203,1,1,0.9324533126145177,-0.5356661677360535,-3.1606662273406982,assist,Yes
2204,1,1,0.9399133498259924,-0.30936408042907715,-3.059364080429077,assist,Yes
2205,1,1,0.8175744850834649,-0.5024663805961609,-2.0024664402008057,assist,Yes
2206,1,1,0.6513548782017746,-0.6269308924674988,-1.2519309520721436,assist,Yes
2207,1,1,0.9820137910906878,-0.3293995261192322,-4.329399585723877,assist,Yes
2208,1,1,0.9324533013520764,-0.448398232460022,-3.0733981132507324,assist,Yes
2209,1,1,0.7772998508568416,-0.5975392460823059,-1.8475391864776611,assist,Yes
2210,1,0,0.20181322226037882,-1.7194331884384155,-0.3444331884384155,assist,No
2211,1,0,0.3486451488696663,-1.1254026889801025,-0.5004027485847473,assist,No
2212,1,1,0.9241418241572634,-0.30006927251815796,-2.8000693321228027,assist,Yes
2213,1,1,0.8175744806385543,-0.3989519774913788,-1.8989520072937012,assist,Yes
2214,1,1,0.7310585669110203,-0.43304020166397095,-1.4330401420593262,assist,Yes
2215,1,0,0.10669060104662924,-2.2608482837677,-0.13584835827350616,assist,No
2216,1,1,0.817574471748733,-0.32803013920783997,-1.8280301094055176,assist,Yes
2217,1,0,0.46879062662624377,-0.9046019911766052,-0.7796019911766052,assist,No
2218,1,1,0.7981867825403176,-0.4494663178920746,-1.824466347694397,assist,Yes
2219,1,1,0.6791786861878392,-0.5456362366676331,-1.2956361770629883,assist,Yes
2220,1,1,0.9241418126663687,-0.21969877183437347,-2.719698667526245,assist,Yes
2221,1,1,0.9399133531922388,-0.3402850031852722,-3.090285062789917,assist,Yes
2222,1,1,0.9465966671870767,-0.27868133783340454,-3.1536812782287598,assist,Yes
2223,1,1,0.9465966732132748,-0.27664464712142944,-3.151644706726074,assist,Yes
2224,1,1,0.939913354875362,-0.26123347878456116,-3.0112335681915283,assist,Yes
2225,1,1,0.8354835289107309,-0.48613816499710083,-2.111138105392456,assist,Yes
2226,1,0,0.18242552380635632,-1.7782914638519287,-0.2782914638519287,assist,No
2227,1,1,0.7310585727705126,-0.42996838688850403,-1.4299683570861816,assist,Yes
2228,1,1,0.9669140235181256,-0.3786441683769226,-3.7536442279815674,assist,Yes
2229,1,1,0.9626731147976793,-0.4207410216331482,-3.670741081237793,assist,Yes
2230,1,1,0.9465966762263737,-0.33119189739227295,-3.2061920166015625,assist,Yes
2231,1,1,0.9241418199787566,-0.6464812755584717,-3.1464812755584717,assist,Yes
2232,1,1,0.7549149813536518,-0.3950698673725128,-1.5200698375701904,assist,Yes
2233,1,1,0.6791787121629466,-0.5868763327598572,-1.336876392364502,assist,Yes
2234,1,1,0.754914997895581,-0.4167305827140808,-1.5417306423187256,assist,Yes
2235,1,0,0.053403329046549465,-2.9934048652648926,-0.11840485036373138,assist,No
2236,1,1,0.7981867777396212,-0.4449808597564697,-1.8199808597564697,assist,Yes
2237,1,1,0.7981867825403176,-0.42201611399650574,-1.7970161437988281,assist,Yes
2238,1,1,0.7310585786300049,-0.5370429754257202,-1.5370429754257202,assist,Yes
2239,1,1,0.7310585727705126,-0.4006110727787018,-1.4006110429763794,assist,Yes
2240,1,1,0.9626731126558706,-0.31765198707580566,-3.5676519870758057,assist,Yes
2241,1,1,0.7772998663336157,-0.46656009554862976,-1.7165601253509521,assist,Yes
2242,1,1,0.7981867825403176,-0.3657378852367401,-1.7407379150390625,assist,Yes
2243,1,1,0.9740426412951848,-0.304953396320343,-3.9299533367156982,assist,Yes
2244,1,1,0.5621765008857981,-0.7336539030075073,-0.9836539030075073,assist,Yes
2245,1,1,0.9890130596362788,-0.39688852429389954,-4.896888732910156,assist,Yes
2246,1,1,0.9740426435557125,-0.3374726474285126,-3.962472677230835,assist,Yes
2247,1,1,0.9324533144915912,-0.37968745827674866,-3.004687547683716,assist,Yes
2248,1,0,0.24508502416032488,-1.5906469821929932,-0.46564704179763794,assist,No
2249,1,1,0.9796676460637103,-0.3324637711048126,-4.20746374130249,assist,Yes
2250,1,1,0.9241418241572634,-0.35316890478134155,-2.8531689643859863,assist,Yes
2251,1,1,0.9149009642742806,-0.39717280864715576,-2.7721729278564453,assist,Yes
2252,1,1,0.9046505428129514,-0.3235112726688385,-2.5735113620758057,assist,Yes
2253,1,1,0.7981867873410141,-0.42225927114486694,-1.7972593307495117,assist,Yes
2254,1,1,0.9626731158685837,-0.3158036768436432,-3.5658037662506104,assist,Yes
2255,1,1,0.9046505351008906,-0.32222533226013184,-2.572225332260132,assist,Yes
2256,1,1,0.939913356558485,-0.286434531211853,-3.0364346504211426,assist,Yes
2257,1,1,0.9241418199787566,-0.3543846607208252,-2.854384660720825,assist,Yes
2258,1,1,0.9706877675527112,-0.3099134564399719,-3.809913396835327,assist,Yes
2259,1,1,0.9399133464597458,-0.3390660881996155,-3.0890660285949707,assist,Yes
2260,1,1,0.8670357735451834,-0.281978964805603,-2.1569790840148926,assist,Yes
2261,1,1,0.9740426397881662,-0.3733135461807251,-3.9983134269714355,assist,Yes
2262,1,0,0.4073334000459302,-1.1936185359954834,-0.8186185359954834,assist,No
2263,1,1,0.9770226284173629,-0.22381670773029327,-3.9738166332244873,assist,Yes
2264,1,1,0.8933094003735664,-0.3881836533546448,-2.51318359375,assist,Yes
2265,1,0,0.2689414213699951,-1.4210115671157837,-0.4210115671157837,assist,No
2266,1,1,0.8354835330070839,-0.31827858090400696,-1.9432785511016846,assist,Yes
2267,1,1,0.7310585903489892,-0.4926068186759949,-1.4926068782806396,assist,Yes
2268,1,1,0.9465966702001757,-0.3618428707122803,-3.2368428707122803,assist,Yes
2269,1,1,0.6224593312018546,-0.6509675979614258,-1.1509675979614258,assist,Yes
2270,1,1,0.966914019704466,-0.31179314851760864,-3.686793088912964,assist,Yes
2271,1,1,0.9796676466573412,-0.33254098892211914,-4.207540988922119,assist,Yes
2272,1,1,0.8354835330070839,-0.26658394932746887,-1.8915839195251465,assist,Yes
2273,1,1,0.9820137895115189,-0.33032944798469543,-4.330329418182373,assist,Yes
2274,1,1,0.9669140216112958,-0.3129241466522217,-3.6879241466522217,assist,Yes
2275,1,1,0.7981867873410141,-0.32262247800827026,-1.697622537612915,assist,Yes
2276,1,1,0.9626731115849659,-0.31760600209236145,-3.567605972290039,assist,Yes
2277,1,1,0.9241418220680101,-0.384381502866745,-2.8843815326690674,assist,Yes
2278,1,1,0.6513548646660542,-0.5772498846054077,-1.2022498846054077,assist,Yes
2279,1,1,0.9149009596336303,-0.3373333811759949,-2.7123334407806396,assist,Yes
2280,1,0,0.5,-0.849044680595398,-0.849044680595398,assist,No
2281,1,1,0.939913343093499,-0.4844475984573364,-3.234447479248047,assist,Yes
2282,1,1,0.7549149868676283,-0.6546686887741089,-1.7796686887741089,assist,Yes
2283,1,0,0.5,-0.8586915731430054,-0.8586915731430054,assist,No
2284,1,1,0.8807970654616711,-0.3229113817214966,-2.322911262512207,assist,Yes
2285,1,1,0.9626731169394882,-0.26231515407562256,-3.512315273284912,assist,Yes
2286,1,1,0.9525741268224334,-0.2716846466064453,-3.2716846466064453,assist,Yes
2287,1,1,0.9525741227833249,-0.39324530959129333,-3.393245220184326,assist,Yes
2288,1,1,0.9579122684798184,-0.42543110251426697,-3.5504310131073,assist,Yes
2289,1,1,0.5312093733737563,-0.702892005443573,-0.827892005443573,assist,Yes
2290,1,0,0.32082129433083023,-1.2450498342514038,-0.4950498044490814,assist,No
2291,1,1,0.5621765008857981,-0.7170290350914001,-0.9670290350914001,assist,Yes
2292,1,1,0.9579122702820998,-0.242709681391716,-3.3677096366882324,assist,Yes
2293,1,1,0.679178699175393,-0.5205671787261963,-1.2705671787261963,assist,Yes
2294,1,1,0.9399133498259924,-0.34008216857910156,-3.0900821685791016,assist,Yes
2295,1,0,0.07585817270885642,-2.7396926879882812,-0.2396925836801529,assist,No
2296,1,1,0.9740426428022031,-0.30629515647888184,-3.931295156478882,assist,Yes
2297,1,1,0.9324533144915912,-0.3461553156375885,-2.9711554050445557,assist,Yes
2298,1,1,0.9579122720843811,-0.32041144371032715,-3.445411443710327,assist,Yes
2299,1,1,0.904650527388829,-0.3761676251888275,-2.6261675357818604,assist,Yes
2300,1,1,0.8670357563664174,-0.4161382019519806,-2.291138172149658,assist,Yes
2301,1,1,0.9579122684798184,-0.3207751214504242,-3.445775032043457,assist,Yes
2302,1,0,0.5,-0.9669313430786133,-0.9669313430786133,assist,No
2303,1,1,0.9324533107374443,-0.2928623855113983,-2.9178624153137207,assist,Yes
2304,1,1,0.9525741227833249,-0.32565340399742126,-3.325653314590454,assist,Yes
2305,1,1,0.9740426412951848,-0.45141416788101196,-4.076414108276367,assist,Yes
2306,1,0,0.5,-0.9654155373573303,-0.9654155373573303,assist,No
2307,1,1,0.9465966702001757,-0.36393237113952637,-3.2389323711395264,assist,Yes
2308,1,1,0.914900945711678,-0.2649770975112915,-2.639976978302002,assist,Yes
2309,1,1,0.9770226280828407,-0.49390754103660583,-4.243907451629639,assist,Yes
2310,1,1,0.9579122714836206,-0.20280958712100983,-3.3278095722198486,assist,Yes
2311,1,1,0.9770226347732859,-0.3703210651874542,-4.120321273803711,assist,Yes
2312,1,1,0.7981867873410141,-0.5050737261772156,-1.8800737857818604,assist,Yes
2313,1,1,0.9241418241572634,-0.5459017157554626,-3.0459017753601074,assist,Yes
2314,1,1,0.893309411735131,-0.289198100566864,-2.414198160171509,assist,Yes
2315,1,0,0.46879062662624377,-0.8409096002578735,-0.7159096002578735,assist,No
2316,1,1,0.9626731105140616,-0.3170319199562073,-3.5670318603515625,assist,Yes
2317,1,1,0.9399133481428692,-0.285190612077713,-3.0351905822753906,assist,Yes
2318,1,1,0.9149009642742806,-0.2859100103378296,-2.660910129547119,assist,Yes
2319,1,1,0.9046505453836383,-0.3743346929550171,-2.6243348121643066,assist,Yes
2320,1,1,0.9149009642742806,-0.2651876211166382,-2.6401877403259277,assist,Yes
2321,1,1,0.754914975839675,-0.4203994870185852,-1.5453994274139404,assist,Yes
2322,1,1,0.9770226294209299,-0.369414359331131,-4.119414329528809,assist,Yes
2323,1,1,0.817574471748733,-0.422031432390213,-1.9220314025878906,assist,Yes
2324,1,1,0.6224593171945417,-0.5952592492103577,-1.095259189605713,assist,Yes
2325,1,1,0.7549149868676283,-0.5527595281600952,-1.6777595281600952,assist,Yes
2326,1,1,0.8519527906914787,-0.31612762808799744,-2.0661275386810303,assist,Yes
2327,1,1,0.8354835330070839,-0.356393963098526,-1.9813939332962036,assist,Yes
2328,1,1,0.914900957313305,-0.42936035990715027,-2.8043603897094727,assist,Yes
2329,1,1,0.9241418262465169,-0.32719674706459045,-2.8271968364715576,assist,Yes
2330,1,1,0.9046505351008906,-0.3456580638885498,-2.59565806388855,assist,Yes
2331,1,1,0.9669140244715405,-0.2822538912296295,-3.6572539806365967,assist,Yes
2332,1,1,0.9465966732132748,-0.36211246252059937,-3.237112522125244,assist,Yes
2333,1,1,0.987568350610359,-0.32473886013031006,-4.6997389793396,assist,Yes
2334,1,1,0.679178699175393,-0.8083069324493408,-1.5583069324493408,assist,Yes
2335,1,1,0.9241418137109955,-0.42060551047325134,-2.920605421066284,assist,Yes
2336,1,1,0.97068777009661,-0.3751198947429657,-3.875119924545288,assist,Yes
2337,1,1,0.5312093733737563,-0.7988043427467346,-0.9238043427467346,assist,Yes
2338,1,1,0.9324533144915912,-0.2677818834781647,-2.892781972885132,assist,Yes
2339,1,1,0.8933093975331751,-0.2703927457332611,-2.395392656326294,assist,Yes
2340,1,1,0.9626731105140616,-0.38261181116104126,-3.6326117515563965,assist,Yes
2341,1,1,0.7549149868676283,-0.6177570819854736,-1.7427570819854736,assist,Yes
2342,1,1,0.9525741308615412,-0.35823145508766174,-3.358231544494629,assist,Yes
2343,1,0,0.1066905825840872,-2.2755956649780273,-0.1505955457687378,assist,No
2344,1,1,0.9669140187510509,-0.37882503867149353,-3.7538249492645264,assist,Yes
2345,1,1,0.97068777009661,-0.25359269976615906,-3.7535927295684814,assist,Yes
2346,1,1,0.97068777009661,-0.2301778495311737,-3.730177879333496,assist,Yes
2347,1,1,0.9626731158685837,-0.34859028458595276,-3.59859037399292,assist,Yes
2348,1,1,0.9669140225647107,-0.28369852900505066,-3.658698558807373,assist,Yes
2349,1,1,0.5312093733737563,-0.722992479801178,-0.847992479801178,assist,Yes
2350,1,1,0.7772998611746911,-0.5252048969268799,-1.7752048969268799,assist,Yes
2351,1,1,0.8175744761936437,-0.5476100444793701,-2.04761004447937,assist,Yes
2352,1,1,0.9465966702001757,-0.4779083728790283,-3.3529083728790283,assist,Yes
2353,1,1,0.7310585669110203,-0.39304929971694946,-1.3930492401123047,assist,Yes
2354,1,1,0.9465966717067252,-0.3988916575908661,-3.2738916873931885,assist,Yes
2355,1,1,0.9399133498259924,-0.3378283977508545,-3.0878283977508545,assist,Yes
2356,1,1,0.9626731169394882,-0.347187876701355,-3.5971879959106445,assist,Yes
2357,1,1,0.9324533032291502,-0.4500664174556732,-3.075066328048706,assist,Yes
2358,1,1,0.7549149868676283,-0.449542760848999,-1.574542760848999,assist,Yes
2359,1,1,0.9796676442828175,-0.40562117099761963,-4.28062105178833,assist,Yes
2360,1,1,0.8670357701094303,-0.31856027245521545,-2.1935603618621826,assist,Yes
2361,1,1,0.9626731094431571,-0.26157769560813904,-3.511577606201172,assist,Yes
2362,1,1,0.966914019704466,-0.37859493494033813,-3.7535948753356934,assist,Yes
2363,1,1,0.9626731083722525,-0.28675568103790283,-3.5367555618286133,assist,Yes
2364,1,1,0.9626731137267751,-0.3485696017742157,-3.598569631576538,assist,Yes
2365,1,1,0.977022630759019,-0.2738299071788788,-4.023829936981201,assist,Yes
2366,1,1,0.9399133481428692,-0.33884337544441223,-3.08884334564209,assist,Yes
2367,1,1,0.7310585669110203,-0.4359171986579895,-1.4359171390533447,assist,Yes
2368,1,1,0.974042639034657,-0.4102412760257721,-4.03524112701416,assist,Yes
2369,1,1,0.982013788985129,-0.3650508522987366,-4.365050792694092,assist,Yes
2370,1,1,0.9149009549929797,-0.5107762813568115,-2.8857762813568115,assist,Yes
2371,1,1,0.8933093946927838,-0.3338881731033325,-2.458888053894043,assist,Yes
2372,1,1,0.9669140220880033,-0.21222756803035736,-3.5872275829315186,assist,Yes
2373,1,1,0.9770226294209299,-0.33480265736579895,-4.084802627563477,assist,Yes
2374,1,1,0.9840936082881853,-0.32781362533569336,-4.452813625335693,assist,Yes
2375,1,0,0.5,-0.9004594087600708,-0.9004594087600708,assist,No
2376,1,1,0.9465966762263737,-0.3321751356124878,-3.2071752548217773,assist,Yes
2377,1,1,0.974042642048694,-0.27611711621284485,-3.9011170864105225,assist,Yes
2378,1,1,0.9525741322079105,-0.393274188041687,-3.3932743072509766,assist,Yes
2379,1,1,0.9046505402422645,-0.37457865476608276,-2.6245787143707275,assist,Yes
2380,1,1,0.9149009480320036,-0.3081999719142914,-2.683199882507324,assist,Yes
2381,1,1,0.9706877684006775,-0.4553275406360626,-3.9553275108337402,assist,Yes
2382,1,1,0.9046505428129514,-0.3765327036380768,-2.626532793045044,assist,Yes
2383,1,1,0.7981867585368343,-0.6865836381912231,-2.0615835189819336,assist,Yes
2384,1,1,0.9859363696508799,-0.2653830051422119,-4.515382766723633,assist,Yes
2385,1,1,0.9820137939858306,-0.1976635605096817,-4.1976637840271,assist,Yes
2386,1,1,0.9324533069832973,-0.3794713318347931,-3.0044713020324707,assist,Yes
2387,1,1,0.9796676508127574,-0.27122238278388977,-4.1462225914001465,assist,Yes
2388,1,1,0.9840936106207203,-0.32829174399375916,-4.453291893005371,assist,Yes
2389,1,1,0.9465966686936261,-0.33239153027534485,-3.2073915004730225,assist,Yes
2390,1,1,0.9740426428022031,-0.33688783645629883,-3.961887836456299,assist,Yes
2391,1,1,0.939913354875362,-0.40542998909950256,-3.1554300785064697,assist,Yes
2392,1,1,0.966914017797636,-0.2572551965713501,-3.6322550773620605,assist,Yes
2393,1,1,0.8933094145755219,-0.2583827078342438,-2.383382797241211,assist,Yes
2394,1,1,0.7549149868676283,-0.4558297395706177,-1.5808297395706177,assist,Yes
2395,1,0,0.4073333856566001,-1.0222499370574951,-0.6472498774528503,assist,No
2396,1,1,0.952574129515172,-0.35724323987960815,-3.357243299484253,assist,Yes
2397,1,1,0.7772998611746911,-0.39120495319366455,-1.6412049531936646,assist,Yes
2398,1,1,0.9840936096877062,-0.2670687735080719,-4.392068862915039,assist,Yes
2399,1,1,0.880797071719777,-0.43050557374954224,-2.4305055141448975,assist,Yes
2400,1,0,0.4378234991142019,-0.9081504344940186,-0.6581504344940186,assist,No
2401,1,0,0.46879062662624377,-0.9756790399551392,-0.8506790399551392,assist,No
2402,1,0,0.4378234991142019,-0.935749351978302,-0.685749351978302,assist,No
2403,1,0,0.2689414213699951,-1.362166166305542,-0.362166166305542,assist,No
2404,1,1,0.8807970842359877,-0.2501618266105652,-2.25016188621521,assist,Yes
2405,1,1,0.6513548782017746,-0.6203505396842957,-1.2453505992889404,assist,Yes
2406,1,1,0.7549149868676283,-0.5538109540939331,-1.678810954093933,assist,Yes
2407,1,0,0.4378234991142019,-0.9297541975975037,-0.6797541975975037,assist,No
2408,1,0,0.2689414330889798,-1.4983134269714355,-0.4983134865760803,assist,No
2409,1,1,0.6791786861878392,-0.5591958165168762,-1.3091957569122314,assist,Yes
2410,1,1,0.9324533144915912,-0.2684437334537506,-2.8934438228607178,assist,Yes
2411,1,0,0.46879062662624377,-0.845831573009491,-0.720831573009491,assist,No
2412,1,1,0.7549149868676283,-0.49450671672821045,-1.6195067167282104,assist,Yes
2413,1,0,0.24508501313237172,-1.5269569158554077,-0.4019569158554077,assist,No
2414,1,0,0.08509903804604459,-2.5358948707580566,-0.16089478135108948,assist,No
2415,1,0,0.37754066879814546,-1.0605299472808838,-0.5605299472808838,assist,No
2416,1,1,0.6224593171945417,-0.6643591523170471,-1.1643590927124023,assist,Yes
2417,1,0,0.46879062662624377,-0.8269388675689697,-0.7019388675689697,assist,No
2418,1,1,0.6513548646660542,-0.5642578601837158,-1.1892578601837158,assist,Yes
2419,1,0,0.1066905911052601,-2.2741692066192627,-0.1491691768169403,assist,No
2420,1,1,0.8807970842359877,-0.2680045962333679,-2.2680046558380127,assist,Yes
2421,1,0,0.46879062662624377,-0.9042233228683472,-0.7792233228683472,assist,No
2422,1,0,0.4378234991142019,-0.998007595539093,-0.748007595539093,assist,No
2423,1,1,0.7057850278370112,-0.5164422988891602,-1.3914422988891602,assist,Yes
2424,1,0,0.2689414213699951,-1.3857742547988892,-0.38577425479888916,assist,No
2425,1,0,0.4378234991142019,-0.9359403848648071,-0.6859403848648071,assist,No
2426,1,1,0.8354835371034369,-0.3749631643295288,-1.9999631643295288,assist,Yes
2427,1,0,0.24508500210441886,-1.4908580780029297,-0.3658580183982849,assist,No
2428,1,1,0.8519527982093668,-0.3367936909198761,-2.0867936611175537,assist,Yes
2429,1,0,0.3208213138121609,-1.2370712757110596,-0.48707133531570435,assist,No
2430,1,1,0.6224593312018546,-0.7936456203460693,-1.2936456203460693,assist,Yes
2431,1,1,0.7772998611746911,-0.3884563446044922,-1.6384563446044922,assist,Yes
2432,1,0,0.46879062662624377,-0.9511396884918213,-0.8261396884918213,assist,No
2433,1,1,0.9465966732132748,-0.4764501452445984,-3.351450204849243,assist,Yes
2434,1,1,0.8354835330070839,-0.3052819073200226,-1.9302818775177002,assist,Yes
2435,1,0,0.24508502416032488,-1.5367989540100098,-0.41179901361465454,assist,No
2436,1,1,0.6513548782017746,-0.5762953162193298,-1.2012953758239746,assist,Yes
2437,1,1,0.7057850278370112,-0.44587624073028564,-1.3208762407302856,assist,Yes
2438,1,1,0.5621765008857981,-0.910247802734375,-1.160247802734375,assist,Yes
2439,1,1,0.9579122708828604,-0.29142072796821594,-3.4164206981658936,assist,Yes
2440,1,0,0.3208212878370535,-1.1850473880767822,-0.43504732847213745,assist,No
2441,1,0,0.5,-0.7814103364944458,-0.7814103364944458,assist,No
2442,1,0,0.16451645880021026,-1.9329577684402466,-0.3079577386379242,assist,No
2443,1,1,0.880797071719777,-0.4330654740333557,-2.433065414428711,assist,Yes
2444,1,1,0.9525741227833249,-0.3574765622615814,-3.3574764728546143,assist,Yes
2445,1,1,0.7310585903489892,-0.4683515429496765,-1.4683516025543213,assist,Yes
2446,1,1,0.8354835411997897,-0.32055601477622986,-1.9455560445785522,assist,Yes
2447,1,1,0.9740426450627306,-0.27716484665870667,-3.902164936065674,assist,Yes
2448,1,0,0.0675466845698721,-2.76645565032959,-0.1414555460214615,assist,No
2449,1,1,0.754914975839675,-0.6179576516151428,-1.742957592010498,assist,Yes
2450,1,1,0.9525741248028792,-0.2260485142469406,-3.226048469543457,assist,Yes
2451,1,0,0.40733341443526055,-1.083101749420166,-0.7081018090248108,assist,No
2452,1,1,0.924141817889503,-0.4973795711994171,-2.9973795413970947,assist,Yes
2453,1,1,0.8670357701094303,-0.25639358162879944,-2.1313936710357666,assist,Yes
2454,1,1,0.754914997895581,-0.4726225733757019,-1.5976226329803467,assist,Yes
2455,1,0,0.32082130082460697,-1.253848671913147,-0.503848671913147,assist,No
2456,1,1,0.9669140206578809,-0.3129730522632599,-3.6879730224609375,assist,Yes
2457,1,0,0.3486451217982255,-1.2539007663726807,-0.6289007067680359,assist,No
2458,1,0,0.22270013882530884,-1.5705281496047974,-0.32052814960479736,assist,No
2459,1,0,0.11920292515117029,-2.186314344406128,-0.18631437420845032,assist,No
2460,1,1,0.5312093733737563,-0.7322883009910583,-0.8572883009910583,assist,Yes
2461,1,1,0.7057850154599563,-0.4825485348701477,-1.357548475265503,assist,Yes
2462,1,1,0.6513548646660542,-0.5248897075653076,-1.1498897075653076,assist,Yes
2463,1,0,0.1329642333263228,-2.0922963619232178,-0.217296302318573,assist,No
2464,1,0,0.32082130082460697,-1.2582252025604248,-0.5082252025604248,assist,No
2465,1,1,0.7310585903489892,-0.7058960795402527,-1.7058961391448975,assist,Yes
2466,1,1,0.5926665999540697,-0.5909916162490845,-0.9659916162490845,assist,Yes
2467,1,0,0.3208212878370535,-1.267960786819458,-0.5179607272148132,assist,No
2468,1,0,0.3208212878370535,-1.2382872104644775,-0.48828715085983276,assist,No
2469,1,0,0.2689414330889798,-1.4437386989593506,-0.44373875856399536,assist,No
2470,1,1,0.5621765008857981,-0.7163137793540955,-0.9663137793540955,assist,Yes
2471,1,0,0.11920291576401235,-2.2430660724639893,-0.24306601285934448,assist,No
2472,1,1,0.867035752930664,-0.28101402521133423,-2.1560139656066895,assist,Yes
2473,1,1,0.8175744850834649,-0.3542911410331726,-1.8542912006378174,assist,Yes
2474,1,0,0.08509904500702024,-2.5212550163269043,-0.1462550163269043,assist,No
2475,1,0,0.5,-0.8330890536308289,-0.8330890536308289,assist,No
2476,1,1,0.7057850402140659,-0.5478555560112,-1.4228556156158447,assist,Yes
2477,1,1,0.9241418262465169,-0.38765063881874084,-2.887650728225708,assist,Yes
2478,1,0,0.34864513533394575,-1.2599198818206787,-0.6349198818206787,assist,No
2479,1,1,0.9324533088603709,-0.3482179641723633,-2.9732179641723633,assist,Yes
2480,1,1,0.914900957313305,-0.4295596778392792,-2.8045597076416016,assist,Yes
2481,1,0,0.24508501313237172,-1.5080530643463135,-0.3830530643463135,assist,No
2482,1,1,0.9324533032291502,-0.24913129210472107,-2.874131202697754,assist,Yes
2483,1,1,0.7772998663336157,-0.4523037374019623,-1.7023037672042847,assist,Yes
2484,1,0,0.060086652698692546,-2.8569867610931396,-0.10698680579662323,assist,No
2485,1,1,0.7310585786300049,-0.43683528900146484,-1.4368352890014648,assist,Yes
2486,1,1,0.9525741281688026,-0.17442938685417175,-3.174429416656494,assist,Yes
2487,1,1,0.5926665855647394,-0.6636539101600647,-1.03865385055542,assist,Yes
2488,1,1,0.867035763237924,-0.33900925517082214,-2.2140092849731445,assist,Yes
2489,1,1,0.8933093946927838,-0.30997002124786377,-2.434969902038574,assist,Yes
2490,1,0,0.46879062662624377,-0.9231051206588745,-0.7981051206588745,assist,No
2491,1,1,0.7981867729389246,-0.3797197639942169,-1.7547197341918945,assist,Yes
2492,1,1,0.9706877717925421,-0.34069743752479553,-3.8406975269317627,assist,Yes
2493,1,1,0.7549149813536518,-0.40203776955604553,-1.5270377397537231,assist,Yes
2494,1,1,0.97068777009661,-0.2800690829753876,-3.78006911277771,assist,Yes
2495,1,0,0.3775406828054583,-1.1465098857879639,-0.6465099453926086,assist,No
2496,1,0,0.4378234991142019,-0.9915778040885925,-0.7415778040885925,assist,No
2497,1,1,0.8519527982093668,-0.31299808621406555,-2.062998056411743,assist,Yes
2498,1,1,0.952574129515172,-0.27151864767074585,-3.2715187072753906,assist,Yes
2499,1,1,0.880797068590724,-0.34739241003990173,-2.3473923206329346,assist,Yes
2500,1,1,0.8519528019683106,-0.3582935333251953,-2.1082935333251953,assist,Yes
2501,1,1,0.939913354875362,-0.284100204706192,-3.034100294113159,assist,Yes
2502,1,1,0.6513548646660542,-0.676658034324646,-1.301658034324646,assist,Yes
2503,1,1,0.9324533013520764,-0.2917228937149048,-2.9167227745056152,assist,Yes
2504,1,1,0.8933093975331751,-0.33186396956443787,-2.4568638801574707,assist,Yes
2505,1,0,0.29421496597446145,-1.2944319248199463,-0.4194318950176239,assist,No
2506,1,1,0.6513548646660542,-0.5056644678115845,-1.1306644678115845,assist,Yes
2507,1,1,0.8807970826714613,-0.20513172447681427,-2.205131769180298,assist,Yes
2508,1,1,0.6224593312018546,-0.731953501701355,-1.231953501701355,assist,Yes
2509,1,1,0.9525741281688026,-0.35817596316337585,-3.3581759929656982,assist,Yes
2510,1,1,0.8175744806385543,-0.39832791686058044,-1.8983279466629028,assist,Yes
2511,1,1,0.893309411735131,-0.3574327826499939,-2.4824328422546387,assist,Yes
2512,1,1,0.7981867873410141,-0.4415387511253357,-1.8165388107299805,assist,Yes
2513,1,0,0.02931223244728875,-3.631401538848877,-0.13140159845352173,assist,No
2514,1,1,0.9241418220680101,-0.2545282542705536,-2.754528284072876,assist,Yes
2515,1,1,0.6791787121629466,-0.6019179224967957,-1.3519179821014404,assist,Yes
2516,1,1,0.8354835493924953,-0.39500585198402405,-2.020005941390991,assist,Yes
2517,1,1,0.8670357735451834,-0.28198516368865967,-2.156985282897949,assist,Yes
2518,1,1,0.8933094060543487,-0.5356581211090088,-2.660658121109009,assist,Yes
2519,1,1,0.977022630759019,-0.24771520495414734,-3.9977152347564697,assist,Yes
2520,1,1,0.9669140216112958,-0.3800489902496338,-3.755048990249634,assist,Yes
2521,1,1,0.798186768138228,-0.33913928270339966,-1.7141392230987549,assist,Yes
2522,1,1,0.979667648438234,-0.30034008622169495,-4.175340175628662,assist,Yes
2523,1,1,0.7057850278370112,-0.4352787733078003,-1.3102787733078003,assist,Yes
2524,1,1,0.8933094060543487,-0.3337371349334717,-2.4587371349334717,assist,Yes
2525,1,1,0.9579122756889438,-0.2427786886692047,-3.367778778076172,assist,Yes
2526,1,1,0.9579122684798184,-0.29184970259666443,-3.4168496131896973,assist,Yes
2527,1,1,0.9399133464597458,-0.3101063370704651,-3.0601062774658203,assist,Yes
2528,1,1,0.957912274487423,-0.35231608152389526,-3.47731614112854,assist,Yes
2529,1,0,0.3775406547908327,-1.0515828132629395,-0.5515827536582947,assist,No
2530,1,1,0.9324533051062237,-0.45202523469924927,-3.0770251750946045,assist,Yes
2531,1,1,0.939913356558485,-0.2607234716415405,-3.01072359085083,assist,Yes
2532,1,1,0.8933094003735664,-0.4885476231575012,-2.6135475635528564,assist,Yes
2533,1,1,0.9324533126145177,-0.4500831961631775,-3.0750832557678223,assist,Yes
2534,1,1,0.9820137884587394,-0.40374621748924255,-4.403746128082275,assist,Yes
2535,1,1,0.7549149868676283,-0.577060341835022,-1.702060341835022,assist,Yes
2536,1,1,0.5621765008857981,-0.6477505564689636,-0.8977505564689636,assist,Yes
2537,1,0,0.2942149845400438,-1.4074559211730957,-0.5324559807777405,assist,No
2538,1,0,0.4073334000459302,-0.9671264886856079,-0.5921264886856079,assist,No
2539,1,1,0.9324533032291502,-0.4112444818019867,-3.0362443923950195,assist,Yes
2540,1,1,0.9626731126558706,-0.3488800525665283,-3.5988800525665283,assist,Yes
2541,1,1,0.9241418116217418,-0.42248785495758057,-2.922487735748291,assist,Yes
2542,1,1,0.9669140244715405,-0.2572151720523834,-3.6322152614593506,assist,Yes
2543,1,1,0.9706877658567789,-0.23022472858428955,-3.730224609375,assist,Yes
2544,1,1,0.5621765008857981,-0.6515434980392456,-0.9015434980392456,assist,Yes
2545,1,1,0.7772998611746911,-0.45251309871673584,-1.7025130987167358,assist,Yes
2546,1,1,0.7310585903489892,-0.4922880530357361,-1.4922881126403809,assist,Yes
2547,1,1,0.9669140254249554,-0.23352468013763428,-3.608524799346924,assist,Yes
2548,1,1,0.8670357701094303,-0.3579637110233307,-2.232963800430298,assist,Yes
2549,1,1,0.9149009596336303,-0.309581458568573,-2.6845815181732178,assist,Yes
2550,1,1,0.7057850278370112,-0.49598634243011475,-1.3709863424301147,assist,Yes
2551,1,1,0.9796676496254957,-0.3001922070980072,-4.175192356109619,assist,Yes
2552,1,1,0.7981867825403176,-0.33616408705711365,-1.711164116859436,assist,Yes
2553,1,1,0.9465966709534505,-0.16696809232234955,-3.0419681072235107,assist,Yes
2554,1,1,0.9149009596336303,-0.4318618178367615,-2.8068618774414062,assist,Yes
2555,1,1,0.9241418199787566,-0.2767503261566162,-2.776750326156616,assist,Yes
2556,1,1,0.977022627413796,-0.3027611970901489,-4.052761077880859,assist,Yes
2557,1,1,0.9669140206578809,-0.41561630368232727,-3.790616273880005,assist,Yes
2558,1,0,0.5,-0.7712310552597046,-0.7712310552597046,assist,No
2559,1,1,0.9046505376715775,-0.44476792216300964,-2.694767951965332,assist,Yes
2560,1,1,0.5926665999540697,-0.6180404424667358,-0.9930404424667358,assist,Yes
2561,1,1,0.6224593312018546,-0.632266640663147,-1.132266640663147,assist,Yes
2562,1,1,0.8933094174159129,-0.49476468563079834,-2.619764804840088,assist,Yes
2563,1,1,0.5926665999540697,-0.6230562925338745,-0.9980562925338745,assist,Yes
2564,1,1,0.7981867729389246,-0.3793635666370392,-1.7543635368347168,assist,Yes
2565,1,1,0.9706877709445761,-0.22986549139022827,-3.729865550994873,assist,Yes
2566,1,1,0.9241418220680101,-0.38489410281181335,-2.8848941326141357,assist,Yes
2567,1,1,0.979667647844603,-0.24522536993026733,-4.120225429534912,assist,Yes
2568,1,1,0.7549149868676283,-0.4817749261856079,-1.606774926185608,assist,Yes
2569,1,1,0.8807970842359877,-0.4669005274772644,-2.466900587081909,assist,Yes
2570,1,1,0.867035752930664,-0.5688629746437073,-2.4438629150390625,assist,Yes
2571,1,1,0.9525741281688026,-0.42980000376701355,-3.429800033569336,assist,Yes
2572,1,1,0.8807970873650403,-0.43231073021888733,-2.4323108196258545,assist,Yes
2573,1,1,0.9579122708828604,-0.2665753662586212,-3.391575336456299,assist,Yes
2574,1,1,0.9399133481428692,-0.28330734372138977,-3.0333073139190674,assist,Yes
2575,1,1,0.952574129515172,-0.32631415128707886,-3.3263142108917236,assist,Yes
2576,1,1,0.893309411735131,-0.3855840563774109,-2.5105841159820557,assist,Yes
2577,1,1,0.9706877709445761,-0.3745686411857605,-3.8745687007904053,assist,Yes
2578,1,1,0.9046505428129514,-0.2569810450077057,-2.506981134414673,assist,Yes
2579,1,1,0.9465966656805269,-0.23190101981163025,-3.106900930404663,assist,Yes
2580,1,1,0.9241418262465169,-0.38588300347328186,-2.885883092880249,assist,Yes
2581,1,1,0.5926665999540697,-0.7588787078857422,-1.1338787078857422,assist,Yes
2582,1,1,0.880797071719777,-0.43250828981399536,-2.4325082302093506,assist,Yes
2583,1,1,0.5621765008857981,-0.8345483541488647,-1.0845483541488647,assist,Yes
2584,1,1,0.9046505325302034,-0.23973038792610168,-2.4897303581237793,assist,Yes
2585,1,1,0.9796676502191265,-0.40475398302078247,-4.279754161834717,assist,Yes
2586,1,1,0.7981867825403176,-0.36621853709220886,-1.7412185668945312,assist,Yes
2587,1,1,0.9706877709445761,-0.30928176641464233,-3.809281826019287,assist,Yes
2588,1,1,0.6513548782017746,-0.620578944683075,-1.2455790042877197,assist,Yes
2589,1,1,0.977022630759019,-0.369843453168869,-4.119843482971191,assist,Yes
2590,1,0,0.5,-0.8887393474578857,-0.8887393474578857,assist,No
2591,1,1,0.8175744850834649,-0.3776211142539978,-1.8776211738586426,assist,Yes
2592,1,1,0.851952809486198,-0.46422475576400757,-2.2142248153686523,assist,Yes
2593,1,1,0.7549149923816048,-0.43084368109703064,-1.555843710899353,assist,Yes
2594,1,1,0.939913354875362,-0.31125178933143616,-3.0612518787384033,assist,Yes
2595,1,1,0.9579122696813394,-0.38827234506607056,-3.513272285461426,assist,Yes
2596,1,1,0.9241418220680101,-0.3563937842845917,-2.856393814086914,assist,Yes
2597,1,1,0.8519527982093668,-0.40461423993110657,-2.154614210128784,assist,Yes
2598,1,1,0.9626731137267751,-0.31603071093559265,-3.566030740737915,assist,Yes
2599,1,1,0.9796676430955554,-0.33163803815841675,-4.206637859344482,assist,Yes
2600,1,1,0.9706877722165251,-0.22949351370334625,-3.7294936180114746,assist,Yes
2601,1,1,0.6791786861878392,-0.5049801468849182,-1.2549800872802734,assist,Yes
2602,1,1,0.835483553488848,-0.39860808849334717,-2.0236082077026367,assist,Yes
2603,1,1,0.9740426428022031,-0.276322603225708,-3.901322603225708,assist,Yes
2604,1,1,0.9046505376715775,-0.3744497001171112,-2.6244497299194336,assist,Yes
2605,1,1,0.5312093733737563,-0.7656006217002869,-0.8906006217002869,assist,Yes
2606,1,1,0.9740426450627306,-0.3725232183933258,-3.997523307800293,assist,Yes
2607,1,1,0.8519528132451416,-0.333395391702652,-2.083395481109619,assist,Yes
2608,1,1,0.9525741268224334,-0.5157315731048584,-3.5157315731048584,assist,Yes
2609,1,1,0.977022630759019,-0.24759599566459656,-3.997596025466919,assist,Yes
2610,1,1,0.8807970904940926,-0.501205325126648,-2.5012054443359375,assist,Yes
2611,1,1,0.9324533013520764,-0.24676048755645752,-2.871760368347168,assist,Yes
2612,1,1,0.7981867729389246,-0.3980264961719513,-1.773026466369629,assist,Yes
2613,1,1,0.9626731105140616,-0.1973620057106018,-3.447361946105957,assist,Yes
2614,1,0,0.0850990519679964,-2.5666565895080566,-0.1916566789150238,assist,No
2615,1,1,0.9669140235181256,-0.28284233808517456,-3.6578423976898193,assist,Yes
2616,1,1,0.9669140225647107,-0.2567760646343231,-3.6317760944366455,assist,Yes
2617,1,1,0.9626731126558706,-0.2878563404083252,-3.537856340408325,assist,Yes
2618,1,1,0.880797081106935,-0.3733524978160858,-2.373352527618408,assist,Yes
2619,1,1,0.9149009526726544,-0.46704915165901184,-2.8420491218566895,assist,Yes
2620,1,1,0.8519527944504226,-0.2841854691505432,-2.0341854095458984,assist,Yes
2621,1,1,0.7981867825403176,-0.3660918176174164,-1.7410918474197388,assist,Yes
2622,1,1,0.9706877705205931,-0.23013325035572052,-3.730133295059204,assist,Yes
2623,1,1,0.8933094174159129,-0.35967910289764404,-2.4846792221069336,assist,Yes
2624,1,1,0.9626731169394882,-0.5068062543869019,-3.7568063735961914,assist,Yes
2625,1,1,0.9579122708828604,-0.3870237171649933,-3.512023687362671,assist,Yes
2626,1,1,0.880797071719777,-0.3452525734901428,-2.345252513885498,assist,Yes
2627,1,1,0.9046505402422645,-0.40751832723617554,-2.6575183868408203,assist,Yes
2628,1,1,0.966914019704466,-0.25689464807510376,-3.631894588470459,assist,Yes
2629,1,1,0.9706877692486436,-0.28093481063842773,-3.7809348106384277,assist,Yes
2630,1,1,0.9324533032291502,-0.29130277037620544,-2.9163026809692383,assist,Yes
2631,1,0,0.4073334000459302,-1.091335654258728,-0.716335654258728,assist,No
2632,1,1,0.904650527388829,-0.4397498071193695,-2.6897497177124023,assist,Yes
2633,1,1,0.7772998663336157,-0.40811726450920105,-1.6581172943115234,assist,Yes
2634,1,1,0.7772998508568416,-0.4523935914039612,-1.7023935317993164,assist,Yes
2635,1,1,0.9706877709445761,-0.41347283124923706,-3.913472890853882,assist,Yes
2636,1,1,0.9399133481428692,-0.40500810742378235,-3.15500807762146,assist,Yes
2637,1,1,0.9796676454700793,-0.36641985177993774,-4.241419792175293,assist,Yes
2638,1,1,0.7549149813536518,-0.33463290333747864,-1.4596328735351562,assist,Yes
2639,1,1,0.9399133498259924,-0.3117969036102295,-3.0617969036102295,assist,Yes
2640,1,1,0.9770226354423304,-0.36931681632995605,-4.119317054748535,assist,Yes
2641,1,1,0.9465966702001757,-0.6218228340148926,-3.4968228340148926,assist,Yes
2642,1,1,0.9324533107374443,-0.26710841059684753,-2.89210844039917,assist,Yes
2643,1,1,0.5926665855647394,-0.7204933762550354,-1.0954933166503906,assist,Yes
2644,1,1,0.9241418199787566,-0.46022891998291016,-2.96022891998291,assist,Yes
2645,1,1,0.9465966656805269,-0.39771875739097595,-3.272718667984009,assist,Yes
2646,1,1,0.8519527906914787,-0.31817755103111267,-2.0681774616241455,assist,Yes
2647,1,1,0.9626731115849659,-0.3825576603412628,-3.6325576305389404,assist,Yes
2648,1,1,0.8670357460591569,-0.3910871744155884,-2.266087055206299,assist,Yes
2649,1,1,0.9525741254760638,-0.2978103458881378,-3.2978103160858154,assist,Yes
2650,1,1,0.9796676466573412,-0.271181583404541,-4.146181583404541,assist,Yes
2651,1,1,0.9046505325302034,-0.22448590397834778,-2.4744858741760254,assist,Yes
2652,1,1,0.9669140225647107,-0.34456130862236023,-3.7195613384246826,assist,Yes
2653,1,1,0.7772998508568416,-0.36266547441482544,-1.6126654148101807,assist,Yes
2654,1,1,0.9465966762263737,-0.27754390239715576,-3.1525440216064453,assist,Yes
2655,1,1,0.9706877658567789,-0.30876362323760986,-3.8087635040283203,assist,Yes
2656,1,1,0.9740426412951848,-0.40983158349990845,-4.034831523895264,assist,Yes
2657,1,1,0.9399133498259924,-0.48444604873657227,-3.2344460487365723,assist,Yes
2658,1,1,0.9149009642742806,-0.28747689723968506,-2.6624770164489746,assist,Yes
2659,1,1,0.8175744806385543,-0.4759661853313446,-1.975966215133667,assist,Yes
2660,1,1,0.9706877709445761,-0.4134451746940613,-3.913445234298706,assist,Yes
2661,1,1,0.7772998560157665,-0.405232697725296,-1.6552326679229736,assist,Yes
2662,1,1,0.9626731137267751,-0.34708258509635925,-3.5970826148986816,assist,Yes
2663,1,1,0.957912274487423,-0.32002753019332886,-3.4450275897979736,assist,Yes
2664,1,1,0.8670357563664174,-0.41646817326545715,-2.2914681434631348,assist,Yes
2665,1,1,0.9046505299595163,-0.3479383587837219,-2.597938299179077,assist,Yes
2666,1,1,0.9706877658567789,-0.3091470003128052,-3.8091468811035156,assist,Yes
2667,1,0,0.10669059820623795,-2.2958757877349854,-0.17087583243846893,assist,No
2668,1,1,0.9706877717925421,-0.37464824318885803,-3.874648332595825,assist,Yes
2669,1,1,0.9046505402422645,-0.2956368327140808,-2.5456368923187256,assist,Yes
2670,1,1,0.7057850402140659,-0.4677891135215759,-1.3427891731262207,assist,Yes
2671,1,1,0.9525741254760638,-0.35745981335639954,-3.357459783554077,assist,Yes
2672,1,1,0.9046505325302034,-0.4419598877429962,-2.691959857940674,assist,Yes
2673,1,1,0.8354835248143776,-0.4005826413631439,-2.0255825519561768,assist,Yes
2674,1,1,0.9796676454700793,-0.40458160638809204,-4.279581546783447,assist,Yes
2675,1,1,0.9626731126558706,-0.3827037811279297,-3.6327037811279297,assist,Yes
2676,1,1,0.9324533144915912,-0.31920018792152405,-2.944200277328491,assist,Yes
2677,1,1,0.9465966679403514,-0.23253922164440155,-3.107539176940918,assist,Yes
2678,1,1,0.8807970654616711,-0.5077377557754517,-2.507737636566162,assist,Yes
2679,1,1,0.8670357563664174,-0.4420798122882843,-2.317079782485962,assist,Yes
2680,1,1,0.9465966717067252,-0.3638767898082733,-3.2388768196105957,assist,Yes
2681,1,1,0.5926665999540697,-0.6808465719223022,-1.0558465719223022,assist,Yes
2682,1,1,0.9241418158002492,-0.385792076587677,-2.8857920169830322,assist,Yes
2683,1,1,0.952574129515172,-0.358254611492157,-3.3582546710968018,assist,Yes
2684,1,0,0.5,-0.8183431625366211,-0.8183431625366211,assist,No
2685,1,1,0.9465966762263737,-0.4366191625595093,-3.311619281768799,assist,Yes
2686,1,1,0.9740426443092215,-0.4518823027610779,-4.076882362365723,assist,Yes
2687,1,1,0.5926665999540697,-0.72038733959198,-1.09538733959198,assist,Yes
2688,1,1,0.9399133447766225,-0.3691607415676117,-3.1191606521606445,assist,Yes
2689,1,1,0.9669140244715405,-0.34468546509742737,-3.7196855545043945,assist,Yes
2690,1,1,0.9626731169394882,-0.34866178035736084,-3.5986618995666504,assist,Yes
2691,1,1,0.8175744761936437,-0.4438951015472412,-1.9438951015472412,assist,Yes
2692,1,1,0.9626731147976793,-0.5077745318412781,-3.757774591445923,assist,Yes
2693,1,1,0.9626731126558706,-0.3825349807739258,-3.632534980773926,assist,Yes
2694,1,1,0.9626731169394882,-0.4630368947982788,-3.7130370140075684,assist,Yes
2695,1,1,0.9046505376715775,-0.2968423068523407,-2.546842336654663,assist,Yes
2696,1,1,0.9840936092211993,-0.40097469091415405,-4.525974750518799,assist,Yes
2697,1,1,0.9770226320971079,-0.36903324723243713,-4.119033336639404,assist,Yes
2698,1,1,0.9324533126145177,-0.34527915716171265,-2.9702792167663574,assist,Yes
2699,1,1,0.7981867729389246,-0.3826947510242462,-1.7576947212219238,assist,Yes
2700,1,0,0.4378234991142019,-0.907429575920105,-0.657429575920105,assist,No
2701,1,1,0.880797071719777,-0.26642686128616333,-2.2664268016815186,assist,Yes
2702,1,1,0.7549149868676283,-0.5521106719970703,-1.6771106719970703,assist,Yes
2703,1,1,0.754914997895581,-0.40228480100631714,-1.527284860610962,assist,Yes
2704,1,1,0.6791786861878392,-0.5539095997810364,-1.3039095401763916,assist,Yes
2705,1,0,0.18242552380635632,-1.7973129749298096,-0.29731297492980957,assist,No
2706,1,0,0.29421497216298875,-1.2993030548095703,-0.4243030548095703,assist,No
2707,1,1,0.5621765008857981,-0.7326684594154358,-0.9826684594154358,assist,Yes
2708,1,0,0.13296424019782924,-2.0725457668304443,-0.19754576683044434,assist,No
2709,1,0,0.20181322226037882,-1.7470840215682983,-0.37208402156829834,assist,No
2710,1,1,0.7981867729389246,-0.3793015778064728,-1.7543015480041504,assist,Yes
2711,1,1,0.8175744673038221,-0.35622459650039673,-1.856224536895752,assist,Yes
2712,1,0,0.4073334000459302,-0.9664324522018433,-0.5914324522018433,assist,No
2713,1,0,0.2689414330889798,-1.388779640197754,-0.3887796998023987,assist,No
2714,1,1,0.904650527388829,-0.29843029379844666,-2.5484302043914795,assist,Yes
2715,1,1,0.5312093733737563,-0.7080531716346741,-0.8330531716346741,assist,Yes
2716,1,0,0.24508500761839525,-1.4984337091445923,-0.3734336793422699,assist,No
2717,1,0,0.24508500761839525,-1.5260978937149048,-0.4010978639125824,assist,No
2718,1,0,0.037326889619801504,-3.301717519760132,-0.05171758309006691,assist,No
2719,1,1,0.5312093733737563,-0.7812119722366333,-0.9062119722366333,assist,Yes
2720,1,0,0.26894141551050293,-1.391643762588501,-0.3916437327861786,assist,No
2721,1,1,0.7310585786300049,-0.5304648876190186,-1.5304648876190186,assist,Yes
2722,1,0,0.34864513533394575,-1.1624122858047485,-0.5374122858047485,assist,No
2723,1,0,0.46879062662624377,-0.9219121932983398,-0.7969121932983398,assist,No
2724,1,1,0.9525741281688026,-0.3561253249645233,-3.3561253547668457,assist,Yes
2725,1,1,0.5621765008857981,-0.7439196705818176,-0.9939196705818176,assist,Yes
2726,1,0,0.4073334000459302,-1.0632586479187012,-0.6882586479187012,assist,No
2727,1,1,0.7772998508568416,-0.46693235635757446,-1.7169322967529297,assist,Yes
2728,1,1,0.679178699175393,-0.5788624286651611,-1.3288624286651611,assist,Yes
2729,1,1,0.8519527944504226,-0.3762393593788147,-2.12623929977417,assist,Yes
2730,1,0,0.2689414272294874,-1.3984254598617554,-0.39842548966407776,assist,No
2731,1,1,0.8175744806385543,-0.34156784415245056,-1.841567873954773,assist,Yes
2732,1,1,0.5621765008857981,-0.7227662801742554,-0.9727662801742554,assist,Yes
2733,1,1,0.8670357598021706,-0.2668187618255615,-2.1418187618255615,assist,Yes
2734,1,0,0.16451645880021026,-1.9003119468688965,-0.2753119170665741,assist,No
2735,1,0,0.18242551936144574,-1.8591053485870361,-0.35910531878471375,assist,No
2736,1,0,0.46879062662624377,-0.9893593788146973,-0.8643593788146973,assist,No
2737,1,1,0.7310585786300049,-0.5077972412109375,-1.5077972412109375,assist,Yes
2738,1,1,0.5926665855647394,-0.6429646611213684,-1.0179646015167236,assist,Yes
2739,1,1,0.7057850278370112,-0.5595074892044067,-1.4345074892044067,assist,Yes
2740,1,0,0.46879062662624377,-0.9127821922302246,-0.7877821922302246,assist,No
2741,1,0,0.2942149597859341,-1.4290106296539307,-0.5540105700492859,assist,No
2742,1,0,0.5,-0.8594951033592224,-0.8594951033592224,assist,No
2743,1,1,0.5312093733737563,-0.7993775606155396,-0.9243775606155396,assist,Yes
2744,1,0,0.46879062662624377,-0.8710277080535889,-0.7460277080535889,assist,No
2745,1,0,0.03732688975366457,-3.3127613067626953,-0.06276137381792068,assist,No
2746,1,0,0.4073334000459302,-0.9703794717788696,-0.5953794717788696,assist,No
2747,1,1,0.5312093882168609,-0.9069229960441589,-1.0319230556488037,assist,Yes
2748,1,1,0.6791787121629466,-0.7556206583976746,-1.5056207180023193,assist,Yes
2749,1,1,0.6513548511303336,-0.6368878483772278,-1.261887788772583,assist,Yes
2750,1,1,0.8807970842359877,-0.5895928740501404,-2.589592933654785,assist,Yes
2751,1,0,0.13296425222296632,-2.099632740020752,-0.2246328443288803,assist,No
2752,1,1,0.9241418241572634,-0.3001384139060974,-2.800138473510742,assist,Yes
2753,1,0,0.2689414272294874,-1.3775761127471924,-0.37757614254951477,assist,No
2754,1,0,0.18242551936144574,-1.7755277156829834,-0.275527685880661,assist,No
2755,1,1,0.8519528132451416,-0.40828052163124084,-2.158280611038208,assist,Yes
2756,1,0,0.4073334000459302,-0.9961830377578735,-0.6211830377578735,assist,No
2757,1,1,0.9525741308615412,-0.29776421189308167,-3.297764301300049,assist,Yes
2758,1,1,0.7310585786300049,-0.5620267391204834,-1.5620267391204834,assist,Yes
2759,1,1,0.867035752930664,-0.36034637689590454,-2.2353463172912598,assist,Yes
2760,1,1,0.880797071719777,-0.32247239351272583,-2.322472333908081,assist,Yes
2761,1,1,0.7772998663336157,-0.4082889258861542,-1.6582889556884766,assist,Yes
2762,1,1,0.9149009549929797,-0.17608213424682617,-2.551082134246826,assist,Yes
2763,1,1,0.5621765008857981,-0.7444948554039001,-0.9944948554039001,assist,Yes
2764,1,0,0.46879062662624377,-0.8319639563560486,-0.7069639563560486,assist,No
2765,1,0,0.14804720179063335,-2.039828300476074,-0.2898283302783966,assist,No
2766,1,0,0.34864513533394575,-1.125644564628601,-0.5006445646286011,assist,No
2767,1,0,0.22270014398423357,-1.5573221445083618,-0.3073221743106842,assist,No
2768,1,0,0.34864513533394575,-1.1431031227111816,-0.5181031227111816,assist,No
2769,1,1,0.9740426428022031,-0.2763240337371826,-3.9013240337371826,assist,Yes
2770,1,1,0.7772998611746911,-0.4270005226135254,-1.6770005226135254,assist,Yes
2771,1,0,0.29421496597446145,-1.2911291122436523,-0.41612908244132996,assist,No
2772,1,1,0.6224593452091672,-0.6956130862236023,-1.195613145828247,assist,Yes
2773,1,1,0.8519527869325346,-0.3817378282546997,-2.13173770904541,assist,Yes
2774,1,0,0.1192029188930649,-2.2201762199401855,-0.22017619013786316,assist,No
2775,1,0,0.3208213138121609,-1.258573293685913,-0.5085733532905579,assist,No
2776,1,1,0.9149009619539553,-0.33695855736732483,-2.711958646774292,assist,Yes
2777,1,1,0.966914017797636,-0.4589883089065552,-3.8339881896972656,assist,Yes
2778,1,1,0.9399133464597458,-0.4825950264930725,-3.2325949668884277,assist,Yes
2779,1,1,0.9324533032291502,-0.3175097405910492,-2.942509651184082,assist,Yes
2780,1,0,0.3486451488696663,-1.158371925354004,-0.5333719849586487,assist,No
2781,1,1,0.6791787121629466,-0.5593928694725037,-1.3093929290771484,assist,Yes
2782,1,1,0.8933093975331751,-0.3102310597896576,-2.4352309703826904,assist,Yes
2783,1,1,0.9399133464597458,-0.37049752473831177,-3.120497465133667,assist,Yes
2784,1,1,0.6224593452091672,-0.5390779376029968,-1.0390779972076416,assist,Yes
2785,1,1,0.9740426443092215,-0.45204395055770874,-4.0770440101623535,assist,Yes
2786,1,1,0.8670357563664174,-0.394178181886673,-2.2691781520843506,assist,Yes
2787,1,0,0.3775406828054583,-1.0514838695526123,-0.5514839291572571,assist,No
2788,1,0,0.22270014914315833,-1.5942070484161377,-0.34420710802078247,assist,No
2789,1,1,0.9465966762263737,-0.18096387386322021,-3.0559639930725098,assist,Yes
2790,1,1,0.5621765008857981,-0.7647057771682739,-1.014705777168274,assist,Yes
2791,1,1,0.7057850278370112,-0.4677850008010864,-1.3427850008010864,assist,Yes
2792,1,1,0.9465966671870767,-0.3640161156654358,-3.239016056060791,assist,Yes
2793,1,1,0.7772998714925403,-0.36274999380111694,-1.6127500534057617,assist,Yes
2794,1,1,0.9399133515091156,-0.4825722873210907,-3.232572317123413,assist,Yes
2795,1,0,0.4378234991142019,-0.9365320205688477,-0.6865320205688477,assist,No
2796,1,1,0.9626731105140616,-0.3483133912086487,-3.598313331604004,assist,Yes
2797,1,0,0.3208213138121609,-1.2898669242858887,-0.5398669838905334,assist,No
2798,1,1,0.924141817889503,-0.3878333866596222,-2.8878333568573,assist,Yes
2799,1,1,0.8670357563664174,-0.3199296295642853,-2.194929599761963,assist,Yes
2800,1,0,0.3486451421018059,-1.1097172498703003,-0.4847172796726227,assist,No
2801,1,1,0.7310585786300049,-0.5909484624862671,-1.590948462486267,assist,Yes
2802,1,1,0.7772998611746911,-0.5251705646514893,-1.7751705646514893,assist,Yes
2803,1,0,0.32082130731838393,-1.233572006225586,-0.4835720360279083,assist,No
2804,1,0,0.2689414272294874,-1.3687360286712646,-0.36873605847358704,assist,No
2805,1,1,0.8933094060543487,-0.2531890869140625,-2.3781890869140625,assist,Yes
2806,1,0,0.16451646699291617,-1.8788570165634155,-0.2538570463657379,assist,No
2807,1,1,0.7981867729389246,-0.40106967091560364,-1.7760696411132812,assist,Yes
2808,1,1,0.8670357580842941,-0.2417764812707901,-2.116776466369629,assist,Yes
2809,1,1,0.9324533126145177,-0.44975680112838745,-3.0747568607330322,assist,Yes
2810,1,1,0.8354835411997897,-0.3564973771572113,-1.9814974069595337,assist,Yes
2811,1,0,0.14804719427274565,-2.003685235977173,-0.25368520617485046,assist,No
2812,1,1,0.9890130583409233,-0.3242458403110504,-4.824245929718018,assist,Yes
2813,1,1,0.9324533051062237,-0.27013736963272095,-2.895137310028076,assist,Yes
2814,1,0,0.18242552825126704,-1.7598295211791992,-0.2598295509815216,assist,No
2815,1,1,0.8933094145755219,-0.38632670044898987,-2.511326789855957,assist,Yes
2816,1,1,0.9740426412951848,-0.2264428734779358,-3.851442813873291,assist,Yes
2817,1,1,0.7549149813536518,-0.49907687306404114,-1.6240768432617188,assist,Yes
2818,1,1,0.939913354875362,-0.3392893373966217,-3.089289426803589,assist,Yes
2819,1,1,0.9626731083722525,-0.42164576053619385,-3.6716456413269043,assist,Yes
2820,1,1,0.9149009596336303,-0.36563557386398315,-2.740635633468628,assist,Yes
2821,1,0,0.10669058968506456,-2.321012258529663,-0.1960122138261795,assist,No
2822,1,1,0.7057850278370112,-0.503324031829834,-1.378324031829834,assist,Yes
2823,1,1,0.9875683491468141,-0.4398465156555176,-4.814846515655518,assist,Yes
2824,1,1,0.8933094032139576,-0.4170422852039337,-2.5420422554016113,assist,Yes
2825,1,0,0.10669060388702058,-2.2839787006378174,-0.15897880494594574,assist,No
2826,1,1,0.9149009549929797,-0.36246323585510254,-2.7374632358551025,assist,Yes
2827,1,1,0.8175744806385543,-0.3420654237270355,-1.842065453529358,assist,Yes
2828,1,1,0.8933094060543487,-0.417158842086792,-2.542158842086792,assist,Yes
2829,1,1,0.9046505402422645,-0.40513914823532104,-2.655139207839966,assist,Yes
2830,1,1,0.5926665999540697,-0.7352567911148071,-1.1102567911148071,assist,Yes
2831,1,1,0.8519527944504226,-0.40486985445022583,-2.154869794845581,assist,Yes
2832,1,1,0.9525741241296944,-0.2485368847846985,-3.2485368251800537,assist,Yes
2833,1,1,0.914900957313305,-0.30915066599845886,-2.6841506958007812,assist,Yes
2834,1,1,0.904650527388829,-0.40736517310142517,-2.657365083694458,assist,Yes
2835,1,1,0.9626731105140616,-0.34875279664993286,-3.598752737045288,assist,Yes
2836,1,1,0.8354835371034369,-0.4235529899597168,-2.048552989959717,assist,Yes
2837,1,1,0.8933094032139576,-0.41941073536872864,-2.5444107055664062,assist,Yes
2838,1,1,0.9579122708828604,-0.4661159813404083,-3.591115951538086,assist,Yes
2839,1,0,0.46879062662624377,-0.8445903062820435,-0.7195903062820435,assist,No
2840,1,1,0.7057850216484838,-0.4413222372531891,-1.3163222074508667,assist,Yes
2841,1,1,0.924141817889503,-0.29865387082099915,-2.7986538410186768,assist,Yes
2842,1,1,0.9046505351008906,-0.34789443016052246,-2.5978944301605225,assist,Yes
2843,1,1,0.8354835248143776,-0.42296847701072693,-2.0479683876037598,assist,Yes
2844,1,1,0.8933094003735664,-0.3580697178840637,-2.483069658279419,assist,Yes
2845,1,1,0.8354835289107309,-0.3164141774177551,-1.9414141178131104,assist,Yes
2846,1,1,0.7981867777396212,-0.4413846731185913,-1.8163846731185913,assist,Yes
2847,1,1,0.9525741241296944,-0.4737473130226135,-3.4737472534179688,assist,Yes
2848,1,1,0.9046505351008906,-0.3215811252593994,-2.5715811252593994,assist,Yes
2849,1,0,0.29421497216298875,-1.2743215560913086,-0.3993215560913086,assist,No
2850,1,1,0.9840936110872273,-0.3281939625740051,-4.4531941413879395,assist,Yes
2851,1,1,0.9740426405416754,-0.37241634726524353,-3.9974162578582764,assist,Yes
2852,1,1,0.8933094060543487,-0.4192078113555908,-2.544207811355591,assist,Yes
2853,1,1,0.9706877709445761,-0.2802409529685974,-3.780241012573242,assist,Yes
2854,1,1,0.6791787056691698,-0.4807814061641693,-1.2307814359664917,assist,Yes
2855,1,1,0.5926666143433998,-0.6882173418998718,-1.0632174015045166,assist,Yes
2856,1,1,0.7310585903489892,-0.4561766982078552,-1.4561767578125,assist,Yes
2857,1,1,0.9669140235181256,-0.3791448473930359,-3.7541449069976807,assist,Yes
2858,1,1,0.9324533163686646,-0.44831597805023193,-3.0733160972595215,assist,Yes
2859,1,1,0.9046505299595163,-0.4077962040901184,-2.6577961444854736,assist,Yes
2860,1,1,0.9626731169394882,-0.5059455633163452,-3.7559456825256348,assist,Yes
2861,1,1,0.8933093946927838,-0.29052841663360596,-2.4155282974243164,assist,Yes
2862,1,1,0.7772998611746911,-0.32993483543395996,-1.57993483543396,assist,Yes
2863,1,1,0.8175744806385543,-0.2916789948940277,-1.79167902469635,assist,Yes
2864,1,1,0.9399133515091156,-0.4069213569164276,-3.15692138671875,assist,Yes
2865,1,1,0.9796676472509721,-0.36751124262809753,-4.24251127243042,assist,Yes
2866,1,1,0.5926665999540697,-0.7040227651596069,-1.079022765159607,assist,Yes
2867,1,1,0.7549149813536518,-0.3670208752155304,-1.492020845413208,assist,Yes
2868,1,0,0.46879062662624377,-0.8736495971679688,-0.7486495971679688,assist,No
2869,1,1,0.9399133523506772,-0.15021677315235138,-2.900216817855835,assist,Yes
2870,1,1,0.8933094032139576,-0.29122260212898254,-2.41622257232666,assist,Yes
2871,1,1,0.9579122696813394,-0.3535166382789612,-3.4785165786743164,assist,Yes
2872,1,1,0.7310585727705126,-0.4208522140979767,-1.4208521842956543,assist,Yes
2873,1,1,0.817574471748733,-0.37447038292884827,-1.8744703531265259,assist,Yes
2874,1,1,0.8807970779778823,-0.36890316009521484,-2.368903160095215,assist,Yes
2875,1,1,0.7772998714925403,-0.47083181142807007,-1.7208318710327148,assist,Yes
2876,1,1,0.957912274487423,-0.4249398112297058,-3.5499398708343506,assist,Yes
2877,1,1,0.9465966656805269,-0.3034420907497406,-3.1784420013427734,assist,Yes
2878,1,0,0.1329642419157059,-2.076767921447754,-0.2017679363489151,assist,No
2879,1,1,0.9890130557502124,-0.2120906412601471,-4.712090492248535,assist,Yes
2880,1,1,0.9465966747198243,-0.277487188577652,-3.152487277984619,assist,Yes
2881,1,1,0.9465966686936261,-0.33245471119880676,-3.2074546813964844,assist,Yes
2882,1,0,0.2689414096510108,-1.421093225479126,-0.4210931658744812,assist,No
2883,1,1,0.8807970842359877,-0.5041751265525818,-2.5041751861572266,assist,Yes
2884,1,1,0.7981867777396212,-0.415618896484375,-1.790618896484375,assist,Yes
2885,1,1,0.893309411735131,-0.2535642981529236,-2.3785643577575684,assist,Yes
2886,1,1,0.9669140235181256,-0.3441302180290222,-3.719130277633667,assist,Yes
2887,1,1,0.7549149868676283,-0.5592244863510132,-1.6842244863510132,assist,Yes
2888,1,1,0.9241418262465169,-0.35442915558815,-2.854429244995117,assist,Yes
2889,1,1,0.9149009549929797,-0.46547603607177734,-2.8404760360717773,assist,Yes
2890,1,1,0.7772998508568416,-0.350525438785553,-1.6005253791809082,assist,Yes
2891,1,1,0.9579122720843811,-0.5122864246368408,-3.637286424636841,assist,Yes
2892,1,1,0.9706877692486436,-0.15593647956848145,-3.6559364795684814,assist,Yes
2893,1,1,0.8807970654616711,-0.3240400552749634,-2.324039936065674,assist,Yes
2894,1,1,0.9770226260757067,-0.4073140025138855,-4.157313823699951,assist,Yes
2895,1,1,0.9579122714836206,-0.18424774706363678,-3.3092477321624756,assist,Yes
2896,1,1,0.9149009619539553,-0.3642541468143463,-2.7392542362213135,assist,Yes
2897,1,1,0.8519528057272543,-0.378871887922287,-2.1288719177246094,assist,Yes
2898,1,1,0.9669140244715405,-0.3795219957828522,-3.7545220851898193,assist,Yes
2899,1,1,0.8933094032139576,-0.3086383640766144,-2.433638334274292,assist,Yes
2900,1,1,0.7772998560157665,-0.4963361322879791,-1.7463361024856567,assist,Yes
2901,1,1,0.7310585727705126,-0.46819308400154114,-1.4681930541992188,assist,Yes
2902,1,1,0.8670357598021706,-0.4473550319671631,-2.322355031967163,assist,Yes
2903,1,1,0.9740426412951848,-0.2506435513496399,-3.875643491744995,assist,Yes
2904,1,1,0.6224593452091672,-0.8279358744621277,-1.3279359340667725,assist,Yes
2905,1,1,0.8519528057272543,-0.3563019931316376,-2.10630202293396,assist,Yes
2906,1,1,0.6224593312018546,-0.5741028785705566,-1.0741028785705566,assist,Yes
2907,1,1,0.9465966717067252,-0.2539388835430145,-3.128938913345337,assist,Yes
2908,1,1,0.9046505299595163,-0.5214958786964417,-2.771495819091797,assist,Yes
2909,1,1,0.9626731126558706,-0.31612682342529297,-3.566126823425293,assist,Yes
2910,1,1,0.9324533088603709,-0.37783026695251465,-3.0028302669525146,assist,Yes
2911,1,0,0.24508501313237172,-1.4812419414520264,-0.35624194145202637,assist,No
2912,1,1,0.9046505248181417,-0.3481074571609497,-2.59810733795166,assist,Yes
2913,1,1,0.9465966717067252,-0.4369489848613739,-3.3119490146636963,assist,Yes
2914,1,1,0.9525741221101401,-0.2473505586385727,-3.2473504543304443,assist,Yes
2915,1,1,0.8670357598021706,-0.41381382942199707,-2.288813829421997,assist,Yes
2916,1,1,0.9706877658567789,-0.27998220920562744,-3.779982089996338,assist,Yes
2917,1,1,0.8354835330070839,-0.3540295660495758,-1.9790295362472534,assist,Yes
2918,1,1,0.9525741281688026,-0.29722973704338074,-3.297229766845703,assist,Yes
2919,1,1,0.7772998611746911,-0.47174370288848877,-1.7217437028884888,assist,Yes
2920,1,1,0.9706877709445761,-0.45482581853866577,-3.9548258781433105,assist,Yes
2921,1,1,0.9706877709445761,-0.25428837537765503,-3.7542884349823,assist,Yes
2922,1,1,0.8670357460591569,-0.5599743127822876,-2.434974193572998,assist,Yes
2923,1,1,0.9770226327661524,-0.30276763439178467,-4.052767753601074,assist,Yes
2924,1,1,0.9579122684798184,-0.4673677384853363,-3.592367649078369,assist,Yes
2925,1,1,0.8354835493924953,-0.3771444857120514,-2.0021445751190186,assist,Yes
2926,1,1,0.8175744850834649,-0.5028838515281677,-2.0028839111328125,assist,Yes
2927,1,1,0.9579122720843811,-0.42510080337524414,-3.550100803375244,assist,Yes
2928,1,1,0.9669140187510509,-0.34409698843955994,-3.7190968990325928,assist,Yes
2929,1,1,0.9324533069832973,-0.3460901081562042,-2.971090078353882,assist,Yes
2930,1,1,0.5621765008857981,-0.7012516260147095,-0.9512516260147095,assist,Yes
2931,1,1,0.914900950352329,-0.4692535996437073,-2.8442535400390625,assist,Yes
2932,1,1,0.8354835330070839,-0.3516979515552521,-1.9766979217529297,assist,Yes
2933,1,1,0.8807970842359877,-0.37337368726730347,-2.3733737468719482,assist,Yes
2934,1,1,0.9875683491468141,-0.35997915267944336,-4.734979152679443,assist,Yes
2935,1,1,0.9046505376715775,-0.25915786623954773,-2.50915789604187,assist,Yes
2936,1,1,0.9399133464597458,-0.40536171197891235,-3.1553616523742676,assist,Yes
2937,1,1,0.6513548646660542,-0.6150435209274292,-1.2400435209274292,assist,Yes
2938,1,1,0.7772998663336157,-0.38583120703697205,-1.6358312368392944,assist,Yes
2939,1,1,0.9046505376715775,-0.2769589126110077,-2.52695894241333,assist,Yes
2940,1,1,0.9046505376715775,-0.47949454188346863,-2.729494571685791,assist,Yes
2941,1,1,0.9241418199787566,-0.2767140865325928,-2.7767140865325928,assist,Yes
2942,1,1,0.9820137937226356,-0.3655140697956085,-4.365514278411865,assist,Yes
2943,1,1,0.9324533032291502,-0.4121123254299164,-3.037112236022949,assist,Yes
2944,1,1,0.8354835289107309,-0.5161312222480774,-2.1411311626434326,assist,Yes
2945,1,1,0.8807970779778823,-0.251692533493042,-2.251692533493042,assist,Yes
2946,1,1,0.9241418116217418,-0.4600783586502075,-2.960078239440918,assist,Yes
2947,1,1,0.9579122720843811,-0.2919347286224365,-3.4169347286224365,assist,Yes
2948,1,1,0.8354835248143776,-0.4233590066432953,-2.048358917236328,assist,Yes
2949,1,1,0.9241418220680101,-0.22005125880241394,-2.7200512886047363,assist,Yes
2950,1,1,0.9241418158002492,-0.30140262842178345,-2.8014025688171387,assist,Yes
2951,1,1,0.9626731147976793,-0.2380027174949646,-3.4880027770996094,assist,Yes
2952,1,1,0.9241418158002492,-0.35602837800979614,-2.8560283184051514,assist,Yes
2953,1,1,0.6513548646660542,-0.6267250776290894,-1.2517250776290894,assist,Yes
2954,1,1,0.9525741268224334,-0.391845703125,-3.391845703125,assist,Yes
2955,1,1,0.9706877684006775,-0.3105211555957794,-3.810521125793457,assist,Yes
2956,1,1,0.9324533144915912,-0.2918533384799957,-2.916853427886963,assist,Yes
2957,1,0,0.3486451217982255,-1.1399788856506348,-0.51497882604599,assist,No
2958,1,1,0.9324533126145177,-0.41389721632003784,-3.0388972759246826,assist,Yes
2959,1,1,0.9669140225647107,-0.31215187907218933,-3.6871519088745117,assist,Yes
2960,1,1,0.9241418137109955,-0.3270936906337738,-2.8270936012268066,assist,Yes
2961,1,1,0.9324533032291502,-0.4521060883998871,-3.07710599899292,assist,Yes
2962,1,1,0.9149009526726544,-0.36538246273994446,-2.740382432937622,assist,Yes
2963,1,1,0.754914975839675,-0.43373042345046997,-1.5587303638458252,assist,Yes
2964,1,1,0.9626731105140616,-0.1802251935005188,-3.430225133895874,assist,Yes
2965,1,1,0.9525741268224334,-0.47231435775756836,-3.4723143577575684,assist,Yes
2966,1,1,0.9579122732859019,-0.24220678210258484,-3.3672068119049072,assist,Yes
2967,1,0,0.4378234991142019,-0.9177297353744507,-0.6677297353744507,assist,No
2968,1,1,0.5312093733737563,-0.8525831699371338,-0.9775831699371338,assist,Yes
2969,1,1,0.9525741308615412,-0.35766950249671936,-3.3576695919036865,assist,Yes
2970,1,1,0.9465966747198243,-0.3026498854160309,-3.177649974822998,assist,Yes
2971,1,1,0.8519527982093668,-0.3141970932483673,-2.064197063446045,assist,Yes
2972,1,1,0.9465966702001757,-0.5225017070770264,-3.3975017070770264,assist,Yes
2973,1,1,0.9046505453836383,-0.3201512098312378,-2.5701513290405273,assist,Yes
2974,1,1,0.9465966739665496,-0.18050996959209442,-3.0555100440979004,assist,Yes
2975,1,1,0.5621765008857981,-0.6953480839729309,-0.9453480839729309,assist,Yes
2976,1,1,0.9465966702001757,-0.39892125129699707,-3.273921251296997,assist,Yes
2977,1,1,0.9525741241296944,-0.2978084683418274,-3.2978084087371826,assist,Yes
2978,1,1,0.7981867729389246,-0.39765670895576477,-1.7726566791534424,assist,Yes
2979,1,1,0.9626731115849659,-0.2387879192829132,-3.488787889480591,assist,Yes
2980,1,1,0.5312093733737563,-0.7735072374343872,-0.8985072374343872,assist,Yes
2981,1,1,0.9914225153465969,-0.43655815720558167,-5.186558246612549,assist,Yes
2982,1,0,0.32082130082460697,-1.2592719793319702,-0.5092719793319702,assist,No
2983,1,1,0.979667647844603,-0.4051455855369568,-4.280145645141602,assist,Yes
2984,1,1,0.7310585727705126,-0.36772194504737854,-1.3677219152450562,assist,Yes
2985,1,1,0.9324533032291502,-0.26708969473838806,-2.892089605331421,assist,Yes
2986,1,1,0.9626731094431571,-0.26121100783348083,-3.5112109184265137,assist,Yes
2987,1,1,0.9840936115537341,-0.4426296055316925,-4.567629814147949,assist,Yes
2988,1,1,0.9579122720843811,-0.38889026641845703,-3.513890266418457,assist,Yes
2989,1,1,0.7549149868676283,-0.4408998489379883,-1.5658998489379883,assist,Yes
2990,1,1,0.7057850402140659,-0.49894803762435913,-1.373948097229004,assist,Yes
2991,1,1,0.9770226327661524,-0.4072993993759155,-4.157299518585205,assist,Yes
2992,1,1,0.9820137942490252,-0.4029824733734131,-4.402982711791992,assist,Yes
2993,1,1,0.9796676472509721,-0.40552565455436707,-4.2805256843566895,assist,Yes
2994,1,1,0.9525741241296944,-0.39281755685806274,-3.392817497253418,assist,Yes
2995,1,1,0.9820137884587394,-0.2691064774990082,-4.269106388092041,assist,Yes
2996,1,1,0.957912274487423,-0.510985791683197,-3.635985851287842,assist,Yes
2997,1,1,0.867035763237924,-0.4195573031902313,-2.2945573329925537,assist,Yes
2998,1,1,0.9706877684006775,-0.41399863362312317,-3.913998603820801,assist,Yes
2999,1,1,0.9465966732132748,-0.2788071036338806,-3.1538071632385254,assist,Yes
3000,0,1,0.7057850278370112,-0.9523388147354126,-1.8273388147354126,assist,yes
3001,0,1,0.6513548646660542,-0.9951862096786499,-1.62018620967865,assist,Yes
3002,0,0,0.22270011818961086,-2.1312451362609863,-0.8812450170516968,assist,no
3003,0,1,0.8175744761936437,-0.8705813884735107,-2.3705813884735107,assist,Yes
3004,0,1,0.5621765008857981,-0.9993716478347778,-1.2493716478347778,assist,yes
3005,0,0,0.1645164628965632,-2.1154911518096924,-0.4904911518096924,assist,No
3006,0,0,0.24508500210441886,-1.9233543872833252,-0.7983543276786804,assist,no
3007,0,0,0.4378234991142019,-1.3908023834228516,-1.1408023834228516,assist,No
3008,0,1,0.679178699175393,-0.8107273578643799,-1.5607273578643799,assist,Yes
3009,0,0,0.46879062662624377,-1.347787857055664,-1.222787857055664,assist,no
3010,0,0,0.34864513533394575,-1.7274179458618164,-1.1024179458618164,assist,no
3011,0,0,0.32082130082460697,-1.6953864097595215,-0.9453864097595215,assist,No
3012,0,1,0.8354835289107309,-0.7926374077796936,-2.417637348175049,assist,Yes
3013,0,0,0.3775406828054583,-1.457571268081665,-0.9575713276863098,assist,no
3014,0,1,0.7772998611746911,-0.5908687114715576,-1.8408687114715576,assist,Yes
3015,0,1,0.7981867585368343,-0.7790161371231079,-2.1540160179138184,assist,Yes
3016,0,0,0.34864513533394575,-1.7612661123275757,-1.1362661123275757,assist,no
3017,0,0,0.3208212878370535,-1.7079358100891113,-0.9579357504844666,assist,No
3018,0,1,0.5312093733737563,-1.0782089233398438,-1.2032089233398438,assist,Yes
3019,0,0,0.3775406547908327,-1.4308676719665527,-0.930867612361908,assist,No
3020,0,1,0.5312093733737563,-1.1663832664489746,-1.2913832664489746,assist,Yes
3021,0,0,0.08509904964767095,-3.0050368309020996,-0.6300368905067444,assist,No
3022,0,1,0.9324533051062237,-0.6415305733680725,-3.2665305137634277,assist,yes
3023,0,1,0.7057850402140659,-0.710810124874115,-1.5858101844787598,assist,Yes
3024,0,1,0.8354835289107309,-0.7613144516944885,-2.3863143920898438,assist,yes
3025,0,1,0.5926665999540697,-1.0544437170028687,-1.4294437170028687,assist,yes
3026,0,1,0.6513548646660542,-1.0694091320037842,-1.6944091320037842,assist,yes
3027,0,0,0.4378234991142019,-1.3325737714767456,-1.0825737714767456,assist,No
3028,0,0,0.4378234991142019,-1.4139231443405151,-1.1639231443405151,assist,No
3029,0,0,0.29421497216298875,-1.8296865224838257,-0.9546865224838257,assist,no
3030,0,1,0.5621765008857981,-1.1955300569534302,-1.4455300569534302,assist,Yes
3031,0,0,0.1480471980316895,-2.4583230018615723,-0.7083230018615723,assist,No
3032,0,0,0.4073333856566001,-1.2711541652679443,-0.8961541056632996,assist,No
3033,0,0,0.37754066879814546,-1.6213281154632568,-1.1213281154632568,assist,no
3034,0,0,0.4378234991142019,-1.3818093538284302,-1.1318093538284302,assist,no
3035,0,1,0.6224593452091672,-0.894831120967865,-1.3948311805725098,assist,Yes
3036,0,0,0.4378234991142019,-1.0861896276474,-0.8361896276473999,assist,No
3037,0,0,0.18242551491653522,-1.9766802787780762,-0.4766802191734314,assist,No
3038,0,1,0.9046505351008906,-0.7217202186584473,-2.9717202186584473,assist,yes
3039,0,1,0.5621765008857981,-1.0686209201812744,-1.3186209201812744,assist,Yes
3040,0,0,0.29421497216298875,-1.7631527185440063,-0.8881527185440063,assist,No
3041,0,0,0.4378234991142019,-1.4682258367538452,-1.2182258367538452,assist,No
3042,0,0,0.4378234991142019,-1.382536768913269,-1.132536768913269,assist,No
3043,0,1,0.8175744761936437,-0.8048837184906006,-2.3048837184906006,assist,Yes
3044,0,1,0.8175744761936437,-0.8046379089355469,-2.304637908935547,assist,Yes
3045,0,0,0.1329642333263228,-2.5649712085723877,-0.6899711489677429,assist,No
3046,0,0,0.46879062662624377,-1.4019265174865723,-1.2769265174865723,assist,No
3047,0,0,0.32082130082460697,-1.5463664531707764,-0.7963664531707764,assist,No
3048,0,1,0.8670357598021706,-0.5563015937805176,-2.4313015937805176,assist,Yes
3049,0,1,0.7057850402140659,-0.8894855380058289,-1.7644855976104736,assist,Yes
3050,0,1,0.7549149868676283,-0.9071636199951172,-2.032163619995117,assist,Yes
3051,0,1,0.5312093733737563,-1.3080942630767822,-1.4330942630767822,assist,Yes
3052,0,1,0.5312093733737563,-1.1716210842132568,-1.2966210842132568,assist,Yes
3053,0,1,0.7310585786300049,-0.8065969944000244,-1.8065969944000244,assist,Yes
3054,0,1,0.914900950352329,-0.5985365509986877,-2.973536491394043,assist,Yes
3055,0,1,0.9241418199787566,-0.5900065898895264,-3.0900065898895264,assist,Yes
3056,0,0,0.34864513533394575,-1.6457910537719727,-1.0207910537719727,assist,No
3057,0,1,0.5312093733737563,-1.032918930053711,-1.157918930053711,assist,Yes
3058,0,1,0.5621765008857981,-1.2180755138397217,-1.4680755138397217,assist,yes
3059,0,0,0.37754066879814546,-1.4755934476852417,-0.9755934476852417,assist,No
3060,0,1,0.8175744584140004,-0.8063832521438599,-2.3063831329345703,assist,yes
3061,0,0,0.34864513533394575,-1.669619083404541,-1.044619083404541,assist,No
3062,0,0,0.37754066879814546,-1.481763243675232,-0.9817632436752319,assist,no
3063,0,1,0.7057850278370112,-0.9700989723205566,-1.8450989723205566,assist,yes
3064,0,0,0.2689414213699951,-2.031498432159424,-1.0314984321594238,assist,no
3065,0,1,0.8354835371034369,-0.8506169319152832,-2.475616931915283,assist,Yes
3066,0,0,0.20181323186177208,-2.156250238418579,-0.7812502980232239,assist,no
3067,0,1,0.5312093733737563,-1.0521135330200195,-1.1771135330200195,assist,Yes
3068,0,0,0.5,-1.3683542013168335,-1.3683542013168335,assist,no
3069,0,1,0.5621765008857981,-1.2519986629486084,-1.5019986629486084,assist,Yes
3070,0,1,0.9706877658567789,-0.45442497730255127,-3.9544248580932617,assist,Yes
3071,0,1,0.880797071719777,-0.5426734089851379,-2.542673349380493,assist,Yes
3072,0,0,0.1645164628965632,-2.4154722690582275,-0.7904722690582275,assist,no
3073,0,1,0.679178699175393,-1.0502715110778809,-1.8002715110778809,assist,yes
3074,0,0,0.20181321265898594,-2.2610697746276855,-0.8860697150230408,assist,No
3075,0,0,0.4378234991142019,-1.3294130563735962,-1.0794130563735962,assist,No
3076,0,0,0.20181322226037882,-2.2362585067749023,-0.8612585067749023,assist,No
3077,0,0,0.37754066879814546,-1.4292073249816895,-0.9292073249816895,assist,No
3078,0,1,0.5312093733737563,-0.8960345983505249,-1.021034598350525,assist,Yes
3079,0,1,0.8175744939732856,-0.8054698705673218,-2.3054699897766113,assist,yes
3080,0,0,0.32082130082460697,-1.6803923845291138,-0.9303923845291138,assist,No
3081,0,0,0.5,-1.3370918035507202,-1.3370918035507202,assist,No
3082,0,0,0.16451644651115205,-2.4520535469055176,-0.827053427696228,assist,No
3083,0,1,0.7057850278370112,-0.9715690612792969,-1.8465690612792969,assist,yes
3084,0,1,0.5621765008857981,-1.0390664339065552,-1.2890664339065552,assist,Yes
3085,0,1,0.6513548646660542,-1.0336438417434692,-1.6586438417434692,assist,Yes
3086,0,0,0.08509904500702024,-2.9509103298187256,-0.5759103298187256,assist,no
3087,0,1,0.5312093733737563,-0.8929265737533569,-1.017926573753357,assist,Yes
3088,0,0,0.2942149597859341,-1.7826366424560547,-0.9076365828514099,assist,no
3089,0,1,0.6513548782017746,-0.8090686202049255,-1.4340686798095703,assist,Yes
3090,0,0,0.4378234991142019,-1.310778260231018,-1.060778260231018,assist,no
3091,0,0,0.37754066879814546,-1.4944956302642822,-0.9944956302642822,assist,no
3092,0,0,0.46879062662624377,-1.1378908157348633,-1.0128908157348633,assist,No
3093,0,0,0.22270013882530884,-2.1771533489227295,-0.9271533489227295,assist,no
3094,0,1,0.9046505351008906,-0.5158982276916504,-2.7658982276916504,assist,Yes
3095,0,1,0.5621765008857981,-0.8140408992767334,-1.0640408992767334,assist,Yes
3096,0,1,0.7057850154599563,-0.5659227967262268,-1.440922737121582,assist,Yes
3097,0,1,0.6513548646660542,-0.9798586368560791,-1.604858636856079,assist,yes
3098,0,0,0.2689414096510108,-1.7960772514343262,-0.7960771918296814,assist,No
3099,0,1,0.6513548646660542,-1.031064748764038,-1.656064748764038,assist,Yes
3100,0,0,0.0953494648991095,-2.8638176918029785,-0.6138176918029785,assist,No
3101,0,1,0.9241418158002492,-0.6441987156867981,-3.1441986560821533,assist,Yes
3102,0,1,0.8519527944504226,-0.7493229508399963,-2.4993228912353516,assist,yes
3103,0,1,0.5926665999540697,-0.8657716512680054,-1.2407716512680054,assist,Yes
3104,0,0,0.3208213138121609,-1.5917632579803467,-0.8417633175849915,assist,No
3105,0,0,0.0850990357257195,-3.100982666015625,-0.7259825468063354,assist,no
3106,0,1,0.7057850278370112,-0.7121905088424683,-1.5871905088424683,assist,Yes
3107,0,1,0.6791787121629466,-0.9012040495872498,-1.6512041091918945,assist,Yes
3108,0,0,0.5,-1.3714550733566284,-1.3714550733566284,assist,no
3109,0,1,0.6513548782017746,-0.9784674048423767,-1.6034674644470215,assist,Yes
3110,0,0,0.32082130082460697,-1.4697370529174805,-0.7197370529174805,assist,No
3111,0,0,0.4378234991142019,-1.440914273262024,-1.190914273262024,assist,no
3112,0,1,0.7057850278370112,-0.988761305809021,-1.863761305809021,assist,Yes
3113,0,1,0.9149009596336303,-0.6498479247093201,-3.024847984313965,assist,Yes
3114,0,1,0.9324533126145177,-0.486656129360199,-3.1116561889648438,assist,Yes
3115,0,0,0.4073334000459302,-1.5426807403564453,-1.1676807403564453,assist,No
3116,0,0,0.09534945975773548,-2.8810880184173584,-0.6310879588127136,assist,no
3117,0,1,0.6513548646660542,-1.1092329025268555,-1.7342329025268555,assist,Yes
3118,0,0,0.1645164792819756,-2.266970634460449,-0.6419707536697388,assist,no
3119,0,0,0.4073334000459302,-1.4930992126464844,-1.1180992126464844,assist,no
3120,0,1,0.8175744584140004,-0.7630730867385864,-2.263072967529297,assist,yes
3121,0,1,0.5621765008857981,-1.2466776371002197,-1.4966776371002197,assist,yes
3122,0,1,0.679178699175393,-0.9641326665878296,-1.7141326665878296,assist,Yes
3123,0,0,0.46879062662624377,-1.351850152015686,-1.226850152015686,assist,no
3124,0,0,0.11920292202211755,-2.7686214447021484,-0.7686214447021484,assist,No
3125,0,0,0.1645164628965632,-2.1369564533233643,-0.5119564533233643,assist,No
3126,0,0,0.24508500210441886,-2.020566940307617,-0.8955668807029724,assist,no
3127,0,0,0.4378234991142019,-1.4735935926437378,-1.2235935926437378,assist,no
3128,0,0,0.32082130082460697,-1.6431673765182495,-0.8931673765182495,assist,No
3129,0,0,0.32082130082460697,-1.622654676437378,-0.8726546764373779,assist,No
3130,0,0,0.13296425394084313,-2.3363900184631348,-0.4613901376724243,assist,No
3131,0,1,0.5621765008857981,-0.9984586238861084,-1.2484586238861084,assist,yes
3132,0,0,0.4378234991142019,-1.476932406425476,-1.226932406425476,assist,No
3133,0,1,0.5312093733737563,-1.1155644655227661,-1.2405644655227661,assist,Yes
3134,0,0,0.4073334000459302,-1.4057375192642212,-1.0307375192642212,assist,No
3135,0,1,0.880797071719777,-0.7326801419258118,-2.732680082321167,assist,Yes
3136,0,0,0.20181323186177208,-2.056722402572632,-0.6817224621772766,assist,no
3137,0,0,0.4378234991142019,-1.2018420696258545,-0.9518420696258545,assist,No
3138,0,0,0.13296424019782924,-2.6853764057159424,-0.8103764057159424,assist,no
3139,0,0,0.09534947004048376,-2.9823989868164062,-0.732399046421051,assist,no
3140,0,1,0.6513548511303336,-0.9112804532051086,-1.5362803936004639,assist,Yes
3141,0,1,0.6513548646660542,-0.9775116443634033,-1.6025116443634033,assist,Yes
3142,0,1,0.7057850278370112,-1.001109004020691,-1.876109004020691,assist,Yes
3143,0,1,0.9324533088603709,-0.749758243560791,-3.374758243560791,assist,Yes
3144,0,1,0.5926666143433998,-0.8878421187400818,-1.2628421783447266,assist,Yes
3145,0,0,0.4378234991142019,-1.3837194442749023,-1.1337194442749023,assist,No
3146,0,1,0.8933094174159129,-0.6169732809066772,-2.741973400115967,assist,yes
3147,0,0,0.24508501313237172,-1.6104053258895874,-0.4854053258895874,assist,No
3148,0,1,0.5926665999540697,-0.9860532283782959,-1.361053228378296,assist,Yes
3149,0,1,0.8175744761936437,-0.8631019592285156,-2.3631019592285156,assist,Yes
3150,0,0,0.4378234991142019,-1.3822561502456665,-1.1322561502456665,assist,No
3151,0,0,0.29421497216298875,-1.8489103317260742,-0.9739103317260742,assist,No
3152,0,1,0.5926666143433998,-0.9282788634300232,-1.303278923034668,assist,Yes
3153,0,0,0.20181320305759334,-2.1390209197998047,-0.7640208005905151,assist,No
3154,0,1,0.5312093733737563,-1.0513659715652466,-1.1763659715652466,assist,Yes
3155,0,1,0.5312093733737563,-1.120685338973999,-1.245685338973999,assist,yes
3156,0,0,0.32082130082460697,-1.783772349357605,-1.033772349357605,assist,No
3157,0,1,0.5312093733737563,-1.251929521560669,-1.376929521560669,assist,yes
3158,0,1,0.8670357666736773,-0.7038878798484802,-2.578887939453125,assist,Yes
3159,0,1,0.7057850278370112,-0.9028228521347046,-1.7778228521347046,assist,Yes
3160,0,0,0.3208213138121609,-1.5381581783294678,-0.7881582379341125,assist,No
3161,0,1,0.8519528019683106,-0.6579716205596924,-2.4079716205596924,assist,Yes
3162,0,0,0.4073334000459302,-1.4744093418121338,-1.0994093418121338,assist,No
3163,0,0,0.20181324146316565,-2.2396721839904785,-0.8646723031997681,assist,No
3164,0,1,0.8933094174159129,-0.7251676321029663,-2.850167751312256,assist,Yes
3165,0,1,0.6224593312018546,-1.093064785003662,-1.593064785003662,assist,Yes
3166,0,1,0.6513548646660542,-0.9791361093521118,-1.6041361093521118,assist,Yes
3167,0,0,0.29421497216298875,-1.9401829242706299,-1.0651829242706299,assist,no
3168,0,1,0.5621765008857981,-1.0868196487426758,-1.3368196487426758,assist,Yes
3169,0,0,0.2689414213699951,-1.9643176794052124,-0.9643176794052124,assist,No
3170,0,0,0.5,-1.2042758464813232,-1.2042758464813232,assist,No
3171,0,1,0.798186768138228,-0.6872261166572571,-2.0622260570526123,assist,Yes
3172,0,1,0.7772998818103892,-0.8019145727157593,-2.051914691925049,assist,Yes
3173,0,1,0.5926665999540697,-0.9896763563156128,-1.3646763563156128,assist,Yes
3174,0,1,0.7981867873410141,-0.6830305457115173,-2.058030605316162,assist,yes
3175,0,1,0.8933094060543487,-0.7919943332672119,-2.916994333267212,assist,Yes
3176,0,1,0.5312093733737563,-1.3059591054916382,-1.4309591054916382,assist,yes
3177,0,0,0.32082130082460697,-1.824127197265625,-1.074127197265625,assist,no
3178,0,0,0.24508500210441886,-2.0243852138519287,-0.8993851542472839,assist,no
3179,0,1,0.5621765008857981,-1.0931475162506104,-1.3431475162506104,assist,yes
3180,0,1,0.6513548511303336,-0.8793659806251526,-1.5043659210205078,assist,Yes
3181,0,1,0.5312093733737563,-1.1423016786575317,-1.2673016786575317,assist,Yes
3182,0,1,0.5621765008857981,-1.2190377712249756,-1.4690377712249756,assist,Yes
3183,0,1,0.8519527869325346,-0.5731884241104126,-2.323188304901123,assist,yes
3184,0,1,0.5621765008857981,-1.0675408840179443,-1.3175408840179443,assist,Yes
3185,0,1,0.9149009549929797,-0.46341967582702637,-2.8384196758270264,assist,Yes
3186,0,0,0.5,-0.9422203302383423,-0.9422203302383423,assist,No
3187,0,1,0.5312093733737563,-1.1676535606384277,-1.2926535606384277,assist,yes
3188,0,1,0.5926665999540697,-1.052078366279602,-1.427078366279602,assist,yes
3189,0,1,0.8354835207180245,-0.5852733850479126,-2.210273265838623,assist,Yes
3190,0,1,0.7772998611746911,-0.9263525009155273,-2.1763525009155273,assist,Yes
3191,0,1,0.7057850154599563,-0.7509709000587463,-1.6259708404541016,assist,Yes
3192,0,1,0.8807970779778823,-0.7344624996185303,-2.7344624996185303,assist,Yes
3193,0,0,0.1824255415859996,-2.1678242683410645,-0.667824387550354,assist,No
3194,0,0,0.4073334000459302,-1.2279407978057861,-0.8529407978057861,assist,No
3195,0,1,0.867035752930664,-0.640209972858429,-2.515209913253784,assist,Yes
3196,0,1,0.5926665999540697,-1.067396879196167,-1.442396879196167,assist,Yes
3197,0,0,0.32082130082460697,-1.371857762336731,-0.621857762336731,assist,No
3198,0,1,0.6224593312018546,-1.1391031742095947,-1.6391031742095947,assist,yes
3199,0,1,0.5312093733737563,-0.9245904684066772,-1.0495904684066772,assist,Yes
3200,0,0,0.1480471980316895,-2.519397735595703,-0.7693977355957031,assist,no
3201,0,1,0.867035752930664,-0.8130903840065002,-2.6880903244018555,assist,Yes
3202,0,0,0.46879062662624377,-1.4007753133773804,-1.2757753133773804,assist,no
3203,0,1,0.8933094174159129,-0.7835296392440796,-2.908529758453369,assist,Yes
3204,0,0,0.4378234991142019,-1.4117610454559326,-1.1617610454559326,assist,no
3205,0,1,0.7981867585368343,-0.6737061738967896,-2.0487060546875,assist,Yes
3206,0,0,0.46879062662624377,-1.2184642553329468,-1.0934642553329468,assist,No
3207,0,1,0.6791786861878392,-0.8294723629951477,-1.579472303390503,assist,Yes
3208,0,0,0.20181324146316565,-2.103492259979248,-0.7284923791885376,assist,No
3209,0,0,0.32082130082460697,-1.7323939800262451,-0.9823939800262451,assist,no
3210,0,1,0.7310585903489892,-0.85763019323349,-1.8576302528381348,assist,Yes
3211,0,1,0.7549149868676283,-0.8959758281707764,-2.0209758281707764,assist,yes
3212,0,1,0.9046505402422645,-0.6751787066459656,-2.9251787662506104,assist,yes
3213,0,0,0.4378234991142019,-1.4483282566070557,-1.1983282566070557,assist,no
3214,0,0,0.4073334000459302,-1.3552882671356201,-0.9802882671356201,assist,No
3215,0,1,0.5312093733737563,-1.0698708295822144,-1.1948708295822144,assist,Yes
3216,0,1,0.5926665999540697,-1.1098867654800415,-1.4848867654800415,assist,Yes
3217,0,1,0.6513548646660542,-1.0711841583251953,-1.6961841583251953,assist,yes
3218,0,0,0.18242552380635632,-2.3863253593444824,-0.8863253593444824,assist,no
3219,0,1,0.867035752930664,-0.5596969723701477,-2.434696912765503,assist,Yes
3220,0,1,0.5926665999540697,-1.1090641021728516,-1.4840641021728516,assist,yes
3221,0,0,0.18242552380635632,-2.1158535480499268,-0.6158535480499268,assist,No
3222,0,0,0.2942149845400438,-1.5763847827911377,-0.7013848423957825,assist,No
3223,0,1,0.5312093733737563,-1.2784514427185059,-1.4034514427185059,assist,yes
3224,0,1,0.8519528019683106,-0.5812597274780273,-2.3312597274780273,assist,Yes
3225,0,0,0.22270013882530884,-1.7823442220687866,-0.5323442220687866,assist,No
3226,0,0,0.20181323186177208,-2.256077766418457,-0.8810778260231018,assist,No
3227,0,1,0.8933094060543487,-0.7336108684539795,-2.8586108684539795,assist,Yes
3228,0,1,0.8175744673038221,-0.8193259835243225,-2.3193259239196777,assist,yes
3229,0,0,0.29421497216298875,-1.890977382659912,-1.015977382659912,assist,No
3230,0,1,0.8175744584140004,-0.8121205568313599,-2.3121204376220703,assist,Yes
3231,0,1,0.6513548511303336,-0.9592705368995667,-1.5842704772949219,assist,Yes
3232,0,0,0.18242552380635632,-2.2518491744995117,-0.7518491744995117,assist,No
3233,0,1,0.5312093733737563,-1.2484716176986694,-1.3734716176986694,assist,Yes
3234,0,0,0.24508501313237172,-1.9460601806640625,-0.8210601806640625,assist,No
3235,0,0,0.4378234991142019,-1.3330093622207642,-1.0830093622207642,assist,No
3236,0,1,0.679178699175393,-0.9650156497955322,-1.7150156497955322,assist,Yes
3237,0,1,0.5312093733737563,-1.2836195230484009,-1.4086195230484009,assist,Yes
3238,0,1,0.7549149868676283,-0.8289779424667358,-1.9539779424667358,assist,Yes
3239,0,0,0.2689414213699951,-1.7900681495666504,-0.7900681495666504,assist,No
3240,0,1,0.5621765008857981,-1.1648027896881104,-1.4148027896881104,assist,yes
3241,0,1,0.5621765008857981,-1.1347126960754395,-1.3847126960754395,assist,yes
3242,0,0,0.29421497216298875,-1.8509788513183594,-0.9759788513183594,assist,No
3243,0,0,0.11920290950590741,-2.72725772857666,-0.7272576093673706,assist,No
3244,0,0,0.4378234991142019,-1.4731996059417725,-1.2231996059417725,assist,no
3245,0,1,0.5926665999540697,-1.1421254873275757,-1.5171254873275757,assist,Yes
3246,0,1,0.8354835371034369,-0.8179490566253662,-2.442949056625366,assist,yes
3247,0,0,0.37754066879814546,-1.245619535446167,-0.745619535446167,assist,No
3248,0,0,0.46879062662624377,-1.4330024719238281,-1.3080024719238281,assist,No
3249,0,1,0.6791786861878392,-0.9384749531745911,-1.6884748935699463,assist,Yes
3250,0,0,0.37754066879814546,-1.501901626586914,-1.001901626586914,assist,no
3251,0,1,0.5312093733737563,-1.221668004989624,-1.346668004989624,assist,yes
3252,0,0,0.10669059962643358,-2.845235586166382,-0.7202356457710266,assist,No
3253,0,1,0.7310585786300049,-0.8177056312561035,-1.8177056312561035,assist,Yes
3254,0,1,0.9046505299595163,-0.5106101632118225,-2.7606101036071777,assist,yes
3255,0,0,0.1066905825840872,-2.633120059967041,-0.5081199407577515,assist,No
3256,0,0,0.37754066879814546,-1.2906787395477295,-0.7906787395477295,assist,No
3257,0,0,0.4378234991142019,-1.246309518814087,-0.9963095188140869,assist,No
3258,0,0,0.29421497216298875,-1.7392873764038086,-0.8642873764038086,assist,no
3259,0,0,0.07585818837825822,-3.3105239868164062,-0.8105241060256958,assist,no
3260,0,1,0.6224593452091672,-0.8960365653038025,-1.3960366249084473,assist,Yes
3261,0,0,0.37754066879814546,-1.5703378915786743,-1.0703378915786743,assist,No
3262,0,0,0.22270014914315833,-1.9228768348693848,-0.6728768944740295,assist,no
3263,0,1,0.5621765008857981,-1.1946535110473633,-1.4446535110473633,assist,Yes
3264,0,1,0.5312093733737563,-1.2800121307373047,-1.4050121307373047,assist,Yes
3265,0,0,0.4073334000459302,-1.4575282335281372,-1.0825282335281372,assist,No
3266,0,1,0.7057850278370112,-0.9713921546936035,-1.8463921546936035,assist,Yes
3267,0,0,0.34864513533394575,-1.6951196193695068,-1.0701196193695068,assist,No
3268,0,0,0.24508502416032488,-1.867119312286377,-0.7421193718910217,assist,No
3269,0,1,0.7310585786300049,-0.9693396091461182,-1.9693396091461182,assist,Yes
3270,0,0,0.5,-1.3359946012496948,-1.3359946012496948,assist,no
3271,0,1,0.893309411735131,-0.6986951231956482,-2.823695182800293,assist,yes
3272,0,0,0.4378234991142019,-1.3851081132888794,-1.1351081132888794,assist,No
3273,0,1,0.880797071719777,-0.4278140664100647,-2.42781400680542,assist,Yes
3274,0,1,0.6224593312018546,-0.9567544460296631,-1.456754446029663,assist,Yes
3275,0,0,0.32082130082460697,-1.8325598239898682,-1.0825598239898682,assist,no
3276,0,1,0.8354835452961425,-0.6397599577903748,-2.2647600173950195,assist,yes
3277,0,1,0.6513548646660542,-0.9601006507873535,-1.5851006507873535,assist,Yes
3278,0,0,0.053403329799824234,-3.4710938930511475,-0.5960938930511475,assist,no
3279,0,1,0.7772998611746911,-0.8570787906646729,-2.107078790664673,assist,Yes
3280,0,0,0.13296424019782924,-2.586035966873169,-0.711035966873169,assist,no
3281,0,0,0.07585817166422973,-2.960604190826416,-0.46060407161712646,assist,No
3282,0,0,0.1645164792819756,-2.3725967407226562,-0.7475968599319458,assist,no
3283,0,0,0.18242551491653522,-2.317902088165283,-0.8179020285606384,assist,no
3284,0,1,0.5926665999540697,-0.9152815341949463,-1.2902815341949463,assist,Yes
3285,0,0,0.4073334000459302,-1.5510599613189697,-1.1760599613189697,assist,no
3286,0,1,0.7772998611746911,-0.7044733762741089,-1.9544733762741089,assist,Yes
3287,0,0,0.0600866518571309,-3.1516928672790527,-0.4016928970813751,assist,No
3288,0,0,0.4378234991142019,-1.3864140510559082,-1.1364140510559082,assist,no
3289,0,1,0.5926665999540697,-1.1345857381820679,-1.5095857381820679,assist,yes
3290,0,1,0.8354835371034369,-0.799976110458374,-2.424976110458374,assist,Yes
3291,0,1,0.5926665999540697,-1.035882592201233,-1.410882592201233,assist,Yes
3292,0,1,0.6224593312018546,-0.8814712762832642,-1.3814712762832642,assist,Yes
3293,0,0,0.1480471980316895,-2.4899041652679443,-0.7399041652679443,assist,no
3294,0,0,0.08509904036636974,-2.9523823261260986,-0.5773822665214539,assist,no
3295,0,1,0.9046505351008906,-0.5186948776245117,-2.7686948776245117,assist,Yes
3296,0,0,0.14804721306746543,-2.405838966369629,-0.6558390855789185,assist,No
3297,0,0,0.37754066879814546,-1.685207724571228,-1.185207724571228,assist,no
3298,0,1,0.8933093946927838,-0.698001503944397,-2.8230013847351074,assist,yes
3299,0,0,0.14804719051380197,-2.4506466388702393,-0.7006465792655945,assist,No
3300,0,0,0.32082130082460697,-1.5939778089523315,-0.8439778089523315,assist,No
3301,0,1,0.679178699175393,-1.0277705192565918,-1.7777705192565918,assist,yes
3302,0,1,0.5926665999540697,-1.0079079866409302,-1.3829079866409302,assist,yes
3303,0,1,0.5312093733737563,-0.9950966835021973,-1.1200966835021973,assist,Yes
3304,0,1,0.5621765008857981,-1.160949468612671,-1.410949468612671,assist,yes
3305,0,1,0.7310585786300049,-0.8825945854187012,-1.8825945854187012,assist,Yes
3306,0,0,0.2689414330889798,-1.8471932411193848,-0.8471933007240295,assist,no
3307,0,1,0.7310585786300049,-0.9371484518051147,-1.9371484518051147,assist,yes
3308,0,0,0.20181321265898594,-2.0512819290161133,-0.6762818694114685,assist,no
3309,0,0,0.34864513533394575,-1.2919721603393555,-0.6669721603393555,assist,No
3310,0,1,0.679178699175393,-0.8098574876785278,-1.5598574876785278,assist,Yes
3311,0,1,0.8519528019683106,-0.834895133972168,-2.584895133972168,assist,Yes
3312,0,1,0.8175744673038221,-0.8205097317695618,-2.320509672164917,assist,Yes
3313,0,1,0.7310585786300049,-0.8076032400131226,-1.8076032400131226,assist,Yes
3314,0,0,0.32082130082460697,-1.7860441207885742,-1.0360441207885742,assist,No
3315,0,1,0.880797071719777,-0.6694746613502502,-2.6694746017456055,assist,yes
3316,0,0,0.24508502416032488,-2.0596256256103516,-0.9346256852149963,assist,no
3317,0,0,0.2689414213699951,-1.8243519067764282,-0.8243519067764282,assist,No
3318,0,0,0.037326888415033926,-3.654447078704834,-0.40444710850715637,assist,No
3319,0,0,0.32082130082460697,-1.6726531982421875,-0.9226531982421875,assist,No
3320,0,0,0.4073334000459302,-1.4308524131774902,-1.0558524131774902,assist,No
3321,0,0,0.46879062662624377,-1.1724728345870972,-1.0474728345870972,assist,No
3322,0,0,0.1645164628965632,-2.433248996734619,-0.8082489967346191,assist,No
3323,0,0,0.20181321265898594,-1.9770326614379883,-0.6020326018333435,assist,No
3324,0,0,0.4073334000459302,-1.4565221071243286,-1.0815221071243286,assist,No
3325,0,1,0.6513548646660542,-1.0332703590393066,-1.6582703590393066,assist,yes
3326,0,0,0.24508500210441886,-1.9265670776367188,-0.801567018032074,assist,no
3327,0,0,0.34864513533394575,-1.4756317138671875,-0.8506317138671875,assist,no
3328,0,1,0.9149009549929797,-0.5490126609802246,-2.9240126609802246,assist,Yes
3329,0,0,0.34864513533394575,-1.4304505586624146,-0.8054505586624146,assist,no
3330,0,0,0.32082130082460697,-1.8231675624847412,-1.0731675624847412,assist,no
3331,0,1,0.5926666143433998,-0.9610497355461121,-1.3360497951507568,assist,Yes
3332,0,0,0.5,-1.3741378784179688,-1.3741378784179688,assist,No
3333,0,0,0.18242552380635632,-2.2290189266204834,-0.7290189266204834,assist,no
3334,0,1,0.6513548646660542,-0.9814834594726562,-1.6064834594726562,assist,yes
3335,0,1,0.5312093733737563,-1.2835485935211182,-1.4085485935211182,assist,Yes
3336,0,0,0.0675466911396291,-3.090548038482666,-0.465548038482666,assist,no
3337,0,1,0.679178699175393,-0.62882399559021,-1.37882399559021,assist,Yes
3338,0,0,0.2942149597859341,-1.8184771537780762,-0.9434770941734314,assist,No
3339,0,1,0.5621765008857981,-1.1779855489730835,-1.4279855489730835,assist,Yes
3340,0,0,0.20181323186177208,-1.9867191314697266,-0.6117191910743713,assist,no
3341,0,0,0.32082130082460697,-1.7463289499282837,-0.9963289499282837,assist,no
3342,0,0,0.29421497216298875,-1.5952332019805908,-0.7202332019805908,assist,No
3343,0,0,0.29421497216298875,-1.8288533687591553,-0.9538533687591553,assist,no
3344,0,0,0.24508501313237172,-2.1147520542144775,-0.9897520542144775,assist,no
3345,0,1,0.8175744761936437,-0.820274829864502,-2.320274829864502,assist,yes
3346,0,1,0.5621765008857981,-1.0219861268997192,-1.2719861268997192,assist,Yes
3347,0,0,0.37754066879814546,-1.5906662940979004,-1.0906662940979004,assist,no
3348,0,1,0.5926665999540697,-1.0166101455688477,-1.3916101455688477,assist,Yes
3349,0,0,0.1480471829959148,-2.418212413787842,-0.6682122945785522,assist,No
3350,0,0,0.1824255415859996,-2.359701156616211,-0.8597012758255005,assist,No
3351,0,1,0.5926665999540697,-0.9280697107315063,-1.3030697107315063,assist,Yes
3352,0,0,0.07585817584273653,-3.0915608406066895,-0.5915607810020447,assist,no
3353,0,0,0.10669060530721626,-2.961669445037842,-0.8366695642471313,assist,no
3354,0,0,0.22270013882530884,-1.9607820510864258,-0.7107820510864258,assist,No
3355,0,0,0.29421497216298875,-1.876636266708374,-1.001636266708374,assist,no
3356,0,1,0.6513548646660542,-1.0510838031768799,-1.6760838031768799,assist,Yes
3357,0,1,0.6224593312018546,-1.176037073135376,-1.676037073135376,assist,Yes
3358,0,0,0.047425867792089564,-3.550363540649414,-0.5503634214401245,assist,no
3359,0,0,0.22270013882530884,-2.201601028442383,-0.9516010284423828,assist,no
3360,0,0,0.1066905825840872,-2.453073024749756,-0.3280729055404663,assist,No
3361,0,0,0.0953494648991095,-2.883455276489258,-0.6334552764892578,assist,No
3362,0,0,0.22270012850745968,-2.0344138145446777,-0.784413754940033,assist,no
3363,0,1,0.8519527869325346,-0.8274952173233032,-2.5774950981140137,assist,Yes
3364,0,0,0.4073334000459302,-1.3325773477554321,-0.9575773477554321,assist,No
3365,0,1,0.5312093733737563,-1.1431232690811157,-1.2681232690811157,assist,Yes
3366,0,1,0.7981867873410141,-0.8421327471733093,-2.217132806777954,assist,Yes
3367,0,0,0.34864513533394575,-1.5711138248443604,-0.9461138248443604,assist,No
3368,0,0,0.07585818419975078,-3.019327163696289,-0.5193272233009338,assist,No
3369,0,0,0.3208213138121609,-1.5205702781677246,-0.7705703377723694,assist,no
3370,0,0,0.37754066879814546,-1.618027925491333,-1.118027925491333,assist,no
3371,0,1,0.8670357666736773,-0.7536837458610535,-2.6286838054656982,assist,Yes
3372,0,0,0.06008665354025422,-3.526623487472534,-0.776623547077179,assist,no
3373,0,0,0.1824255415859996,-2.321780204772949,-0.8217803239822388,assist,no
3374,0,1,0.5621765008857981,-1.139335036277771,-1.389335036277771,assist,Yes
3375,0,0,0.4073334000459302,-1.5411757230758667,-1.1661757230758667,assist,No
3376,0,1,0.8519528019683106,-0.663083553314209,-2.413083553314209,assist,Yes
3377,0,1,0.679178699175393,-0.9376398324966431,-1.687639832496643,assist,yes
3378,0,0,0.5,-1.2259069681167603,-1.2259069681167603,assist,No
3379,0,0,0.46879062662624377,-1.2950053215026855,-1.1700053215026855,assist,no
3380,0,0,0.2689414213699951,-1.873747706413269,-0.873747706413269,assist,no
3381,0,0,0.5,-1.364524483680725,-1.364524483680725,assist,no
3382,0,1,0.7549149868676283,-0.8731777667999268,-1.9981777667999268,assist,Yes
3383,0,0,0.46879062662624377,-1.249064326286316,-1.124064326286316,assist,no
3384,0,1,0.5926666143433998,-0.9061443209648132,-1.281144380569458,assist,Yes
3385,0,1,0.7549149648117217,-0.9214397668838501,-2.0464396476745605,assist,yes
3386,0,1,0.7772998611746911,-0.7040863037109375,-1.9540863037109375,assist,Yes
3387,0,0,0.5,-1.279550552368164,-1.279550552368164,assist,No
3388,0,0,0.060086656906500974,-3.3399858474731445,-0.5899859666824341,assist,no
3389,0,0,0.46879062662624377,-1.4303593635559082,-1.3053593635559082,assist,No
3390,0,0,0.24508501313237172,-1.8049510717391968,-0.6799510717391968,assist,No
3391,0,0,0.20181323186177208,-1.9687786102294922,-0.593778669834137,assist,No
3392,0,1,0.8354835371034369,-0.8502159118652344,-2.4752159118652344,assist,Yes
3393,0,1,0.7549150089235336,-0.8826631307601929,-2.0076632499694824,assist,Yes
3394,0,0,0.06754669301670263,-2.851449966430664,-0.22644999623298645,assist,No
3395,0,1,0.754914997895581,-0.7397801280021667,-1.8647801876068115,assist,Yes
3396,0,1,0.5926665999540697,-1.0073062181472778,-1.3823062181472778,assist,Yes
3397,0,0,0.24508501313237172,-1.9773330688476562,-0.8523330688476562,assist,No
3398,0,1,0.9046505453836383,-0.7120245695114136,-2.962024688720703,assist,Yes
3399,0,0,0.1329642264548166,-2.744011402130127,-0.8690112829208374,assist,no
3400,0,1,0.7981867969424066,-0.8318542242050171,-2.2068543434143066,assist,yes
3401,0,0,0.24508501313237172,-1.9007140398025513,-0.7757140398025513,assist,No
3402,0,0,0.22270014914315833,-1.72062349319458,-0.47062355279922485,assist,No
3403,0,0,0.24508502416032488,-1.9252784252166748,-0.8002784848213196,assist,no
3404,0,0,0.2689414213699951,-1.8174819946289062,-0.8174819946289062,assist,No
3405,0,0,0.46879062662624377,-1.3128341436386108,-1.1878341436386108,assist,No
3406,0,1,0.6513548646660542,-0.8667315244674683,-1.4917315244674683,assist,Yes
3407,0,0,0.18242550602671442,-2.324099540710449,-0.8240994215011597,assist,no
3408,0,1,0.5926665999540697,-1.1932203769683838,-1.5682203769683838,assist,yes
3409,0,1,0.5312093733737563,-1.3079023361206055,-1.4329023361206055,assist,Yes
3410,0,1,0.754914975839675,-0.9066017270088196,-2.031601667404175,assist,Yes
3411,0,0,0.1645164792819756,-2.288719654083252,-0.6637197732925415,assist,no
3412,0,0,0.24508501313237172,-2.060314655303955,-0.9353146553039551,assist,No
3413,0,0,0.18242552380635632,-2.21016001701355,-0.7101600170135498,assist,no
3414,0,0,0.5,-1.231115460395813,-1.231115460395813,assist,no
3415,0,0,0.14804721306746543,-2.6388416290283203,-0.8888417482376099,assist,no
3416,0,0,0.11920292828022305,-2.808363199234009,-0.8083632588386536,assist,no
3417,0,1,0.7310585786300049,-0.9523050785064697,-1.9523050785064697,assist,yes
3418,0,0,0.4073334000459302,-1.5787934064865112,-1.2037934064865112,assist,no
3419,0,0,0.34864513533394575,-1.5730187892913818,-0.9480187892913818,assist,No
3420,0,0,0.46879062662624377,-1.0466548204421997,-0.9216548204421997,assist,No
3421,0,1,0.6224593312018546,-0.8303534984588623,-1.3303534984588623,assist,Yes
3422,0,1,0.7057850402140659,-0.9666139483451843,-1.841614007949829,assist,yes
3423,0,0,0.3208213138121609,-1.4994776248931885,-0.7494776844978333,assist,No
3424,0,0,0.5,-1.179060459136963,-1.179060459136963,assist,No
3425,0,0,0.1480471829959148,-2.6228976249694824,-0.8728975057601929,assist,no
3426,0,1,0.9046505351008906,-0.5625779628753662,-2.812577962875366,assist,Yes
3427,0,1,0.8933094060543487,-0.6216437816619873,-2.7466437816619873,assist,Yes
3428,0,0,0.18242551491653522,-2.2402572631835938,-0.740257203578949,assist,no
3429,0,1,0.754914975839675,-0.7871258854866028,-1.912125825881958,assist,Yes
3430,0,0,0.29421497216298875,-1.8190823793411255,-0.9440823793411255,assist,No
3431,0,0,0.0953494648991095,-3.017925977706909,-0.7679259777069092,assist,No
3432,0,0,0.18242552380635632,-2.3080527782440186,-0.8080527782440186,assist,No
3433,0,0,0.2689414213699951,-1.810538411140442,-0.8105384111404419,assist,No
3434,0,0,0.0758581737534831,-2.7527682781219482,-0.2527681887149811,assist,No
3435,0,0,0.29421497216298875,-1.880480408668518,-1.005480408668518,assist,No
3436,0,1,0.9046505299595163,-0.6078580021858215,-2.8578579425811768,assist,Yes
3437,0,0,0.46879062662624377,-1.3435484170913696,-1.2185484170913696,assist,no
3438,0,1,0.7310585786300049,-0.8742605447769165,-1.8742605447769165,assist,yes
3439,0,0,0.5,-1.3647252321243286,-1.3647252321243286,assist,no
3440,0,0,0.22270013882530884,-1.9140255451202393,-0.6640255451202393,assist,No
3441,0,0,0.29421497216298875,-1.8002411127090454,-0.9252411127090454,assist,No
3442,0,1,0.679178699175393,-0.9802262783050537,-1.7302262783050537,assist,Yes
3443,0,0,0.20181322226037882,-1.940679907798767,-0.5656799077987671,assist,No
3444,0,0,0.2018132270610754,-1.817952275276184,-0.44295230507850647,assist,No
3445,0,0,0.37754066879814546,-1.6177856922149658,-1.1177856922149658,assist,No
3446,0,1,0.8933094060543487,-0.6701302528381348,-2.7951302528381348,assist,Yes
3447,0,1,0.867035752930664,-0.7039874196052551,-2.5789873600006104,assist,Yes
3448,0,1,0.5312093733737563,-1.1941949129104614,-1.3191949129104614,assist,Yes
3449,0,0,0.37754066879814546,-1.3284361362457275,-0.8284361362457275,assist,No
3450,0,1,0.8933094174159129,-0.669516921043396,-2.7945170402526855,assist,Yes
3451,0,0,0.033085978388704126,-3.8995847702026367,-0.5245847702026367,assist,No
3452,0,0,0.4073334000459302,-1.357206106185913,-0.9822061061859131,assist,No
3453,0,0,0.4073334000459302,-1.5742069482803345,-1.1992069482803345,assist,No
3454,0,0,0.20181322226037882,-2.2698259353637695,-0.8948259353637695,assist,no
3455,0,0,0.5,-1.1302495002746582,-1.1302495002746582,assist,No
3456,0,0,0.37754066879814546,-1.514221429824829,-1.014221429824829,assist,No
3457,0,1,0.5621765008857981,-1.2520167827606201,-1.5020167827606201,assist,Yes
3458,0,0,0.5,-1.2819536924362183,-1.2819536924362183,assist,No
3459,0,1,0.9149009596336303,-0.6310808062553406,-3.0060808658599854,assist,yes
3460,0,1,0.7310585786300049,-0.642508864402771,-1.642508864402771,assist,Yes
3461,0,1,0.9324533088603709,-0.5848464965820312,-3.2098464965820312,assist,Yes
3462,0,0,0.24508500210441886,-1.9405035972595215,-0.8155035376548767,assist,no
3463,0,1,0.6513548646660542,-1.0700128078460693,-1.6950128078460693,assist,yes
3464,0,1,0.754914975839675,-0.940326988697052,-2.0653269290924072,assist,Yes
3465,0,0,0.5,-1.0020846128463745,-1.0020846128463745,assist,No
3466,0,0,0.20181321265898594,-2.0558972358703613,-0.6808971762657166,assist,No
3467,0,0,0.22270014914315833,-2.11517333984375,-0.8651733994483948,assist,no
3468,0,0,0.07585818002124356,-3.067148208618164,-0.5671482086181641,assist,no
3469,0,0,0.1645164628965632,-2.494469404220581,-0.869469404220581,assist,no
3470,0,0,0.29421497216298875,-1.8708009719848633,-0.9958009719848633,assist,no
3471,0,0,0.1645164628965632,-2.516218423843384,-0.8912184238433838,assist,no
3472,0,0,0.34864513533394575,-1.6651966571807861,-1.0401966571807861,assist,No
3473,0,1,0.5621765008857981,-1.245526909828186,-1.495526909828186,assist,Yes
3474,0,0,0.4073334000459302,-1.3358551263809204,-0.9608551263809204,assist,No
3475,0,1,0.7772998714925403,-0.8777548670768738,-2.1277549266815186,assist,yes
3476,0,0,0.32082130082460697,-1.6783167123794556,-0.9283167123794556,assist,No
3477,0,0,0.2689414213699951,-1.9765084981918335,-0.9765084981918335,assist,No
3478,0,1,0.7981867777396212,-0.526099681854248,-1.901099681854248,assist,Yes
3479,0,0,0.08509904964767095,-3.059656858444214,-0.6846569180488586,assist,no
3480,0,0,0.34864513533394575,-1.6469488143920898,-1.0219488143920898,assist,no
3481,0,0,0.22270011818961086,-2.158694267272949,-0.9086941480636597,assist,No
3482,0,0,0.1066905825840872,-2.7358241081237793,-0.6108239889144897,assist,No
3483,0,1,0.5312093733737563,-1.3070437908172607,-1.4320437908172607,assist,Yes
3484,0,0,0.1329642264548166,-2.378681182861328,-0.5036810636520386,assist,No
3485,0,0,0.029312229903390143,-3.7778966426849365,-0.27789661288261414,assist,No
3486,0,0,0.24508502416032488,-1.995314359664917,-0.8703144192695618,assist,No
3487,0,0,0.2689414213699951,-1.961916446685791,-0.961916446685791,assist,no
3488,0,1,0.5621765008857981,-1.1961829662322998,-1.4461829662322998,assist,Yes
3489,0,0,0.32082130082460697,-1.8276400566101074,-1.0776400566101074,assist,no
3490,0,0,0.18242550602671442,-2.348942279815674,-0.8489421606063843,assist,no
3491,0,0,0.32082130082460697,-1.7179384231567383,-0.9679384231567383,assist,no
3492,0,1,0.914900950352329,-0.6639474034309387,-3.038947343826294,assist,yes
3493,0,0,0.5,-1.3360819816589355,-1.3360819816589355,assist,no
3494,0,0,0.32082130082460697,-1.8038911819458008,-1.0538911819458008,assist,No
3495,0,0,0.32082130082460697,-1.4164016246795654,-0.6664016246795654,assist,No
3496,0,0,0.18242552380635632,-2.3662185668945312,-0.8662185668945312,assist,no
3497,0,1,0.679178699175393,-1.0686508417129517,-1.8186508417129517,assist,Yes
3498,0,1,0.5621765008857981,-1.2438442707061768,-1.4938442707061768,assist,yes
3499,0,1,0.5621765155565327,-0.9090871214866638,-1.1590871810913086,assist,yes
3500,0,0,0.09534947004048376,-2.718327522277832,-0.4683275818824768,assist,No
3501,0,1,0.679178699175393,-0.9002710580825806,-1.6502710580825806,assist,Yes
3502,0,0,0.5,-1.1129093170166016,-1.1129093170166016,assist,no
3503,0,0,0.46879062662624377,-1.2914443016052246,-1.1664443016052246,assist,no
3504,0,0,0.03308598029553404,-3.962862730026245,-0.5878627896308899,assist,no
3505,0,0,0.1480471980316895,-2.45113205909729,-0.70113205909729,assist,no
3506,0,0,0.10669059394565118,-2.6444780826568604,-0.5194780826568604,assist,No
3507,0,1,0.6224593312018546,-0.8159857988357544,-1.3159857988357544,assist,Yes
3508,0,1,0.6224593312018546,-0.927939772605896,-1.427939772605896,assist,Yes
3509,0,1,0.7772998508568416,-0.8025942444801331,-2.0525941848754883,assist,Yes
3510,0,0,0.4378234991142019,-1.4169161319732666,-1.1669161319732666,assist,No
3511,0,0,0.11920292202211755,-2.6287081241607666,-0.6287081241607666,assist,No
3512,0,0,0.37754066879814546,-1.1179157495498657,-0.6179157495498657,assist,No
3513,0,1,0.5621765008857981,-1.0395479202270508,-1.2895479202270508,assist,Yes
3514,0,0,0.1645164628965632,-2.480909585952759,-0.8559095859527588,assist,no
3515,0,1,0.7057850278370112,-0.8539177179336548,-1.7289177179336548,assist,Yes
3516,0,1,0.8670357666736773,-0.8125821948051453,-2.68758225440979,assist,Yes
3517,0,0,0.4378234991142019,-1.3313102722167969,-1.0813102722167969,assist,No
3518,0,1,0.6513548646660542,-0.9931497573852539,-1.618149757385254,assist,Yes
3519,0,0,0.32082130082460697,-1.6742063760757446,-0.9242063760757446,assist,no
3520,0,1,0.6224593312018546,-1.1532325744628906,-1.6532325744628906,assist,Yes
3521,0,0,0.22270013882530884,-2.124429225921631,-0.8744292259216309,assist,No
3522,0,1,0.7057850278370112,-0.9307336807250977,-1.8057336807250977,assist,yes
3523,0,0,0.24508502416032488,-1.774592638015747,-0.6495926976203918,assist,No
3524,0,1,0.5312093733737563,-1.2472590208053589,-1.3722590208053589,assist,Yes
3525,0,1,0.6224593171945417,-0.9232988953590393,-1.4232988357543945,assist,Yes
3526,0,0,0.07585817793199003,-2.850574016571045,-0.35057398676872253,assist,No
3527,0,0,0.4378234991142019,-1.3835469484329224,-1.1335469484329224,assist,No
3528,0,0,0.46879062662624377,-1.4010307788848877,-1.2760307788848877,assist,no
3529,0,1,0.5621765008857981,-1.0856504440307617,-1.3356504440307617,assist,Yes
3530,0,0,0.18242552380635632,-2.314229965209961,-0.8142299652099609,assist,no
3531,0,1,0.5312093733737563,-1.3017423152923584,-1.4267423152923584,assist,yes
3532,0,0,0.4378234991142019,-1.3593008518218994,-1.1093008518218994,assist,No
3533,0,0,0.2689414096510108,-1.4522688388824463,-0.4522687792778015,assist,No
3534,0,0,0.29421497216298875,-1.9317935705184937,-1.0567935705184937,assist,no
3535,0,1,0.880797071719777,-0.5825493931770325,-2.5825493335723877,assist,Yes
3536,0,1,0.9399133531922388,-0.44020289182662964,-3.1902029514312744,assist,Yes
3537,0,1,0.8354835452961425,-0.743480384349823,-2.3684804439544678,assist,Yes
3538,0,0,0.29421497216298875,-1.8762471675872803,-1.0012471675872803,assist,No
3539,0,1,0.8933094003735664,-0.6922104954719543,-2.8172104358673096,assist,yes
3540,0,0,0.4378234991142019,-1.4722027778625488,-1.2222027778625488,assist,no
3541,0,1,0.679178699175393,-0.9530667066574097,-1.7030667066574097,assist,Yes
3542,0,0,0.09534947004048376,-2.842308759689331,-0.5923088192939758,assist,no
3543,0,0,0.1480472055495773,-2.2842628955841064,-0.5342629551887512,assist,No
3544,0,0,0.18242553269617778,-2.3107709884643555,-0.8107710480690002,assist,no
3545,0,1,0.7310585786300049,-0.9134485721588135,-1.9134485721588135,assist,yes
3546,0,0,0.37754066879814546,-1.4295626878738403,-0.9295626878738403,assist,No
3547,0,0,0.4073334000459302,-1.5773348808288574,-1.2023348808288574,assist,no
3548,0,0,0.34864513533394575,-1.4928021430969238,-0.8678021430969238,assist,No
3549,0,1,0.6791786861878392,-0.7860429883003235,-1.5360429286956787,assist,Yes
3550,0,1,0.8354835207180245,-0.8377434015274048,-2.4627432823181152,assist,Yes
3551,0,1,0.5621765008857981,-1.0380150079727173,-1.2880150079727173,assist,Yes
3552,0,0,0.34864513533394575,-1.6188160181045532,-0.9938160181045532,assist,No
3553,0,1,0.5926665999540697,-1.1905978918075562,-1.5655978918075562,assist,yes
3554,0,0,0.3208213138121609,-1.3240797519683838,-0.5740798115730286,assist,No
3555,0,1,0.5621765008857981,-1.2854737043380737,-1.5354737043380737,assist,Yes
3556,0,1,0.914900950352329,-0.6496959328651428,-3.024695873260498,assist,Yes
3557,0,1,0.8354835371034369,-0.8270840644836426,-2.4520840644836426,assist,yes
3558,0,0,0.06008665354025422,-3.351625919342041,-0.6016259789466858,assist,No
3559,0,1,0.7310585903489892,-0.8183316588401794,-1.8183317184448242,assist,Yes
3560,0,0,0.14804719051380197,-2.6234230995178223,-0.8734230399131775,assist,no
3561,0,0,0.4073334000459302,-1.5669329166412354,-1.1919329166412354,assist,no
3562,0,0,0.0850990357257195,-2.793308734893799,-0.4183086156845093,assist,No
3563,0,0,0.46879062662624377,-1.3495562076568604,-1.2245562076568604,assist,No
3564,0,0,0.06754669489377622,-3.398773431777954,-0.7737734913825989,assist,no
3565,0,1,0.8175744850834649,-0.8619291186332703,-2.361929178237915,assist,Yes
3566,0,0,0.06008665354025422,-3.3950459957122803,-0.645046055316925,assist,no
3567,0,1,0.6791786861878392,-0.8747063279151917,-1.6247062683105469,assist,Yes
3568,0,0,0.34864513533394575,-1.6377346515655518,-1.0127346515655518,assist,No
3569,0,0,0.34864513533394575,-1.7180559635162354,-1.0930559635162354,assist,no
3570,0,0,0.5,-0.9970488548278809,-0.9970488548278809,assist,No
3571,0,0,0.34864513533394575,-1.6108925342559814,-0.9858925342559814,assist,No
3572,0,1,0.5926665999540697,-1.0378856658935547,-1.4128856658935547,assist,Yes
3573,0,1,0.5926665999540697,-1.0876736640930176,-1.4626736640930176,assist,Yes
3574,0,0,0.20181322226037882,-1.9350980520248413,-0.5600980520248413,assist,No
3575,0,1,0.880797071719777,-0.5391653180122375,-2.5391652584075928,assist,Yes
3576,0,0,0.46879062662624377,-1.2687023878097534,-1.1437023878097534,assist,no
3577,0,1,0.5926665855647394,-0.8325849175453186,-1.2075848579406738,assist,Yes
3578,0,0,0.2689414213699951,-1.6259965896606445,-0.6259965896606445,assist,No
3579,0,0,0.22270014914315833,-2.151331663131714,-0.9013317227363586,assist,No
3580,0,1,0.6224593312018546,-0.9407870769500732,-1.4407870769500732,assist,Yes
3581,0,0,0.4073334000459302,-1.432699203491211,-1.057699203491211,assist,No
3582,0,0,0.4073334000459302,-1.4628270864486694,-1.0878270864486694,assist,No
3583,0,0,0.2942149845400438,-1.6977512836456299,-0.8227513432502747,assist,no
3584,0,0,0.4073334000459302,-1.4863888025283813,-1.1113888025283813,assist,No
3585,0,0,0.24508502416032488,-1.8256490230560303,-0.700649082660675,assist,No
3586,0,1,0.7057850278370112,-0.9568965435028076,-1.8318965435028076,assist,Yes
3587,0,1,0.8519528019683106,-0.7145943641662598,-2.4645943641662598,assist,Yes
3588,0,0,0.18242551491653522,-2.1751019954681396,-0.6751019358634949,assist,no
3589,0,0,0.4378234991142019,-1.4711793661117554,-1.2211793661117554,assist,No
3590,0,0,0.2227001594610082,-2.195286273956299,-0.9452863931655884,assist,no
3591,0,0,0.3208212878370535,-1.6234569549560547,-0.8734568953514099,assist,No
3592,0,0,0.06754669395523943,-2.8528270721435547,-0.22782711684703827,assist,No
3593,0,0,0.18242551491653522,-2.2466354370117188,-0.746635377407074,assist,no
3594,0,0,0.09534945461636171,-2.9891533851623535,-0.739153265953064,assist,no
3595,0,0,0.24508501313237172,-1.952659249305725,-0.8276592493057251,assist,No
3596,0,1,0.5312093733737563,-1.2330816984176636,-1.3580816984176636,assist,Yes
3597,0,0,0.1480471980316895,-2.5187597274780273,-0.7687597274780273,assist,no
3598,0,0,0.18242553269617778,-2.2150840759277344,-0.7150841355323792,assist,no
3599,0,0,0.46879062662624377,-1.1146225929260254,-0.9896225929260254,assist,No
3600,0,1,0.6513548646660542,-0.662171483039856,-1.287171483039856,assist,Yes
3601,0,1,0.679178699175393,-1.0694351196289062,-1.8194351196289062,assist,Yes
3602,0,0,0.20181324146316565,-2.0439553260803223,-0.6689554452896118,assist,No
3603,0,0,0.4378234991142019,-1.415522575378418,-1.165522575378418,assist,no
3604,0,0,0.20181321265898594,-2.2759344577789307,-0.9009343981742859,assist,no
3605,0,1,0.7310585669110203,-0.8743460774421692,-1.8743460178375244,assist,yes
3606,0,1,0.6224593312018546,-0.8809823989868164,-1.3809823989868164,assist,Yes
3607,0,0,0.20181322226037882,-2.242021322250366,-0.8670213222503662,assist,No
3608,0,1,0.7057850402140659,-0.7047993540763855,-1.5797994136810303,assist,Yes
3609,0,0,0.4378234991142019,-1.436676263809204,-1.186676263809204,assist,no
3610,0,1,0.7057850278370112,-0.8021851778030396,-1.6771851778030396,assist,yes
3611,0,0,0.2689414213699951,-1.9792485237121582,-0.9792485237121582,assist,no
3612,0,0,0.4073334000459302,-1.2811815738677979,-0.9061815738677979,assist,no
3613,0,1,0.7981867777396212,-0.6799657344818115,-2.0549657344818115,assist,Yes
3614,0,1,0.7310585669110203,-0.9118514657020569,-1.911851406097412,assist,Yes
3615,0,1,0.8807970904940926,-0.6814769506454468,-2.6814770698547363,assist,Yes
3616,0,0,0.4378234991142019,-1.413675308227539,-1.163675308227539,assist,no
3617,0,1,0.6791786861878392,-0.9016004204750061,-1.6516003608703613,assist,Yes
3618,0,0,0.4073334000459302,-1.5418015718460083,-1.1668015718460083,assist,no
3619,0,0,0.24508501313237172,-1.8951011896133423,-0.7701011896133423,assist,No
3620,0,1,0.5312093733737563,-1.196129322052002,-1.321129322052002,assist,yes
3621,0,1,0.7549149868676283,-0.839607834815979,-1.964607834815979,assist,Yes
3622,0,1,0.5312093733737563,-1.1195791959762573,-1.2445791959762573,assist,yes
3623,0,1,0.7057850278370112,-1.0159298181533813,-1.8909298181533813,assist,Yes
3624,0,0,0.1645164628965632,-2.3838629722595215,-0.7588629722595215,assist,No
3625,0,0,0.1480472055495773,-2.5780341625213623,-0.8280342221260071,assist,No
3626,0,0,0.1824255415859996,-2.3386764526367188,-0.8386765718460083,assist,No
3627,0,1,0.7057850278370112,-1.0158134698867798,-1.8908134698867798,assist,Yes
3628,0,1,0.5621765008857981,-1.2304006814956665,-1.4804006814956665,assist,Yes
3629,0,0,0.29421497216298875,-1.8120406866073608,-0.9370406866073608,assist,no
3630,0,1,0.798186768138228,-0.6249168515205383,-1.9999167919158936,assist,Yes
3631,0,1,0.5926665999540697,-1.0870764255523682,-1.4620764255523682,assist,Yes
3632,0,0,0.24508501313237172,-1.8322393894195557,-0.7072393894195557,assist,No
3633,0,1,0.6224593312018546,-1.057995319366455,-1.557995319366455,assist,Yes
3634,0,0,0.5,-1.1600898504257202,-1.1600898504257202,assist,no
3635,0,0,0.24508501313237172,-1.826391339302063,-0.701391339302063,assist,no
3636,0,0,0.3208212878370535,-1.6026179790496826,-0.8526179194450378,assist,No
3637,0,1,0.679178699175393,-0.8882769346237183,-1.6382769346237183,assist,Yes
3638,0,1,0.9241418116217418,-0.5403481721878052,-3.0403480529785156,assist,Yes
3639,0,0,0.4378234991142019,-1.4700738191604614,-1.2200738191604614,assist,no
3640,0,0,0.2689414213699951,-1.7711516618728638,-0.7711516618728638,assist,No
3641,0,1,0.5621765008857981,-1.2181955575942993,-1.4681955575942993,assist,Yes
3642,0,1,0.7310585786300049,-0.9826475381851196,-1.9826475381851196,assist,Yes
3643,0,1,0.6513548646660542,-1.0899631977081299,-1.7149631977081299,assist,Yes
3644,0,0,0.08509904036636974,-3.028249979019165,-0.6532499194145203,assist,no
3645,0,1,0.7772998714925403,-0.8570870757102966,-2.1070871353149414,assist,Yes
3646,0,1,0.7772998508568416,-0.9151368737220764,-2.1651368141174316,assist,Yes
3647,0,1,0.7772998611746911,-0.9167180061340332,-2.166718006134033,assist,Yes
3648,0,0,0.18242550602671442,-2.19842529296875,-0.6984251737594604,assist,No
3649,0,1,0.7310585903489892,-0.9816514849662781,-1.9816515445709229,assist,Yes
3650,0,0,0.4073334000459302,-1.5224816799163818,-1.1474816799163818,assist,No
3651,0,1,0.8807970904940926,-0.6687878370285034,-2.668787956237793,assist,yes
3652,0,0,0.13296424706933604,-2.7320964336395264,-0.8570964932441711,assist,no
3653,0,0,0.16451645470385742,-2.396693229675293,-0.7716931700706482,assist,no
3654,0,0,0.11920292202211755,-2.6779677867889404,-0.6779677867889404,assist,No
3655,0,0,0.34864513533394575,-1.7241864204406738,-1.0991864204406738,assist,no
3656,0,1,0.7981867873410141,-0.7270004153251648,-2.1020004749298096,assist,Yes
3657,0,1,0.6224593312018546,-1.0746567249298096,-1.5746567249298096,assist,Yes
3658,0,1,0.5926665999540697,-1.1833958625793457,-1.5583958625793457,assist,Yes
3659,0,0,0.34864513533394575,-1.4518970251083374,-0.8268970251083374,assist,No
3660,0,0,0.14804720930852133,-2.0864529609680176,-0.33645305037498474,assist,No
3661,0,1,0.5621765008857981,-1.2182643413543701,-1.4682643413543701,assist,Yes
3662,0,1,0.7981867873410141,-0.8916611075401306,-2.2666611671447754,assist,Yes
3663,0,0,0.06008665017400762,-3.314150810241699,-0.5641508102416992,assist,No
3664,0,1,0.679178699175393,-0.9934903383255005,-1.7434903383255005,assist,Yes
3665,0,1,0.6224593171945417,-0.6889582276344299,-1.1889581680297852,assist,Yes
3666,0,0,0.1329642333263228,-2.570359945297241,-0.6953598856925964,assist,No
3667,0,1,0.7772998818103892,-0.9154561758041382,-2.1654562950134277,assist,Yes
3668,0,0,0.08509904036636974,-3.070474147796631,-0.6954740881919861,assist,No
3669,0,0,0.2689414213699951,-1.9579811096191406,-0.9579811096191406,assist,no
3670,0,1,0.679178699175393,-0.829487681388855,-1.579487681388855,assist,Yes
3671,0,0,0.5,-1.2886015176773071,-1.2886015176773071,assist,no
3672,0,0,0.34864513533394575,-1.541138768196106,-0.916138768196106,assist,No
3673,0,0,0.40733341443526055,-1.3099348545074463,-0.9349349141120911,assist,No
3674,0,0,0.11920292828022305,-2.6695117950439453,-0.6695118546485901,assist,No
3675,0,0,0.37754066879814546,-1.4600917100906372,-0.9600917100906372,assist,No
3676,0,0,0.46879062662624377,-1.2492823600769043,-1.1242823600769043,assist,no
3677,0,0,0.4378234991142019,-1.2444223165512085,-0.9944223165512085,assist,No
3678,0,1,0.5312093733737563,-1.0547367334365845,-1.1797367334365845,assist,Yes
3679,0,1,0.5312093733737563,-1.1413276195526123,-1.2663276195526123,assist,Yes
3680,0,1,0.7310585903489892,-0.938391387462616,-1.9383914470672607,assist,Yes
3681,0,1,0.880797071719777,-0.5857134461402893,-2.5857133865356445,assist,Yes
3682,0,0,0.16451644651115205,-2.148681640625,-0.5236815214157104,assist,No
3683,0,0,0.2689414330889798,-1.8475348949432373,-0.8475349545478821,assist,No
3684,0,0,0.3208212878370535,-1.5392060279846191,-0.7892059683799744,assist,No
3685,0,0,0.1645164792819756,-2.3978185653686523,-0.7728186845779419,assist,No
3686,0,1,0.7057850278370112,-1.0172815322875977,-1.8922815322875977,assist,Yes
3687,0,1,0.6513548782017746,-0.927423894405365,-1.5524239540100098,assist,Yes
3688,0,1,0.798186768138228,-0.8183968663215637,-2.193396806716919,assist,yes
3689,0,0,0.20181322226037882,-2.342609405517578,-0.9676094055175781,assist,no
3690,0,1,0.679178699175393,-1.0269665718078613,-1.7769665718078613,assist,yes
3691,0,0,0.32082130082460697,-1.7235716581344604,-0.9735716581344604,assist,no
3692,0,0,0.1645164792819756,-2.4547181129455566,-0.8297182321548462,assist,No
3693,0,0,0.10669059394565118,-2.8649134635925293,-0.7399134635925293,assist,no
3694,0,1,0.7772998611746911,-0.6551706790924072,-1.9051706790924072,assist,Yes
3695,0,0,0.5,-1.2255885601043701,-1.2255885601043701,assist,no
3696,0,0,0.2689414330889798,-1.904240608215332,-0.9042406678199768,assist,No
3697,0,0,0.32082130082460697,-1.8581528663635254,-1.1081528663635254,assist,no
3698,0,1,0.893309411735131,-0.6766077876091003,-2.801607847213745,assist,Yes
3699,0,1,0.8354835452961425,-0.8453728556632996,-2.4703729152679443,assist,Yes
3700,0,0,0.20181323186177208,-2.196657180786133,-0.8216572403907776,assist,No
3701,0,1,0.9399133498259924,-0.4842863082885742,-3.234286308288574,assist,Yes
3702,0,1,0.5621765008857981,-1.0401662588119507,-1.2901662588119507,assist,Yes
3703,0,1,0.8519528019683106,-0.8285191059112549,-2.578519105911255,assist,Yes
3704,0,1,0.7057850154599563,-0.8045211434364319,-1.679521083831787,assist,Yes
3705,0,1,0.5926665999540697,-1.1095308065414429,-1.4845308065414429,assist,yes
3706,0,0,0.37754066879814546,-1.5292620658874512,-1.0292620658874512,assist,No
3707,0,0,0.2689414096510108,-1.8050422668457031,-0.8050422072410583,assist,No
3708,0,1,0.9324533088603709,-0.6321420669555664,-3.2571420669555664,assist,Yes
3709,0,0,0.08509904500702024,-3.1503124237060547,-0.7753124237060547,assist,no
3710,0,0,0.37754066879814546,-1.5662741661071777,-1.0662741661071777,assist,no
3711,0,0,0.10669060530721626,-2.8673229217529297,-0.7423230409622192,assist,no
3712,0,1,0.7981867873410141,-0.7873651385307312,-2.162365198135376,assist,Yes
3713,0,1,0.8519527869325346,-0.7493206262588501,-2.4993205070495605,assist,yes
3714,0,1,0.7549149868676283,-0.9530465602874756,-2.0780465602874756,assist,Yes
3715,0,1,0.880797071719777,-0.7211397290229797,-2.721139669418335,assist,yes
3716,0,0,0.4073334000459302,-1.5343741178512573,-1.1593741178512573,assist,No
3717,0,1,0.5621765008857981,-1.0689029693603516,-1.3189029693603516,assist,Yes
3718,0,0,0.18242552380635632,-2.2066292762756348,-0.7066292762756348,assist,No
3719,0,1,0.7981867585368343,-0.7202244997024536,-2.095224380493164,assist,Yes
3720,0,0,0.2689414213699951,-1.8732144832611084,-0.8732144832611084,assist,no
3721,0,0,0.24508500210441886,-2.111016035079956,-0.9860159754753113,assist,no
3722,0,0,0.2942149597859341,-1.578129529953003,-0.7031294703483582,assist,No
3723,0,0,0.24508502416032488,-1.6842646598815918,-0.5592647194862366,assist,No
3724,0,1,0.8175744673038221,-0.8131316304206848,-2.31313157081604,assist,yes
3725,0,0,0.37754066879814546,-1.4844542741775513,-0.9844542741775513,assist,no
3726,0,0,0.4073334000459302,-1.3577767610549927,-0.9827767610549927,assist,no
3727,0,0,0.2689414213699951,-1.7806205749511719,-0.7806205749511719,assist,No
3728,0,0,0.1645164628965632,-2.2885589599609375,-0.6635589599609375,assist,No
3729,0,0,0.2689414330889798,-1.9682996273040771,-0.9682996869087219,assist,No
3730,0,0,0.46879062662624377,-1.3440485000610352,-1.2190485000610352,assist,No
3731,0,0,0.22270011818961086,-2.0998125076293945,-0.849812388420105,assist,No
3732,0,0,0.11920291576401235,-2.73439884185791,-0.7343987822532654,assist,no
3733,0,0,0.2689414330889798,-1.7971594333648682,-0.7971594929695129,assist,no
3734,0,0,0.07585818419975078,-3.2239067554473877,-0.7239068150520325,assist,No
3735,0,1,0.9525741254760638,-0.2967417538166046,-3.2967417240142822,assist,Yes
3736,0,1,0.7549149868676283,-0.9426143169403076,-2.0676143169403076,assist,Yes
3737,0,0,0.11920290950590741,-2.527729034423828,-0.5277289152145386,assist,No
3738,0,1,0.8354835371034369,-0.7993423938751221,-2.424342393875122,assist,yes
3739,0,1,0.8670357598021706,-0.6439464092254639,-2.518946409225464,assist,yes
3740,0,1,0.9046505299595163,-0.6078041195869446,-2.8578040599823,assist,Yes
3741,0,1,0.7772998611746911,-0.7433446645736694,-1.9933446645736694,assist,Yes
3742,0,1,0.880797071719777,-0.7008059620857239,-2.700805902481079,assist,yes
3743,0,1,0.8354835207180245,-0.7437549829483032,-2.3687548637390137,assist,Yes
3744,0,1,0.6224593171945417,-0.9143016934394836,-1.4143016338348389,assist,yes
3745,0,1,0.6791786861878392,-0.8297803997993469,-1.5797803401947021,assist,Yes
3746,0,1,0.867035752930664,-0.7543366551399231,-2.6293365955352783,assist,Yes
3747,0,0,0.22270013882530884,-1.9854868650436401,-0.7354868650436401,assist,No
3748,0,0,0.11920290950590741,-2.7679600715637207,-0.7679599523544312,assist,no
3749,0,0,0.2942149597859341,-1.5932989120483398,-0.7182988524436951,assist,No
3750,0,1,0.5926665999540697,-0.9876127243041992,-1.3626127243041992,assist,Yes
3751,0,1,0.5621765008857981,-1.1856207847595215,-1.4356207847595215,assist,Yes
3752,0,1,0.6513548782017746,-0.8385857939720154,-1.4635858535766602,assist,Yes
3753,0,0,0.29421497216298875,-1.8415933847427368,-0.9665933847427368,assist,no
3754,0,1,0.5621765008857981,-1.1095993518829346,-1.3595993518829346,assist,yes
3755,0,1,0.6224593312018546,-1.17578125,-1.67578125,assist,Yes
3756,0,0,0.24508503518827837,-2.0594491958618164,-0.934449315071106,assist,no
3757,0,1,0.7310585786300049,-0.8183072805404663,-1.8183072805404663,assist,Yes
3758,0,0,0.1645164628965632,-2.421998977661133,-0.7969989776611328,assist,no
3759,0,1,0.835483553488848,-0.8086241483688354,-2.433624267578125,assist,yes
3760,0,0,0.37754066879814546,-1.5257925987243652,-1.0257925987243652,assist,No
3761,0,0,0.22270012850745968,-1.8953793048858643,-0.6453792452812195,assist,No
3762,0,0,0.32082130082460697,-1.6241334676742554,-0.8741334676742554,assist,No
3763,0,1,0.8670357666736773,-0.7594913840293884,-2.634491443634033,assist,Yes
3764,0,0,0.16451647108926923,-2.3580071926116943,-0.7330072522163391,assist,no
3765,0,0,0.1329642333263228,-2.506312370300293,-0.6313123106956482,assist,No
3766,0,0,0.5,-1.369816541671753,-1.369816541671753,assist,no
3767,0,0,0.5,-1.280133605003357,-1.280133605003357,assist,no
3768,0,0,0.2227001594610082,-2.058501720428467,-0.8085018396377563,assist,No
3769,0,1,0.8670357735451834,-0.7656282186508179,-2.6406283378601074,assist,yes
3770,0,1,0.7057850278370112,-0.9167979955673218,-1.7917979955673218,assist,Yes
3771,0,1,0.5621765008857981,-1.0818616151809692,-1.3318616151809692,assist,yes
3772,0,1,0.5926665999540697,-1.201369285583496,-1.576369285583496,assist,Yes
3773,0,0,0.1480472055495773,-2.393202066421509,-0.6432021260261536,assist,No
3774,0,1,0.5621765008857981,-1.1887485980987549,-1.4387485980987549,assist,yes
3775,0,1,0.7981867873410141,-0.6025859713554382,-1.977586030960083,assist,Yes
3776,0,1,0.880797071719777,-0.6548293232917786,-2.654829263687134,assist,yes
3777,0,0,0.18242553269617778,-2.1587116718292236,-0.6587117314338684,assist,No
3778,0,0,0.5,-1.3662879467010498,-1.3662879467010498,assist,No
3779,0,0,0.3775406547908327,-1.3263320922851562,-0.8263320326805115,assist,No
3780,0,0,0.13296424706933604,-2.703512191772461,-0.8285122513771057,assist,no
3781,0,1,0.5312093733737563,-1.2484906911849976,-1.3734906911849976,assist,Yes
3782,0,0,0.4378234991142019,-1.47055983543396,-1.22055983543396,assist,no
3783,0,0,0.37754066879814546,-1.5849597454071045,-1.0849597454071045,assist,no
3784,0,1,0.6513548646660542,-1.0340454578399658,-1.6590454578399658,assist,yes
3785,0,0,0.1329642264548166,-2.6043663024902344,-0.7293661832809448,assist,No
3786,0,0,0.4378234991142019,-1.3588166236877441,-1.1088166236877441,assist,No
3787,0,1,0.5926665999540697,-0.9696898460388184,-1.3446898460388184,assist,Yes
3788,0,0,0.22270013882530884,-1.957231044769287,-0.7072310447692871,assist,No
3789,0,0,0.4378234991142019,-1.3582319021224976,-1.1082319021224976,assist,No
3790,0,1,0.5926665999540697,-0.8375847339630127,-1.2125847339630127,assist,Yes
3791,0,0,0.13296424706933604,-2.578274726867676,-0.7032747864723206,assist,No
3792,0,1,0.7310585786300049,-0.941033124923706,-1.941033124923706,assist,yes
3793,0,1,0.5926665999540697,-1.035399079322815,-1.410399079322815,assist,Yes
3794,0,1,0.5621765008857981,-1.0603229999542236,-1.3103229999542236,assist,Yes
3795,0,0,0.18242552380635632,-2.430298328399658,-0.9302983283996582,assist,no
3796,0,0,0.11920291576401235,-2.5696237087249756,-0.5696236491203308,assist,No
3797,0,1,0.7981867777396212,-0.6365690231323242,-2.011569023132324,assist,Yes
3798,0,1,0.7057850278370112,-0.9024521112442017,-1.7774521112442017,assist,Yes
3799,0,0,0.16451647108926923,-2.517210006713867,-0.892210066318512,assist,no
3800,0,0,0.4073334000459302,-1.5744247436523438,-1.1994247436523438,assist,No
3801,0,1,0.5621765008857981,-1.282965064048767,-1.532965064048767,assist,Yes
3802,0,0,0.22270013882530884,-2.0240073204040527,-0.7740073204040527,assist,no
3803,0,1,0.679178699175393,-0.8297710418701172,-1.5797710418701172,assist,Yes
3804,0,1,0.679178699175393,-1.0101025104522705,-1.7601025104522705,assist,yes
3805,0,0,0.060086646807761206,-3.45225191116333,-0.7022518515586853,assist,no
3806,0,1,0.5621765008857981,-1.13590669631958,-1.38590669631958,assist,yes
3807,0,1,0.679178699175393,-0.8090760707855225,-1.5590760707855225,assist,Yes
3808,0,0,0.29421497216298875,-1.8048298358917236,-0.9298298358917236,assist,No
3809,0,1,0.8670357666736773,-0.771793782711029,-2.646793842315674,assist,yes
3810,0,0,0.18242550602671442,-2.335859775543213,-0.8358596563339233,assist,No
3811,0,0,0.20181321265898594,-2.1890621185302734,-0.8140620589256287,assist,no
3812,0,0,0.24508499107646636,-2.054596424102783,-0.9295963048934937,assist,no
3813,0,0,0.1480471980316895,-2.4283931255340576,-0.6783931255340576,assist,no
3814,0,0,0.34864513533394575,-1.36711585521698,-0.74211585521698,assist,No
3815,0,0,0.34864513533394575,-1.7443917989730835,-1.1193917989730835,assist,no
3816,0,1,0.7057850402140659,-0.7104858756065369,-1.5854859352111816,assist,Yes
3817,0,1,0.9149009642742806,-0.711114764213562,-3.0861148834228516,assist,yes
3818,0,0,0.1329642333263228,-2.6759846210479736,-0.8009845614433289,assist,No
3819,0,1,0.5621765008857981,-1.0875784158706665,-1.3375784158706665,assist,Yes
3820,0,0,0.34864513533394575,-1.6440175771713257,-1.0190175771713257,assist,no
3821,0,1,0.8519527869325346,-0.7490512132644653,-2.499051094055176,assist,yes
3822,0,1,0.5926665999540697,-1.0867334604263306,-1.4617334604263306,assist,Yes
3823,0,0,0.16451647108926923,-2.3407318592071533,-0.7157319188117981,assist,No
3824,0,0,0.4378234991142019,-1.3627275228500366,-1.1127275228500366,assist,no
3825,0,1,0.7310585903489892,-0.8576201796531677,-1.8576202392578125,assist,Yes
3826,0,0,0.2942149597859341,-1.7472641468048096,-0.8722640872001648,assist,No
3827,0,0,0.4073334000459302,-1.3813989162445068,-1.0063989162445068,assist,No
3828,0,1,0.5926665999540697,-1.033740520477295,-1.408740520477295,assist,Yes
3829,0,0,0.2942149845400438,-1.6774911880493164,-0.8024912476539612,assist,No
3830,0,0,0.32082130082460697,-1.7810837030410767,-1.0310837030410767,assist,no
3831,0,1,0.6791786861878392,-0.7477150559425354,-1.4977149963378906,assist,Yes
3832,0,0,0.4378234991142019,-1.286151647567749,-1.036151647567749,assist,no
3833,0,0,0.20181321265898594,-2.107300043106079,-0.7322999835014343,assist,no
3834,0,0,0.1645164628965632,-2.283722162246704,-0.6587221622467041,assist,No
3835,0,0,0.5,-1.2299003601074219,-1.2299003601074219,assist,no
3836,0,1,0.867035752930664,-0.6942065358161926,-2.569206476211548,assist,Yes
3837,0,1,0.8175744673038221,-0.7053321003913879,-2.205332040786743,assist,Yes
3838,0,0,0.24508503518827837,-2.0934700965881348,-0.9684702157974243,assist,no
3839,0,0,0.06754668738548215,-3.2421889305114746,-0.6171888709068298,assist,No
3840,0,1,0.7310585903489892,-0.7763392329216003,-1.7763392925262451,assist,yes
3841,0,0,0.18242552380635632,-2.1409003734588623,-0.6409003734588623,assist,no
3842,0,0,0.07585818002124356,-3.0734074115753174,-0.5734074115753174,assist,No
3843,0,1,0.7057850278370112,-0.9709959030151367,-1.8459959030151367,assist,Yes
3844,0,1,0.7549150089235336,-0.8837918043136597,-2.008791923522949,assist,Yes
3845,0,1,0.6224593312018546,-1.0215377807617188,-1.5215377807617188,assist,Yes
3846,0,1,0.8175744850834649,-0.7007071375846863,-2.200707197189331,assist,yes
3847,0,0,0.4378234991142019,-1.501550555229187,-1.251550555229187,assist,no
3848,0,1,0.798186768138228,-0.7909498810768127,-2.165949821472168,assist,yes
3849,0,1,0.5312093733737563,-1.2479439973831177,-1.3729439973831177,assist,Yes
3850,0,1,0.679178699175393,-1.0517998933792114,-1.8017998933792114,assist,Yes
3851,0,0,0.29421497216298875,-1.555836796760559,-0.6808367967605591,assist,No
3852,0,1,0.7057850278370112,-0.8391565084457397,-1.7141565084457397,assist,Yes
3853,0,1,0.798186768138228,-0.7709086537361145,-2.1459085941314697,assist,Yes
3854,0,0,0.16451645470385742,-2.4647791385650635,-0.8397790789604187,assist,no
3855,0,0,0.18242552380635632,-2.0674874782562256,-0.5674874782562256,assist,No
3856,0,0,0.20181323186177208,-2.0988800525665283,-0.7238801121711731,assist,No
3857,0,0,0.4073334000459302,-1.494494080543518,-1.119494080543518,assist,no
3858,0,0,0.24508501313237172,-1.8470427989959717,-0.7220427989959717,assist,No
3859,0,0,0.29421497216298875,-1.7695516347885132,-0.8945516347885132,assist,No
3860,0,0,0.5,-1.2525635957717896,-1.2525635957717896,assist,no
3861,0,1,0.5312093733737563,-0.9949706792831421,-1.119970679283142,assist,Yes
3862,0,1,0.7057850154599563,-0.7513502240180969,-1.6263501644134521,assist,Yes
3863,0,1,0.6513548646660542,-1.0337257385253906,-1.6587257385253906,assist,Yes
3864,0,1,0.6513548782017746,-0.9290563464164734,-1.5540564060211182,assist,Yes
3865,0,1,0.5621765008857981,-1.2574138641357422,-1.5074138641357422,assist,Yes
3866,0,0,0.20181323186177208,-2.145448684692383,-0.7704487442970276,assist,No
3867,0,0,0.1329642264548166,-2.6298775672912598,-0.7548774480819702,assist,no
3868,0,0,0.46879062662624377,-1.289535403251648,-1.164535403251648,assist,No
3869,0,0,0.4378234991142019,-1.3884162902832031,-1.1384162902832031,assist,No
3870,0,1,0.9465966702001757,-0.5835399627685547,-3.4585399627685547,assist,yes
3871,0,0,0.11920291576401235,-2.6132330894470215,-0.6132330298423767,assist,no
3872,0,0,0.060086646807761206,-3.457263231277466,-0.707263171672821,assist,no
3873,0,1,0.8933094060543487,-0.48877811431884766,-2.6137781143188477,assist,Yes
3874,0,0,0.4378234991142019,-1.319591999053955,-1.069591999053955,assist,no
3875,0,1,0.8175744673038221,-0.6522341370582581,-2.1522340774536133,assist,Yes
3876,0,1,0.6513548646660542,-1.0698161125183105,-1.6948161125183105,assist,yes
3877,0,0,0.2689414213699951,-1.9630072116851807,-0.9630072116851807,assist,no
3878,0,1,0.8354835371034369,-0.5890429019927979,-2.214042901992798,assist,Yes
3879,0,1,0.8519528019683106,-0.7751588821411133,-2.5251588821411133,assist,Yes
3880,0,0,0.32082130082460697,-1.7935360670089722,-1.0435360670089722,assist,no
3881,0,1,0.7981867873410141,-0.6795298457145691,-2.054529905319214,assist,Yes
3882,0,0,0.29421497216298875,-1.7248746156692505,-0.8498746156692505,assist,No
3883,0,1,0.8354835289107309,-0.7860220074653625,-2.4110219478607178,assist,Yes
3884,0,1,0.8670357666736773,-0.8124467730522156,-2.6874468326568604,assist,Yes
3885,0,1,0.8670357460591569,-0.7649623155593872,-2.6399621963500977,assist,yes
3886,0,0,0.037326887344129464,-3.623598098754883,-0.3735980987548828,assist,No
3887,0,0,0.20181323186177208,-2.3100554943084717,-0.9350555539131165,assist,no
3888,0,1,0.8670357598021706,-0.6436154842376709,-2.518615484237671,assist,Yes
3889,0,1,0.8175744761936437,-0.7058053016662598,-2.2058053016662598,assist,Yes
3890,0,0,0.10669058826486906,-2.689864158630371,-0.5648640990257263,assist,No
3891,0,0,0.5,-1.0686076879501343,-1.0686076879501343,assist,No
3892,0,1,0.7057850154599563,-0.761740505695343,-1.6367404460906982,assist,Yes
3893,0,1,0.5312093733737563,-1.0340710878372192,-1.1590710878372192,assist,yes
3894,0,1,0.8519528019683106,-0.7155125141143799,-2.46551251411438,assist,yes
3895,0,0,0.2689414213699951,-1.8062015771865845,-0.8062015771865845,assist,No
3896,0,1,0.679178699175393,-1.0687589645385742,-1.8187589645385742,assist,Yes
3897,0,0,0.24508501313237172,-1.9736437797546387,-0.8486437797546387,assist,no
3898,0,0,0.2689414330889798,-1.9884569644927979,-0.9884570240974426,assist,no
3899,0,1,0.5312093733737563,-1.2735761404037476,-1.3985761404037476,assist,yes
3900,0,1,0.8175744673038221,-0.5369740128517151,-2.0369739532470703,assist,Yes
3901,0,1,0.9149009549929797,-0.7154123783111572,-3.0904123783111572,assist,yes
3902,0,0,0.4378234991142019,-1.4749341011047363,-1.2249341011047363,assist,No
3903,0,1,0.6513548646660542,-0.895658016204834,-1.520658016204834,assist,Yes
3904,0,0,0.4073334000459302,-1.3857438564300537,-1.0107438564300537,assist,no
3905,0,0,0.34864513533394575,-1.7054970264434814,-1.0804970264434814,assist,no
3906,0,0,0.1824255415859996,-2.1942567825317383,-0.6942569017410278,assist,No
3907,0,1,0.7057850278370112,-0.8954507112503052,-1.7704507112503052,assist,yes
3908,0,0,0.4073334000459302,-1.4384889602661133,-1.0634889602661133,assist,no
3909,0,1,0.835483553488848,-0.6380680799484253,-2.263068199157715,assist,Yes
3910,0,1,0.7310585786300049,-0.5573375225067139,-1.5573375225067139,assist,Yes
3911,0,0,0.46879062662624377,-1.2217165231704712,-1.0967165231704712,assist,No
3912,0,1,0.5926665855647394,-0.8413601517677307,-1.216360092163086,assist,Yes
3913,0,1,0.8354835207180245,-0.7806655168533325,-2.405665397644043,assist,yes
3914,0,0,0.37754066879814546,-1.5758546590805054,-1.0758546590805054,assist,no
3915,0,1,0.817574471748733,-0.44100823998451233,-1.94100821018219,assist,Yes
3916,0,1,0.8354835371034369,-0.7310121059417725,-2.3560121059417725,assist,Yes
3917,0,1,0.5312093733737563,-1.1924885511398315,-1.3174885511398315,assist,Yes
3918,0,0,0.060086656906500974,-3.3478894233703613,-0.5978895425796509,assist,No
3919,0,1,0.679178699175393,-1.0511164665222168,-1.8011164665222168,assist,Yes
3920,0,0,0.3208212878370535,-1.4736382961273193,-0.7236382365226746,assist,No
3921,0,0,0.4073334000459302,-1.4526326656341553,-1.0776326656341553,assist,No
3922,0,0,0.3208213138121609,-1.5246703624725342,-0.774670422077179,assist,No
3923,0,0,0.4378234991142019,-1.5380736589431763,-1.2880736589431763,assist,no
3924,0,0,0.37754066879814546,-1.6316626071929932,-1.1316626071929932,assist,no
3925,0,0,0.32082130082460697,-1.5939947366714478,-0.8439947366714478,assist,No
3926,0,0,0.18242550602671442,-2.346519947052002,-0.8465198278427124,assist,No
3927,0,1,0.8933094060543487,-0.5741288661956787,-2.6991288661956787,assist,Yes
3928,0,0,0.16451647108926923,-2.1326744556427,-0.507674515247345,assist,No
3929,0,1,0.8354835452961425,-0.6800634264945984,-2.305063486099243,assist,Yes
3930,0,1,0.7981867777396212,-0.8825912475585938,-2.2575912475585938,assist,Yes
3931,0,0,0.3775406828054583,-1.4097254276275635,-0.9097254872322083,assist,no
3932,0,0,0.34864513533394575,-1.6073222160339355,-0.9823222160339355,assist,no
3933,0,1,0.5312093733737563,-1.0287814140319824,-1.1537814140319824,assist,Yes
3934,0,1,0.914900950352329,-0.6495040059089661,-3.0245039463043213,assist,Yes
3935,0,1,0.5621765008857981,-0.8115888833999634,-1.0615888833999634,assist,Yes
3936,0,1,0.5621765008857981,-1.0220363140106201,-1.2720363140106201,assist,Yes
3937,0,1,0.7057850402140659,-0.7424375414848328,-1.6174376010894775,assist,Yes
3938,0,1,0.8670357666736773,-0.5902168154716492,-2.465216875076294,assist,Yes
3939,0,1,0.6224593312018546,-1.0597938299179077,-1.5597938299179077,assist,Yes
3940,0,0,0.37754066879814546,-1.4790347814559937,-0.9790347814559937,assist,No
3941,0,0,0.4378234991142019,-1.5062055587768555,-1.2562055587768555,assist,no
3942,0,1,0.679178699175393,-1.0682830810546875,-1.8182830810546875,assist,Yes
3943,0,1,0.5621765008857981,-1.2872451543807983,-1.5372451543807983,assist,Yes
3944,0,0,0.46879062662624377,-0.9566091895103455,-0.8316091895103455,assist,No
3945,0,1,0.5621765008857981,-1.021604061126709,-1.271604061126709,assist,Yes
3946,0,1,0.5312093733737563,-1.0755078792572021,-1.2005078792572021,assist,yes
3947,0,0,0.09534945975773548,-2.797239303588867,-0.5472392439842224,assist,No
3948,0,0,0.042087729717900216,-3.343756914138794,-0.21875695884227753,assist,No
3949,0,1,0.5312093733737563,-1.1427687406539917,-1.2677687406539917,assist,Yes
3950,0,1,0.7310585786300049,-0.8074933290481567,-1.8074933290481567,assist,Yes
3951,0,1,0.7310585786300049,-0.7100998163223267,-1.7100998163223267,assist,Yes
3952,0,1,0.5926665999540697,-1.22772216796875,-1.60272216796875,assist,Yes
3953,0,1,0.9241418199787566,-0.7064611911773682,-3.206461191177368,assist,yes
3954,0,0,0.32082130082460697,-1.7964348793029785,-1.0464348793029785,assist,No
3955,0,0,0.1645164628965632,-2.222836971282959,-0.597836971282959,assist,No
3956,0,1,0.8175744673038221,-0.7978652119636536,-2.297865152359009,assist,Yes
3957,0,0,0.4073334000459302,-1.433336853981018,-1.058336853981018,assist,no
3958,0,0,0.32082130082460697,-1.6737160682678223,-0.9237160682678223,assist,No
3959,0,0,0.5,-1.2573978900909424,-1.2573978900909424,assist,No
3960,0,0,0.5,-1.1545981168746948,-1.1545981168746948,assist,No
3961,0,1,0.6513548646660542,-0.9272105693817139,-1.5522105693817139,assist,Yes
3962,0,1,0.893309411735131,-0.6174191832542419,-2.7424192428588867,assist,yes
3963,0,0,0.46879062662624377,-1.2210798263549805,-1.0960798263549805,assist,No
3964,0,1,0.6513548646660542,-1.0507715940475464,-1.6757715940475464,assist,Yes
3965,0,0,0.4073334000459302,-1.5823054313659668,-1.2073054313659668,assist,no
3966,0,1,0.9046505351008906,-0.5598666667938232,-2.8098666667938232,assist,Yes
3967,0,0,0.2227001594610082,-2.0398693084716797,-0.7898694276809692,assist,no
3968,0,0,0.3486451488696663,-1.3878843784332275,-0.7628844380378723,assist,No
3969,0,1,0.679178699175393,-1.0485621690750122,-1.7985621690750122,assist,yes
3970,0,1,0.5621765008857981,-1.170872688293457,-1.420872688293457,assist,Yes
3971,0,0,0.32082130082460697,-1.6993141174316406,-0.9493141174316406,assist,No
3972,0,1,0.6224593312018546,-1.1408814191818237,-1.6408814191818237,assist,yes
3973,0,1,0.893309411735131,-0.6165062785148621,-2.741506338119507,assist,yes
3974,0,0,0.5,-1.3084439039230347,-1.3084439039230347,assist,no
3975,0,1,0.7981867873410141,-0.5971457362174988,-1.9721457958221436,assist,Yes
3976,0,0,0.34864513533394575,-1.4647748470306396,-0.8397748470306396,assist,No
3977,0,1,0.5312093733737563,-1.2773185968399048,-1.4023185968399048,assist,yes
3978,0,1,0.798186768138228,-0.8915138840675354,-2.2665138244628906,assist,Yes
3979,0,0,0.5,-1.072605848312378,-1.072605848312378,assist,No
3980,0,1,0.6513548511303336,-0.7492180466651917,-1.3742179870605469,assist,Yes
3981,0,0,0.13296424706933604,-2.559105157852173,-0.6841052174568176,assist,No
3982,0,0,0.24508499107646636,-2.111123561859131,-0.9861234426498413,assist,no
3983,0,0,0.2942149597859341,-1.8424067497253418,-0.967406690120697,assist,No
3984,0,0,0.5,-1.396586537361145,-1.396586537361145,assist,no
3985,0,0,0.13296424706933604,-2.6019508838653564,-0.7269509434700012,assist,no
3986,0,1,0.6513548646660542,-1.070027232170105,-1.695027232170105,assist,Yes
3987,0,1,0.5621765008857981,-1.219135046005249,-1.469135046005249,assist,yes
3988,0,0,0.37754066879814546,-1.651994228363037,-1.151994228363037,assist,no
3989,0,0,0.18242551491653522,-2.1895382404327393,-0.6895381808280945,assist,No
3990,0,0,0.11920292202211755,-2.4290716648101807,-0.42907166481018066,assist,No
3991,0,1,0.6791786861878392,-0.8887234330177307,-1.638723373413086,assist,Yes
3992,0,1,0.8175744761936437,-0.8048269748687744,-2.3048269748687744,assist,Yes
3993,0,0,0.2227001594610082,-2.1074109077453613,-0.8574110269546509,assist,No
3994,0,0,0.4378234991142019,-1.361138939857483,-1.111138939857483,assist,No
3995,0,1,0.754914997895581,-0.7700068354606628,-1.8950068950653076,assist,Yes
3996,0,1,0.5926665999540697,-1.1785866022109985,-1.5535866022109985,assist,Yes
3997,0,0,0.18242552380635632,-2.302764892578125,-0.802764892578125,assist,No
3998,0,0,0.02595736171885236,-4.078439712524414,-0.4534398913383484,assist,no
3999,0,0,0.46879062662624377,-1.293474793434143,-1.168474793434143,assist,No
4000,0,0,0.1480471980316895,-2.4995877742767334,-0.7495877742767334,assist,No
4001,0,1,0.754914997895581,-0.7878898978233337,-1.9128899574279785,assist,Yes
4002,0,1,0.7057850278370112,-1.0075597763061523,-1.8825597763061523,assist,yes
4003,0,0,0.37754066879814546,-1.5343286991119385,-1.0343286991119385,assist,no
4004,0,0,0.46879062662624377,-1.4312490224838257,-1.3062490224838257,assist,No
4005,0,1,0.6791786861878392,-0.756822407245636,-1.5068223476409912,assist,Yes
4006,0,0,0.13296424019782924,-2.703442096710205,-0.8284420967102051,assist,no
4007,0,1,0.5312093733737563,-1.3364613056182861,-1.4614613056182861,assist,Yes
4008,0,1,0.6513548782017746,-0.881166398525238,-1.5061664581298828,assist,Yes
4009,0,0,0.34864513533394575,-1.6709320545196533,-1.0459320545196533,assist,No
4010,0,1,0.8175744584140004,-0.6654864549636841,-2.1654863357543945,assist,Yes
4011,0,0,0.37754066879814546,-1.4543204307556152,-0.9543204307556152,assist,No
4012,0,1,0.9399133531922388,-0.6878728270530701,-3.437872886657715,assist,yes
4013,0,0,0.2689414330889798,-1.8977367877960205,-0.8977368474006653,assist,no
4014,0,0,0.37754066879814546,-1.571596384048462,-1.071596384048462,assist,no
4015,0,0,0.09534945975773548,-2.6964924335479736,-0.44649237394332886,assist,no
4016,0,1,0.9324533013520764,-0.6878262758255005,-3.312826156616211,assist,Yes
4017,0,0,0.34864513533394575,-1.7207908630371094,-1.0957908630371094,assist,no
4018,0,0,0.5,-1.2814182043075562,-1.2814182043075562,assist,No
4019,0,0,0.24508502416032488,-2.0090670585632324,-0.8840671181678772,assist,No
4020,0,1,0.7772998508568416,-0.8782411217689514,-2.1282410621643066,assist,Yes
4021,0,0,0.047425871831197425,-3.295564651489258,-0.2955646216869354,assist,No
4022,0,0,0.16451647108926923,-2.292518377304077,-0.6675184369087219,assist,No
4023,0,1,0.6513548782017746,-0.7865981459617615,-1.4115982055664062,assist,Yes
4024,0,1,0.798186768138228,-0.8415637612342834,-2.2165637016296387,assist,Yes
4025,0,1,0.9324533126145177,-0.6033915877342224,-3.228391647338867,assist,yes
4026,0,1,0.7981867969424066,-0.8912466764450073,-2.266246795654297,assist,Yes
4027,0,1,0.5312093733737563,-1.0294147729873657,-1.1544147729873657,assist,Yes
4028,0,0,0.4378234991142019,-1.410781979560852,-1.160781979560852,assist,No
4029,0,1,0.6224593312018546,-1.1324493885040283,-1.6324493885040283,assist,Yes
4030,0,0,0.2942149597859341,-1.564532995223999,-0.6895329356193542,assist,No
4031,0,1,0.8175744673038221,-0.7935958504676819,-2.293595790863037,assist,yes
4032,0,0,0.20181321265898594,-2.057835340499878,-0.6828352808952332,assist,No
4033,0,1,0.8670357460591569,-0.7493716478347778,-2.6243715286254883,assist,Yes
4034,0,1,0.679178699175393,-1.0510889291763306,-1.8010889291763306,assist,Yes
4035,0,1,0.5312093733737563,-1.33810293674469,-1.46310293674469,assist,Yes
4036,0,0,0.37754066879814546,-1.2755802869796753,-0.7755802869796753,assist,No
4037,0,1,0.7549150089235336,-0.9205416440963745,-2.045541763305664,assist,yes
4038,0,1,0.8175744761936437,-0.6049871444702148,-2.104987144470215,assist,Yes
4039,0,0,0.1480471829959148,-2.6227355003356934,-0.8727353811264038,assist,no
4040,0,0,0.37754066879814546,-1.2856669425964355,-0.7856669425964355,assist,No
4041,0,1,0.5312093733737563,-1.120733380317688,-1.245733380317688,assist,Yes
4042,0,0,0.46879062662624377,-1.2887626886367798,-1.1637626886367798,assist,No
4043,0,0,0.4073334000459302,-1.527101993560791,-1.152101993560791,assist,No
4044,0,1,0.6224593312018546,-1.1147912740707397,-1.6147912740707397,assist,yes
4045,0,1,0.6513548646660542,-1.090735673904419,-1.715735673904419,assist,Yes
4046,0,1,0.5312093733737563,-0.9745892286300659,-1.099589228630066,assist,Yes
4047,0,1,0.8175744584140004,-0.8114501237869263,-2.3114500045776367,assist,Yes
4048,0,0,0.4378234991142019,-1.3797945976257324,-1.1297945976257324,assist,No
4049,0,0,0.047425867792089564,-3.576181411743164,-0.5761812925338745,assist,no
4050,0,1,0.7549150089235336,-0.893330454826355,-2.0183305740356445,assist,Yes
4051,0,0,0.07585817166422973,-3.2182626724243164,-0.7182625532150269,assist,no
4052,0,1,0.7057850154599563,-0.9153569340705872,-1.7903568744659424,assist,yes
4053,0,0,0.29421497216298875,-1.8796337842941284,-1.0046337842941284,assist,no
4054,0,0,0.5,-1.3666834831237793,-1.3666834831237793,assist,No
4055,0,1,0.679178699175393,-1.0695457458496094,-1.8195457458496094,assist,Yes
4056,0,0,0.5,-1.255828857421875,-1.255828857421875,assist,No
4057,0,1,0.9046505351008906,-0.5623917579650879,-2.812391757965088,assist,Yes
4058,0,1,0.7981867585368343,-0.891938328742981,-2.2669382095336914,assist,Yes
4059,0,0,0.2689414448079646,-2.009612560272217,-1.0096126794815063,assist,no
4060,0,1,0.8670357666736773,-0.47560542821884155,-2.3506054878234863,assist,Yes
4061,0,1,0.6513548646660542,-0.7976008653640747,-1.4226008653640747,assist,Yes
4062,0,1,0.754914975839675,-0.9055443406105042,-2.0305442810058594,assist,Yes
4063,0,1,0.679178699175393,-1.0280555486679077,-1.7780555486679077,assist,yes
4064,0,0,0.18242551936144574,-1.8776862621307373,-0.3776862323284149,assist,No
4065,0,0,0.24508499107646636,-2.0785231590270996,-0.9535230398178101,assist,no
4066,0,1,0.5312093733737563,-1.2487739324569702,-1.3737739324569702,assist,Yes
4067,0,0,0.5,-1.050994873046875,-1.050994873046875,assist,No
4068,0,1,0.7310585669110203,-0.6788442730903625,-1.6788442134857178,assist,Yes
4069,0,0,0.5,-1.279560923576355,-1.279560923576355,assist,No
4070,0,1,0.679178699175393,-0.9789867401123047,-1.7289867401123047,assist,Yes
4071,0,0,0.5,-1.2272893190383911,-1.2272893190383911,assist,no
4072,0,1,0.5621765008857981,-0.7215965986251831,-0.9715965986251831,assist,Yes
4073,0,0,0.22270013882530884,-2.2161340713500977,-0.9661340713500977,assist,no
4074,0,1,0.7057850402140659,-0.9575993418693542,-1.832599401473999,assist,Yes
4075,0,0,0.24508503518827837,-2.0804214477539062,-0.9554215669631958,assist,no
4076,0,0,0.24508502416032488,-1.644566297531128,-0.5195663571357727,assist,No
4077,0,1,0.5926665999540697,-1.1420050859451294,-1.5170050859451294,assist,yes
4078,0,0,0.2942149597859341,-1.8366930484771729,-0.9616929888725281,assist,no
4079,0,0,0.24508501313237172,-1.9811826944351196,-0.8561826944351196,assist,no
4080,0,0,0.0675466911396291,-2.9718470573425293,-0.3468470573425293,assist,No
4081,0,0,0.5,-1.2339268922805786,-1.2339268922805786,assist,no
4082,0,0,0.20181324146316565,-2.2514052391052246,-0.8764053583145142,assist,No
4083,0,1,0.9241418199787566,-0.700232744216919,-3.200232744216919,assist,yes
4084,0,0,0.29421497216298875,-1.6651723384857178,-0.7901723384857178,assist,No
4085,0,1,0.8354835289107309,-0.7378795742988586,-2.362879514694214,assist,Yes
4086,0,1,0.5312093733737563,-1.096587061882019,-1.221587061882019,assist,Yes
4087,0,1,0.7981867873410141,-0.7860082983970642,-2.161008358001709,assist,Yes
4088,0,1,0.5621764862150634,-0.7580164074897766,-1.0080163478851318,assist,Yes
4089,0,1,0.6791786861878392,-0.7575231194496155,-1.5075230598449707,assist,Yes
4090,0,1,0.7772998714925403,-0.8567373156547546,-2.1067373752593994,assist,Yes
4091,0,1,0.5621765008857981,-1.051208734512329,-1.301208734512329,assist,Yes
4092,0,0,0.3208212878370535,-1.7119653224945068,-0.9619652628898621,assist,no
4093,0,1,0.8933094060543487,-0.6920106410980225,-2.8170106410980225,assist,yes
4094,0,1,0.5621765008857981,-1.1724679470062256,-1.4224679470062256,assist,Yes
4095,0,0,0.18242551491653522,-2.4042892456054688,-0.904289186000824,assist,no
4096,0,0,0.11920292202211755,-2.7673897743225098,-0.7673897743225098,assist,No
4097,0,0,0.22270013882530884,-1.7539578676223755,-0.5039578676223755,assist,No
4098,0,0,0.37754066879814546,-1.6233985424041748,-1.1233985424041748,assist,no
4099,0,0,0.2227001594610082,-2.208806037902832,-0.9588061571121216,assist,no
4100,0,1,0.7057850278370112,-1.0165656805038452,-1.8915656805038452,assist,Yes
4101,0,1,0.6513548782017746,-0.9936885237693787,-1.6186885833740234,assist,Yes
4102,0,1,0.8354835371034369,-0.680837869644165,-2.305837869644165,assist,Yes
4103,0,1,0.8175744939732856,-0.5324200391769409,-2.0324201583862305,assist,Yes
4104,0,1,0.6791786861878392,-0.840299665927887,-1.5902996063232422,assist,Yes
4105,0,0,0.37754066879814546,-1.4865059852600098,-0.9865059852600098,assist,no
4106,0,0,0.37754066879814546,-1.5750654935836792,-1.0750654935836792,assist,no
4107,0,0,0.2689414213699951,-1.898706316947937,-0.898706316947937,assist,No
4108,0,1,0.7772998611746911,-0.6288145780563354,-1.8788145780563354,assist,Yes
4109,0,1,0.8933093946927838,-0.6088591814041138,-2.733859062194824,assist,yes
4110,0,0,0.24508501313237172,-1.993693470954895,-0.868693470954895,assist,No
4111,0,0,0.4378234844434674,-1.1611239910125732,-0.9111239314079285,assist,No
4112,0,0,0.07585817584273653,-3.113089084625244,-0.6130890250205994,assist,No
4113,0,0,0.5,-1.1519975662231445,-1.1519975662231445,assist,No
4114,0,0,0.04208773031866069,-3.737281322479248,-0.6122813820838928,assist,no
4115,0,1,0.679178699175393,-1.0527559518814087,-1.8027559518814087,assist,Yes
4116,0,0,0.2689414213699951,-1.9616035223007202,-0.9616035223007202,assist,no
4117,0,1,0.8670357598021706,-0.8129429817199707,-2.6879429817199707,assist,Yes
4118,0,0,0.46879062662624377,-1.2915079593658447,-1.1665079593658447,assist,no
4119,0,1,0.851952809486198,-0.714049756526947,-2.464049816131592,assist,Yes
4120,0,1,0.6513548782017746,-0.8801805377006531,-1.5051805973052979,assist,Yes
4121,0,0,0.4073334000459302,-1.5232295989990234,-1.1482295989990234,assist,no
4122,0,1,0.5312093733737563,-1.1431077718734741,-1.2681077718734741,assist,Yes
4123,0,0,0.1480471980316895,-2.3828141689300537,-0.6328141689300537,assist,No
4124,0,0,0.09534947518185825,-2.7690834999084473,-0.5190836191177368,assist,no
4125,0,0,0.29421497216298875,-1.554603099822998,-0.679603099822998,assist,No
4126,0,0,0.13296425394084313,-2.4705586433410645,-0.595558762550354,assist,No
4127,0,1,0.5926665999540697,-1.2023760080337524,-1.5773760080337524,assist,yes
4128,0,1,0.7549149868676283,-0.6958261728286743,-1.8208261728286743,assist,Yes
4129,0,0,0.1329642436335826,-2.349590539932251,-0.47459056973457336,assist,No
4130,0,1,0.7310585786300049,-0.7705445289611816,-1.7705445289611816,assist,Yes
4131,0,0,0.5,-1.2006357908248901,-1.2006357908248901,assist,No
4132,0,1,0.6513548646660542,-0.7175148725509644,-1.3425148725509644,assist,Yes
4133,0,0,0.5,-1.2014504671096802,-1.2014504671096802,assist,No
4134,0,0,0.46879062662624377,-1.3703808784484863,-1.2453808784484863,assist,No
4135,0,1,0.679178699175393,-0.9031829833984375,-1.6531829833984375,assist,Yes
4136,0,0,0.5,-1.3396836519241333,-1.3396836519241333,assist,no
4137,0,1,0.798186768138228,-0.7278404831886292,-2.1028404235839844,assist,Yes
4138,0,1,0.8933094003735664,-0.7327774167060852,-2.8577773571014404,assist,yes
4139,0,0,0.5,-1.3358538150787354,-1.3358538150787354,assist,No
4140,0,0,0.20181322226037882,-1.943277359008789,-0.5682773590087891,assist,No
4141,0,0,0.08509904500702024,-3.0510153770446777,-0.6760153770446777,assist,No
4142,0,1,0.7981867873410141,-0.8912622332572937,-2.2662622928619385,assist,Yes
4143,0,0,0.46879062662624377,-1.0626431703567505,-0.9376431703567505,assist,No
4144,0,0,0.22270013882530884,-1.9545567035675049,-0.7045567035675049,assist,No
4145,0,1,0.9149009642742806,-0.6523293256759644,-3.027329444885254,assist,Yes
4146,0,1,0.7772998714925403,-0.7520739436149597,-2.0020740032196045,assist,Yes
4147,0,0,0.03308598220236406,-3.6224331855773926,-0.24743330478668213,assist,No
4148,0,1,0.6791786861878392,-0.9399240612983704,-1.6899240016937256,assist,Yes
4149,0,0,0.5,-0.9263583421707153,-0.9263583421707153,assist,No
4150,0,0,0.3486451488696663,-1.3369886875152588,-0.7119887471199036,assist,No
4151,0,1,0.6513548782017746,-0.9599420428276062,-1.584942102432251,assist,yes
4152,0,0,0.4073334000459302,-1.4985648393630981,-1.1235648393630981,assist,No
4153,0,0,0.29421497216298875,-1.8997480869293213,-1.0247480869293213,assist,no
4154,0,1,0.8354835289107309,-0.7736616730690002,-2.3986616134643555,assist,Yes
4155,0,1,0.5312093733737563,-1.2459803819656372,-1.3709803819656372,assist,Yes
4156,0,0,0.5,-1.1789427995681763,-1.1789427995681763,assist,No
4157,0,1,0.6224593312018546,-1.026475191116333,-1.526475191116333,assist,yes
4158,0,1,0.8175744761936437,-0.7507038116455078,-2.250703811645508,assist,Yes
4159,0,1,0.7772998714925403,-0.8028168082237244,-2.052816867828369,assist,Yes
4160,0,0,0.46879062662624377,-1.4298173189163208,-1.3048173189163208,assist,No
4161,0,1,0.5621765008857981,-1.1345480680465698,-1.3845480680465698,assist,yes
4162,0,0,0.4378234991142019,-1.28892982006073,-1.03892982006073,assist,No
4163,0,0,0.2227001594610082,-2.0618791580200195,-0.8118792772293091,assist,no
4164,0,1,0.679178699175393,-1.0105351209640503,-1.7605351209640503,assist,yes
4165,0,0,0.29421497216298875,-1.6754282712936401,-0.8004282712936401,assist,No
4166,0,0,0.4378234991142019,-1.3319616317749023,-1.0819616317749023,assist,No
4167,0,1,0.6224593312018546,-0.7343950271606445,-1.2343950271606445,assist,Yes
4168,0,0,0.1645164628965632,-2.288161277770996,-0.6631612777709961,assist,No
4169,0,0,0.08509904964767095,-3.120427131652832,-0.7454271912574768,assist,no
4170,0,1,0.6224593312018546,-0.7970590591430664,-1.2970590591430664,assist,Yes
4171,0,1,0.7772998508568416,-0.926185667514801,-2.1761856079101562,assist,Yes
4172,0,0,0.16451647108926923,-2.477383852005005,-0.8523839116096497,assist,no
4173,0,0,0.4378234991142019,-1.2864680290222168,-1.0364680290222168,assist,No
4174,0,1,0.5621765008857981,-1.2154709100723267,-1.4654709100723267,assist,Yes
4175,0,0,0.22270011818961086,-2.1523146629333496,-0.9023145437240601,assist,No
4176,0,0,0.042087725512577126,-3.71662974357605,-0.591629683971405,assist,no
4177,0,0,0.29421497216298875,-1.8349404335021973,-0.9599404335021973,assist,No
4178,0,0,0.5,-1.397930383682251,-1.397930383682251,assist,no
4179,0,0,0.32082130082460697,-1.507690668106079,-0.7576906681060791,assist,No
4180,0,0,0.24508501313237172,-1.8904552459716797,-0.7654552459716797,assist,No
4181,0,1,0.5926665999540697,-1.0868253707885742,-1.4618253707885742,assist,Yes
4182,0,1,0.7981867777396212,-0.8331656455993652,-2.2081656455993652,assist,yes
4183,0,0,0.32082130082460697,-1.8075189590454102,-1.0575189590454102,assist,No
4184,0,0,0.09534945975773548,-2.8334450721740723,-0.5834450125694275,assist,No
4185,0,1,0.5926665999540697,-0.9462459087371826,-1.3212459087371826,assist,Yes
4186,0,0,0.2689414096510108,-1.9190349578857422,-0.9190348982810974,assist,No
4187,0,1,0.5621765008857981,-0.882835865020752,-1.132835865020752,assist,Yes
4188,0,0,0.22270013882530884,-2.2016470432281494,-0.9516470432281494,assist,no
4189,0,0,0.4378234991142019,-1.277566909790039,-1.027566909790039,assist,no
4190,0,1,0.5621765008857981,-1.0147619247436523,-1.2647619247436523,assist,Yes
4191,0,0,0.4073334000459302,-1.5889382362365723,-1.2139382362365723,assist,no
4192,0,0,0.2942149845400438,-1.5446209907531738,-0.6696210503578186,assist,No
4193,0,1,0.5312093733737563,-1.143161416053772,-1.268161416053772,assist,Yes
4194,0,1,0.6791786861878392,-0.9916866421699524,-1.7416865825653076,assist,Yes
4195,0,1,0.8354835207180245,-0.7613388299942017,-2.386338710784912,assist,yes
4196,0,0,0.24508501313237172,-1.9784709215164185,-0.8534709215164185,assist,No
4197,0,0,0.4378234991142019,-1.285878300666809,-1.035878300666809,assist,No
4198,0,1,0.754914975839675,-0.7290752530097961,-1.8540751934051514,assist,yes
4199,0,1,0.6224593312018546,-0.983170747756958,-1.483170747756958,assist,yes
4200,0,1,0.679178699175393,-1.0086623430252075,-1.7586623430252075,assist,Yes
4201,0,0,0.37754066879814546,-1.4834105968475342,-0.9834105968475342,assist,No
4202,0,1,0.7981867777396212,-0.673691987991333,-2.048691987991333,assist,Yes
4203,0,1,0.7549149868676283,-0.8946685791015625,-2.0196685791015625,assist,yes
4204,0,1,0.5312093733737563,-1.0105667114257812,-1.1355667114257812,assist,Yes
4205,0,1,0.9324533163686646,-0.5791810750961304,-3.20418119430542,assist,Yes
4206,0,1,0.6791787121629466,-0.8764664530754089,-1.6264665126800537,assist,Yes
4207,0,0,0.22270013882530884,-2.149374485015869,-0.8993744850158691,assist,No
4208,0,0,0.5,-1.2264277935028076,-1.2264277935028076,assist,no
4209,0,0,0.1645164628965632,-2.4858710765838623,-0.8608710765838623,assist,no
4210,0,1,0.6791786861878392,-0.9521539807319641,-1.7021539211273193,assist,Yes
4211,0,0,0.1329642333263228,-2.551941156387329,-0.6769410967826843,assist,no
4212,0,1,0.7057850154599563,-0.7111092209815979,-1.5861091613769531,assist,Yes
4213,0,0,0.16451645470385742,-2.2489616870880127,-0.6239616274833679,assist,no
4214,0,0,0.34864513533394575,-1.6460981369018555,-1.0210981369018555,assist,no
4215,0,1,0.867035752930664,-0.6985886693000793,-2.5735886096954346,assist,Yes
4216,0,0,0.4378234991142019,-1.332279920578003,-1.082279920578003,assist,No
4217,0,0,0.2689414096510108,-1.7219436168670654,-0.7219435572624207,assist,No
4218,0,0,0.22270013882530884,-2.0500781536102295,-0.8000781536102295,assist,No
4219,0,1,0.7549149868676283,-0.6558569669723511,-1.780856966972351,assist,Yes
4220,0,1,0.5926665999540697,-0.9701777696609497,-1.3451777696609497,assist,Yes
4221,0,1,0.9046505299595163,-0.5625219941139221,-2.8125219345092773,assist,Yes
4222,0,1,0.5621765008857981,-1.1391856670379639,-1.3891856670379639,assist,Yes
4223,0,0,0.37754066879814546,-1.531723976135254,-1.031723976135254,assist,No
4224,0,0,0.24508503518827837,-2.0989990234375,-0.9739991426467896,assist,no
4225,0,1,0.7310585903489892,-0.7266096472740173,-1.726609706878662,assist,Yes
4226,0,0,0.37754066879814546,-1.6293482780456543,-1.1293482780456543,assist,no
4227,0,1,0.5621765008857981,-1.1927087306976318,-1.4427087306976318,assist,Yes
4228,0,0,0.22270012850745968,-2.0579240322113037,-0.8079239726066589,assist,no
4229,0,1,0.5312093733737563,-1.3366973400115967,-1.4616973400115967,assist,Yes
4230,0,1,0.679178699175393,-0.8400537967681885,-1.5900537967681885,assist,Yes
4231,0,1,0.7981867585368343,-0.7772585153579712,-2.1522583961486816,assist,yes
4232,0,0,0.5,-1.3356373310089111,-1.3356373310089111,assist,No
4233,0,1,0.8354835207180245,-0.7919245958328247,-2.416924476623535,assist,Yes
4234,0,0,0.18242552380635632,-2.35071063041687,-0.8507106304168701,assist,no
4235,0,0,0.18242553269617778,-1.951777458190918,-0.45177751779556274,assist,No
4236,0,1,0.7310585786300049,-0.9700812101364136,-1.9700812101364136,assist,Yes
4237,0,1,0.5926665999540697,-1.0678025484085083,-1.4428025484085083,assist,Yes
4238,0,0,0.3486451488696663,-1.467799425125122,-0.8427994847297668,assist,No
4239,0,1,0.9149009642742806,-0.5043224096298218,-2.8793225288391113,assist,Yes
4240,0,0,0.32082130082460697,-1.7808048725128174,-1.0308048725128174,assist,No
4241,0,1,0.867035752930664,-0.7721236348152161,-2.6471235752105713,assist,yes
4242,0,0,0.08509904500702024,-3.004056692123413,-0.6290566921234131,assist,No
4243,0,0,0.22270013882530884,-2.147961139678955,-0.8979611396789551,assist,No
4244,0,1,0.5621765008857981,-0.9164391756057739,-1.166439175605774,assist,Yes
4245,0,1,0.6513548646660542,-0.9597086906433105,-1.5847086906433105,assist,yes
4246,0,1,0.8933094174159129,-0.6696714162826538,-2.7946715354919434,assist,Yes
4247,0,1,0.893309411735131,-0.6216298937797546,-2.7466299533843994,assist,Yes
4248,0,0,0.24508501313237172,-1.927836537361145,-0.802836537361145,assist,No
4249,0,1,0.6791787121629466,-0.8749458193778992,-1.624945878982544,assist,Yes
4250,0,0,0.14804721306746543,-2.4484710693359375,-0.698471188545227,assist,No
4251,0,0,0.37754066879814546,-1.4338014125823975,-0.9338014125823975,assist,No
4252,0,0,0.22270011818961086,-2.1006860733032227,-0.8506859540939331,assist,No
4253,0,0,0.34864513533394575,-1.5420597791671753,-0.9170597791671753,assist,No
4254,0,0,0.46879062662624377,-1.4310083389282227,-1.3060083389282227,assist,no
4255,0,0,0.46879062662624377,-1.4027291536331177,-1.2777291536331177,assist,No
4256,0,0,0.0953494648991095,-2.8590705394744873,-0.6090705394744873,assist,no
4257,0,1,0.5621765008857981,-1.1895742416381836,-1.4395742416381836,assist,Yes
4258,0,1,0.7981867777396212,-0.8176455497741699,-2.19264554977417,assist,Yes
4259,0,0,0.4378234991142019,-1.5323315858840942,-1.2823315858840942,assist,no
4260,0,0,0.11920293140927592,-2.414668321609497,-0.41466841101646423,assist,No
4261,0,0,0.4378234991142019,-1.5098862648010254,-1.2598862648010254,assist,no
4262,0,1,0.8807970779778823,-0.7943243980407715,-2.7943243980407715,assist,Yes
4263,0,1,0.679178699175393,-0.9065710306167603,-1.6565710306167603,assist,yes
4264,0,0,0.5,-1.2510617971420288,-1.2510617971420288,assist,No
4265,0,1,0.5312093733737563,-1.306104063987732,-1.431104063987732,assist,Yes
4266,0,0,0.14804719051380197,-2.1311237812042236,-0.38112372159957886,assist,No
4267,0,0,0.18242553269617778,-2.3014023303985596,-0.8014023900032043,assist,No
4268,0,0,0.24508499107646636,-2.0733866691589355,-0.948386549949646,assist,no
4269,0,1,0.679178699175393,-0.7195519208908081,-1.469551920890808,assist,Yes
4270,0,0,0.4378234991142019,-1.5374555587768555,-1.2874555587768555,assist,no
4271,0,0,0.4378234991142019,-1.2416882514953613,-0.9916882514953613,assist,No
4272,0,0,0.46879062662624377,-1.2417956590652466,-1.1167956590652466,assist,No
4273,0,0,0.11920292828022305,-2.7177858352661133,-0.7177858948707581,assist,No
4274,0,0,0.5,-1.2011858224868774,-1.2011858224868774,assist,No
4275,0,1,0.6791786861878392,-0.996573269367218,-1.7465732097625732,assist,Yes
4276,0,0,0.37754066879814546,-1.366909384727478,-0.866909384727478,assist,No
4277,0,0,0.4378234991142019,-1.3389616012573242,-1.0889616012573242,assist,No
4278,0,1,0.5926665999540697,-0.9870376586914062,-1.3620376586914062,assist,Yes
4279,0,1,0.5926665999540697,-1.055558204650879,-1.430558204650879,assist,yes
4280,0,1,0.7772998611746911,-0.7507014274597168,-2.000701427459717,assist,Yes
4281,0,0,0.5,-1.3082056045532227,-1.3082056045532227,assist,No
4282,0,0,0.32082130082460697,-1.5059781074523926,-0.7559781074523926,assist,No
4283,0,0,0.32082130082460697,-1.7807685136795044,-1.0307685136795044,assist,no
4284,0,0,0.40733341443526055,-1.3347902297973633,-0.9597902894020081,assist,no
4285,0,0,0.2227001594610082,-2.0533862113952637,-0.8033863306045532,assist,No
4286,0,0,0.29421497216298875,-1.7811295986175537,-0.9061295986175537,assist,No
4287,0,0,0.5,-1.339117407798767,-1.339117407798767,assist,no
4288,0,0,0.46879062662624377,-1.4635108709335327,-1.3385108709335327,assist,no
4289,0,1,0.8175744850834649,-0.7521976828575134,-2.252197742462158,assist,yes
4290,0,0,0.4073334000459302,-1.4023468494415283,-1.0273468494415283,assist,No
4291,0,0,0.20181321265898594,-2.245042324066162,-0.8700422644615173,assist,No
4292,0,0,0.4378234991142019,-1.149515986442566,-0.8995159864425659,assist,No
4293,0,1,0.7057850278370112,-0.897018313407898,-1.772018313407898,assist,yes
4294,0,0,0.40733341443526055,-1.1866223812103271,-0.8116224408149719,assist,No
4295,0,0,0.32082130082460697,-1.8034985065460205,-1.0534985065460205,assist,No
4296,0,1,0.8175744673038221,-0.8702540993690491,-2.3702540397644043,assist,Yes
4297,0,0,0.24508503518827837,-2.057006359100342,-0.9320064783096313,assist,No
4298,0,0,0.20181320305759334,-2.1143951416015625,-0.739395022392273,assist,no
4299,0,1,0.5926665999540697,-1.1440359354019165,-1.5190359354019165,assist,Yes
4300,0,0,0.34864513533394575,-1.7620031833648682,-1.1370031833648682,assist,no
4301,0,0,0.46879062662624377,-1.24070405960083,-1.11570405960083,assist,No
4302,0,0,0.16451645470385742,-2.217538356781006,-0.5925382971763611,assist,No
4303,0,1,0.7772998508568416,-0.7049768567085266,-1.9549767971038818,assist,Yes
4304,0,0,0.18242552380635632,-2.2479875087738037,-0.7479875087738037,assist,No
4305,0,0,0.4378234991142019,-1.5332368612289429,-1.2832368612289429,assist,no
4306,0,0,0.4073334000459302,-1.3107401132583618,-0.9357401132583618,assist,No
4307,0,0,0.18242552380635632,-2.219857692718506,-0.7198576927185059,assist,no
4308,0,1,0.7549149868676283,-0.739566445350647,-1.864566445350647,assist,Yes
4309,0,1,0.893309411735131,-0.7876927256584167,-2.9126927852630615,assist,Yes
4310,0,0,0.46879062662624377,-1.3737726211547852,-1.2487726211547852,assist,No
4311,0,0,0.20181321265898594,-2.1807665824890137,-0.8057665228843689,assist,no
4312,0,0,0.1329642333263228,-2.4736313819885254,-0.5986313223838806,assist,No
4313,0,1,0.5926665999540697,-1.1893941164016724,-1.5643941164016724,assist,Yes
4314,0,0,0.4073334000459302,-1.5772124528884888,-1.2022124528884888,assist,no
4315,0,0,0.060086648490884395,-3.1127431392669678,-0.3627431094646454,assist,No
4316,0,1,0.679178699175393,-0.9530917406082153,-1.7030917406082153,assist,Yes
4317,0,1,0.7057850278370112,-0.943361759185791,-1.818361759185791,assist,Yes
4318,0,1,0.7772998508568416,-0.802824079990387,-2.052824020385742,assist,Yes
4319,0,0,0.2689414213699951,-1.7339617013931274,-0.7339617013931274,assist,No
4320,0,0,0.11920292828022305,-2.755164384841919,-0.7551644444465637,assist,no
4321,0,0,0.37754066879814546,-1.2289921045303345,-0.7289921045303345,assist,No
4322,0,1,0.8175744850834649,-0.8117949366569519,-2.3117949962615967,assist,Yes
4323,0,1,0.6224593312018546,-1.0380587577819824,-1.5380587577819824,assist,Yes
4324,0,0,0.46879062662624377,-1.3503702878952026,-1.2253702878952026,assist,no
4325,0,0,0.5,-1.3940907716751099,-1.3940907716751099,assist,no
4326,0,1,0.5926665999540697,-1.1650904417037964,-1.5400904417037964,assist,yes
4327,0,0,0.22270014914315833,-2.09336256980896,-0.8433626294136047,assist,No
4328,0,1,0.5312093733737563,-1.2806921005249023,-1.4056921005249023,assist,yes
4329,0,0,0.4073334000459302,-1.5128798484802246,-1.1378798484802246,assist,no
4330,0,1,0.9046505351008906,-0.6796064376831055,-2.9296064376831055,assist,yes
4331,0,0,0.18242551491653522,-2.423644542694092,-0.923644483089447,assist,no
4332,0,0,0.3208213138121609,-1.62001633644104,-0.8700163960456848,assist,no
4333,0,1,0.7981867585368343,-0.7537146806716919,-2.1287145614624023,assist,Yes
4334,0,0,0.08509904500702024,-2.968883752822876,-0.593883752822876,assist,no
4335,0,0,0.08509904036636974,-3.0542428493499756,-0.6792427897453308,assist,No
4336,0,0,0.22270013882530884,-1.934527039527893,-0.6845270395278931,assist,No
4337,0,0,0.22270011818961086,-2.0297045707702637,-0.7797044515609741,assist,No
4338,0,1,0.798186768138228,-0.8335862755775452,-2.2085862159729004,assist,Yes
4339,0,1,0.7549149868676283,-0.8830938339233398,-2.00809383392334,assist,Yes
4340,0,1,0.6224593312018546,-0.9704282283782959,-1.470428228378296,assist,Yes
4341,0,1,0.6513548646660542,-0.9948074817657471,-1.619807481765747,assist,Yes
4342,0,0,0.2689414448079646,-2.008103370666504,-1.0081034898757935,assist,no
4343,0,1,0.7549149868676283,-0.7692767381668091,-1.894276738166809,assist,Yes
4344,0,0,0.1480472055495773,-2.531944990158081,-0.7819450497627258,assist,no
4345,0,1,0.6513548646660542,-0.9946408271789551,-1.619640827178955,assist,Yes
4346,0,0,0.2689414213699951,-1.799863576889038,-0.7998635768890381,assist,No
4347,0,0,0.37754066879814546,-1.5657312870025635,-1.0657312870025635,assist,No
4348,0,1,0.5926665999540697,-1.1401585340499878,-1.5151585340499878,assist,yes
4349,0,0,0.1066905854244781,-2.566420793533325,-0.44142070412635803,assist,No
4350,0,1,0.5621765008857981,-1.2523256540298462,-1.5023256540298462,assist,Yes
4351,0,1,0.7310585786300049,-0.9230217933654785,-1.9230217933654785,assist,Yes
4352,0,0,0.34864513533394575,-1.7022647857666016,-1.0772647857666016,assist,no
4353,0,0,0.06754669301670263,-2.966763496398926,-0.34176352620124817,assist,No
4354,0,0,0.46879062662624377,-1.426705002784729,-1.301705002784729,assist,No
4355,0,0,0.09534947004048376,-3.0091969966888428,-0.7591970562934875,assist,no
4356,0,1,0.679178699175393,-1.0683441162109375,-1.8183441162109375,assist,Yes
4357,0,0,0.34864513533394575,-1.6323773860931396,-1.0073773860931396,assist,No
4358,0,1,0.9324533051062237,-0.6327198147773743,-3.2577197551727295,assist,Yes
4359,0,0,0.10669059962643358,-2.723688840866089,-0.5986889004707336,assist,no
4360,0,1,0.679178699175393,-1.0282702445983887,-1.7782702445983887,assist,yes
4361,0,0,0.2942149597859341,-1.8139593601226807,-0.9389593005180359,assist,No
4362,0,0,0.16451647108926923,-2.3494558334350586,-0.7244558930397034,assist,No
4363,0,1,0.5312093733737563,-1.051130771636963,-1.176130771636963,assist,Yes
4364,0,1,0.6513548782017746,-0.8805782198905945,-1.5055782794952393,assist,Yes
4365,0,0,0.32082130082460697,-1.7598810195922852,-1.0098810195922852,assist,no
4366,0,1,0.679178699175393,-0.7859417200088501,-1.53594172000885,assist,Yes
4367,0,0,0.20181322226037882,-2.300886392593384,-0.9258863925933838,assist,no
4368,0,1,0.867035752930664,-0.695064127445221,-2.570064067840576,assist,Yes
4369,0,0,0.07585818002124356,-2.9863576889038086,-0.4863576889038086,assist,no
4370,0,0,0.46879062662624377,-1.346254825592041,-1.221254825592041,assist,No
4371,0,0,0.34864513533394575,-1.680591344833374,-1.055591344833374,assist,No
4372,0,0,0.08509904500702024,-2.980853796005249,-0.605853796005249,assist,no
4373,0,0,0.29421497216298875,-1.6588823795318604,-0.7838823795318604,assist,No
4374,0,1,0.880797071719777,-0.6349652409553528,-2.634965181350708,assist,Yes
4375,0,1,0.8175744761936437,-0.6528348922729492,-2.152834892272949,assist,Yes
4376,0,1,0.8354835371034369,-0.5536761283874512,-2.178676128387451,assist,Yes
4377,0,0,0.24508500210441886,-1.7594215869903564,-0.6344215273857117,assist,No
4378,0,0,0.4378234991142019,-1.5381475687026978,-1.2881475687026978,assist,no
4379,0,1,0.6224593312018546,-0.9865520000457764,-1.4865520000457764,assist,Yes
4380,0,0,0.3208212878370535,-1.508129596710205,-0.7581295371055603,assist,No
4381,0,1,0.5312093882168609,-0.9713370203971863,-1.096337080001831,assist,Yes
4382,0,1,0.8175744939732856,-0.5739859342575073,-2.073986053466797,assist,Yes
4383,0,0,0.0953494648991095,-2.6167099475860596,-0.36670994758605957,assist,No
4384,0,0,0.2689414213699951,-1.8526191711425781,-0.8526191711425781,assist,No
4385,0,0,0.14804719051380197,-2.5588557720184326,-0.8088557124137878,assist,No
4386,0,0,0.2942149597859341,-1.6183366775512695,-0.7433366179466248,assist,No
4387,0,1,0.7057850154599563,-0.6417890191078186,-1.5167889595031738,assist,Yes
4388,0,0,0.3208213138121609,-1.7463726997375488,-0.9963727593421936,assist,No
4389,0,0,0.4378234991142019,-1.4381310939788818,-1.1881310939788818,assist,No
4390,0,0,0.32082130082460697,-1.5787686109542847,-0.8287686109542847,assist,No
4391,0,0,0.4073333856566001,-1.2339084148406982,-0.8589083552360535,assist,No
4392,0,0,0.46879062662624377,-1.0607128143310547,-0.9357128143310547,assist,No
4393,0,1,0.8933093946927838,-0.57502281665802,-2.7000226974487305,assist,Yes
4394,0,1,0.5621765008857981,-1.1400666236877441,-1.3900666236877441,assist,Yes
4395,0,1,0.5312093733737563,-0.9092198610305786,-1.0342198610305786,assist,Yes
4396,0,0,0.2689414213699951,-1.910080075263977,-0.910080075263977,assist,No
4397,0,1,0.5621765008857981,-1.2797584533691406,-1.5297584533691406,assist,Yes
4398,0,0,0.4073334000459302,-1.4882276058197021,-1.1132276058197021,assist,no
4399,0,1,0.5621765008857981,-1.1614916324615479,-1.4114916324615479,assist,Yes
4400,0,1,0.5621765008857981,-1.1602944135665894,-1.4102944135665894,assist,Yes
4401,0,1,0.7310585786300049,-0.695734977722168,-1.695734977722168,assist,Yes
4402,0,0,0.4073334000459302,-1.2181280851364136,-0.8431280851364136,assist,No
4403,0,0,0.46879062662624377,-1.3424912691116333,-1.2174912691116333,assist,No
4404,0,1,0.5621765008857981,-1.1937475204467773,-1.4437475204467773,assist,Yes
4405,0,1,0.6513548511303336,-0.7194941639900208,-1.344494104385376,assist,Yes
4406,0,1,0.5621765008857981,-1.1615761518478394,-1.4115761518478394,assist,Yes
4407,0,1,0.5312093585306514,-0.9737685322761536,-1.0987684726715088,assist,Yes
4408,0,1,0.5312093733737563,-1.0498121976852417,-1.1748121976852417,assist,Yes
4409,0,0,0.20181322226037882,-2.2543742656707764,-0.8793742656707764,assist,No
4410,0,1,0.5312093733737563,-0.9436684846878052,-1.0686684846878052,assist,Yes
4411,0,0,0.37754066879814546,-1.640822410583496,-1.140822410583496,assist,no
4412,0,0,0.18242552380635632,-2.2498481273651123,-0.7498481273651123,assist,No
4413,0,1,0.7772998508568416,-0.806976854801178,-2.056976795196533,assist,yes
4414,0,0,0.32082130082460697,-1.6742569208145142,-0.9242569208145142,assist,No
4415,0,0,0.4073334000459302,-1.460852026939392,-1.085852026939392,assist,no
4416,0,0,0.14804721306746543,-2.062124729156494,-0.3121248483657837,assist,No
4417,0,0,0.29421497216298875,-1.831925868988037,-0.9569258689880371,assist,No
4418,0,1,0.5312093733737563,-1.3066673278808594,-1.4316673278808594,assist,yes
4419,0,1,0.8354835207180245,-0.6400295495986938,-2.2650294303894043,assist,yes
4420,0,1,0.9241418241572634,-0.7064759135246277,-3.2064759731292725,assist,yes
4421,0,0,0.37754066879814546,-1.621983289718628,-1.121983289718628,assist,No
4422,0,0,0.5,-1.2798917293548584,-1.2798917293548584,assist,No
4423,0,0,0.4073334000459302,-1.5125168561935425,-1.1375168561935425,assist,No
4424,0,0,0.46879062662624377,-1.315549612045288,-1.190549612045288,assist,No
4425,0,1,0.6791787121629466,-0.9389132857322693,-1.688913345336914,assist,Yes
4426,0,1,0.7981867969424066,-0.8421372175216675,-2.217137336730957,assist,Yes
4427,0,1,0.8807970842359877,-0.7409021258354187,-2.7409021854400635,assist,Yes
4428,0,0,0.1824255415859996,-2.0799994468688965,-0.579999566078186,assist,No
4429,0,0,0.29421497216298875,-1.7941750288009644,-0.9191750288009644,assist,no
4430,0,0,0.0850990357257195,-3.094461441040039,-0.7194613218307495,assist,no
4431,0,1,0.7549149868676283,-0.7444710731506348,-1.8694710731506348,assist,yes
4432,0,1,0.7057850278370112,-0.850969672203064,-1.725969672203064,assist,Yes
4433,0,1,0.6224593312018546,-0.9697779417037964,-1.4697779417037964,assist,Yes
4434,0,1,0.7310585786300049,-0.857811689376831,-1.857811689376831,assist,Yes
4435,0,0,0.2689414213699951,-1.4979138374328613,-0.49791383743286133,assist,No
4436,0,1,0.7310585786300049,-0.8578389883041382,-1.8578389883041382,assist,yes
4437,0,0,0.37754066879814546,-1.5603604316711426,-1.0603604316711426,assist,No
4438,0,0,0.37754066879814546,-1.6026380062103271,-1.1026380062103271,assist,no
4439,0,0,0.32082130082460697,-1.804945945739746,-1.054945945739746,assist,no
4440,0,0,0.18242550602671442,-2.2926626205444336,-0.792662501335144,assist,No
4441,0,0,0.1645164792819756,-2.1797714233398438,-0.5547715425491333,assist,no
4442,0,0,0.2689414213699951,-1.9203137159347534,-0.9203137159347534,assist,No
4443,0,0,0.3486451488696663,-1.515275239944458,-0.8902752995491028,assist,no
4444,0,1,0.7057850278370112,-1.0009410381317139,-1.8759410381317139,assist,Yes
4445,0,1,0.7057850402140659,-0.8640140891075134,-1.7390141487121582,assist,Yes
4446,0,0,0.22270013882530884,-1.9606279134750366,-0.7106279134750366,assist,no
4447,0,1,0.8519527944504226,-0.7691765427589417,-2.519176483154297,assist,Yes
4448,0,0,0.2689414213699951,-1.8900840282440186,-0.8900840282440186,assist,No
4449,0,1,0.5312093733737563,-1.305053949356079,-1.430053949356079,assist,yes
4450,0,0,0.2689414448079646,-2.0165791511535645,-1.016579270362854,assist,no
4451,0,1,0.5621765008857981,-0.8692455291748047,-1.1192455291748047,assist,Yes
4452,0,1,0.6513548646660542,-1.0907148122787476,-1.7157148122787476,assist,Yes
4453,0,1,0.8175744761936437,-0.6932346820831299,-2.19323468208313,assist,Yes
4454,0,1,0.851952809486198,-0.6625267863273621,-2.412526845932007,assist,Yes
4455,0,1,0.7772998405389918,-0.891640305519104,-2.1416401863098145,assist,yes
4456,0,1,0.6513548646660542,-1.0697290897369385,-1.6947290897369385,assist,yes
4457,0,0,0.24508502416032488,-1.7635445594787598,-0.6385446190834045,assist,No
4458,0,1,0.5312093733737563,-1.1173956394195557,-1.2423956394195557,assist,yes
4459,0,1,0.9241418199787566,-0.5886523723602295,-3.0886523723602295,assist,Yes
4460,0,1,0.9046505453836383,-0.5182908773422241,-2.7682909965515137,assist,Yes
4461,0,0,0.37754066879814546,-1.5397506952285767,-1.0397506952285767,assist,no
4462,0,0,0.4073333856566001,-1.3120203018188477,-0.9370202422142029,assist,No
4463,0,0,0.37754066879814546,-1.2616084814071655,-0.7616084814071655,assist,No
4464,0,0,0.1329642333263228,-2.422034502029419,-0.5470344424247742,assist,no
4465,0,1,0.5926665999540697,-1.1643775701522827,-1.5393775701522827,assist,yes
4466,0,1,0.5621765008857981,-1.25232994556427,-1.50232994556427,assist,Yes
4467,0,0,0.4378234991142019,-1.2408555746078491,-0.9908555746078491,assist,No
4468,0,0,0.32082130082460697,-1.4820075035095215,-0.7320075035095215,assist,No
4469,0,1,0.9241418116217418,-0.6417099237442017,-3.141709804534912,assist,Yes
4470,0,0,0.2689414213699951,-2.0179548263549805,-1.0179548263549805,assist,no
4471,0,0,0.14804718675485834,-2.1092605590820312,-0.3592604696750641,assist,No
4472,0,0,0.2942149845400438,-1.7427947521209717,-0.8677948117256165,assist,no
4473,0,1,0.6224593312018546,-1.0281882286071777,-1.5281882286071777,assist,yes
4474,0,0,0.5,-1.3093183040618896,-1.3093183040618896,assist,No
4475,0,1,0.7772998611746911,-0.8568284511566162,-2.106828451156616,assist,Yes
4476,0,0,0.4378234991142019,-1.3861196041107178,-1.1361196041107178,assist,No
4477,0,1,0.679178699175393,-0.7572687864303589,-1.5072687864303589,assist,Yes
4478,0,0,0.4073333856566001,-1.2786757946014404,-0.9036757349967957,assist,No
4479,0,0,0.20181324146316565,-2.287672519683838,-0.9126726388931274,assist,no
4480,0,0,0.4073334000459302,-1.5074005126953125,-1.1324005126953125,assist,No
4481,0,1,0.5926665999540697,-0.9693148136138916,-1.3443148136138916,assist,Yes
4482,0,1,0.6791786861878392,-0.9385512471199036,-1.6885511875152588,assist,Yes
4483,0,0,0.37754066879814546,-1.6909822225570679,-1.1909822225570679,assist,no
4484,0,0,0.5,-1.3678152561187744,-1.3678152561187744,assist,no
4485,0,1,0.679178699175393,-0.8748253583908081,-1.624825358390808,assist,Yes
4486,0,0,0.11920292828022305,-2.648252487182617,-0.648252546787262,assist,no
4487,0,0,0.29421497216298875,-1.9166622161865234,-1.0416622161865234,assist,no
4488,0,0,0.11920292202211755,-2.613086223602295,-0.6130862236022949,assist,No
4489,0,1,0.5312093733737563,-1.3366695642471313,-1.4616695642471313,assist,Yes
4490,0,0,0.18242550602671442,-2.065946102142334,-0.5659459829330444,assist,no
4491,0,0,0.03732689055684297,-3.647385597229004,-0.39738568663597107,assist,no
4492,0,1,0.867035752930664,-0.704214870929718,-2.5792148113250732,assist,Yes
4493,0,1,0.7310585786300049,-0.9702812433242798,-1.9702812433242798,assist,yes
4494,0,1,0.7981867585368343,-0.8335691690444946,-2.208569049835205,assist,yes
4495,0,0,0.4073334000459302,-1.353753685951233,-0.9787536859512329,assist,No
4496,0,0,0.29421497216298875,-1.9330050945281982,-1.0580050945281982,assist,no
4497,0,1,0.8807970654616711,-0.5384308099746704,-2.538430690765381,assist,Yes
4498,0,1,0.6513548646660542,-0.880339503288269,-1.505339503288269,assist,Yes
4499,0,1,0.5621765008857981,-1.2270088195800781,-1.4770088195800781,assist,Yes
4500,0,1,0.5312093733737563,-1.1207585334777832,-1.2457585334777832,assist,Yes
4501,0,1,0.7057850278370112,-0.8508962392807007,-1.7258962392807007,assist,Yes
4502,0,0,0.1645164628965632,-2.4520552158355713,-0.8270552158355713,assist,No
4503,0,0,0.4073334000459302,-1.4338672161102295,-1.0588672161102295,assist,no
4504,0,1,0.7057850402140659,-0.9884232878684998,-1.8634233474731445,assist,yes
4505,0,1,0.5621765008857981,-1.2458481788635254,-1.4958481788635254,assist,yes
4506,0,0,0.1480471829959148,-2.3177437782287598,-0.5677436590194702,assist,No
4507,0,1,0.8354835371034369,-0.8508279323577881,-2.475827932357788,assist,Yes
4508,0,1,0.9241418116217418,-0.6580444574356079,-3.1580443382263184,assist,yes
4509,0,0,0.4378234991142019,-1.3650175333023071,-1.1150175333023071,assist,no
4510,0,0,0.09534947004048376,-2.9158835411071777,-0.6658836007118225,assist,no
4511,0,0,0.13296423676207594,-2.3235855102539062,-0.44858548045158386,assist,No
4512,0,0,0.34864513533394575,-1.6451098918914795,-1.0201098918914795,assist,no
4513,0,0,0.22270013882530884,-1.9070632457733154,-0.6570632457733154,assist,No
4514,0,1,0.8670357666736773,-0.6863314509391785,-2.5613315105438232,assist,yes
4515,0,0,0.11920292202211755,-2.5908758640289307,-0.5908758640289307,assist,no
4516,0,0,0.5,-1.406420350074768,-1.406420350074768,assist,no
4517,0,1,0.6513548646660542,-0.9418001174926758,-1.5668001174926758,assist,Yes
4518,0,1,0.7310585786300049,-0.9535030126571655,-1.9535030126571655,assist,yes
4519,0,1,0.5312093733737563,-1.1929292678833008,-1.3179292678833008,assist,Yes
4520,0,0,0.08509904500702024,-3.0839731693267822,-0.7089731693267822,assist,no
4521,0,0,0.4378234991142019,-1.036320686340332,-0.786320686340332,assist,No
4522,0,1,0.5926665999540697,-1.2007564306259155,-1.5757564306259155,assist,Yes
4523,0,1,0.8519528019683106,-0.7594830989837646,-2.5094830989837646,assist,yes
4524,0,0,0.5,-1.1787586212158203,-1.1787586212158203,assist,no
4525,0,0,0.07585817166422973,-2.9599251747131348,-0.4599250555038452,assist,No
4526,0,1,0.914900950352329,-0.6686165928840637,-3.043616533279419,assist,yes
4527,0,1,0.8175744673038221,-0.7060320973396301,-2.2060320377349854,assist,Yes
4528,0,0,0.2942149845400438,-1.6015679836273193,-0.7265680432319641,assist,No
4529,0,0,0.2942149845400438,-1.7234892845153809,-0.8484893441200256,assist,No
4530,0,0,0.2689414213699951,-1.6214402914047241,-0.6214402914047241,assist,No
4531,0,1,0.9241418199787566,-0.6399180889129639,-3.139918088912964,assist,Yes
4532,0,0,0.3486451217982255,-1.354975700378418,-0.7299756407737732,assist,No
4533,0,1,0.6791786861878392,-0.992753803730011,-1.7427537441253662,assist,Yes
4534,0,0,0.10669058826486906,-2.902384042739868,-0.7773839831352234,assist,No
4535,0,1,0.8670357735451834,-0.6528986692428589,-2.5278987884521484,assist,Yes
4536,0,0,0.5,-1.2823173999786377,-1.2823173999786377,assist,No
4537,0,1,0.754914997895581,-0.9310562014579773,-2.056056261062622,assist,Yes
4538,0,0,0.09534945975773548,-2.8887555599212646,-0.6387555003166199,assist,No
4539,0,1,0.5926665855647394,-0.8838399052619934,-1.2588398456573486,assist,yes
4540,0,1,0.8807970904940926,-0.5829790830612183,-2.582979202270508,assist,Yes
4541,0,1,0.5621765008857981,-1.218308448791504,-1.468308448791504,assist,yes
4542,0,0,0.13296424019782924,-2.503662347793579,-0.6286623477935791,assist,No
4543,0,0,0.24508501313237172,-2.107534885406494,-0.9825348854064941,assist,no
4544,0,0,0.4378234991142019,-1.4721031188964844,-1.2221031188964844,assist,No
4545,0,0,0.2942149845400438,-1.567474603652954,-0.6924746632575989,assist,No
4546,0,0,0.22270012850745968,-2.114170789718628,-0.8641707301139832,assist,No
4547,0,1,0.8670357460591569,-0.7735272645950317,-2.648527145385742,assist,yes
4548,0,1,0.5621765008857981,-1.1899136304855347,-1.4399136304855347,assist,yes
4549,0,1,0.6513548646660542,-1.069252848625183,-1.694252848625183,assist,yes
4550,0,0,0.24508501313237172,-1.7384083271026611,-0.6134083271026611,assist,No
4551,0,1,0.679178699175393,-0.8400712013244629,-1.590071201324463,assist,Yes
4552,0,0,0.24508500210441886,-1.9192490577697754,-0.7942489981651306,assist,no
4553,0,1,0.8354835452961425,-0.7819115519523621,-2.406911611557007,assist,yes
4554,0,0,0.5,-1.1774967908859253,-1.1774967908859253,assist,No
4555,0,1,0.8354835289107309,-0.8086157441139221,-2.4336156845092773,assist,yes
4556,0,0,0.2689414213699951,-1.5618096590042114,-0.5618096590042114,assist,No
4557,0,1,0.7310585669110203,-0.7624319195747375,-1.7624318599700928,assist,Yes
4558,0,1,0.7981867777396212,-0.6804494857788086,-2.0554494857788086,assist,Yes
4559,0,1,0.6513548782017746,-0.9295825362205505,-1.5545825958251953,assist,yes
4560,0,1,0.6224593312018546,-1.0076220035552979,-1.5076220035552979,assist,yes
4561,0,1,0.9324533013520764,-0.7054077386856079,-3.3304076194763184,assist,yes
4562,0,1,0.6513548646660542,-1.107979655265808,-1.732979655265808,assist,Yes
4563,0,0,0.37754066879814546,-1.6394946575164795,-1.1394946575164795,assist,no
4564,0,0,0.32082130082460697,-1.607851266860962,-0.8578512668609619,assist,No
4565,0,1,0.5926665855647394,-0.8518534302711487,-1.226853370666504,assist,Yes
4566,0,1,0.9149009596336303,-0.5981253981590271,-2.973125457763672,assist,Yes
4567,0,1,0.5312093733737563,-0.9745391607284546,-1.0995391607284546,assist,Yes
4568,0,0,0.20181323186177208,-2.189819097518921,-0.8148191571235657,assist,No
4569,0,1,0.8807970904940926,-0.7368510961532593,-2.736851215362549,assist,Yes
4570,0,1,0.5312093733737563,-1.1655590534210205,-1.2905590534210205,assist,Yes
4571,0,1,0.5926665999540697,-0.77777099609375,-1.15277099609375,assist,Yes
4572,0,1,0.6513548646660542,-0.7284958362579346,-1.3534958362579346,assist,Yes
4573,0,0,0.2689414448079646,-2.0088629722595215,-1.008863091468811,assist,no
4574,0,0,0.22270013882530884,-2.094585657119751,-0.844585657119751,assist,No
4575,0,1,0.8933094060543487,-0.6160304546356201,-2.74103045463562,assist,Yes
4576,0,0,0.32082130082460697,-1.7283395528793335,-0.9783395528793335,assist,no
4577,0,1,0.7549149868676283,-0.8941805362701416,-2.0191805362701416,assist,yes
4578,0,1,0.7549149648117217,-0.8835798501968384,-2.008579730987549,assist,Yes
4579,0,1,0.7549150089235336,-0.9530590772628784,-2.078059196472168,assist,Yes
4580,0,1,0.6224593312018546,-0.92411208152771,-1.42411208152771,assist,Yes
4581,0,1,0.5621765008857981,-1.2199220657348633,-1.4699220657348633,assist,Yes
4582,0,1,0.6513548782017746,-0.9802410006523132,-1.605241060256958,assist,yes
4583,0,1,0.6224593312018546,-1.1339619159698486,-1.6339619159698486,assist,Yes
4584,0,0,0.1645164628965632,-2.2538444995880127,-0.6288444995880127,assist,No
4585,0,1,0.679178699175393,-1.0541694164276123,-1.8041694164276123,assist,Yes
4586,0,1,0.5312093733737563,-1.2487165927886963,-1.3737165927886963,assist,Yes
4587,0,1,0.6224593312018546,-1.0822563171386719,-1.5822563171386719,assist,yes
4588,0,1,0.6224593312018546,-1.04036545753479,-1.54036545753479,assist,Yes
4589,0,0,0.22270011818961086,-2.1687631607055664,-0.9187630414962769,assist,no
4590,0,1,0.5312093733737563,-1.0343303680419922,-1.1593303680419922,assist,Yes
4591,0,0,0.09534945975773548,-3.0373847484588623,-0.7873846888542175,assist,no
4592,0,0,0.46879062662624377,-1.402735710144043,-1.277735710144043,assist,No
4593,0,1,0.5312093733737563,-1.0095148086547852,-1.1345148086547852,assist,Yes
4594,0,1,0.8807970654616711,-0.750433087348938,-2.7504329681396484,assist,yes
4595,0,1,0.5621765008857981,-1.252321720123291,-1.502321720123291,assist,Yes
4596,0,1,0.9324533051062237,-0.639048159122467,-3.2640480995178223,assist,Yes
4597,0,0,0.16451647108926923,-2.299428701400757,-0.6744287610054016,assist,No
4598,0,0,0.24508502416032488,-1.9022059440612793,-0.7772060036659241,assist,No
4599,0,0,0.1645164628965632,-2.451173782348633,-0.8261737823486328,assist,No
4600,0,0,0.34864513533394575,-1.65365731716156,-1.02865731716156,assist,no
4601,0,0,0.34864513533394575,-1.6831684112548828,-1.0581684112548828,assist,No
4602,0,1,0.8519527944504226,-0.6156099438667297,-2.365609884262085,assist,Yes
4603,0,1,0.7310585669110203,-0.8589282631874084,-1.8589282035827637,assist,Yes
4604,0,1,0.5926665999540697,-0.9537609815597534,-1.3287609815597534,assist,Yes
4605,0,0,0.2689414213699951,-1.92218816280365,-0.9221881628036499,assist,no
4606,0,0,0.1645164628965632,-2.3455560207366943,-0.7205560207366943,assist,no
4607,0,1,0.8933094060543487,-0.7433960437774658,-2.868396043777466,assist,yes
4608,0,0,0.16451645470385742,-2.3402671813964844,-0.7152671217918396,assist,No
4609,0,1,0.6224593312018546,-1.0765154361724854,-1.5765154361724854,assist,Yes
4610,0,0,0.37754066879814546,-1.4874696731567383,-0.9874696731567383,assist,no
4611,0,1,0.7310585669110203,-0.9535413384437561,-1.9535412788391113,assist,yes
4612,0,0,0.5,-1.2279661893844604,-1.2279661893844604,assist,No
4613,0,1,0.7549149868676283,-0.8942961692810059,-2.019296169281006,assist,yes
4614,0,1,0.7981867969424066,-0.6740459203720093,-2.049046039581299,assist,Yes
4615,0,1,0.7057850278370112,-0.7607975006103516,-1.6357975006103516,assist,Yes
4616,0,0,0.5,-1.134138822555542,-1.134138822555542,assist,No
4617,0,1,0.7310585786300049,-0.9707409143447876,-1.9707409143447876,assist,yes
4618,0,0,0.4378234991142019,-1.3334424495697021,-1.0834424495697021,assist,no
4619,0,0,0.5,-1.2231988906860352,-1.2231988906860352,assist,no
4620,0,1,0.6513548646660542,-1.055532455444336,-1.680532455444336,assist,yes
4621,0,1,0.9241418199787566,-0.7000288963317871,-3.200028896331787,assist,yes
4622,0,0,0.37754066879814546,-1.5332565307617188,-1.0332565307617188,assist,No
4623,0,1,0.6224593312018546,-1.0940088033676147,-1.5940088033676147,assist,Yes
4624,0,1,0.6224593312018546,-1.0747939348220825,-1.5747939348220825,assist,Yes
4625,0,1,0.5621765008857981,-0.9782288074493408,-1.2282288074493408,assist,Yes
4626,0,0,0.46879062662624377,-1.2111951112747192,-1.0861951112747192,assist,no
4627,0,0,0.32082130082460697,-1.6035200357437134,-0.8535200357437134,assist,No
4628,0,1,0.5621765155565327,-0.8832926154136658,-1.1332926750183105,assist,Yes
4629,0,0,0.2689414213699951,-1.9714494943618774,-0.9714494943618774,assist,no
4630,0,1,0.5312093733737563,-1.1667015552520752,-1.2917015552520752,assist,yes
4631,0,0,0.09534945975773548,-3.024054765701294,-0.7740547060966492,assist,no
4632,0,0,0.4378234991142019,-1.3896424770355225,-1.1396424770355225,assist,No
4633,0,0,0.4378234844434674,-1.1675353050231934,-0.9175352454185486,assist,No
4634,0,0,0.2689414330889798,-1.694162368774414,-0.6941624283790588,assist,No
4635,0,0,0.1329642333263228,-2.4079320430755615,-0.5329319834709167,assist,no
4636,0,0,0.06754668738548215,-3.2930617332458496,-0.6680616736412048,assist,No
4637,0,0,0.4378234991142019,-1.241765022277832,-0.991765022277832,assist,No
4638,0,0,0.18242552380635632,-2.28310227394104,-0.78310227394104,assist,No
4639,0,1,0.6224593312018546,-1.0951486825942993,-1.5951486825942993,assist,Yes
4640,0,0,0.4073333856566001,-1.3606812953948975,-0.9856812357902527,assist,No
4641,0,0,0.5,-1.2012965679168701,-1.2012965679168701,assist,No
4642,0,1,0.5926665999540697,-1.178609848022461,-1.553609848022461,assist,Yes
4643,0,1,0.7310585786300049,-0.8586242198944092,-1.8586242198944092,assist,yes
4644,0,1,0.9324533088603709,-0.6924097537994385,-3.3174097537994385,assist,yes
4645,0,0,0.46879062662624377,-1.4004878997802734,-1.2754878997802734,assist,No
4646,0,1,0.6224593312018546,-1.176506519317627,-1.676506519317627,assist,Yes
4647,0,0,0.2689414213699951,-1.9935510158538818,-0.9935510158538818,assist,no
4648,0,0,0.4073334000459302,-1.5161125659942627,-1.1411125659942627,assist,no
4649,0,1,0.8670357460591569,-0.7401067018508911,-2.6151065826416016,assist,yes
4650,0,0,0.46879062662624377,-1.2434840202331543,-1.1184840202331543,assist,no
4651,0,1,0.6224593312018546,-1.0780476331710815,-1.5780476331710815,assist,Yes
4652,0,0,0.5,-1.3981266021728516,-1.3981266021728516,assist,no
4653,0,1,0.5926665999540697,-1.0559991598129272,-1.4309991598129272,assist,yes
4654,0,0,0.11920292515117029,-2.299309253692627,-0.29930928349494934,assist,No
4655,0,0,0.3208213138121609,-1.5319194793701172,-0.781919538974762,assist,No
4656,0,1,0.5312093733737563,-0.8815402984619141,-1.006540298461914,assist,Yes
4657,0,1,0.7549149868676283,-0.8835210800170898,-2.00852108001709,assist,Yes
4658,0,1,0.9046505248181417,-0.6077486276626587,-2.857748508453369,assist,Yes
4659,0,0,0.10669060530721626,-2.6781997680664062,-0.5531998872756958,assist,No
4660,0,0,0.042087729117139754,-3.48349666595459,-0.35849669575691223,assist,No
4661,0,1,0.7057850154599563,-0.8525295853614807,-1.727529525756836,assist,Yes
4662,0,0,0.16451644651115205,-2.4538044929504395,-0.8288043737411499,assist,No
4663,0,0,0.22270012850745968,-1.8876566886901855,-0.6376566290855408,assist,No
4664,0,1,0.8354835371034369,-0.7992167472839355,-2.4242167472839355,assist,yes
4665,0,0,0.18242552380635632,-2.4025566577911377,-0.9025566577911377,assist,no
4666,0,0,0.2689414213699951,-1.7218868732452393,-0.7218868732452393,assist,No
4667,0,1,0.8807970842359877,-0.7951790690422058,-2.7951791286468506,assist,Yes
4668,0,1,0.8175744584140004,-0.7836428880691528,-2.2836427688598633,assist,yes
4669,0,1,0.798186768138228,-0.792448103427887,-2.167448043823242,assist,yes
4670,0,0,0.4378234991142019,-1.4713958501815796,-1.2213958501815796,assist,No
4671,0,1,0.7772998405389918,-0.9251939058303833,-2.1751937866210938,assist,Yes
4672,0,1,0.9046505453836383,-0.714964747428894,-2.9649648666381836,assist,Yes
4673,0,1,0.957912274487423,-0.6169988512992859,-3.7419989109039307,assist,yes
4674,0,0,0.46879062662624377,-1.3495441675186157,-1.2245441675186157,assist,no
4675,0,1,0.6513548646660542,-1.0333563089370728,-1.6583563089370728,assist,yes
4676,0,0,0.5,-1.4013712406158447,-1.4013712406158447,assist,no
4677,0,0,0.46879062662624377,-1.342974305152893,-1.217974305152893,assist,No
4678,0,1,0.8807970779778823,-0.5830316543579102,-2.58303165435791,assist,Yes
4679,0,1,0.798186768138228,-0.8520467877388,-2.2270467281341553,assist,yes
4680,0,0,0.4073334000459302,-1.489001750946045,-1.114001750946045,assist,No
4681,0,0,0.09534945975773548,-2.817441940307617,-0.5674418807029724,assist,No
4682,0,0,0.46879062662624377,-1.289064645767212,-1.164064645767212,assist,No
4683,0,0,0.4073334000459302,-1.4180512428283691,-1.0430512428283691,assist,No
4684,0,1,0.5312093733737563,-1.121993064880371,-1.246993064880371,assist,Yes
4685,0,0,0.20181321265898594,-2.1945836544036865,-0.8195835947990417,assist,No
4686,0,1,0.5312093733737563,-1.0746890306472778,-1.1996890306472778,assist,Yes
4687,0,1,0.7057850278370112,-1.0316455364227295,-1.9066455364227295,assist,Yes
4688,0,0,0.22270013882530884,-1.8417890071868896,-0.5917890071868896,assist,no
4689,0,1,0.6224593312018546,-1.0049986839294434,-1.5049986839294434,assist,Yes
4690,0,1,0.7772998714925403,-0.8481456637382507,-2.0981457233428955,assist,yes
4691,0,1,0.8175744761936437,-0.7492203712463379,-2.249220371246338,assist,Yes
4692,0,0,0.3486451488696663,-1.324897289276123,-0.6998973488807678,assist,No
4693,0,0,0.16451647108926923,-2.207716226577759,-0.5827162861824036,assist,No
4694,0,0,0.24508503518827837,-2.0593581199645996,-0.9343582391738892,assist,no
4695,0,1,0.8354835452961425,-0.7996651530265808,-2.4246652126312256,assist,Yes
4696,0,0,0.5,-1.0171222686767578,-1.0171222686767578,assist,No
4697,0,0,0.24508501313237172,-1.9148954153060913,-0.7898954153060913,assist,No
4698,0,0,0.22270013882530884,-1.9011434316635132,-0.6511434316635132,assist,No
4699,0,1,0.5926665999540697,-1.0177953243255615,-1.3927953243255615,assist,Yes
4700,0,1,0.5621765008857981,-1.2196999788284302,-1.4696999788284302,assist,yes
4701,0,1,0.5621765008857981,-1.1611090898513794,-1.4111090898513794,assist,Yes
4702,0,0,0.1824255415859996,-2.3664803504943848,-0.8664804697036743,assist,no
4703,0,0,0.24508500210441886,-2.0018725395202637,-0.8768724799156189,assist,no
4704,0,1,0.7772998714925403,-0.8478445410728455,-2.0978446006774902,assist,Yes
4705,0,0,0.0758581737534831,-2.945040225982666,-0.44504013657569885,assist,No
4706,0,1,0.9046505402422645,-0.7775289416313171,-3.027529001235962,assist,Yes
4707,0,0,0.0953494648991095,-2.684067964553833,-0.434067964553833,assist,No
4708,0,1,0.8933094060543487,-0.7878737449645996,-2.9128737449645996,assist,Yes
4709,0,0,0.2689414213699951,-1.960109829902649,-0.9601098299026489,assist,No
4710,0,1,0.8175744850834649,-0.7017259001731873,-2.201725959777832,assist,Yes
4711,0,0,0.18242552380635632,-2.392212390899658,-0.8922123908996582,assist,no
4712,0,1,0.8519528019683106,-0.615623950958252,-2.365623950958252,assist,Yes
4713,0,1,0.5926665999540697,-1.0872352123260498,-1.4622352123260498,assist,Yes
4714,0,1,0.6224593312018546,-0.8870553970336914,-1.3870553970336914,assist,yes
4715,0,0,0.5,-0.9284414052963257,-0.9284414052963257,assist,No
4716,0,0,0.4378234991142019,-1.3644949197769165,-1.1144949197769165,assist,No
4717,0,0,0.2689414330889798,-1.6810121536254883,-0.6810122132301331,assist,No
4718,0,1,0.5621765008857981,-1.0228780508041382,-1.2728780508041382,assist,Yes
4719,0,0,0.16451645470385742,-2.4054338932037354,-0.7804338335990906,assist,no
4720,0,1,0.5621765008857981,-1.1330513954162598,-1.3830513954162598,assist,yes
4721,0,0,0.24508499107646636,-2.1154685020446777,-0.9904683828353882,assist,no
4722,0,1,0.8519527944504226,-0.7889605164527893,-2.5389604568481445,assist,yes
4723,0,0,0.18242553269617778,-2.3065614700317383,-0.8065615296363831,assist,no
4724,0,1,0.7981867873410141,-0.7788981795310974,-2.153898239135742,assist,Yes
4725,0,1,0.8933094174159129,-0.6186445951461792,-2.7436447143554688,assist,Yes
4726,0,1,0.5621765008857981,-1.1627150774002075,-1.4127150774002075,assist,yes
4727,0,0,0.37754066879814546,-1.298410415649414,-0.7984104156494141,assist,No
4728,0,0,0.1645164792819756,-2.395625591278076,-0.7706257104873657,assist,No
4729,0,1,0.5926665999540697,-0.9272376298904419,-1.302237629890442,assist,Yes
4730,0,0,0.20181324146316565,-2.063015937805176,-0.6880160570144653,assist,No
4731,0,0,0.20181324146316565,-2.0980615615844727,-0.7230616807937622,assist,No
4732,0,0,0.37754066879814546,-1.472398281097412,-0.9723982810974121,assist,no
4733,0,1,0.6224593312018546,-1.1409590244293213,-1.6409590244293213,assist,yes
4734,0,0,0.4073334000459302,-1.4047025442123413,-1.0297025442123413,assist,no
4735,0,0,0.40733341443526055,-1.153322458267212,-0.7783225178718567,assist,No
4736,0,0,0.2689414213699951,-1.8922897577285767,-0.8922897577285767,assist,No
4737,0,0,0.37754066879814546,-1.5081787109375,-1.0081787109375,assist,No
4738,0,0,0.16451645470385742,-2.3925020694732666,-0.7675020098686218,assist,No
4739,0,1,0.7057850278370112,-0.8970980644226074,-1.7720980644226074,assist,yes
4740,0,1,0.7057850278370112,-0.9577445983886719,-1.8327445983886719,assist,Yes
4741,0,1,0.754914997895581,-0.9073252081871033,-2.032325267791748,assist,yes
4742,0,1,0.6513548511303336,-0.86704021692276,-1.4920401573181152,assist,Yes
4743,0,0,0.3208212878370535,-1.6244475841522217,-0.8744475245475769,assist,No
4744,0,1,0.5621765008857981,-1.2218669652938843,-1.4718669652938843,assist,yes
4745,0,0,0.5,-1.3525134325027466,-1.3525134325027466,assist,no
4746,0,1,0.7310585669110203,-0.9526570439338684,-1.9526569843292236,assist,yes
4747,0,0,0.20181322226037882,-2.1557068824768066,-0.7807068824768066,assist,No
4748,0,0,0.4073334000459302,-1.3837777376174927,-1.0087777376174927,assist,No
4749,0,0,0.32082130082460697,-1.728185772895813,-0.978185772895813,assist,No
4750,0,1,0.5621765008857981,-1.185543179512024,-1.435543179512024,assist,Yes
4751,0,0,0.3486451217982255,-1.5900416374206543,-0.9650415778160095,assist,No
4752,0,1,0.7057850278370112,-0.9703245162963867,-1.8453245162963867,assist,yes
4753,0,1,0.754914975839675,-0.9410575032234192,-2.0660574436187744,assist,Yes
4754,0,1,0.6224593312018546,-1.1394250392913818,-1.6394250392913818,assist,yes
4755,0,0,0.4073334000459302,-1.1846882104873657,-0.8096882104873657,assist,No
4756,0,1,0.679178699175393,-1.0512577295303345,-1.8012577295303345,assist,Yes
4757,0,1,0.8519527944504226,-0.6650062203407288,-2.415006160736084,assist,yes
4758,0,0,0.18242553269617778,-2.2828164100646973,-0.782816469669342,assist,no
4759,0,1,0.7057850278370112,-1.0011396408081055,-1.8761396408081055,assist,Yes
4760,0,1,0.851952809486198,-0.6157717108726501,-2.365771770477295,assist,Yes
4761,0,1,0.6513548646660542,-1.092801809310913,-1.717801809310913,assist,yes
4762,0,0,0.24508501313237172,-1.779781460762024,-0.6547814607620239,assist,No
4763,0,1,0.851952809486198,-0.7165560126304626,-2.4665560722351074,assist,yes
4764,0,0,0.06754668550840877,-2.9357545375823975,-0.3107544481754303,assist,No
4765,0,1,0.8519528019683106,-0.7888188362121582,-2.538818836212158,assist,yes
4766,0,0,0.5,-1.2840813398361206,-1.2840813398361206,assist,No
4767,0,0,0.2689414213699951,-1.512202501296997,-0.5122025012969971,assist,No
4768,0,0,0.5,-1.2066454887390137,-1.2066454887390137,assist,No
4769,0,0,0.24508501313237172,-2.1090054512023926,-0.9840054512023926,assist,no
4770,0,0,0.40733341443526055,-1.3356633186340332,-0.960663378238678,assist,No
4771,0,0,0.07585817166422973,-2.943910598754883,-0.44391047954559326,assist,No
4772,0,0,0.29421497216298875,-1.7366796731948853,-0.8616796731948853,assist,no
4773,0,1,0.7057850154599563,-0.7110176682472229,-1.5860176086425781,assist,Yes
4774,0,0,0.18242552380635632,-2.3395378589630127,-0.8395378589630127,assist,No
4775,0,1,0.679178699175393,-1.0900816917419434,-1.8400816917419434,assist,Yes
4776,0,1,0.8175744761936437,-0.8289322853088379,-2.328932285308838,assist,yes
4777,0,1,0.5312093733737563,-1.2743544578552246,-1.3993544578552246,assist,Yes
4778,0,0,0.09534947004048376,-2.594606876373291,-0.3446069359779358,assist,No
4779,0,1,0.679178699175393,-1.0087543725967407,-1.7587543725967407,assist,Yes
4780,0,0,0.24508503518827837,-2.0284066200256348,-0.9034067392349243,assist,No
4781,0,0,0.3775406547908327,-1.389908790588379,-0.8899087309837341,assist,No
4782,0,1,0.9046505299595163,-0.6075621247291565,-2.8575620651245117,assist,Yes
4783,0,0,0.2942149845400438,-1.6008269786834717,-0.7258270382881165,assist,No
4784,0,1,0.7310585786300049,-0.8475104570388794,-1.8475104570388794,assist,Yes
4785,0,0,0.37754066879814546,-1.3326703310012817,-0.8326703310012817,assist,No
4786,0,1,0.679178699175393,-1.0288844108581543,-1.7788844108581543,assist,yes
4787,0,0,0.4073334000459302,-1.4082223176956177,-1.0332223176956177,assist,no
4788,0,0,0.4073334000459302,-1.317991018295288,-0.9429910182952881,assist,No
4789,0,0,0.5,-1.2894349098205566,-1.2894349098205566,assist,no
4790,0,1,0.679178699175393,-1.008468747138977,-1.758468747138977,assist,Yes
4791,0,0,0.2689414213699951,-1.9681754112243652,-0.9681754112243652,assist,No
4792,0,0,0.4073334000459302,-1.2352105379104614,-0.8602105379104614,assist,No
4793,0,0,0.2942149597859341,-1.7148566246032715,-0.8398565649986267,assist,no
4794,0,1,0.5621765008857981,-0.9540220499038696,-1.2040220499038696,assist,Yes
4795,0,0,0.18242553269617778,-2.1746206283569336,-0.6746206879615784,assist,no
4796,0,0,0.0534033328129234,-3.5540761947631836,-0.6790762543678284,assist,No
4797,0,0,0.5,-1.1330912113189697,-1.1330912113189697,assist,No
4798,0,0,0.11920293453832885,-2.630265235900879,-0.6302653551101685,assist,no
4799,0,0,0.18242552380635632,-2.226583480834961,-0.7265834808349609,assist,no
4800,0,0,0.22270013882530884,-1.9087345600128174,-0.6587345600128174,assist,No
4801,0,1,0.679178699175393,-0.8880984783172607,-1.6380984783172607,assist,Yes
4802,0,1,0.679178699175393,-0.8291596174240112,-1.5791596174240112,assist,Yes
4803,0,0,0.13296424706933604,-2.539412260055542,-0.6644123196601868,assist,no
4804,0,0,0.09534947004048376,-2.8953022956848145,-0.6453023552894592,assist,No
4805,0,1,0.5312093733737563,-1.0507946014404297,-1.1757946014404297,assist,Yes
4806,0,0,0.46879062662624377,-1.4083272218704224,-1.2833272218704224,assist,No
4807,0,0,0.11920293453832885,-2.459367275238037,-0.45936739444732666,assist,No
4808,0,0,0.18242553269617778,-2.1235454082489014,-0.6235454678535461,assist,No
4809,0,1,0.924141817889503,-0.49810221791267395,-2.9981021881103516,assist,Yes
4810,0,0,0.20181324146316565,-2.2665014266967773,-0.8915015459060669,assist,no
4811,0,1,0.7310585786300049,-0.7979048490524292,-1.7979048490524292,assist,Yes
4812,0,1,0.8670357598021706,-0.6994321346282959,-2.574432134628296,assist,Yes
4813,0,1,0.8175744850834649,-0.6943714022636414,-2.194371461868286,assist,Yes
4814,0,0,0.11920291576401235,-2.674759864807129,-0.6747598052024841,assist,No
4815,0,1,0.7310585786300049,-0.9514563083648682,-1.9514563083648682,assist,yes
4816,0,0,0.13296424706933604,-2.604868173599243,-0.7298682332038879,assist,No
4817,0,1,0.7549149813536518,-0.47731152176856995,-1.6023114919662476,assist,Yes
4818,0,0,0.16451644651115205,-2.4084439277648926,-0.783443808555603,assist,No
4819,0,0,0.11920293453832885,-2.540675640106201,-0.5406757593154907,assist,No
4820,0,0,0.20181324146316565,-2.0984506607055664,-0.723450779914856,assist,No
4821,0,1,0.8354835207180245,-0.7370129823684692,-2.3620128631591797,assist,Yes
4822,0,1,0.8354835289107309,-0.5848849415779114,-2.2098848819732666,assist,Yes
4823,0,0,0.1824255415859996,-2.3152894973754883,-0.8152896165847778,assist,no
4824,0,0,0.22270013882530884,-1.9192453622817993,-0.6692453622817993,assist,No
4825,0,1,0.5312093733737563,-0.9931222200393677,-1.1181222200393677,assist,Yes
4826,0,1,0.679178699175393,-1.0522210597991943,-1.8022210597991943,assist,Yes
4827,0,1,0.5621765008857981,-1.1708461046218872,-1.4208461046218872,assist,Yes
4828,0,1,0.754914975839675,-0.830116331577301,-1.9551162719726562,assist,Yes
4829,0,0,0.09534947004048376,-2.747462272644043,-0.49746233224868774,assist,No
4830,0,1,0.754914997895581,-0.6192564368247986,-1.7442564964294434,assist,Yes
4831,0,0,0.4073334000459302,-1.4225995540618896,-1.0475995540618896,assist,No
4832,0,0,0.3486451217982255,-1.3554785251617432,-0.7304784655570984,assist,No
4833,0,1,0.6224593171945417,-0.9710903763771057,-1.471090316772461,assist,Yes
4834,0,1,0.9324533051062237,-0.6879101395606995,-3.3129100799560547,assist,Yes
4835,0,1,0.5312093733737563,-1.0501997470855713,-1.1751997470855713,assist,Yes
4836,0,0,0.34864513533394575,-1.5573817491531372,-0.9323817491531372,assist,No
4837,0,0,0.34864513533394575,-1.4809969663619995,-0.8559969663619995,assist,No
4838,0,0,0.46879062662624377,-1.3987501859664917,-1.2737501859664917,assist,No
4839,0,1,0.8807970842359877,-0.6898452639579773,-2.689845323562622,assist,Yes
4840,0,1,0.5312093733737563,-1.1942775249481201,-1.3192775249481201,assist,Yes
4841,0,0,0.1824255415859996,-2.2284560203552246,-0.7284561395645142,assist,no
4842,0,0,0.46879062662624377,-1.374957799911499,-1.249957799911499,assist,no
4843,0,0,0.24508500210441886,-1.8164825439453125,-0.6914824843406677,assist,No
4844,0,1,0.8519528170040853,-0.6676901578903198,-2.4176902770996094,assist,Yes
4845,0,0,0.1645164628965632,-2.4611096382141113,-0.8361096382141113,assist,No
4846,0,0,0.4378235137849365,-1.2191877365112305,-0.9691877961158752,assist,No
4847,0,1,0.6513548646660542,-0.9591948986053467,-1.5841948986053467,assist,Yes
4848,0,0,0.16451645470385742,-2.439790725708008,-0.814790666103363,assist,no
4849,0,0,0.2689414213699951,-1.6938234567642212,-0.6938234567642212,assist,no
4850,0,1,0.7981867873410141,-0.636807382106781,-2.011807441711426,assist,Yes
4851,0,0,0.4073334000459302,-1.1462256908416748,-0.7712256908416748,assist,No
4852,0,0,0.3208213138121609,-1.5649094581604004,-0.8149095177650452,assist,No
4853,0,1,0.6513548646660542,-0.9131424427032471,-1.538142442703247,assist,Yes
4854,0,1,0.7057850278370112,-0.8512802124023438,-1.7262802124023438,assist,Yes
4855,0,0,0.24508501313237172,-1.9622204303741455,-0.8372204303741455,assist,No
4856,0,1,0.6513548646660542,-1.0134503841400146,-1.6384503841400146,assist,yes
4857,0,1,0.8807970779778823,-0.49628496170043945,-2.4962849617004395,assist,Yes
4858,0,1,0.8519528019683106,-0.7494969367980957,-2.4994969367980957,assist,yes
4859,0,1,0.6224593171945417,-0.8405881524085999,-1.340588092803955,assist,Yes
4860,0,1,0.8807970904940926,-0.7067974805831909,-2.7067975997924805,assist,yes
4861,0,1,0.8933094060543487,-0.5737400054931641,-2.698740005493164,assist,Yes
4862,0,1,0.5926665999540697,-1.0863295793533325,-1.4613295793533325,assist,Yes
4863,0,0,0.10669059394565118,-2.690418004989624,-0.565418004989624,assist,No
4864,0,1,0.7310585669110203,-0.759946882724762,-1.7599468231201172,assist,Yes
4865,0,0,0.37754066879814546,-1.6549088954925537,-1.1549088954925537,assist,no
4866,0,0,0.5,-1.0333433151245117,-1.0333433151245117,assist,No
4867,0,0,0.4073333856566001,-1.294236660003662,-0.9192366003990173,assist,No
4868,0,1,0.7981867873410141,-0.8831655383110046,-2.2581655979156494,assist,Yes
4869,0,0,0.16451647108926923,-2.450303554534912,-0.8253036141395569,assist,No
4870,0,0,0.46879062662624377,-1.1536225080490112,-1.0286225080490112,assist,No
4871,0,1,0.8807970842359877,-0.7956902384757996,-2.7956902980804443,assist,Yes
4872,0,0,0.22270014914315833,-1.9734609127044678,-0.7234609723091125,assist,no
4873,0,0,0.20181324146316565,-2.2663068771362305,-0.89130699634552,assist,no
4874,0,0,0.4073334000459302,-1.43483304977417,-1.05983304977417,assist,No
4875,0,0,0.46879062662624377,-1.4323744773864746,-1.3073744773864746,assist,No
4876,0,1,0.7310585786300049,-0.6713008880615234,-1.6713008880615234,assist,Yes
4877,0,0,0.37754066879814546,-1.4620330333709717,-0.9620330333709717,assist,No
4878,0,1,0.6791786861878392,-0.9393337368965149,-1.6893336772918701,assist,Yes
4879,0,1,0.6513548646660542,-0.9644151926040649,-1.589415192604065,assist,yes
4880,0,1,0.7057850278370112,-0.9320864677429199,-1.80708646774292,assist,Yes
4881,0,1,0.6224593312018546,-1.0222028493881226,-1.5222028493881226,assist,Yes
4882,0,1,0.5312093733737563,-1.2769339084625244,-1.4019339084625244,assist,yes
4883,0,1,0.679178699175393,-0.9394837617874146,-1.6894837617874146,assist,Yes
4884,0,1,0.798186768138228,-0.8418713212013245,-2.2168712615966797,assist,Yes
4885,0,0,0.1645164792819756,-2.3809022903442383,-0.7559024095535278,assist,no
4886,0,1,0.6224593312018546,-0.7845579385757446,-1.2845579385757446,assist,Yes
4887,0,1,0.7310585786300049,-0.9832922220230103,-1.9832922220230103,assist,Yes
4888,0,1,0.851952809486198,-0.6544048190116882,-2.404404878616333,assist,Yes
4889,0,0,0.24508501313237172,-1.7780531644821167,-0.6530531644821167,assist,No
4890,0,0,0.34864513533394575,-1.6630940437316895,-1.0380940437316895,assist,No
4891,0,1,0.5621765008857981,-1.2515939474105835,-1.5015939474105835,assist,Yes
4892,0,1,0.5621765008857981,-1.1104485988616943,-1.3604485988616943,assist,yes
4893,0,1,0.8175744761936437,-0.6046171188354492,-2.104617118835449,assist,Yes
4894,0,0,0.13296425394084313,-2.3584866523742676,-0.48348677158355713,assist,No
4895,0,0,0.07585818837825822,-3.3110013008117676,-0.8110014200210571,assist,no
4896,0,0,0.18242553269617778,-2.3575613498687744,-0.8575614094734192,assist,No
4897,0,1,0.835483553488848,-0.5538057088851929,-2.1788058280944824,assist,Yes
4898,0,0,0.1480471980316895,-2.6345794200897217,-0.8845794200897217,assist,no
4899,0,0,0.14804721306746543,-2.5121326446533203,-0.7621327638626099,assist,No
4900,0,1,0.6224593171945417,-0.7937939763069153,-1.2937939167022705,assist,Yes
4901,0,1,0.5621765008857981,-1.2554317712783813,-1.5054317712783813,assist,Yes
4902,0,0,0.37754066879814546,-1.5091259479522705,-1.0091259479522705,assist,No
4903,0,0,0.2689414213699951,-1.8701145648956299,-0.8701145648956299,assist,No
4904,0,1,0.6224593452091672,-0.8955880999565125,-1.3955881595611572,assist,Yes
4905,0,0,0.22270013882530884,-2.157193422317505,-0.9071934223175049,assist,no
4906,0,1,0.6513548646660542,-0.9783802032470703,-1.6033802032470703,assist,Yes
4907,0,1,0.7549149868676283,-0.6887091398239136,-1.8137091398239136,assist,Yes
4908,0,1,0.8807970842359877,-0.7953254580497742,-2.795325517654419,assist,Yes
4909,0,0,0.5,-1.3098069429397583,-1.3098069429397583,assist,No
4910,0,0,0.2689414213699951,-1.85060453414917,-0.8506045341491699,assist,No
4911,0,1,0.9241418199787566,-0.5878777503967285,-3.0878777503967285,assist,Yes
4912,0,0,0.20181320305759334,-2.258859634399414,-0.8838595151901245,assist,no
4913,0,0,0.04742587721667508,-3.4163012504577637,-0.41630133986473083,assist,No
4914,0,1,0.5926665999540697,-1.1652694940567017,-1.5402694940567017,assist,Yes
4915,0,1,0.5926665999540697,-1.039329171180725,-1.414329171180725,assist,yes
4916,0,1,0.5926665999540697,-1.078398585319519,-1.453398585319519,assist,yes
4917,0,1,0.6513548646660542,-0.9479081630706787,-1.5729081630706787,assist,yes
4918,0,0,0.05340332678672523,-3.534597635269165,-0.6595975756645203,assist,no
4919,0,1,0.5926665999540697,-1.1914465427398682,-1.5664465427398682,assist,yes
4920,0,1,0.8354835207180245,-0.7609096765518188,-2.3859095573425293,assist,yes
4921,0,0,0.0850990357257195,-3.065248966217041,-0.6902488470077515,assist,No
4922,0,1,0.7772998611746911,-0.5915807485580444,-1.8415807485580444,assist,Yes
4923,0,1,0.6224593312018546,-1.0742934942245483,-1.5742934942245483,assist,Yes
4924,0,1,0.8354835289107309,-0.6287551522254944,-2.2537550926208496,assist,Yes
4925,0,1,0.7772998818103892,-0.7871955633163452,-2.0371956825256348,assist,Yes
4926,0,0,0.4378234991142019,-1.4140172004699707,-1.1640172004699707,assist,no
4927,0,0,0.32082130082460697,-1.3132377862930298,-0.5632377862930298,assist,No
4928,0,0,0.20181324146316565,-2.132018566131592,-0.7570186853408813,assist,No
4929,0,0,0.46879062662624377,-1.4289966821670532,-1.3039966821670532,assist,No
4930,0,0,0.18242551491653522,-2.3432111740112305,-0.8432111144065857,assist,no
4931,0,0,0.37754066879814546,-1.4514851570129395,-0.9514851570129395,assist,no
4932,0,1,0.7057850278370112,-0.8047349452972412,-1.6797349452972412,assist,Yes
4933,0,0,0.37754066879814546,-1.6642985343933105,-1.1642985343933105,assist,no
4934,0,0,0.37754066879814546,-1.5327849388122559,-1.0327849388122559,assist,no
4935,0,0,0.20181322226037882,-2.0530176162719727,-0.6780176162719727,assist,No
4936,0,0,0.29421497216298875,-1.6245297193527222,-0.7495297193527222,assist,No
4937,0,1,0.9465966702001757,-0.6778700351715088,-3.552870035171509,assist,Yes
4938,0,1,0.8670357460591569,-0.819344162940979,-2.6943440437316895,assist,Yes
4939,0,0,0.1645164628965632,-2.49605131149292,-0.8710513114929199,assist,no
4940,0,1,0.9046505402422645,-0.6591119170188904,-2.909111976623535,assist,Yes
4941,0,1,0.7772998611746911,-0.7119684219360352,-1.9619684219360352,assist,Yes
4942,0,1,0.5621765008857981,-1.048995018005371,-1.298995018005371,assist,Yes
4943,0,0,0.11920292202211755,-2.5283010005950928,-0.5283010005950928,assist,No
4944,0,1,0.8519527944504226,-0.568526566028595,-2.31852650642395,assist,Yes
4945,0,1,0.867035752930664,-0.6446712613105774,-2.5196712017059326,assist,Yes
4946,0,0,0.20181324146316565,-2.2617063522338867,-0.8867064714431763,assist,no
4947,0,0,0.20181321265898594,-2.189610004425049,-0.814609944820404,assist,No
4948,0,0,0.1645164628965632,-2.5199832916259766,-0.8949832916259766,assist,no
4949,0,1,0.867035752930664,-0.6437588334083557,-2.518758773803711,assist,Yes
4950,0,1,0.7772998611746911,-0.7557179927825928,-2.0057179927825928,assist,yes
4951,0,1,0.5926665999540697,-1.0548410415649414,-1.4298410415649414,assist,Yes
4952,0,0,0.1329642436335826,-2.3193397521972656,-0.444339781999588,assist,No
4953,0,0,0.1329642333263228,-2.6082499027252197,-0.733249843120575,assist,No
4954,0,0,0.46879062662624377,-1.2416982650756836,-1.1166982650756836,assist,No
4955,0,1,0.9241418241572634,-0.7570282816886902,-3.257028341293335,assist,Yes
4956,0,0,0.16451645470385742,-2.4391918182373047,-0.8141917586326599,assist,No
4957,0,1,0.7310585786300049,-0.858397364616394,-1.858397364616394,assist,Yes
4958,0,0,0.20181322226037882,-1.87610924243927,-0.50110924243927,assist,No
4959,0,1,0.679178699175393,-1.0521901845932007,-1.8021901845932007,assist,Yes
4960,0,0,0.24508500210441886,-2.0165443420410156,-0.8915442824363708,assist,no
4961,0,0,0.29421497216298875,-1.8989458084106445,-1.0239458084106445,assist,No
4962,0,1,0.5621765155565327,-0.8136903643608093,-1.063690423965454,assist,Yes
4963,0,1,0.7057850278370112,-0.9031307697296143,-1.7781307697296143,assist,Yes
4964,0,1,0.9324533126145177,-0.6896941065788269,-3.3146941661834717,assist,Yes
4965,0,1,0.7981867777396212,-0.7134006023406982,-2.0884006023406982,assist,Yes
4966,0,1,0.679178699175393,-0.7734931707382202,-1.5234931707382202,assist,yes
4967,0,1,0.7310585669110203,-0.9238105416297913,-1.9238104820251465,assist,Yes
4968,0,1,0.5926665999540697,-1.2065320014953613,-1.5815320014953613,assist,Yes
4969,0,0,0.1824255415859996,-2.355013370513916,-0.8550134897232056,assist,No
4970,0,0,0.14804719427274565,-2.138179063796997,-0.3881790339946747,assist,No
4971,0,0,0.3486451217982255,-1.4637949466705322,-0.8387948870658875,assist,No
4972,0,0,0.24508501313237172,-1.915321946144104,-0.790321946144104,assist,no
4973,0,1,0.7772998611746911,-0.6762576103210449,-1.926257610321045,assist,Yes
4974,0,0,0.053403325280175794,-3.3271913528442383,-0.4521912634372711,assist,no
4975,0,0,0.16451647108926923,-2.4483277797698975,-0.8233278393745422,assist,No
4976,0,0,0.34864513533394575,-1.2804280519485474,-0.6554280519485474,assist,No
4977,0,0,0.1480472055495773,-2.503060817718506,-0.7530608773231506,assist,No
4978,0,0,0.0953494648991095,-2.9222824573516846,-0.6722824573516846,assist,no
4979,0,1,0.7057850278370112,-0.987636923789978,-1.862636923789978,assist,Yes
4980,0,0,0.34864513533394575,-1.779585361480713,-1.154585361480713,assist,no
4981,0,0,0.4073334000459302,-1.4389028549194336,-1.0639028549194336,assist,no
4982,0,1,0.5926665999540697,-0.9028946161270142,-1.2778946161270142,assist,Yes
4983,0,1,0.7057850278370112,-0.9311386346817017,-1.8061386346817017,assist,Yes
4984,0,1,0.7981867777396212,-0.8422729969024658,-2.217272996902466,assist,Yes
4985,0,1,0.8175744761936437,-0.5326652526855469,-2.032665252685547,assist,Yes
4986,0,0,0.22270013882530884,-1.748060703277588,-0.4980607032775879,assist,No
4987,0,1,0.754914975839675,-0.7313933968544006,-1.8563933372497559,assist,Yes
4988,0,0,0.22270013882530884,-2.233849287033081,-0.983849287033081,assist,no
4989,0,0,0.16451645470385742,-2.1416854858398438,-0.516685426235199,assist,No
4990,0,1,0.6224593171945417,-0.938582718372345,-1.4385826587677002,assist,Yes
4991,0,0,0.2689414213699951,-1.9148170948028564,-0.9148170948028564,assist,No
4992,0,0,0.34864513533394575,-1.6813207864761353,-1.0563207864761353,assist,No
4993,0,0,0.4378234991142019,-1.4389060735702515,-1.1889060735702515,assist,no
4994,0,0,0.34864513533394575,-1.7202590703964233,-1.0952590703964233,assist,No
4995,0,1,0.679178699175393,-0.9925441741943359,-1.742544174194336,assist,Yes
4996,0,1,0.8933094060543487,-0.6869697570800781,-2.811969757080078,assist,yes
4997,0,1,0.7310585786300049,-0.7608927488327026,-1.7608927488327026,assist,Yes
4998,0,0,0.1824255415859996,-2.1486258506774902,-0.6486259698867798,assist,No
4999,0,1,0.5621765008857981,-1.139754056930542,-1.389754056930542,assist,Yes
5000,0,1,0.5621764862150634,-0.8354468941688538,-1.085446834564209,assist,Yes
5001,0,0,0.14804721306746543,-2.500448703765869,-0.7504488229751587,assist,No
5002,0,0,0.3486451217982255,-1.3871891498565674,-0.7621890902519226,assist,No
5003,0,0,0.4073334000459302,-1.2963000535964966,-0.9213000535964966,assist,No
5004,0,1,0.867035752930664,-0.7305431962013245,-2.6055431365966797,assist,yes
5005,0,0,0.4378234991142019,-1.286397933959961,-1.036397933959961,assist,No
5006,0,0,0.24508500210441886,-1.8263115882873535,-0.7013115286827087,assist,No
5007,0,1,0.835483553488848,-0.7373355627059937,-2.362335681915283,assist,Yes
5008,0,1,0.8519528019683106,-0.7597885131835938,-2.5097885131835938,assist,yes
5009,0,1,0.7772998611746911,-0.5737158060073853,-1.8237158060073853,assist,Yes
5010,0,0,0.5,-0.8769334554672241,-0.8769334554672241,assist,No
5011,0,0,0.4073333856566001,-1.3219971656799316,-0.9469971060752869,assist,No
5012,0,0,0.5,-1.3086990118026733,-1.3086990118026733,assist,No
5013,0,1,0.6224593312018546,-1.117072582244873,-1.617072582244873,assist,Yes
5014,0,1,0.6513548646660542,-1.0328030586242676,-1.6578030586242676,assist,Yes
5015,0,0,0.1066905825840872,-2.6985883712768555,-0.5735882520675659,assist,No
5016,0,0,0.06008664344151498,-3.415132999420166,-0.6651328802108765,assist,no
5017,0,1,0.880797071719777,-0.7634313702583313,-2.7634313106536865,assist,yes
5018,0,1,0.5926665855647394,-0.9022448658943176,-1.2772448062896729,assist,Yes
5019,0,0,0.11920292202211755,-2.5039169788360596,-0.5039169788360596,assist,no
5020,0,0,0.2689414096510108,-1.8001666069030762,-0.8001665472984314,assist,No
5021,0,0,0.46879062662624377,-1.2911338806152344,-1.1661338806152344,assist,No
5022,0,0,0.4073334000459302,-1.426464557647705,-1.051464557647705,assist,no
5023,0,0,0.37754066879814546,-1.529431939125061,-1.029431939125061,assist,No
5024,0,1,0.5926665999540697,-1.1663273572921753,-1.5413273572921753,assist,Yes
5025,0,0,0.22270014914315833,-1.9450139999389648,-0.6950140595436096,assist,No
5026,0,0,0.11920290950590741,-2.853501319885254,-0.8535012006759644,assist,no
5027,0,1,0.5926665999540697,-1.1429920196533203,-1.5179920196533203,assist,Yes
5028,0,0,0.22270014914315833,-2.0940332412719727,-0.8440333008766174,assist,no
5029,0,1,0.6224593312018546,-1.0206537246704102,-1.5206537246704102,assist,Yes
5030,0,1,0.8519527944504226,-0.782168447971344,-2.532168388366699,assist,yes
5031,0,1,0.7772998818103892,-0.8214401006698608,-2.0714402198791504,assist,Yes
5032,0,0,0.3775406547908327,-1.2778706550598145,-0.7778705954551697,assist,No
5033,0,1,0.7772998611746911,-0.8108429908752441,-2.060842990875244,assist,Yes
5034,0,1,0.8933094003735664,-0.7249942421913147,-2.84999418258667,assist,Yes
5035,0,1,0.7310585786300049,-0.5456067323684692,-1.5456067323684692,assist,Yes
5036,0,0,0.32082130082460697,-1.7480971813201904,-0.9980971813201904,assist,no
5037,0,0,0.5,-1.3400992155075073,-1.3400992155075073,assist,No
5038,0,0,0.09534947004048376,-3.0662338733673096,-0.8162339329719543,assist,no
5039,0,0,0.22270014914315833,-1.9962539672851562,-0.746254026889801,assist,No
5040,0,1,0.5621765008857981,-1.2791931629180908,-1.5291931629180908,assist,Yes
5041,0,0,0.4073334000459302,-1.4118449687957764,-1.0368449687957764,assist,No
5042,0,1,0.914900945711678,-0.6682783365249634,-3.043278217315674,assist,yes
5043,0,1,0.9525741322079105,-0.5643719434738159,-3.5643720626831055,assist,Yes
5044,0,1,0.679178699175393,-0.9395235776901245,-1.6895235776901245,assist,Yes
5045,0,0,0.4378234991142019,-1.0827903747558594,-0.8327903747558594,assist,No
5046,0,0,0.20181321265898594,-2.2546796798706055,-0.8796796202659607,assist,no
5047,0,1,0.939913343093499,-0.5259281396865845,-3.275928020477295,assist,Yes
5048,0,1,0.5621765008857981,-0.9180206060409546,-1.1680206060409546,assist,Yes
5049,0,0,0.32082130082460697,-1.8353512287139893,-1.0853512287139893,assist,no
5050,0,0,0.46879062662624377,-1.4338960647583008,-1.3088960647583008,assist,no
5051,0,0,0.20181321265898594,-2.1700057983398438,-0.795005738735199,assist,No
5052,0,0,0.08509904268669496,-2.638768196105957,-0.26376816630363464,assist,No
5053,0,1,0.7981867585368343,-0.8425685167312622,-2.2175683975219727,assist,Yes
5054,0,0,0.22270012850745968,-2.100224018096924,-0.850223958492279,assist,no
5055,0,1,0.7310585786300049,-0.9718347787857056,-1.9718347787857056,assist,Yes
5056,0,0,0.46879062662624377,-1.4017186164855957,-1.2767186164855957,assist,no
5057,0,0,0.34864513533394575,-1.6111944913864136,-0.9861944913864136,assist,No
5058,0,1,0.6224593312018546,-0.8971209526062012,-1.3971209526062012,assist,Yes
5059,0,1,0.9241418199787566,-0.497666597366333,-2.997666597366333,assist,Yes
5060,0,1,0.7772998611746911,-0.6104834079742432,-1.8604834079742432,assist,Yes
5061,0,1,0.6513548646660542,-0.9993329048156738,-1.6243329048156738,assist,Yes
5062,0,1,0.8670357666736773,-0.5153836607933044,-2.390383720397949,assist,Yes
5063,0,0,0.46879062662624377,-1.4610463380813599,-1.3360463380813599,assist,no
5064,0,0,0.2689414213699951,-1.9639525413513184,-0.9639525413513184,assist,no
5065,0,1,0.5621765008857981,-1.0869250297546387,-1.3369250297546387,assist,Yes
5066,0,0,0.37754066879814546,-1.6482360363006592,-1.1482360363006592,assist,No
5067,0,0,0.46879064146934857,-1.0042145252227783,-0.8792145848274231,assist,No
5068,0,1,0.754914997895581,-0.9066233038902283,-2.031623363494873,assist,yes
5069,0,1,0.893309411735131,-0.6184672713279724,-2.743467330932617,assist,Yes
5070,0,0,0.18242552380635632,-2.1568613052368164,-0.6568613052368164,assist,No
5071,0,0,0.5,-1.3678412437438965,-1.3678412437438965,assist,No
5072,0,1,0.8354835452961425,-0.7616176009178162,-2.386617660522461,assist,yes
5073,0,0,0.3775406547908327,-1.3108940124511719,-0.8108939528465271,assist,No
5074,0,0,0.04742587317756679,-3.6024067401885986,-0.6024067401885986,assist,no
5075,0,1,0.679178699175393,-0.8299697637557983,-1.5799697637557983,assist,Yes
5076,0,1,0.9149009596336303,-0.5868698954582214,-2.961869955062866,assist,yes
5077,0,1,0.679178699175393,-0.6779210567474365,-1.4279210567474365,assist,Yes
5078,0,0,0.18242551491653522,-2.396259069442749,-0.8962590098381042,assist,no
5079,0,1,0.7310585786300049,-0.869728684425354,-1.869728684425354,assist,Yes
5080,0,1,0.851952809486198,-0.7492327094078064,-2.499232769012451,assist,yes
5081,0,1,0.5621764862150634,-0.9391706585884094,-1.1891705989837646,assist,Yes
5082,0,0,0.5,-1.2064974308013916,-1.2064974308013916,assist,No
5083,0,1,0.8519528019683106,-0.6588900089263916,-2.4088900089263916,assist,Yes
5084,0,0,0.20181321265898594,-2.061821937561035,-0.6868218779563904,assist,No
5085,0,1,0.7057850154599563,-0.7124345898628235,-1.5874345302581787,assist,Yes
5086,0,1,0.5926665999540697,-1.0348137617111206,-1.4098137617111206,assist,Yes
5087,0,1,0.6224593312018546,-1.0573097467422485,-1.5573097467422485,assist,Yes
5088,0,0,0.13296425394084313,-2.419870376586914,-0.5448704957962036,assist,no
5089,0,1,0.6224593312018546,-0.8279639482498169,-1.327963948249817,assist,Yes
5090,0,0,0.46879062662624377,-1.3729997873306274,-1.2479997873306274,assist,No
5091,0,1,0.867035752930664,-0.6467445492744446,-2.5217444896698,assist,Yes
5092,0,0,0.2942149845400438,-1.6523756980895996,-0.7773757576942444,assist,No
5093,0,1,0.9241418158002492,-0.6537321209907532,-3.1537320613861084,assist,yes
5094,0,1,0.6513548646660542,-0.9160753488540649,-1.541075348854065,assist,Yes
5095,0,1,0.5926665999540697,-1.2244470119476318,-1.5994470119476318,assist,Yes
5096,0,0,0.22270012850745968,-2.0270848274230957,-0.7770847678184509,assist,No
5097,0,0,0.1480471980316895,-2.5691134929656982,-0.8191134929656982,assist,no
5098,0,1,0.851952809486198,-0.7967762351036072,-2.546776294708252,assist,yes
5099,0,1,0.6224593312018546,-1.0947822332382202,-1.5947822332382202,assist,Yes
5100,0,1,0.7057850278370112,-1.0078150033950806,-1.8828150033950806,assist,yes
5101,0,0,0.32082130082460697,-1.6468758583068848,-0.8968758583068848,assist,No
5102,0,0,0.5,-1.2511038780212402,-1.2511038780212402,assist,No
5103,0,0,0.5,-1.1322901248931885,-1.1322901248931885,assist,No
5104,0,0,0.5,-1.1403049230575562,-1.1403049230575562,assist,no
5105,0,0,0.4073334000459302,-1.509252905845642,-1.134252905845642,assist,no
5106,0,0,0.32082130082460697,-1.5614590644836426,-0.8114590644836426,assist,No
5107,0,0,0.3208213138121609,-1.5520870685577393,-0.802087128162384,assist,No
5108,0,0,0.1480471980316895,-2.6312003135681152,-0.8812003135681152,assist,no
5109,0,0,0.34864513533394575,-1.515334963798523,-0.890334963798523,assist,No
5110,0,1,0.8519528019683106,-0.7498319149017334,-2.4998319149017334,assist,yes
5111,0,1,0.8519527869325346,-0.7811218500137329,-2.5311217308044434,assist,Yes
5112,0,1,0.8670357598021706,-0.5603628158569336,-2.4353628158569336,assist,Yes
5113,0,1,0.6224593312018546,-1.105059266090393,-1.605059266090393,assist,yes
5114,0,0,0.22270012850745968,-1.9579899311065674,-0.7079898715019226,assist,No
5115,0,1,0.5926665999540697,-1.033940315246582,-1.408940315246582,assist,Yes
5116,0,1,0.7057850278370112,-0.9161511659622192,-1.7911511659622192,assist,Yes
5117,0,1,0.5926665999540697,-1.1404550075531006,-1.5154550075531006,assist,Yes
5118,0,0,0.11920292828022305,-2.7258875370025635,-0.7258875966072083,assist,No
5119,0,1,0.5926665999540697,-1.1651922464370728,-1.5401922464370728,assist,Yes
5120,0,0,0.46879062662624377,-1.1949572563171387,-1.0699572563171387,assist,No
5121,0,0,0.5,-1.338093638420105,-1.338093638420105,assist,No
5122,0,1,0.7549149868676283,-0.8284270763397217,-1.9534270763397217,assist,Yes
5123,0,1,0.5621765008857981,-1.2511711120605469,-1.5011711120605469,assist,Yes
5124,0,1,0.8519528019683106,-0.7201097011566162,-2.470109701156616,assist,Yes
5125,0,0,0.2689414213699951,-1.951156735420227,-0.951156735420227,assist,No
5126,0,0,0.16451644651115205,-2.437922477722168,-0.8129223585128784,assist,no
5127,0,1,0.8519527944504226,-0.8280399441719055,-2.5780398845672607,assist,Yes
5128,0,0,0.4378234991142019,-1.3146053552627563,-1.0646053552627563,assist,no
5129,0,1,0.7772998714925403,-0.8477262854576111,-2.097726345062256,assist,Yes
5130,0,0,0.14804720179063335,-2.184983491897583,-0.4349835216999054,assist,No
5131,0,1,0.6224593312018546,-1.0379453897476196,-1.5379453897476196,assist,Yes
5132,0,0,0.22270013882530884,-2.0376439094543457,-0.7876439094543457,assist,No
5133,0,1,0.5312093733737563,-1.0282440185546875,-1.1532440185546875,assist,Yes
5134,0,1,0.6224593312018546,-0.9238382577896118,-1.4238382577896118,assist,Yes
5135,0,0,0.04742587587030561,-3.562160015106201,-0.562160074710846,assist,no
5136,0,0,0.2689414213699951,-1.7267439365386963,-0.7267439365386963,assist,No
5137,0,0,0.29421497216298875,-1.84758722782135,-0.9725872278213501,assist,no
5138,0,0,0.2227001594610082,-2.091085433959961,-0.8410855531692505,assist,No
5139,0,1,0.6224593312018546,-1.1520801782608032,-1.6520801782608032,assist,Yes
5140,0,0,0.34864513533394575,-1.333745002746582,-0.708745002746582,assist,No
5141,0,1,0.7549149868676283,-0.6060930490493774,-1.7310930490493774,assist,Yes
5142,0,0,0.18242552380635632,-2.4132027626037598,-0.9132027626037598,assist,no
5143,0,1,0.7057850278370112,-0.7940349578857422,-1.6690349578857422,assist,Yes
5144,0,0,0.1480471829959148,-2.3329572677612305,-0.5829571485519409,assist,No
5145,0,0,0.20181321265898594,-1.9994652271270752,-0.6244651675224304,assist,no
5146,0,1,0.6513548646660542,-1.0903446674346924,-1.7153446674346924,assist,Yes
5147,0,1,0.5926665999540697,-0.9439946413040161,-1.3189946413040161,assist,Yes
5148,0,0,0.2689414096510108,-1.8771796226501465,-0.8771795630455017,assist,No
5149,0,0,0.13296424019782924,-2.5756101608276367,-0.7006101608276367,assist,No
5150,0,0,0.11920292202211755,-2.727961301803589,-0.7279613018035889,assist,No
5151,0,0,0.37754066879814546,-1.529363989830017,-1.029363989830017,assist,No
5152,0,1,0.8933094060543487,-0.7288913726806641,-2.853891372680664,assist,Yes
5153,0,1,0.679178699175393,-1.0088615417480469,-1.7588615417480469,assist,yes
5154,0,0,0.10669060530721626,-2.638861656188965,-0.5138617753982544,assist,No
5155,0,0,0.5,-1.3083019256591797,-1.3083019256591797,assist,No
5156,0,0,0.11920292202211755,-2.670745611190796,-0.6707456111907959,assist,no
5157,0,0,0.3208213138121609,-1.7320027351379395,-0.9820027947425842,assist,No
5158,0,1,0.6513548646660542,-0.9261391162872314,-1.5511391162872314,assist,Yes
5159,0,0,0.24508502416032488,-1.8247499465942383,-0.6997500061988831,assist,No
5160,0,1,0.8670357598021706,-0.754080057144165,-2.629080057144165,assist,Yes
5161,0,0,0.4073334000459302,-1.4541999101638794,-1.0791999101638794,assist,No
5162,0,0,0.4073334000459302,-1.5851383209228516,-1.2101383209228516,assist,no
5163,0,0,0.5,-1.2788447141647339,-1.2788447141647339,assist,no
5164,0,0,0.4073334000459302,-1.5275822877883911,-1.1525822877883911,assist,No
5165,0,0,0.34864513533394575,-1.5102511644363403,-0.8852511644363403,assist,No
5166,0,1,0.5926665999540697,-1.0518382787704468,-1.4268382787704468,assist,yes
5167,0,1,0.5621765008857981,-1.1520999670028687,-1.4020999670028687,assist,Yes
5168,0,1,0.867035752930664,-0.7041376233100891,-2.5791375637054443,assist,Yes
5169,0,1,0.5621765008857981,-1.2460335493087769,-1.4960335493087769,assist,yes
5170,0,0,0.1480471980316895,-2.570780038833618,-0.8207800388336182,assist,No
5171,0,0,0.4378234991142019,-1.162194848060608,-0.9121948480606079,assist,No
5172,0,0,0.46879062662624377,-1.345427393913269,-1.220427393913269,assist,no
5173,0,1,0.8354835289107309,-0.7372472882270813,-2.3622472286224365,assist,Yes
5174,0,0,0.3208212878370535,-1.5659031867980957,-0.8159031271934509,assist,no
5175,0,0,0.4378234991142019,-1.1985021829605103,-0.9485021829605103,assist,No
5176,0,0,0.5,-1.1782829761505127,-1.1782829761505127,assist,No
5177,0,0,0.4378234991142019,-1.0471090078353882,-0.7971090078353882,assist,No
5178,0,1,0.914900945711678,-0.5038310289382935,-2.878830909729004,assist,Yes
5179,0,0,0.2942149845400438,-1.6526312828063965,-0.7776313424110413,assist,no
5180,0,0,0.37754066879814546,-1.4768620729446411,-0.9768620729446411,assist,No
5181,0,1,0.6224593312018546,-1.0590349435806274,-1.5590349435806274,assist,Yes
5182,0,1,0.6513548646660542,-1.03139328956604,-1.65639328956604,assist,Yes
5183,0,0,0.18242550602671442,-2.3442845344543457,-0.8442844152450562,assist,No
5184,0,0,0.29421497216298875,-1.432124137878418,-0.557124137878418,assist,No
5185,0,1,0.679178699175393,-1.0514222383499146,-1.8014222383499146,assist,Yes
5186,0,0,0.4378234991142019,-1.4379775524139404,-1.1879775524139404,assist,No
5187,0,1,0.9579122696813394,-0.6185415387153625,-3.7435414791107178,assist,yes
5188,0,0,0.2689414213699951,-2.010748863220215,-1.0107488632202148,assist,no
5189,0,0,0.5,-0.9836366176605225,-0.9836366176605225,assist,No
5190,0,0,0.14804721306746543,-2.573962688446045,-0.8239628076553345,assist,no
5191,0,0,0.3208212878370535,-1.6721982955932617,-0.9221982359886169,assist,No
5192,0,0,0.46879062662624377,-1.3461928367614746,-1.2211928367614746,assist,No
5193,0,0,0.24508502416032488,-1.8031189441680908,-0.6781190037727356,assist,No
5194,0,1,0.5621765008857981,-1.0861237049102783,-1.3361237049102783,assist,Yes
5195,0,1,0.8670357735451834,-0.8125985860824585,-2.687598705291748,assist,Yes
5196,0,0,0.4378234991142019,-1.359527349472046,-1.109527349472046,assist,No
5197,0,0,0.37754066879814546,-1.6837183237075806,-1.1837183237075806,assist,no
5198,0,1,0.8175744673038221,-0.7564268708229065,-2.2564268112182617,assist,Yes
5199,0,1,0.7310585786300049,-0.937086820602417,-1.937086820602417,assist,Yes
5200,0,0,0.0850990357257195,-2.9195146560668945,-0.544514536857605,assist,No
5201,0,1,0.5621765008857981,-1.0810168981552124,-1.3310168981552124,assist,yes
5202,0,1,0.679178699175393,-0.8878803253173828,-1.6378803253173828,assist,Yes
5203,0,0,0.0675466911396291,-3.366234540939331,-0.741234540939331,assist,no
5204,0,0,0.32082130082460697,-1.8422479629516602,-1.0922479629516602,assist,no
5205,0,1,0.5312093733737563,-1.2756775617599487,-1.4006775617599487,assist,yes
5206,0,0,0.4378234991142019,-1.5333139896392822,-1.2833139896392822,assist,no
5207,0,1,0.679178699175393,-0.980353832244873,-1.730353832244873,assist,Yes
5208,0,0,0.5,-1.2265197038650513,-1.2265197038650513,assist,No
5209,0,0,0.46879062662624377,-1.3166090250015259,-1.1916090250015259,assist,No
5210,0,1,0.5312093733737563,-1.077118992805481,-1.202118992805481,assist,Yes
5211,0,0,0.06754669301670263,-3.1014273166656494,-0.4764273464679718,assist,no
5212,0,0,0.16451644651115205,-2.279672622680664,-0.6546725034713745,assist,no
5213,0,0,0.18242550602671442,-2.24714994430542,-0.7471498250961304,assist,No
5214,0,1,0.7057850402140659,-0.8899516463279724,-1.7649517059326172,assist,Yes
5215,0,1,0.5926665999540697,-1.1618043184280396,-1.5368043184280396,assist,Yes
5216,0,1,0.679178699175393,-1.0517520904541016,-1.8017520904541016,assist,Yes
5217,0,1,0.5926665999540697,-0.9876620769500732,-1.3626620769500732,assist,Yes
5218,0,1,0.679178699175393,-0.9532543420791626,-1.7032543420791626,assist,Yes
5219,0,1,0.8670357598021706,-0.722489595413208,-2.597489595413208,assist,yes
5220,0,0,0.4073334000459302,-1.2925748825073242,-0.9175748825073242,assist,No
5221,0,0,0.24508501313237172,-1.7836368083953857,-0.6586368083953857,assist,No
5222,0,0,0.2689414213699951,-1.8498249053955078,-0.8498249053955078,assist,No
5223,0,0,0.04208772791561884,-3.7082862854003906,-0.5832862854003906,assist,no
5224,0,0,0.2689414213699951,-1.7249963283538818,-0.7249963283538818,assist,No
5225,0,0,0.20181322226037882,-2.3201470375061035,-0.9451470375061035,assist,no
5226,0,0,0.06754668738548215,-3.3357365131378174,-0.7107364535331726,assist,No
5227,0,0,0.4378234991142019,-1.3104016780853271,-1.0604016780853271,assist,no
5228,0,1,0.5621764862150634,-0.8501840233802795,-1.1001839637756348,assist,Yes
5229,0,1,0.9046505248181417,-0.5599972009658813,-2.809997081756592,assist,Yes
5230,0,1,0.754914997895581,-0.7299861311912537,-1.8549861907958984,assist,yes
5231,0,1,0.679178699175393,-0.9776544570922852,-1.7276544570922852,assist,Yes
5232,0,0,0.18242550602671442,-2.3662891387939453,-0.8662890195846558,assist,No
5233,0,1,0.8807970654616711,-0.7950187921524048,-2.7950186729431152,assist,Yes
5234,0,0,0.32082130082460697,-1.8236253261566162,-1.0736253261566162,assist,no
5235,0,0,0.2689414213699951,-1.9620212316513062,-0.9620212316513062,assist,No
5236,0,0,0.24508500210441886,-1.9295084476470947,-0.80450838804245,assist,no
5237,0,1,0.5312093733737563,-1.3069511651992798,-1.4319511651992798,assist,Yes
5238,0,1,0.7057850278370112,-0.9433740377426147,-1.8183740377426147,assist,Yes
5239,0,1,0.8807970904940926,-0.5788453817367554,-2.578845500946045,assist,yes
5240,0,1,0.6224593312018546,-1.1393488645553589,-1.6393488645553589,assist,yes
5241,0,1,0.7057850278370112,-0.9885765314102173,-1.8635765314102173,assist,yes
5242,0,1,0.8175744850834649,-0.6898373961448669,-2.1898374557495117,assist,yes
5243,0,0,0.46879062662624377,-1.2186201810836792,-1.0936201810836792,assist,No
5244,0,0,0.34864513533394575,-1.7207539081573486,-1.0957539081573486,assist,No
5245,0,1,0.8807970842359877,-0.5857025980949402,-2.585702657699585,assist,Yes
5246,0,1,0.5621765008857981,-1.1941379308700562,-1.4441379308700562,assist,Yes
5247,0,1,0.7057850278370112,-0.8516312837600708,-1.7266312837600708,assist,Yes
5248,0,1,0.5621765008857981,-1.0388703346252441,-1.2888703346252441,assist,Yes
5249,0,0,0.09534947004048376,-2.9524147510528564,-0.7024148106575012,assist,No
5250,0,1,0.6791787121629466,-0.8892838358879089,-1.6392838954925537,assist,Yes
5251,0,1,0.5926665999540697,-1.1073987483978271,-1.4823987483978271,assist,Yes
5252,0,0,0.24508501313237172,-2.123638868331909,-0.9986388683319092,assist,no
5253,0,1,0.8670357598021706,-0.6059572696685791,-2.480957269668579,assist,yes
5254,0,0,0.37754066879814546,-1.643883466720581,-1.143883466720581,assist,no
5255,0,0,0.5,-1.3361870050430298,-1.3361870050430298,assist,No
5256,0,1,0.9241418116217418,-0.5875316858291626,-3.087531566619873,assist,Yes
5257,0,0,0.2942149597859341,-1.5024175643920898,-0.6274175047874451,assist,No
5258,0,1,0.8519528019683106,-0.781301736831665,-2.531301736831665,assist,yes
5259,0,0,0.37754066879814546,-1.5833537578582764,-1.0833537578582764,assist,No
5260,0,0,0.5,-1.2875012159347534,-1.2875012159347534,assist,No
5261,0,0,0.4073334000459302,-1.425262689590454,-1.050262689590454,assist,no
5262,0,0,0.4073334000459302,-1.4907735586166382,-1.1157735586166382,assist,no
5263,0,0,0.1824255415859996,-2.3423261642456055,-0.842326283454895,assist,No
5264,0,1,0.7772998611746911,-0.8909046649932861,-2.140904664993286,assist,yes
5265,0,0,0.4378234991142019,-1.3337153196334839,-1.0837153196334839,assist,no
5266,0,0,0.29421497216298875,-1.7219910621643066,-0.8469910621643066,assist,No
5267,0,0,0.46879062662624377,-1.2631973028182983,-1.1381973028182983,assist,No
5268,0,0,0.46879062662624377,-1.4014348983764648,-1.2764348983764648,assist,No
5269,0,0,0.3486451488696663,-1.465611219406128,-0.8406112790107727,assist,No
5270,0,0,0.2689414213699951,-1.9409022331237793,-0.9409022331237793,assist,No
5271,0,1,0.5621765008857981,-1.2211500406265259,-1.4711500406265259,assist,Yes
5272,0,0,0.34864513533394575,-1.6714891195297241,-1.0464891195297241,assist,no
5273,0,0,0.22270013882530884,-1.9788707494735718,-0.7288707494735718,assist,no
5274,0,0,0.20181322226037882,-2.247357130050659,-0.8723571300506592,assist,no
5275,0,0,0.24508503518827837,-2.001127243041992,-0.8761273622512817,assist,no
5276,0,0,0.1824255415859996,-2.3770718574523926,-0.8770719766616821,assist,no
5277,0,0,0.4073334000459302,-1.5412354469299316,-1.1662354469299316,assist,no
5278,0,0,0.11920290950590741,-2.421854019165039,-0.4218538999557495,assist,No
5279,0,1,0.7057850278370112,-0.9727442264556885,-1.8477442264556885,assist,yes
5280,0,0,0.37754066879814546,-1.6626229286193848,-1.1626229286193848,assist,no
5281,0,0,0.46879062662624377,-1.222048282623291,-1.097048282623291,assist,No
5282,0,0,0.4073333856566001,-1.0807538032531738,-0.705753743648529,assist,No
5283,0,0,0.2689414096510108,-1.812446117401123,-0.8124460577964783,assist,No
5284,0,1,0.8933093946927838,-0.7882291078567505,-2.913228988647461,assist,Yes
5285,0,0,0.29421497216298875,-1.9297332763671875,-1.0547332763671875,assist,no
5286,0,1,0.5312093733737563,-1.2766610383987427,-1.4016610383987427,assist,yes
5287,0,1,0.5926665855647394,-0.8876023888587952,-1.2626023292541504,assist,Yes
5288,0,1,0.8354835289107309,-0.7284274697303772,-2.3534274101257324,assist,yes
5289,0,0,0.13296424019782924,-2.515695571899414,-0.6406955718994141,assist,no
5290,0,1,0.9046505299595163,-0.72122722864151,-2.9712271690368652,assist,yes
5291,0,1,0.5312093733737563,-1.3368232250213623,-1.4618232250213623,assist,Yes
5292,0,0,0.14804719051380197,-2.6349399089813232,-0.8849398493766785,assist,no
5293,0,0,0.37754066879814546,-1.384751319885254,-0.8847513198852539,assist,No
5294,0,1,0.7772998611746911,-0.742459774017334,-1.992459774017334,assist,yes
5295,0,1,0.8519527944504226,-0.7496436238288879,-2.499643564224243,assist,yes
5296,0,1,0.679178699175393,-0.9384130239486694,-1.6884130239486694,assist,Yes
5297,0,0,0.24508501313237172,-1.9667727947235107,-0.8417727947235107,assist,no
5298,0,1,0.6224593312018546,-0.9292894601821899,-1.42928946018219,assist,Yes
5299,0,0,0.20181321265898594,-2.150674343109131,-0.7756742835044861,assist,No
5300,0,1,0.6791787121629466,-0.888297975063324,-1.6382980346679688,assist,Yes
5301,0,1,0.8933094003735664,-0.6185534596443176,-2.743553400039673,assist,Yes
5302,0,0,0.4378234991142019,-1.5281662940979004,-1.2781662940979004,assist,no
5303,0,1,0.6224593312018546,-0.948969841003418,-1.448969841003418,assist,yes
5304,0,0,0.29421497216298875,-1.7560745477676392,-0.8810745477676392,assist,No
5305,0,1,0.5621765008857981,-0.9330414533615112,-1.1830414533615112,assist,Yes
5306,0,0,0.16451645470385742,-2.4994494915008545,-0.8744494318962097,assist,no
5307,0,0,0.14804721306746543,-2.500187873840332,-0.7501879930496216,assist,No
5308,0,0,0.5,-1.1099671125411987,-1.1099671125411987,assist,No
5309,0,1,0.5621765155565327,-0.8840240836143494,-1.1340241432189941,assist,Yes
5310,0,1,0.8354835207180245,-0.8075543642044067,-2.432554244995117,assist,yes
5311,0,0,0.4073334000459302,-1.453716516494751,-1.078716516494751,assist,No
5312,0,0,0.2227001594610082,-2.1629762649536133,-0.9129763841629028,assist,No
5313,0,1,0.679178699175393,-0.9920468330383301,-1.74204683303833,assist,Yes
5314,0,0,0.34864513533394575,-1.6643069982528687,-1.0393069982528687,assist,No
5315,0,0,0.20181323186177208,-1.9010741710662842,-0.526074230670929,assist,No
5316,0,0,0.22270014914315833,-2.209723472595215,-0.9597235321998596,assist,no
5317,0,0,0.18242552380635632,-2.3688805103302,-0.8688805103302002,assist,no
5318,0,0,0.5,-1.0875654220581055,-1.0875654220581055,assist,No
5319,0,1,0.9149009596336303,-0.7646648287773132,-3.139664888381958,assist,Yes
5320,0,0,0.4378234991142019,-1.243369221687317,-0.9933692216873169,assist,No
5321,0,1,0.5621765008857981,-1.22086763381958,-1.47086763381958,assist,yes
5322,0,1,0.5312093733737563,-1.1713082790374756,-1.2963082790374756,assist,Yes
5323,0,1,0.679178699175393,-0.9881422519683838,-1.7381422519683838,assist,yes
5324,0,0,0.1645164792819756,-2.4062042236328125,-0.781204342842102,assist,No
5325,0,0,0.3486451217982255,-1.5493056774139404,-0.9243056178092957,assist,no
5326,0,1,0.679178699175393,-0.9392833709716797,-1.6892833709716797,assist,yes
5327,0,0,0.1480471980316895,-2.515533447265625,-0.765533447265625,assist,No
5328,0,0,0.14804719051380197,-2.4714698791503906,-0.7214698195457458,assist,no
5329,0,0,0.06008665017400762,-3.260739803314209,-0.510739803314209,assist,No
5330,0,0,0.32082130082460697,-1.828050971031189,-1.078050971031189,assist,no
5331,0,1,0.7057850402140659,-0.720831573009491,-1.5958316326141357,assist,Yes
5332,0,1,0.8670357598021706,-0.8123281002044678,-2.6873281002044678,assist,Yes
5333,0,1,0.6791786861878392,-0.8847413659095764,-1.6347413063049316,assist,yes
5334,0,0,0.06754669489377622,-3.215972661972046,-0.5909727215766907,assist,no
5335,0,1,0.5926665999540697,-0.9396625757217407,-1.3146625757217407,assist,yes
5336,0,0,0.34864513533394575,-1.6949214935302734,-1.0699214935302734,assist,No
5337,0,1,0.7549150089235336,-0.882830023765564,-2.0078301429748535,assist,Yes
5338,0,0,0.46879062662624377,-1.3171253204345703,-1.1921253204345703,assist,No
5339,0,1,0.6513548782017746,-0.8950034976005554,-1.5200035572052002,assist,Yes
5340,0,0,0.07585818002124356,-3.031954288482666,-0.531954288482666,assist,No
5341,0,1,0.8519528019683106,-0.8289790153503418,-2.578979015350342,assist,Yes
5342,0,1,0.9399133498259924,-0.7411279678344727,-3.4911279678344727,assist,Yes
5343,0,0,0.07585818002124356,-3.1196882724761963,-0.6196882724761963,assist,No
5344,0,1,0.7310585903489892,-0.6866340041160583,-1.6866340637207031,assist,Yes
5345,0,0,0.09534947004048376,-3.0091092586517334,-0.7591093182563782,assist,No
5346,0,0,0.29421497216298875,-1.6760808229446411,-0.8010808229446411,assist,No
5347,0,0,0.18242551491653522,-2.371666193008423,-0.8716661334037781,assist,no
5348,0,1,0.8670357666736773,-0.5529908537864685,-2.4279909133911133,assist,Yes
5349,0,0,0.14804721306746543,-2.431426525115967,-0.6814266443252563,assist,no
5350,0,1,0.7310585786300049,-0.9116888046264648,-1.9116888046264648,assist,Yes
5351,0,1,0.5926665999540697,-1.2027177810668945,-1.5777177810668945,assist,Yes
5352,0,0,0.32082130082460697,-1.8374296426773071,-1.0874296426773071,assist,no
5353,0,0,0.20181322226037882,-2.240995407104492,-0.8659954071044922,assist,No
5354,0,1,0.9241418199787566,-0.6136116981506348,-3.1136116981506348,assist,yes
5355,0,0,0.053403329799824234,-3.1689443588256836,-0.2939443588256836,assist,No
5356,0,1,0.6513548646660542,-1.0523607730865479,-1.6773607730865479,assist,Yes
5357,0,1,0.6513548646660542,-1.0716536045074463,-1.6966536045074463,assist,yes
5358,0,0,0.32082130082460697,-1.7125176191329956,-0.9625176191329956,assist,no
5359,0,0,0.3208212878370535,-1.7475028038024902,-0.9975027441978455,assist,no
5360,0,1,0.851952809486198,-0.719230592250824,-2.4692306518554688,assist,Yes
5361,0,0,0.06754669489377622,-3.0989341735839844,-0.47393423318862915,assist,No
5362,0,0,0.1645164792819756,-2.464890956878662,-0.8398910760879517,assist,no
5363,0,1,0.9324533051062237,-0.5790138840675354,-3.2040138244628906,assist,Yes
5364,0,1,0.7772998714925403,-0.6973347067832947,-1.9473347663879395,assist,yes
5365,0,0,0.29421497216298875,-1.8780595064163208,-1.0030595064163208,assist,No
5366,0,1,0.8670357460591569,-0.7715460062026978,-2.646545886993408,assist,yes
5367,0,1,0.6513548646660542,-0.926217794418335,-1.551217794418335,assist,Yes
5368,0,1,0.7772998405389918,-0.8116174936294556,-2.061617374420166,assist,Yes
5369,0,0,0.34864513533394575,-1.7005691528320312,-1.0755691528320312,assist,No
5370,0,1,0.5312093733737563,-1.1670563220977783,-1.2920563220977783,assist,Yes
5371,0,1,0.8354835452961425,-0.6284732222557068,-2.2534732818603516,assist,Yes
5372,0,1,0.9046505402422645,-0.5609042048454285,-2.8109042644500732,assist,yes
5373,0,1,0.5312093733737563,-1.278286099433899,-1.403286099433899,assist,Yes
5374,0,1,0.7057850278370112,-0.9573841094970703,-1.8323841094970703,assist,Yes
5375,0,1,0.7549149868676283,-0.9197680950164795,-2.0447680950164795,assist,yes
5376,0,0,0.5,-1.109418272972107,-1.109418272972107,assist,No
5377,0,1,0.5926666143433998,-0.9276170134544373,-1.302617073059082,assist,Yes
5378,0,1,0.5926665999540697,-1.0862401723861694,-1.4612401723861694,assist,Yes
5379,0,0,0.24508501313237172,-2.0112674236297607,-0.8862674236297607,assist,No
5380,0,0,0.2689414213699951,-1.778632402420044,-0.778632402420044,assist,No
5381,0,0,0.16451645470385742,-2.459520101547241,-0.8345200419425964,assist,No
5382,0,0,0.18242553269617778,-2.2028636932373047,-0.7028637528419495,assist,No
5383,0,0,0.16451646699291617,-2.1053378582000732,-0.48033788800239563,assist,No
5384,0,1,0.7772998818103892,-0.8071564435958862,-2.057156562805176,assist,yes
5385,0,1,0.8175744761936437,-0.8193821907043457,-2.3193821907043457,assist,yes
5386,0,0,0.4073334000459302,-1.568183422088623,-1.193183422088623,assist,no
5387,0,1,0.5926665999540697,-1.0338895320892334,-1.4088895320892334,assist,Yes
5388,0,1,0.5312093733737563,-1.1413706541061401,-1.2663706541061401,assist,Yes
5389,0,0,0.32082130082460697,-1.6399248838424683,-0.8899248838424683,assist,no
5390,0,1,0.5926665999540697,-0.8408013582229614,-1.2158013582229614,assist,Yes
5391,0,1,0.5621765008857981,-1.0141679048538208,-1.2641679048538208,assist,Yes
5392,0,0,0.09534947004048376,-2.8386905193328857,-0.5886905789375305,assist,No
5393,0,1,0.8519527869325346,-0.7403618097305298,-2.4903616905212402,assist,yes
5394,0,0,0.2689414213699951,-2.0178134441375732,-1.0178134441375732,assist,no
5395,0,1,0.5926665999540697,-1.0866552591323853,-1.4616552591323853,assist,Yes
5396,0,0,0.3486451217982255,-1.454038143157959,-0.8290380835533142,assist,No
5397,0,1,0.5926665999540697,-1.0549296140670776,-1.4299296140670776,assist,Yes
5398,0,0,0.3486451217982255,-1.588223934173584,-0.9632238745689392,assist,No
5399,0,0,0.4378234991142019,-1.2614054679870605,-1.0114054679870605,assist,No
5400,0,1,0.5926665999540697,-1.1025679111480713,-1.4775679111480713,assist,yes
5401,0,1,0.9525741268224334,-0.5737543106079102,-3.57375431060791,assist,yes
5402,0,0,0.46879062662624377,-1.3730214834213257,-1.2480214834213257,assist,no
5403,0,1,0.9324533051062237,-0.5827086567878723,-3.2077085971832275,assist,Yes
5404,0,0,0.4378234991142019,-1.4381628036499023,-1.1881628036499023,assist,No
5405,0,0,0.3775406828054583,-1.3865880966186523,-0.8865881562232971,assist,No
5406,0,0,0.4378234991142019,-1.5060968399047852,-1.2560968399047852,assist,No
5407,0,0,0.1480472055495773,-2.636005163192749,-0.8860052227973938,assist,no
5408,0,0,0.22270013882530884,-1.9358820915222168,-0.6858820915222168,assist,no
5409,0,0,0.4073334000459302,-1.4524116516113281,-1.0774116516113281,assist,No
5410,0,0,0.13296424706933604,-2.5854456424713135,-0.7104457020759583,assist,No
5411,0,0,0.32082130082460697,-1.7927166223526,-1.0427166223526,assist,No
5412,0,0,0.2689414213699951,-1.9603410959243774,-0.9603410959243774,assist,No
5413,0,1,0.679178699175393,-1.0696816444396973,-1.8196816444396973,assist,Yes
5414,0,1,0.5312093733737563,-1.012275218963623,-1.137275218963623,assist,yes
5415,0,1,0.8807970654616711,-0.5865412950515747,-2.586541175842285,assist,Yes
5416,0,0,0.18242553269617778,-2.093855857849121,-0.5938559174537659,assist,No
5417,0,1,0.6791787121629466,-0.7858380675315857,-1.5358381271362305,assist,Yes
5418,0,1,0.6224593312018546,-1.027843713760376,-1.527843713760376,assist,yes
5419,0,1,0.6224593312018546,-1.0804539918899536,-1.5804539918899536,assist,yes
5420,0,1,0.7057850278370112,-0.8520821332931519,-1.7270821332931519,assist,Yes
5421,0,0,0.29421497216298875,-1.674246907234192,-0.7992469072341919,assist,no
5422,0,1,0.9241418283357702,-0.7002300024032593,-3.200230121612549,assist,yes
5423,0,1,0.9465966762263737,-0.7354038953781128,-3.6104040145874023,assist,Yes
5424,0,0,0.29421497216298875,-1.7221405506134033,-0.8471405506134033,assist,No
5425,0,1,0.7057850278370112,-0.793609619140625,-1.668609619140625,assist,Yes
5426,0,0,0.32082130082460697,-1.690958857536316,-0.9409588575363159,assist,No
5427,0,0,0.3486451488696663,-1.5481975078582764,-0.9231975674629211,assist,no
5428,0,0,0.18242553269617778,-2.2784883975982666,-0.7784884572029114,assist,No
5429,0,1,0.679178699175393,-0.9649167060852051,-1.714916706085205,assist,Yes
5430,0,0,0.1645164628965632,-2.3585851192474365,-0.7335851192474365,assist,no
5431,0,1,0.7772998714925403,-0.7047244906425476,-1.9547245502471924,assist,Yes
5432,0,1,0.679178699175393,-0.7860419750213623,-1.5360419750213623,assist,Yes
5433,0,0,0.32082130082460697,-1.6722266674041748,-0.9222266674041748,assist,No
5434,0,0,0.3208213138121609,-1.739792823791504,-0.9897928833961487,assist,no
5435,0,0,0.20181323186177208,-2.075305223464966,-0.7003052830696106,assist,no
5436,0,0,0.2689414330889798,-1.8302175998687744,-0.8302176594734192,assist,no
5437,0,0,0.29421497216298875,-1.8705382347106934,-0.9955382347106934,assist,no
5438,0,1,0.5312093733737563,-1.1948494911193848,-1.3198494911193848,assist,Yes
5439,0,1,0.5926665999540697,-1.050711750984192,-1.425711750984192,assist,Yes
5440,0,1,0.9241418199787566,-0.5880019664764404,-3.0880019664764404,assist,Yes
5441,0,1,0.9046505299595163,-0.7771976590156555,-3.0271975994110107,assist,Yes
5442,0,1,0.9579122696813394,-0.3863845467567444,-3.5113844871520996,assist,Yes
5443,0,1,0.6224593312018546,-0.971882700920105,-1.471882700920105,assist,Yes
5444,0,1,0.798186768138228,-0.833024799823761,-2.208024740219116,assist,Yes
5445,0,0,0.32082130082460697,-1.7886829376220703,-1.0386829376220703,assist,no
5446,0,1,0.5312093733737563,-1.3068177700042725,-1.4318177700042725,assist,Yes
5447,0,0,0.2689414213699951,-1.8985706567764282,-0.8985706567764282,assist,No
5448,0,0,0.46879062662624377,-1.3489220142364502,-1.2239220142364502,assist,No
5449,0,0,0.4378234991142019,-1.1632846593856812,-0.9132846593856812,assist,No
5450,0,1,0.6513548646660542,-0.9784482717514038,-1.6034482717514038,assist,Yes
5451,0,1,0.5926665999540697,-1.084903597831726,-1.459903597831726,assist,Yes
5452,0,1,0.5926665999540697,-0.9033191204071045,-1.2783191204071045,assist,Yes
5453,0,0,0.4378234991142019,-1.4708871841430664,-1.2208871841430664,assist,no
5454,0,1,0.9241418241572634,-0.7028409838676453,-3.20284104347229,assist,yes
5455,0,1,0.5926665999540697,-0.9887251853942871,-1.363725185394287,assist,Yes
5456,0,0,0.37754066879814546,-1.3862262964248657,-0.8862262964248657,assist,No
5457,0,0,0.34864513533394575,-1.5625877380371094,-0.9375877380371094,assist,No
5458,0,1,0.7981867873410141,-0.8060271143913269,-2.1810271739959717,assist,yes
5459,0,1,0.7981867585368343,-0.7779413461685181,-2.1529412269592285,assist,Yes
5460,0,0,0.20181321265898594,-2.1277413368225098,-0.752741277217865,assist,No
5461,0,0,0.11920293453832885,-2.8732385635375977,-0.8732386827468872,assist,no
5462,0,0,0.46879062662624377,-1.3161956071853638,-1.1911956071853638,assist,No
5463,0,0,0.4378234991142019,-1.4727864265441895,-1.2227864265441895,assist,no
5464,0,1,0.5312093733737563,-1.0514230728149414,-1.1764230728149414,assist,Yes
5465,0,0,0.18242552380635632,-2.3448755741119385,-0.8448755741119385,assist,no
5466,0,0,0.4073334000459302,-1.49851655960083,-1.12351655960083,assist,no
5467,0,0,0.24508501313237172,-2.0413498878479004,-0.9163498878479004,assist,No
5468,0,0,0.37754066879814546,-1.3859776258468628,-0.8859776258468628,assist,No
5469,0,0,0.32082130082460697,-1.6384481191635132,-0.8884481191635132,assist,No
5470,0,1,0.7057850402140659,-0.7412735819816589,-1.6162736415863037,assist,Yes
5471,0,1,0.5621765008857981,-1.1889927387237549,-1.4389927387237549,assist,yes
5472,0,0,0.34864513533394575,-1.5577319860458374,-0.9327319860458374,assist,no
5473,0,1,0.5926665999540697,-1.1318416595458984,-1.5068416595458984,assist,yes
5474,0,1,0.880797071719777,-0.6855800747871399,-2.685580015182495,assist,Yes
5475,0,1,0.5312093733737563,-1.1681607961654663,-1.2931607961654663,assist,yes
5476,0,0,0.24508499107646636,-2.0547995567321777,-0.9297994375228882,assist,No
5477,0,0,0.13296424019782924,-2.4301114082336426,-0.5551114082336426,assist,No
5478,0,1,0.8354835371034369,-0.7990708351135254,-2.4240708351135254,assist,Yes
5479,0,0,0.5,-1.4033138751983643,-1.4033138751983643,assist,no
5480,0,1,0.8807970654616711,-0.5803519487380981,-2.5803518295288086,assist,Yes
5481,0,0,0.3208212878370535,-1.5931780338287354,-0.8431779742240906,assist,no
5482,0,0,0.24508500210441886,-1.9054491519927979,-0.7804490923881531,assist,No
5483,0,1,0.5621765008857981,-1.190079689025879,-1.440079689025879,assist,yes
5484,0,0,0.4378234991142019,-1.2816667556762695,-1.0316667556762695,assist,No
5485,0,0,0.5,-1.3670402765274048,-1.3670402765274048,assist,no
5486,0,1,0.6513548646660542,-1.0572550296783447,-1.6822550296783447,assist,yes
5487,0,0,0.46879062662624377,-1.2194184064865112,-1.0944184064865112,assist,No
5488,0,1,0.7549149868676283,-0.770851731300354,-1.895851731300354,assist,Yes
5489,0,1,0.6513548646660542,-1.0942363739013672,-1.7192363739013672,assist,yes
5490,0,0,0.3208213138121609,-1.4970369338989258,-0.7470369935035706,assist,No
5491,0,0,0.13296424706933604,-2.4251694679260254,-0.5501695275306702,assist,No
5492,0,1,0.7310585786300049,-0.8183373212814331,-1.818337321281433,assist,Yes
5493,0,0,0.46879062662624377,-1.3734725713729858,-1.2484725713729858,assist,No
5494,0,1,0.5621765008857981,-1.1363756656646729,-1.3863756656646729,assist,Yes
5495,0,1,0.5312093733737563,-1.304702639579773,-1.429702639579773,assist,yes
5496,0,1,0.5926665999540697,-1.1418721675872803,-1.5168721675872803,assist,Yes
5497,0,1,0.5312093733737563,-1.195873498916626,-1.320873498916626,assist,Yes
5498,0,1,0.914900950352329,-0.7157216668128967,-3.090721607208252,assist,yes
5499,0,0,0.37754066879814546,-1.6565815210342407,-1.1565815210342407,assist,no
5500,0,0,0.3486451217982255,-1.6118149757385254,-0.9868149161338806,assist,No
5501,0,0,0.3775406828054583,-1.4145090579986572,-0.914509117603302,assist,No
5502,0,0,0.37754066879814546,-1.4757298231124878,-0.9757298231124878,assist,no
5503,0,0,0.2689414096510108,-1.4883036613464355,-0.48830360174179077,assist,No
5504,0,0,0.4073334000459302,-1.6038895845413208,-1.2288895845413208,assist,no
5505,0,0,0.11920292828022305,-2.794405460357666,-0.7944055199623108,assist,no
5506,0,0,0.4073334000459302,-1.2799220085144043,-0.9049220085144043,assist,no
5507,0,1,0.5926666143433998,-0.9285561442375183,-1.303556203842163,assist,Yes
5508,0,0,0.1645164792819756,-2.220309257507324,-0.5953093767166138,assist,No
5509,0,0,0.32082130082460697,-1.7233946323394775,-0.9733946323394775,assist,no
5510,0,0,0.34864513533394575,-1.7231190204620361,-1.0981190204620361,assist,no
5511,0,0,0.20181321265898594,-2.2690484523773193,-0.8940483927726746,assist,No
5512,0,0,0.4378234991142019,-1.4720344543457031,-1.2220344543457031,assist,No
5513,0,0,0.22270013882530884,-1.865891695022583,-0.615891695022583,assist,No
5514,0,0,0.3208212878370535,-1.5394964218139648,-0.7894963622093201,assist,No
5515,0,1,0.7981867777396212,-0.7276599407196045,-2.1026599407196045,assist,yes
5516,0,0,0.29421497216298875,-1.670807957649231,-0.795807957649231,assist,no
5517,0,1,0.9399133464597458,-0.6295884251594543,-3.3795883655548096,assist,Yes
5518,0,0,0.46879062662624377,-1.343084454536438,-1.218084454536438,assist,No
5519,0,1,0.754914975839675,-0.9301601052284241,-2.0551600456237793,assist,Yes
5520,0,1,0.5926665999540697,-1.101839542388916,-1.476839542388916,assist,yes
5521,0,0,0.4073334000459302,-1.5062083005905151,-1.1312083005905151,assist,No
5522,0,1,0.5621765008857981,-1.2791650295257568,-1.5291650295257568,assist,Yes
5523,0,0,0.4073334000459302,-1.5094983577728271,-1.1344983577728271,assist,no
5524,0,0,0.18242552380635632,-2.3050880432128906,-0.8050880432128906,assist,No
5525,0,1,0.5312093733737563,-1.1640714406967163,-1.2890714406967163,assist,Yes
5526,0,0,0.26894139793202687,-2.088958263397217,-1.0889581441879272,assist,no
5527,0,0,0.5,-1.3374524116516113,-1.3374524116516113,assist,No
5528,0,0,0.5,-1.1177855730056763,-1.1177855730056763,assist,no
5529,0,0,0.46879062662624377,-1.4021239280700684,-1.2771239280700684,assist,No
5530,0,1,0.5926665999540697,-0.8514719009399414,-1.2264719009399414,assist,Yes
5531,0,1,0.5926665999540697,-1.1656372547149658,-1.5406372547149658,assist,Yes
5532,0,1,0.6513548782017746,-0.9640130400657654,-1.5890130996704102,assist,yes
5533,0,0,0.20181321265898594,-1.949387550354004,-0.5743874907493591,assist,No
5534,0,1,0.5926665999540697,-0.7377140522003174,-1.1127140522003174,assist,Yes
5535,0,0,0.32082130082460697,-1.6628831624984741,-0.9128831624984741,assist,no
5536,0,1,0.5621765008857981,-1.1586476564407349,-1.4086476564407349,assist,yes
5537,0,1,0.8933094060543487,-0.693169355392456,-2.818169355392456,assist,yes
5538,0,1,0.7772998611746911,-0.6970223188400269,-1.9470223188400269,assist,Yes
5539,0,1,0.6224593312018546,-1.1174685955047607,-1.6174685955047607,assist,yes
5540,0,0,0.13296424019782924,-2.733508348464966,-0.8585083484649658,assist,no
5541,0,0,0.10669058826486906,-2.474792003631592,-0.349791944026947,assist,No
5542,0,0,0.16451645470385742,-2.2958552837371826,-0.6708552241325378,assist,No
5543,0,0,0.40733341443526055,-1.2611720561981201,-0.8861721158027649,assist,no
5544,0,0,0.22270013882530884,-2.150318145751953,-0.9003181457519531,assist,no
5545,0,1,0.6224593312018546,-0.9216848611831665,-1.4216848611831665,assist,Yes
5546,0,1,0.8175744584140004,-0.8205958604812622,-2.3205957412719727,assist,yes
5547,0,0,0.5,-1.153377652168274,-1.153377652168274,assist,No
5548,0,0,0.34864513533394575,-1.657236933708191,-1.032236933708191,assist,no
5549,0,1,0.7549149868676283,-0.7868809700012207,-1.9118809700012207,assist,Yes
5550,0,0,0.46879062662624377,-1.0793191194534302,-0.9543191194534302,assist,No
5551,0,1,0.9046505351008906,-0.5136697292327881,-2.763669729232788,assist,Yes
5552,0,1,0.5926665999540697,-0.9863827228546143,-1.3613827228546143,assist,Yes
5553,0,0,0.16451645470385742,-2.359109401702881,-0.7341093420982361,assist,No
5554,0,1,0.8807970779778823,-0.6254487037658691,-2.625448703765869,assist,yes
5555,0,1,0.7549149868676283,-0.7693629264831543,-1.8943629264831543,assist,Yes
5556,0,1,0.7981867585368343,-0.9015270471572876,-2.276526927947998,assist,Yes
5557,0,1,0.7772998714925403,-0.7510790228843689,-2.0010790824890137,assist,Yes
5558,0,0,0.37754066879814546,-1.6218721866607666,-1.1218721866607666,assist,no
5559,0,1,0.9149009596336303,-0.4969756007194519,-2.8719756603240967,assist,yes
5560,0,0,0.37754066879814546,-1.5612162351608276,-1.0612162351608276,assist,No
5561,0,0,0.4378234991142019,-1.3095062971115112,-1.0595062971115112,assist,No
5562,0,1,0.7057850278370112,-0.9449805021286011,-1.819980502128601,assist,Yes
5563,0,1,0.5312093733737563,-0.8688209652900696,-0.9938209652900696,assist,Yes
5564,0,0,0.37754066879814546,-1.3458315134048462,-0.8458315134048462,assist,No
5565,0,0,0.46879062662624377,-1.1742357015609741,-1.0492357015609741,assist,No
5566,0,1,0.8933094060543487,-0.7381651401519775,-2.8631651401519775,assist,yes
5567,0,1,0.8175744939732856,-0.6041668653488159,-2.1041669845581055,assist,Yes
5568,0,0,0.32082130082460697,-1.5802301168441772,-0.8302301168441772,assist,No
5569,0,1,0.7981867585368343,-0.8319860696792603,-2.2069859504699707,assist,Yes
5570,0,0,0.1824255415859996,-2.151763916015625,-0.6517640352249146,assist,No
5571,0,0,0.37754066879814546,-1.5453007221221924,-1.0453007221221924,assist,No
5572,0,0,0.11920290950590741,-2.6921706199645996,-0.6921705007553101,assist,no
5573,0,1,0.9241418241572634,-0.653969943523407,-3.1539700031280518,assist,yes
5574,0,0,0.4378234844434674,-1.1984634399414062,-0.9484633803367615,assist,No
5575,0,0,0.37754066879814546,-1.6199826002120972,-1.1199826002120972,assist,no
5576,0,1,0.7549149868676283,-0.8391686677932739,-1.964168667793274,assist,Yes
5577,0,1,0.7772998714925403,-0.8017749190330505,-2.0517749786376953,assist,Yes
5578,0,1,0.9046505351008906,-0.5944926738739014,-2.8444926738739014,assist,yes
5579,0,0,0.4073334000459302,-1.453718662261963,-1.078718662261963,assist,no
5580,0,1,0.5312093733737563,-1.276845932006836,-1.401845932006836,assist,yes
5581,0,0,0.4073334000459302,-1.4163204431533813,-1.0413204431533813,assist,no
5582,0,0,0.46879062662624377,-1.4024667739868164,-1.2774667739868164,assist,no
5583,0,0,0.24508501313237172,-1.8308073282241821,-0.7058073282241821,assist,No
5584,0,1,0.6513548646660542,-0.9948608875274658,-1.6198608875274658,assist,Yes
5585,0,1,0.867035752930664,-0.8185132145881653,-2.6935131549835205,assist,Yes
5586,0,1,0.7057850278370112,-0.7607223987579346,-1.6357223987579346,assist,Yes
5587,0,1,0.6513548646660542,-0.9637235403060913,-1.5887235403060913,assist,Yes
5588,0,1,0.6224593312018546,-0.9590585231781006,-1.4590585231781006,assist,yes
5589,0,0,0.22270013882530884,-1.7796223163604736,-0.5296223163604736,assist,No
5590,0,0,0.16451645470385742,-2.4722325801849365,-0.8472325205802917,assist,No
5591,0,1,0.867035752930664,-0.6524532437324524,-2.5274531841278076,assist,Yes
5592,0,1,0.5621765008857981,-1.1104493141174316,-1.3604493141174316,assist,yes
5593,0,0,0.34864513533394575,-1.6044679880142212,-0.9794679880142212,assist,No
5594,0,1,0.7772998508568416,-0.7598848938941956,-2.009884834289551,assist,Yes
5595,0,0,0.5,-1.2791639566421509,-1.2791639566421509,assist,No
5596,0,0,0.3208212878370535,-1.6941821575164795,-0.9441820979118347,assist,no
5597,0,1,0.6513548511303336,-0.824895441532135,-1.4498953819274902,assist,Yes
5598,0,0,0.2689414213699951,-1.6282730102539062,-0.6282730102539062,assist,No
5599,0,1,0.5621765008857981,-1.137343406677246,-1.387343406677246,assist,Yes
5600,0,0,0.16451644651115205,-2.469280242919922,-0.8442801237106323,assist,no
5601,0,1,0.5926665999540697,-1.08637535572052,-1.46137535572052,assist,Yes
5602,0,0,0.46879062662624377,-1.1459423303604126,-1.0209423303604126,assist,no
5603,0,1,0.8807970779778823,-0.7064974308013916,-2.7064974308013916,assist,yes
5604,0,0,0.3486451488696663,-1.5079898834228516,-0.8829899430274963,assist,No
5605,0,0,0.3208212878370535,-1.6617071628570557,-0.9117071032524109,assist,No
5606,0,0,0.29421497216298875,-1.8138957023620605,-0.9388957023620605,assist,No
5607,0,0,0.4378234991142019,-1.3639711141586304,-1.1139711141586304,assist,No
5608,0,1,0.9525741322079105,-0.5629914999008179,-3.5629916191101074,assist,Yes
5609,0,1,0.7549149868676283,-0.7232873439788818,-1.8482873439788818,assist,Yes
5610,0,1,0.5312093733737563,-1.192447543144226,-1.317447543144226,assist,Yes
5611,0,0,0.5,-1.3991743326187134,-1.3991743326187134,assist,no
5612,0,1,0.8519528170040853,-0.6155523061752319,-2.3655524253845215,assist,Yes
5613,0,1,0.5621765008857981,-0.8134188652038574,-1.0634188652038574,assist,Yes
5614,0,1,0.8354835207180245,-0.737381100654602,-2.3623809814453125,assist,Yes
5615,0,0,0.46879062662624377,-1.379357933998108,-1.254357933998108,assist,No
5616,0,0,0.1480471829959148,-2.454111099243164,-0.7041109800338745,assist,no
5617,0,1,0.6513548646660542,-1.0311108827590942,-1.6561108827590942,assist,Yes
5618,0,1,0.5621765008857981,-1.1951030492782593,-1.4451030492782593,assist,Yes
5619,0,1,0.5312093733737563,-1.14127779006958,-1.26627779006958,assist,yes
5620,0,1,0.798186768138228,-0.7281196713447571,-2.1031196117401123,assist,Yes
5621,0,0,0.4378234991142019,-1.2878042459487915,-1.0378042459487915,assist,No
5622,0,0,0.22270014914315833,-2.0959832668304443,-0.8459833264350891,assist,No
5623,0,0,0.1480471980316895,-2.453533411026001,-0.703533411026001,assist,No
5624,0,0,0.20181322226037882,-2.039614200592041,-0.664614200592041,assist,No
5625,0,0,0.3486451488696663,-1.5756282806396484,-0.9506283402442932,assist,No
5626,0,0,0.4073334000459302,-1.5067648887634277,-1.1317648887634277,assist,No
5627,0,1,0.8670357666736773,-0.6944810748100281,-2.569481134414673,assist,Yes
5628,0,1,0.7981867777396212,-0.8643863201141357,-2.2393863201141357,assist,yes
5629,0,0,0.46879062662624377,-1.25131094455719,-1.12631094455719,assist,no
5630,0,0,0.34864513533394575,-1.699444055557251,-1.074444055557251,assist,no
5631,0,1,0.9149009549929797,-0.6634514331817627,-3.0384514331817627,assist,yes
5632,0,0,0.4378234991142019,-1.4724884033203125,-1.2224884033203125,assist,no
5633,0,1,0.5621765008857981,-1.161912441253662,-1.411912441253662,assist,yes
5634,0,0,0.18242552380635632,-2.3818600177764893,-0.8818600177764893,assist,no
5635,0,1,0.835483553488848,-0.7709225416183472,-2.3959226608276367,assist,yes
5636,0,1,0.7057850278370112,-0.9025459289550781,-1.7775459289550781,assist,Yes
5637,0,0,0.2689414213699951,-1.9949456453323364,-0.9949456453323364,assist,no
5638,0,0,0.29421497216298875,-1.933428406715393,-1.058428406715393,assist,no
5639,0,1,0.8933094003735664,-0.6593881249427795,-2.7843880653381348,assist,yes
5640,0,1,0.679178699175393,-0.9023374319076538,-1.6523374319076538,assist,Yes
5641,0,0,0.46879062662624377,-1.462486982345581,-1.337486982345581,assist,no
5642,0,0,0.37754066879814546,-1.5617481470108032,-1.0617481470108032,assist,no
5643,0,0,0.46879062662624377,-1.3476802110671997,-1.2226802110671997,assist,no
5644,0,1,0.8807970842359877,-0.7405845522880554,-2.7405846118927,assist,Yes
5645,0,0,0.2689414213699951,-1.9118958711624146,-0.9118958711624146,assist,No
5646,0,1,0.9046505299595163,-0.774325430393219,-3.024325370788574,assist,Yes
5647,0,1,0.6513548646660542,-1.0912879705429077,-1.7162879705429077,assist,Yes
5648,0,0,0.29421497216298875,-1.858077049255371,-0.9830770492553711,assist,No
5649,0,1,0.5312093733737563,-1.251408576965332,-1.376408576965332,assist,Yes
5650,0,0,0.1645164792819756,-2.38563871383667,-0.7606388330459595,assist,No
5651,0,1,0.7057850402140659,-0.7504000067710876,-1.6254000663757324,assist,Yes
5652,0,1,0.6224593312018546,-0.8159515857696533,-1.3159515857696533,assist,Yes
5653,0,0,0.4073334000459302,-1.299560308456421,-0.9245603084564209,assist,no
5654,0,1,0.8519528019683106,-0.7893140316009521,-2.539314031600952,assist,yes
5655,0,1,0.8175744673038221,-0.8613823056221008,-2.361382246017456,assist,Yes
5656,0,0,0.1824255415859996,-2.3584694862365723,-0.8584696054458618,assist,no
5657,0,0,0.46879062662624377,-1.2889087200164795,-1.1639087200164795,assist,No
5658,0,0,0.37754066879814546,-1.5086355209350586,-1.0086355209350586,assist,No
5659,0,1,0.679178699175393,-0.8744657039642334,-1.6244657039642334,assist,Yes
5660,0,1,0.8354835452961425,-0.8509983420372009,-2.4759984016418457,assist,Yes
5661,0,1,0.7057850278370112,-0.793148398399353,-1.668148398399353,assist,Yes
5662,0,0,0.4073334000459302,-1.5765997171401978,-1.2015997171401978,assist,no
5663,0,1,0.798186768138228,-0.6251657605171204,-2.0001657009124756,assist,Yes
5664,0,1,0.6513548646660542,-1.0492435693740845,-1.6742435693740845,assist,Yes
5665,0,0,0.5,-1.3080391883850098,-1.3080391883850098,assist,no
5666,0,1,0.7057850154599563,-0.8472290635108948,-1.72222900390625,assist,yes
5667,0,1,0.893309411735131,-0.7286819815635681,-2.853682041168213,assist,Yes
5668,0,0,0.5,-1.257957100868225,-1.257957100868225,assist,No
5669,0,0,0.37754066879814546,-1.6187347173690796,-1.1187347173690796,assist,no
5670,0,0,0.5,-1.134271502494812,-1.134271502494812,assist,No
5671,0,1,0.7549150089235336,-0.8942302465438843,-2.019230365753174,assist,Yes
5672,0,1,0.5926665999540697,-1.0852222442626953,-1.4602222442626953,assist,Yes
5673,0,1,0.5621765008857981,-1.137556791305542,-1.387556791305542,assist,Yes
5674,0,0,0.20181321265898594,-2.198704719543457,-0.8237046599388123,assist,No
5675,0,1,0.9465966671870767,-0.5681605935096741,-3.4431605339050293,assist,Yes
5676,0,1,0.5621765008857981,-1.0676491260528564,-1.3176491260528564,assist,Yes
5677,0,0,0.4073334000459302,-1.4072273969650269,-1.0322273969650269,assist,no
5678,0,1,0.7310585786300049,-0.8688969612121582,-1.8688969612121582,assist,Yes
5679,0,1,0.5621765008857981,-1.252112865447998,-1.502112865447998,assist,Yes
5680,0,1,0.7057850278370112,-0.9022189378738403,-1.7772189378738403,assist,Yes
5681,0,0,0.14804721306746543,-2.6709141731262207,-0.9209142923355103,assist,no
5682,0,1,0.5312093733737563,-1.3346482515335083,-1.4596482515335083,assist,Yes
5683,0,0,0.22270014914315833,-2.185828447341919,-0.9358285069465637,assist,no
5684,0,1,0.6513548646660542,-1.0500154495239258,-1.6750154495239258,assist,yes
5685,0,0,0.2689414096510108,-1.7535381317138672,-0.7535380721092224,assist,No
5686,0,0,0.46879062662624377,-1.2928721904754639,-1.1678721904754639,assist,No
5687,0,0,0.24508501313237172,-2.054708242416382,-0.9297082424163818,assist,no
5688,0,0,0.37754066879814546,-1.5677335262298584,-1.0677335262298584,assist,No
5689,0,0,0.34864513533394575,-1.664559006690979,-1.039559006690979,assist,No
5690,0,0,0.34864513533394575,-1.5127402544021606,-0.8877402544021606,assist,No
5691,0,1,0.6513548646660542,-0.9806355237960815,-1.6056355237960815,assist,yes
5692,0,1,0.6513548646660542,-1.0137147903442383,-1.6387147903442383,assist,yes
5693,0,0,0.37754066879814546,-1.5760328769683838,-1.0760328769683838,assist,no
5694,0,1,0.6224593452091672,-0.9699036478996277,-1.4699037075042725,assist,Yes
5695,0,1,0.798186768138228,-0.603035032749176,-1.9780349731445312,assist,Yes
5696,0,0,0.4073334000459302,-1.4445019960403442,-1.0695019960403442,assist,no
5697,0,0,0.46879062662624377,-1.4013729095458984,-1.2763729095458984,assist,no
5698,0,1,0.7310585786300049,-0.9703390598297119,-1.970339059829712,assist,yes
5699,0,1,0.5926665999540697,-0.9023531675338745,-1.2773531675338745,assist,Yes
5700,0,1,0.8175744761936437,-0.7564265727996826,-2.2564265727996826,assist,Yes
5701,0,0,0.24508501313237172,-1.661915898323059,-0.5369158983230591,assist,No
5702,0,1,0.6513548646660542,-1.0323113203048706,-1.6573113203048706,assist,Yes
5703,0,1,0.6224593452091672,-0.732024610042572,-1.2320246696472168,assist,Yes
5704,0,1,0.8933093946927838,-0.7373963594436646,-2.862396240234375,assist,yes
5705,0,1,0.679178699175393,-1.009603500366211,-1.759603500366211,assist,Yes
5706,0,0,0.4378234991142019,-1.3832225799560547,-1.1332225799560547,assist,No
5707,0,1,0.7981867873410141,-0.7151820063591003,-2.090182065963745,assist,yes
5708,0,1,0.5312093733737563,-1.0179336071014404,-1.1429336071014404,assist,Yes
5709,0,1,0.679178699175393,-0.953736424446106,-1.703736424446106,assist,Yes
5710,0,0,0.32082130082460697,-1.6393959522247314,-0.8893959522247314,assist,No
5711,0,0,0.32082130082460697,-1.7846450805664062,-1.0346450805664062,assist,No
5712,0,1,0.5312093733737563,-1.2479039430618286,-1.3729039430618286,assist,Yes
5713,0,0,0.37754066879814546,-1.5103120803833008,-1.0103120803833008,assist,no
5714,0,1,0.8175744584140004,-0.811841607093811,-2.3118414878845215,assist,Yes
5715,0,1,0.6513548646660542,-1.0349748134613037,-1.6599748134613037,assist,Yes
5716,0,0,0.32082130082460697,-1.4744426012039185,-0.7244426012039185,assist,No
5717,0,0,0.02595735569077852,-4.201645374298096,-0.5766453146934509,assist,no
5718,0,0,0.46879062662624377,-1.345802664756775,-1.220802664756775,assist,no
5719,0,1,0.6513548646660542,-1.0338956117630005,-1.6588956117630005,assist,yes
5720,0,0,0.46879062662624377,-1.3741966485977173,-1.2491966485977173,assist,No
5721,0,0,0.10669059394565118,-2.9537410736083984,-0.8287410736083984,assist,no
5722,0,0,0.11920290950590741,-2.681025981903076,-0.6810258626937866,assist,no
5723,0,1,0.7981867969424066,-0.7788738012313843,-2.153873920440674,assist,yes
5724,0,1,0.7981867777396212,-0.8082678318023682,-2.183267831802368,assist,yes
5725,0,1,0.6224593312018546,-1.0726022720336914,-1.5726022720336914,assist,Yes
5726,0,0,0.2689414213699951,-1.9281291961669922,-0.9281291961669922,assist,No
5727,0,1,0.754914997895581,-0.8189272284507751,-1.94392728805542,assist,Yes
5728,0,0,0.46879062662624377,-1.2005810737609863,-1.0755810737609863,assist,no
5729,0,1,0.7310585903489892,-0.7523486018180847,-1.7523486614227295,assist,Yes
5730,0,1,0.5312093733737563,-1.2163264751434326,-1.3413264751434326,assist,Yes
5731,0,1,0.8807970654616711,-0.8103100061416626,-2.810309886932373,assist,Yes
5732,0,1,0.679178699175393,-1.0694968700408936,-1.8194968700408936,assist,Yes
5733,0,0,0.29421497216298875,-1.7751814126968384,-0.9001814126968384,assist,no
5734,0,0,0.2689414213699951,-1.6980698108673096,-0.6980698108673096,assist,no
5735,0,1,0.7310585903489892,-0.9381424784660339,-1.9381425380706787,assist,Yes
5736,0,0,0.08509904964767095,-2.7317349910736084,-0.3567350506782532,assist,No
5737,0,0,0.46879062662624377,-1.2516157627105713,-1.1266157627105713,assist,no
5738,0,1,0.5621765008857981,-1.0212475061416626,-1.2712475061416626,assist,Yes
5739,0,0,0.20181321265898594,-1.9311511516571045,-0.5561510920524597,assist,No
5740,0,0,0.3208213138121609,-1.4493098258972168,-0.6993098855018616,assist,No
5741,0,0,0.32082130082460697,-1.809398889541626,-1.059398889541626,assist,no
5742,0,1,0.6513548782017746,-0.9419099688529968,-1.5669100284576416,assist,Yes
5743,0,0,0.37754066879814546,-1.4402940273284912,-0.9402940273284912,assist,no
5744,0,0,0.34864513533394575,-1.7471318244934082,-1.1221318244934082,assist,no
5745,0,1,0.7057850278370112,-0.5660719871520996,-1.4410719871520996,assist,Yes
5746,0,1,0.679178699175393,-0.9539999961853027,-1.7039999961853027,assist,yes
5747,0,0,0.4073334000459302,-1.5709099769592285,-1.1959099769592285,assist,no
5748,0,0,0.3775406828054583,-1.3699073791503906,-0.8699074387550354,assist,No
5749,0,0,0.20181322226037882,-1.9664853811264038,-0.5914853811264038,assist,No
5750,0,1,0.851952809486198,-0.7500771880149841,-2.500077247619629,assist,yes
5751,0,1,0.5926665999540697,-1.1650495529174805,-1.5400495529174805,assist,yes
5752,0,1,0.9046505248181417,-0.6547952890396118,-2.9047951698303223,assist,Yes
5753,0,1,0.5312093733737563,-1.0755068063735962,-1.2005068063735962,assist,Yes
5754,0,0,0.4073334000459302,-1.5449186563491821,-1.1699186563491821,assist,no
5755,0,0,0.1645164628965632,-2.2950069904327393,-0.6700069904327393,assist,No
5756,0,0,0.46879062662624377,-1.2944965362548828,-1.1694965362548828,assist,No
5757,0,0,0.11920292202211755,-2.4582931995391846,-0.45829319953918457,assist,No
5758,0,0,0.16451647108926923,-2.352104425430298,-0.7271044850349426,assist,No
5759,0,1,0.5926665999540697,-1.0860717296600342,-1.4610717296600342,assist,Yes
5760,0,0,0.1480471829959148,-2.4474258422851562,-0.6974257230758667,assist,No
5761,0,1,0.6513548646660542,-1.0902520418167114,-1.7152520418167114,assist,Yes
5762,0,0,0.5,-1.3688931465148926,-1.3688931465148926,assist,No
5763,0,1,0.5926665999540697,-1.1638188362121582,-1.5388188362121582,assist,Yes
5764,0,1,0.8354835452961425,-0.7309882044792175,-2.3559882640838623,assist,Yes
5765,0,1,0.7549150089235336,-0.9525188207626343,-2.077518939971924,assist,Yes
5766,0,1,0.5312093733737563,-1.0107148885726929,-1.1357148885726929,assist,Yes
5767,0,0,0.32082130082460697,-1.6330573558807373,-0.8830573558807373,assist,No
5768,0,0,0.34864513533394575,-1.4285926818847656,-0.8035926818847656,assist,No
5769,0,0,0.46879062662624377,-0.9917197227478027,-0.8667197227478027,assist,No
5770,0,1,0.7310585786300049,-0.9700857400894165,-1.9700857400894165,assist,yes
5771,0,1,0.6513548646660542,-0.842694878578186,-1.467694878578186,assist,yes
5772,0,0,0.4378234991142019,-1.3360143899917603,-1.0860143899917603,assist,no
5773,0,0,0.34864513533394575,-1.6060220003128052,-0.9810220003128052,assist,No
5774,0,0,0.29421497216298875,-1.878656029701233,-1.003656029701233,assist,no
5775,0,0,0.4378234991142019,-1.4142045974731445,-1.1642045974731445,assist,no
5776,0,1,0.7310585786300049,-0.9828747510910034,-1.9828747510910034,assist,Yes
5777,0,0,0.16451645470385742,-2.3503928184509277,-0.725392758846283,assist,no
5778,0,1,0.5926665855647394,-0.8508525490760803,-1.2258524894714355,assist,Yes
5779,0,1,0.7772998611746911,-0.9148387908935547,-2.1648387908935547,assist,Yes
5780,0,0,0.053403329799824234,-3.57635235786438,-0.7013523578643799,assist,No
5781,0,0,0.24508502416032488,-1.9180185794830322,-0.793018639087677,assist,No
5782,0,1,0.9149009549929797,-0.6635177135467529,-3.038517713546753,assist,yes
5783,0,1,0.8807970904940926,-0.750360369682312,-2.7503604888916016,assist,yes
5784,0,1,0.5312093733737563,-1.058579683303833,-1.183579683303833,assist,Yes
5785,0,1,0.754914975839675,-0.8940966725349426,-2.019096612930298,assist,yes
5786,0,1,0.880797071719777,-0.667436420917511,-2.667436361312866,assist,yes
5787,0,0,0.5,-1.0914074182510376,-1.0914074182510376,assist,No
5788,0,1,0.5621765008857981,-1.059377908706665,-1.309377908706665,assist,Yes
5789,0,1,0.7310585903489892,-0.9532288908958435,-1.9532289505004883,assist,yes
5790,0,1,0.835483553488848,-0.7374991178512573,-2.362499237060547,assist,Yes
5791,0,1,0.7772998818103892,-0.8667515516281128,-2.1167516708374023,assist,Yes
5792,0,0,0.29421497216298875,-1.744470477104187,-0.869470477104187,assist,no
5793,0,0,0.4378234991142019,-1.3603293895721436,-1.1103293895721436,assist,No
5794,0,1,0.754914997895581,-0.9528469443321228,-2.0778470039367676,assist,Yes
5795,0,1,0.8519527944504226,-0.7756827473640442,-2.5256826877593994,assist,yes
5796,0,1,0.5312093733737563,-1.27458918094635,-1.39958918094635,assist,yes
5797,0,1,0.8175744761936437,-0.8700113296508789,-2.370011329650879,assist,Yes
5798,0,1,0.9324533088603709,-0.6876838207244873,-3.3126838207244873,assist,Yes
5799,0,0,0.11920290950590741,-2.7305145263671875,-0.730514407157898,assist,No
5800,0,1,0.8175744939732856,-0.8384283781051636,-2.338428497314453,assist,yes
5801,0,0,0.32082130082460697,-1.7865608930587769,-1.0365608930587769,assist,no
5802,0,1,0.6513548646660542,-1.1096800565719604,-1.7346800565719604,assist,Yes
5803,0,1,0.5926665999540697,-0.9868032932281494,-1.3618032932281494,assist,Yes
5804,0,0,0.34864513533394575,-1.7665549516677856,-1.1415549516677856,assist,no
5805,0,0,0.22270011818961086,-2.147881031036377,-0.8978809118270874,assist,No
5806,0,0,0.2942149597859341,-1.5352041721343994,-0.6602041125297546,assist,no
5807,0,0,0.22270012850745968,-1.9519329071044922,-0.7019328474998474,assist,No
5808,0,1,0.5926665999540697,-1.0719997882843018,-1.4469997882843018,assist,Yes
5809,0,1,0.6513548646660542,-0.9125750064849854,-1.5375750064849854,assist,Yes
5810,0,0,0.4073334000459302,-1.3270409107208252,-0.9520409107208252,assist,No
5811,0,0,0.46879062662624377,-1.315490961074829,-1.190490961074829,assist,No
5812,0,0,0.4073334000459302,-1.4955650568008423,-1.1205650568008423,assist,no
5813,0,1,0.5312093733737563,-0.9103718996047974,-1.0353718996047974,assist,Yes
5814,0,1,0.7057850278370112,-0.9034957885742188,-1.7784957885742188,assist,Yes
5815,0,1,0.8807970779778823,-0.5860443115234375,-2.5860443115234375,assist,Yes
5816,0,0,0.29421497216298875,-1.9162019491195679,-1.0412019491195679,assist,no
5817,0,1,0.6224593312018546,-1.1547268629074097,-1.6547268629074097,assist,Yes
5818,0,0,0.20181322226037882,-1.9943748712539673,-0.6193748712539673,assist,No
5819,0,1,0.7981867585368343,-0.8325692415237427,-2.207569122314453,assist,Yes
5820,0,0,0.37754066879814546,-1.5140893459320068,-1.0140893459320068,assist,No
5821,0,1,0.6513548646660542,-0.7966015338897705,-1.4216015338897705,assist,Yes
5822,0,0,0.24508500210441886,-1.9410059452056885,-0.8160058856010437,assist,No
5823,0,0,0.2942149597859341,-1.6651153564453125,-0.7901152968406677,assist,No
5824,0,1,0.8354835207180245,-0.5495854616165161,-2.1745853424072266,assist,Yes
5825,0,1,0.5621765008857981,-0.8707822561264038,-1.1207822561264038,assist,Yes
5826,0,0,0.4378234991142019,-1.3822628259658813,-1.1322628259658813,assist,No
5827,0,1,0.7549149868676283,-0.7881853580474854,-1.9131853580474854,assist,yes
5828,0,0,0.34864513533394575,-1.7253199815750122,-1.1003199815750122,assist,no
5829,0,1,0.7310585903489892,-0.952882707118988,-1.9528827667236328,assist,yes
5830,0,1,0.6224593452091672,-0.8315379023551941,-1.3315379619598389,assist,Yes
5831,0,0,0.18242551491653522,-2.27750563621521,-0.7775055766105652,assist,no
5832,0,0,0.46879062662624377,-1.403599739074707,-1.278599739074707,assist,No
5833,0,1,0.7310585669110203,-0.9245005249977112,-1.9245004653930664,assist,Yes
5834,0,1,0.8670357735451834,-0.7536114454269409,-2.6286115646362305,assist,Yes
5835,0,0,0.4378234991142019,-1.4151723384857178,-1.1651723384857178,assist,No
5836,0,0,0.20181321265898594,-2.136157512664795,-0.7611574530601501,assist,No
5837,0,0,0.32082130082460697,-1.7369295358657837,-0.9869295358657837,assist,no
5838,0,1,0.9241418241572634,-0.6535136103630066,-3.1535136699676514,assist,yes
5839,0,0,0.06754669489377622,-3.3372082710266113,-0.7122083306312561,assist,no
5840,0,0,0.1329642333263228,-2.660996437072754,-0.7859963774681091,assist,no
5841,0,1,0.8933093946927838,-0.7245961427688599,-2.8495960235595703,assist,Yes
5842,0,0,0.2689414213699951,-2.013272762298584,-1.013272762298584,assist,no
5843,0,1,0.5926665999540697,-0.986663818359375,-1.361663818359375,assist,Yes
5844,0,0,0.2689414213699951,-1.9975016117095947,-0.9975016117095947,assist,no
5845,0,1,0.9046505402422645,-0.726137101650238,-2.976137161254883,assist,yes
5846,0,1,0.5312093733737563,-1.2826521396636963,-1.4076521396636963,assist,Yes
5847,0,1,0.5621765008857981,-1.131581425666809,-1.381581425666809,assist,yes
5848,0,0,0.5,-1.1778090000152588,-1.1778090000152588,assist,No
5849,0,0,0.20181323186177208,-2.1470656394958496,-0.7720656991004944,assist,No
5850,0,0,0.14804719051380197,-2.3201394081115723,-0.5701393485069275,assist,No
5851,0,1,0.7057850402140659,-0.8619765639305115,-1.7369766235351562,assist,yes
5852,0,0,0.37754066879814546,-1.626937747001648,-1.126937747001648,assist,No
5853,0,0,0.4073334000459302,-1.6096481084823608,-1.2346481084823608,assist,no
5854,0,0,0.2942149845400438,-1.5697264671325684,-0.6947265267372131,assist,No
5855,0,1,0.6224593312018546,-1.0589739084243774,-1.5589739084243774,assist,Yes
5856,0,1,0.7772998611746911,-0.5458260774612427,-1.7958260774612427,assist,Yes
5857,0,1,0.6513548646660542,-1.032893419265747,-1.657893419265747,assist,yes
5858,0,1,0.798186768138228,-0.8635173439979553,-2.2385172843933105,assist,yes
5859,0,1,0.679178699175393,-1.0877434015274048,-1.8377434015274048,assist,Yes
5860,0,1,0.5312093733737563,-1.0945379734039307,-1.2195379734039307,assist,Yes
5861,0,0,0.1480471980316895,-2.55822491645813,-0.8082249164581299,assist,No
5862,0,0,0.4378234991142019,-1.4172139167785645,-1.1672139167785645,assist,no
5863,0,0,0.4073334000459302,-1.2337968349456787,-0.8587968349456787,assist,No
5864,0,1,0.5621765008857981,-1.245524287223816,-1.495524287223816,assist,yes
5865,0,0,0.09534945975773548,-3.0185389518737793,-0.7685388922691345,assist,no
5866,0,1,0.7772998405389918,-0.8914886713027954,-2.141488552093506,assist,yes
5867,0,1,0.7057850154599563,-0.5838866829872131,-1.4588866233825684,assist,Yes
5868,0,0,0.1824255415859996,-2.1544547080993652,-0.6544548273086548,assist,No
5869,0,1,0.8670357735451834,-0.753959059715271,-2.6289591789245605,assist,Yes
5870,0,0,0.24508502416032488,-1.8515677452087402,-0.726567804813385,assist,no
5871,0,1,0.6513548646660542,-1.092179298400879,-1.717179298400879,assist,Yes
5872,0,0,0.11920292515117029,-2.3721706867218018,-0.37217071652412415,assist,No
5873,0,1,0.8519527944504226,-0.704980194568634,-2.4549801349639893,assist,yes
5874,0,0,0.2689414213699951,-1.9192594289779663,-0.9192594289779663,assist,no
5875,0,0,0.24508503518827837,-2.1128244400024414,-0.987824559211731,assist,no
5876,0,1,0.5312093733737563,-1.1191027164459229,-1.2441027164459229,assist,yes
5877,0,1,0.5621765008857981,-1.1623952388763428,-1.4123952388763428,assist,Yes
5878,0,1,0.5621765008857981,-0.9958347082138062,-1.2458347082138062,assist,Yes
5879,0,0,0.2227001594610082,-2.217747688293457,-0.9677478075027466,assist,no
5880,0,1,0.5312093733737563,-1.2585577964782715,-1.3835577964782715,assist,Yes
5881,0,1,0.5621765008857981,-0.8832834959030151,-1.1332834959030151,assist,Yes
5882,0,0,0.18242551491653522,-2.4101829528808594,-0.9101828932762146,assist,no
5883,0,0,0.08509904964767095,-3.052260398864746,-0.6772604584693909,assist,No
5884,0,1,0.8175744761936437,-0.8203170299530029,-2.320317029953003,assist,yes
5885,0,1,0.8175744584140004,-0.6989008188247681,-2.1989006996154785,assist,Yes
5886,0,0,0.29421497216298875,-1.909085988998413,-1.034085988998413,assist,no
5887,0,1,0.7772998611746911,-0.8611598014831543,-2.1111598014831543,assist,yes
5888,0,1,0.7057850278370112,-0.6061770915985107,-1.4811770915985107,assist,Yes
5889,0,0,0.24508502416032488,-1.9574205875396729,-0.8324206471443176,assist,no
5890,0,0,0.4378234991142019,-1.4708821773529053,-1.2208821773529053,assist,No
5891,0,0,0.5,-1.1322163343429565,-1.1322163343429565,assist,No
5892,0,1,0.6224593312018546,-0.9404772520065308,-1.4404772520065308,assist,Yes
5893,0,1,0.914900950352329,-0.5810518860816956,-2.956051826477051,assist,yes
5894,0,1,0.5312093733737563,-1.3085100650787354,-1.4335100650787354,assist,Yes
5895,0,1,0.5312093733737563,-1.0594420433044434,-1.1844420433044434,assist,Yes
5896,0,0,0.46879062662624377,-1.3478906154632568,-1.2228906154632568,assist,no
5897,0,0,0.13296424019782924,-2.4238789081573486,-0.5488789081573486,assist,no
5898,0,0,0.2689414213699951,-1.765639305114746,-0.7656393051147461,assist,No
5899,0,1,0.7772998818103892,-0.8560613393783569,-2.1060614585876465,assist,Yes
5900,0,1,0.5926665855647394,-0.9276495575904846,-1.3026494979858398,assist,Yes
5901,0,0,0.18242553269617778,-2.3146419525146484,-0.8146420121192932,assist,no
5902,0,1,0.6224593312018546,-1.0936193466186523,-1.5936193466186523,assist,Yes
5903,0,0,0.2942149597859341,-1.5330908298492432,-0.6580907702445984,assist,No
5904,0,0,0.07585818002124356,-3.298374891281128,-0.7983748912811279,assist,no
5905,0,1,0.7057850278370112,-0.7501590251922607,-1.6251590251922607,assist,Yes
5906,0,1,0.7981867969424066,-0.8749669790267944,-2.249967098236084,assist,Yes
5907,0,1,0.7057850402140659,-0.971822202205658,-1.8468222618103027,assist,Yes
5908,0,1,0.5621765008857981,-1.1735796928405762,-1.4235796928405762,assist,Yes
5909,0,0,0.2689414213699951,-1.8921741247177124,-0.8921741247177124,assist,No
5910,0,0,0.46879062662624377,-1.2949079275131226,-1.1699079275131226,assist,no
5911,0,1,0.5926665999540697,-1.0166997909545898,-1.3916997909545898,assist,Yes
5912,0,0,0.11920292202211755,-2.4982666969299316,-0.49826669692993164,assist,No
5913,0,1,0.5312093733737563,-1.3371243476867676,-1.4621243476867676,assist,Yes
5914,0,0,0.1329642333263228,-2.6510584354400635,-0.7760583758354187,assist,no
5915,0,1,0.7549149868676283,-0.8837182521820068,-2.008718252182007,assist,Yes
5916,0,1,0.7057850278370112,-0.9163417816162109,-1.791341781616211,assist,Yes
5917,0,0,0.32082130082460697,-1.67508864402771,-0.92508864402771,assist,no
5918,0,1,0.7549150089235336,-0.9055122137069702,-2.0305123329162598,assist,Yes
5919,0,0,0.37754066879814546,-1.5417503118515015,-1.0417503118515015,assist,No
5920,0,0,0.1480471829959148,-2.315059185028076,-0.5650590658187866,assist,No
5921,0,1,0.7057850278370112,-0.9680529832839966,-1.8430529832839966,assist,yes
5922,0,1,0.754914997895581,-0.8386654257774353,-1.96366548538208,assist,Yes
5923,0,1,0.754914975839675,-0.6891003251075745,-1.8141002655029297,assist,Yes
5924,0,0,0.4378234991142019,-1.176933765411377,-0.926933765411377,assist,no
5925,0,1,0.8354835371034369,-0.8001797199249268,-2.4251797199249268,assist,yes
5926,0,1,0.9149009642742806,-0.6733773946762085,-3.048377513885498,assist,yes
5927,0,1,0.7057850278370112,-1.0075052976608276,-1.8825052976608276,assist,yes
5928,0,0,0.40733341443526055,-1.3489601612091064,-0.9739602208137512,assist,no
5929,0,0,0.32082130082460697,-1.7168151140213013,-0.9668151140213013,assist,No
5930,0,0,0.37754066879814546,-1.6808559894561768,-1.1808559894561768,assist,no
5931,0,1,0.9324533051062237,-0.6426098942756653,-3.2676098346710205,assist,yes
5932,0,0,0.4073334000459302,-1.1964524984359741,-0.8214524984359741,assist,No
5933,0,1,0.5312093733737563,-1.3096911907196045,-1.4346911907196045,assist,Yes
5934,0,0,0.22270013882530884,-2.1608660221099854,-0.9108660221099854,assist,No
5935,0,1,0.7057850154599563,-0.8893976807594299,-1.7643976211547852,assist,Yes
5936,0,0,0.13296425394084313,-2.5955095291137695,-0.7205096483230591,assist,No
5937,0,1,0.6513548646660542,-1.0921982526779175,-1.7171982526779175,assist,yes
5938,0,1,0.7057850278370112,-1.0080024003982544,-1.8830024003982544,assist,yes
5939,0,0,0.20181324146316565,-2.315615653991699,-0.9406157732009888,assist,no
5940,0,1,0.5926665999540697,-1.1431212425231934,-1.5181212425231934,assist,Yes
5941,0,0,0.07585818002124356,-3.2668697834014893,-0.7668697834014893,assist,no
5942,0,1,0.8933093946927838,-0.6986466646194458,-2.8236465454101562,assist,yes
5943,0,0,0.29421497216298875,-1.7203898429870605,-0.8453898429870605,assist,No
5944,0,1,0.6791787121629466,-0.9532834887504578,-1.7032835483551025,assist,Yes
5945,0,1,0.754914975839675,-0.7411308884620667,-1.8661308288574219,assist,Yes
5946,0,0,0.18242551491653522,-2.146559953689575,-0.6465598940849304,assist,no
5947,0,1,0.754914975839675,-0.6057518124580383,-1.7307517528533936,assist,Yes
5948,0,0,0.2689414213699951,-1.961118459701538,-0.9611184597015381,assist,no
5949,0,0,0.2689414213699951,-1.6093024015426636,-0.6093024015426636,assist,No
5950,0,0,0.11920291576401235,-2.674957752227783,-0.6749576926231384,assist,No
5951,0,0,0.4378234991142019,-1.494535207748413,-1.244535207748413,assist,No
5952,0,1,0.798186768138228,-0.7266805768013,-2.1016805171966553,assist,Yes
5953,0,0,0.34864513533394575,-1.5747357606887817,-0.9497357606887817,assist,No
5954,0,1,0.754914975839675,-0.7317202687263489,-1.856720209121704,assist,Yes
5955,0,1,0.7549149868676283,-0.7881619930267334,-1.9131619930267334,assist,Yes
5956,0,1,0.9046505248181417,-0.726382851600647,-2.9763827323913574,assist,yes
5957,0,1,0.8670357666736773,-0.5606264472007751,-2.43562650680542,assist,Yes
5958,0,0,0.5,-1.3683876991271973,-1.3683876991271973,assist,No
5959,0,0,0.4378234991142019,-1.4374501705169678,-1.1874501705169678,assist,no
5960,0,1,0.6224593312018546,-1.019775390625,-1.519775390625,assist,Yes
5961,0,0,0.29421497216298875,-1.6492869853973389,-0.7742869853973389,assist,No
5962,0,1,0.8519528170040853,-0.5739825963973999,-2.3239827156066895,assist,yes
5963,0,0,0.4378234991142019,-1.4893826246261597,-1.2393826246261597,assist,no
5964,0,1,0.7772998508568416,-0.9137774109840393,-2.1637773513793945,assist,Yes
5965,0,1,0.8175744761936437,-0.8066434860229492,-2.306643486022949,assist,yes
5966,0,0,0.37754066879814546,-1.3879626989364624,-0.8879626989364624,assist,No
5967,0,0,0.05340333431947304,-3.202878713607788,-0.32787880301475525,assist,No
5968,0,0,0.37754066879814546,-1.5897026062011719,-1.0897026062011719,assist,No
5969,0,0,0.14804719051380197,-2.4547767639160156,-0.7047767043113708,assist,No
5970,0,0,0.4073334000459302,-1.5489706993103027,-1.1739706993103027,assist,no
5971,0,1,0.5926665999540697,-0.9701114892959595,-1.3451114892959595,assist,Yes
5972,0,0,0.3775406547908327,-1.4809198379516602,-0.9809197783470154,assist,No
5973,0,0,0.2942149845400438,-1.553523063659668,-0.6785231232643127,assist,No
5974,0,0,0.5,-0.9147034883499146,-0.9147034883499146,assist,No
5975,0,0,0.22270013882530884,-2.0692501068115234,-0.8192501068115234,assist,no
5976,0,1,0.5621765008857981,-1.1954984664916992,-1.4454984664916992,assist,yes
5977,0,0,0.07585817166422973,-3.2205300331115723,-0.7205299139022827,assist,no
5978,0,0,0.34864513533394575,-1.2343872785568237,-0.6093872785568237,assist,No
5979,0,0,0.2942149845400438,-1.493194341659546,-0.6181944012641907,assist,No
5980,0,0,0.26894139793202687,-2.0061802864074707,-1.0061801671981812,assist,no
5981,0,1,0.9324533126145177,-0.6878041625022888,-3.3128042221069336,assist,Yes
5982,0,1,0.5312093733737563,-1.3097143173217773,-1.4347143173217773,assist,Yes
5983,0,0,0.29421497216298875,-1.7393149137496948,-0.8643149137496948,assist,no
5984,0,0,0.37754066879814546,-1.264541745185852,-0.764541745185852,assist,No
5985,0,0,0.2689414213699951,-1.9569461345672607,-0.9569461345672607,assist,No
5986,0,1,0.5621765008857981,-1.1940995454788208,-1.4440995454788208,assist,Yes
5987,0,0,0.46879062662624377,-1.3236942291259766,-1.1986942291259766,assist,No
5988,0,0,0.3486451217982255,-1.3248400688171387,-0.6998400092124939,assist,No
5989,0,1,0.5312093733737563,-1.1224479675292969,-1.2474479675292969,assist,yes
5990,0,1,0.835483553488848,-0.8596500158309937,-2.484650135040283,assist,Yes
5991,0,0,0.46879062662624377,-0.9677406549453735,-0.8427406549453735,assist,No
5992,0,0,0.20181322226037882,-2.163555145263672,-0.7885551452636719,assist,No
5993,0,0,0.16451647108926923,-2.5402212142944336,-0.9152212738990784,assist,no
5994,0,1,0.7549149868676283,-0.8505929708480835,-1.9755929708480835,assist,Yes
5995,0,0,0.5,-1.0705217123031616,-1.0705217123031616,assist,No
5996,0,0,0.5,-1.1158751249313354,-1.1158751249313354,assist,No
5997,0,1,0.8807970779778823,-0.7507519721984863,-2.7507519721984863,assist,yes
5998,0,0,0.4073334000459302,-1.355586051940918,-0.980586051940918,assist,No
5999,0,1,0.5926665999540697,-0.9870409965515137,-1.3620409965515137,assist,Yes
