idx,y_true,y_pred,p_yes,lp_yes,lp_no,mode,raw_text
0,1,0,0.18242552380635632,-1.8478370904922485,-0.34783709049224854,base,no
1,1,0,0.0330859819640103,-3.4562368392944336,-0.08123695105314255,base,no
2,1,0,0.3208213138121609,-1.312713861465454,-0.5627139210700989,base,no
3,1,0,0.34864513533394575,-1.1798967123031616,-0.5548967123031616,base,no
4,1,0,0.22270012850745968,-1.6117818355560303,-0.3617817759513855,base,no
5,1,0,0.029312230327373224,-3.6630005836486816,-0.16300056874752045,base,no
6,1,0,0.2689414213699951,-1.5099939107894897,-0.5099939107894897,base,no
7,1,0,0.06754669207816587,-2.8218061923980713,-0.19680620729923248,base,no
8,1,0,0.1480471980316895,-2.1344635486602783,-0.3844635486602783,base,no
9,1,0,0.46879062662624377,-0.9044143557548523,-0.7794143557548523,base,no
10,1,0,0.46879062662624377,-0.8598319888114929,-0.7348319888114929,base,no
11,1,1,0.9324533032291502,-0.2177322804927826,-2.8427321910858154,base,yes
12,1,0,0.18242551491653522,-1.8015086650848389,-0.3015086054801941,base,no
13,1,0,0.24508500761839525,-1.5007010698318481,-0.37570104002952576,base,no
14,1,1,0.5312093733737563,-0.7212584018707275,-0.8462584018707275,base,yes
15,1,1,0.9525741254760638,-0.278791218996048,-3.2787911891937256,base,yes
16,1,1,0.7549149923816048,-0.40419837832450867,-1.529198408126831,base,yes
17,1,1,0.7057850278370112,-0.5861361026763916,-1.4611361026763916,base,yes
18,1,0,0.3775406828054583,-1.1866137981414795,-0.6866138577461243,base,no
19,1,1,0.5926665999540697,-0.6267913579940796,-1.0017913579940796,base,yes
20,1,1,0.9046505299595163,-0.3076019883155823,-2.5576019287109375,base,yes
21,1,1,0.9525741322079105,-0.2133721113204956,-3.213372230529785,base,yes
22,1,1,0.8354835411997897,-0.30855974555015564,-1.933559775352478,base,yes
23,1,1,0.89330940889474,-0.2766987979412079,-2.4016988277435303,base,yes
24,1,1,0.9840936052558893,-0.21982641518115997,-4.3448262214660645,base,yes
25,1,0,0.05340333507274787,-3.027463674545288,-0.15246377885341644,base,no
26,1,1,0.5926665855647394,-0.7072437405586243,-1.0822436809539795,base,yes
27,1,0,0.13296423160844623,-2.0800235271453857,-0.20502345263957977,base,no
28,1,1,0.904650527388829,-0.33138951659202576,-2.5813894271850586,base,yes
29,1,1,0.7549149813536518,-0.4374983608722687,-1.5624983310699463,base,yes
30,1,1,0.7549149813536518,-0.3762564957141876,-1.5012564659118652,base,yes
31,1,0,0.22270013882530884,-1.650804877281189,-0.40080487728118896,base,no
32,1,0,0.2018132270610754,-1.7428289651870728,-0.36782899498939514,base,no
33,1,0,0.012431649938470258,-4.469763278961182,-0.09476320445537567,base,no
34,1,0,0.09534945718704857,-2.510843515396118,-0.260843425989151,base,no
35,1,1,0.9149009549929797,-0.21753358840942383,-2.592533588409424,base,yes
36,1,0,0.18242552825126704,-1.8311711549758911,-0.3311711847782135,base,no
37,1,1,0.9579122750881832,-0.24815599620342255,-3.3731560707092285,base,yes
38,1,1,0.5312093733737563,-0.7205803990364075,-0.8455803990364075,base,yes
39,1,0,0.24508501864634827,-1.5544404983520508,-0.42944052815437317,base,no
40,1,1,0.914900957313305,-0.2524075210094452,-2.6274075508117676,base,yes
41,1,0,0.11920291576401235,-2.1825592517852783,-0.18255919218063354,base,no
42,1,1,0.5312093733737563,-0.8131681084632874,-0.9381681084632874,base,yes
43,1,1,0.6513548782017746,-0.5629088282585144,-1.1879088878631592,base,yes
44,1,0,0.5,-0.8404753804206848,-0.8404753804206848,base,no
45,1,1,0.5312093733737563,-0.7731059789657593,-0.8981059789657593,base,yes
46,1,1,0.6224593312018546,-0.6609723567962646,-1.1609723567962646,base,yes
47,1,0,0.29421497216298875,-1.387485146522522,-0.512485146522522,base,no
48,1,1,0.6224593452091672,-0.564335286617279,-1.0643353462219238,base,yes
49,1,0,0.24508500210441886,-1.525472640991211,-0.40047258138656616,base,no
50,1,1,0.952574129515172,-0.21190327405929565,-3.2119033336639404,base,yes
51,1,0,0.2018132174596823,-1.6888121366500854,-0.31381210684776306,base,no
52,1,1,0.8519528170040853,-0.35826385021209717,-2.1082639694213867,base,yes
53,1,0,0.11920290950590741,-2.3334364891052246,-0.33343636989593506,base,no
54,1,1,0.8933093946927838,-0.2038036584854126,-2.328803539276123,base,yes
55,1,1,0.9706877684006775,-0.17546966671943665,-3.6754696369171143,base,yes
56,1,1,0.731058584489497,-0.397406667470932,-1.3974066972732544,base,yes
57,1,1,0.8354835330070839,-0.2924187481403351,-1.9174187183380127,base,yes
58,1,0,0.34864513533394575,-1.1470869779586792,-0.5220869779586792,base,no
59,1,1,0.7057850154599563,-0.5915761590003967,-1.466576099395752,base,yes
60,1,1,0.9241418189341297,-0.24180437624454498,-2.741804361343384,base,yes
61,1,0,0.1480471961522176,-1.990386962890625,-0.2403869479894638,base,no
62,1,0,0.20181323186177208,-1.6762909889221191,-0.3012910485267639,base,no
63,1,1,0.8933094145755219,-0.22758617997169495,-2.352586269378662,base,yes
64,1,1,0.7981867729389246,-0.3672882616519928,-1.7422882318496704,base,yes
65,1,0,0.2942149783515162,-1.3109102249145508,-0.43591025471687317,base,no
66,1,1,0.9149009515124917,-0.23431973159313202,-2.6093196868896484,base,yes
67,1,0,0.015906391945068224,-4.306536674499512,-0.1815366894006729,base,no
68,1,1,0.9626731131913229,-0.22081302106380463,-3.470813035964966,base,yes
69,1,1,0.5926665999540697,-0.7289755344390869,-1.103975534439087,base,yes
70,1,1,0.990291524879525,-0.1114557757973671,-4.736455917358398,base,yes
71,1,1,0.5621765008857981,-0.6819288730621338,-0.9319288730621338,base,yes
72,1,1,0.9525741221101401,-0.16518984735012054,-3.165189743041992,base,yes
73,1,1,0.8807970779778823,-0.2888631820678711,-2.288863182067871,base,yes
74,1,1,0.977022630759019,-0.20574113726615906,-3.9557411670684814,base,yes
75,1,1,0.798186768138228,-0.366746723651886,-1.7417466640472412,base,yes
76,1,1,0.8519527982093668,-0.41282418370246887,-2.1628241539001465,base,yes
77,1,1,0.89330940889474,-0.2572149932384491,-2.3822150230407715,base,yes
78,1,1,0.9046505376715775,-0.24598190188407898,-2.4959819316864014,base,yes
79,1,1,0.904650527388829,-0.28562578558921814,-2.535625696182251,base,yes
80,1,1,0.7772998663336157,-0.35133787989616394,-1.6013379096984863,base,yes
81,1,1,0.5621765008857981,-0.686779797077179,-0.936779797077179,base,yes
82,1,0,0.14804720930852133,-2.006791830062866,-0.2567919194698334,base,no
83,1,1,0.8519527869325346,-0.27284491062164307,-2.0228447914123535,base,yes
84,1,0,0.010986944330747438,-4.584193229675293,-0.0841933861374855,base,no
85,1,0,0.20181322226037882,-1.7535017728805542,-0.3785017728805542,base,no
86,1,1,0.9740426439324669,-0.20886225998401642,-3.8338623046875,base,yes
87,1,1,0.8807970779778823,-0.33246874809265137,-2.3324687480926514,base,yes
88,1,1,0.9324533107374443,-0.1867210566997528,-2.811721086502075,base,yes
89,1,1,0.8175744850834649,-0.42827552556991577,-1.9282755851745605,base,yes
90,1,1,0.8670357598021706,-0.32324743270874023,-2.1982474327087402,base,yes
91,1,1,0.7310585786300049,-0.4899545907974243,-1.4899545907974243,base,yes
92,1,1,0.7057850402140659,-0.591897189617157,-1.4668972492218018,base,yes
93,1,1,0.6513548646660542,-0.5933380126953125,-1.2183380126953125,base,yes
94,1,1,0.7549149868676283,-0.4566842317581177,-1.5816842317581177,base,yes
95,1,1,0.9149009515124917,-0.19156436622142792,-2.5665643215179443,base,yes
96,1,1,0.9840936078216783,-0.1611023247241974,-4.286102294921875,base,yes
97,1,1,0.7310585786300049,-0.4841519594192505,-1.4841519594192505,base,yes
98,1,0,0.26894141551050293,-1.4155560731887817,-0.41555604338645935,base,no
99,1,1,0.9796676508127574,-0.22465160489082336,-4.09965181350708,base,yes
100,1,1,0.9626731153331315,-0.1850406378507614,-3.4350407123565674,base,yes
101,1,0,0.29421497216298875,-1.4409157037734985,-0.5659157037734985,base,no
102,1,1,0.9820137887219341,-0.18046338856220245,-4.1804633140563965,base,yes
103,1,1,0.7310585903489892,-0.44966667890548706,-1.4496667385101318,base,yes
104,1,1,0.932453315430128,-0.23214687407016754,-2.857146978378296,base,yes
105,1,1,0.8519527869325346,-0.2893620729446411,-2.0393619537353516,base,yes
106,1,1,0.9669140235181256,-0.16313809156417847,-3.5381381511688232,base,yes
107,1,0,0.3486451488696663,-1.1785497665405273,-0.5535498261451721,base,no
108,1,1,0.9890130559121317,-0.17366661131381989,-4.673666477203369,base,yes
109,1,1,0.9465966747198243,-0.21708407998085022,-3.0920841693878174,base,yes
110,1,1,0.97068777009661,-0.21260687708854675,-3.712606906890869,base,yes
111,1,1,0.9046505338155469,-0.2459881454706192,-2.495988130569458,base,yes
112,1,1,0.8670357701094303,-0.3690561354160309,-2.244056224822998,base,yes
113,1,0,0.4073334000459302,-0.972238302230835,-0.597238302230835,base,no
114,1,1,0.9399133498259924,-0.31702637672424316,-3.067026376724243,base,yes
115,1,1,0.7981867873410141,-0.44724076986312866,-1.8222408294677734,base,yes
116,1,1,0.679178699175393,-0.4803586006164551,-1.230358600616455,base,yes
117,1,1,0.9669140211345884,-0.2366204410791397,-3.6116204261779785,base,yes
118,1,1,0.7057850340255386,-0.43264397978782654,-1.307644009590149,base,yes
119,1,1,0.9149009642742806,-0.2509573698043823,-2.625957489013672,base,yes
120,1,1,0.6224593452091672,-0.566487729549408,-1.0664877891540527,base,yes
121,1,1,0.9770226327661524,-0.15249621868133545,-3.902496337890625,base,yes
122,1,1,0.914900945711678,-0.291659951210022,-2.6666598320007324,base,yes
123,1,1,0.8354835330070839,-0.3857620060443878,-2.0107619762420654,base,yes
124,1,1,0.8354835330070839,-0.33917751908302307,-1.9641774892807007,base,yes
125,1,1,0.9399133464597458,-0.22469693422317505,-2.9746968746185303,base,yes
126,1,1,0.9796676425019243,-0.16496345400810242,-4.039963245391846,base,yes
127,1,1,0.9770226324316302,-0.20562972128391266,-3.955629825592041,base,yes
128,1,1,0.5926665999540697,-0.6781730651855469,-1.0531730651855469,base,yes
129,1,1,0.8933094145755219,-0.25885000824928284,-2.38385009765625,base,yes
130,1,1,0.9579122678790578,-0.22483955323696136,-3.349839448928833,base,yes
131,1,1,0.9324533126145177,-0.2757238745689392,-2.900723934173584,base,yes
132,1,0,0.4378234991142019,-0.9154216647148132,-0.6654216647148132,base,no
133,1,1,0.9820137939858306,-0.18055464327335358,-4.1805548667907715,base,yes
134,1,1,0.8354835371034369,-0.4321608543395996,-2.0571608543395996,base,yes
135,1,1,0.9902915230887366,-0.19176916778087616,-4.816769123077393,base,yes
136,1,1,0.7549149868676283,-0.4072911739349365,-1.5322911739349365,base,yes
137,1,1,0.9740426454394852,-0.20839227735996246,-3.833392381668091,base,yes
138,1,0,0.2942149597859341,-1.29803466796875,-0.4230346083641052,base,no
139,1,1,0.9669140192277585,-0.23775584995746613,-3.61275577545166,base,yes
140,1,1,0.9046505325302034,-0.22913959622383118,-2.479139566421509,base,yes
141,1,1,0.8175744806385543,-0.3594885766506195,-1.859488606452942,base,yes
142,1,1,0.9820137900379085,-0.1805734634399414,-4.180573463439941,base,yes
143,1,1,0.9706877679766944,-0.1747620552778244,-3.674762010574341,base,yes
144,1,1,0.939913354875362,-0.29142633080482483,-3.041426420211792,base,yes
145,1,1,0.9770226320971079,-0.2520569860935211,-4.002057075500488,base,yes
146,1,1,0.9324533097989077,-0.21402214467525482,-2.839022159576416,base,yes
147,1,1,0.9465966762263737,-0.2386239767074585,-3.113624095916748,base,yes
148,1,1,0.8354835330070839,-0.2691101133823395,-1.894110083580017,base,yes
149,1,1,0.9840936094544529,-0.16087429225444794,-4.285874366760254,base,yes
150,1,1,0.9706877679766944,-0.15922383964061737,-3.659223794937134,base,yes
151,1,1,0.9324533013520764,-0.25286734104156494,-2.8778672218322754,base,yes
152,1,1,0.679178699175393,-0.5931161642074585,-1.3431161642074585,base,yes
153,1,1,0.9324533022906132,-0.23409543931484222,-2.859095335006714,base,yes
154,1,1,0.8807970779778823,-0.27094268798828125,-2.2709426879882812,base,yes
155,1,1,0.9324533060447605,-0.21551613509655,-2.8405160903930664,base,yes
156,1,1,0.9875683482320986,-0.14152725040912628,-4.51652717590332,base,yes
157,1,1,0.9770226287518852,-0.22758513689041138,-3.9775850772857666,base,yes
158,1,1,0.9579122672782973,-0.2983490228652954,-3.423348903656006,base,yes
159,1,1,0.5621765008857981,-0.7030623555183411,-0.9530623555183411,base,yes
160,1,1,0.9890130573694068,-0.1555948257446289,-4.655594825744629,base,yes
161,1,1,0.9324533126145177,-0.27434033155441284,-2.8993403911590576,base,yes
162,1,0,0.1480471829959148,-2.0061779022216797,-0.25617778301239014,base,no
163,1,1,0.9740426435557125,-0.18947502970695496,-3.8144750595092773,base,yes
164,1,1,0.5621765008857981,-0.6765793561935425,-0.9265793561935425,base,yes
165,1,1,0.9399133464597458,-0.26572495698928833,-3.0157248973846436,base,yes
166,1,1,0.8354835452961425,-0.43186110258102417,-2.056861162185669,base,yes
167,1,1,0.8175744673038221,-0.4498911499977112,-1.9498910903930664,base,yes
168,1,1,0.9399133540338004,-0.22468702495098114,-2.974687099456787,base,yes
169,1,0,0.3486451285660856,-1.124032974243164,-0.4990329444408417,base,no
170,1,1,0.9770226304244968,-0.13838456571102142,-3.8883845806121826,base,yes
171,1,1,0.6224593452091672,-0.5946189761161804,-1.0946190357208252,base,yes
172,1,0,0.0953494648991095,-2.552532196044922,-0.3025321960449219,base,no
173,1,1,0.9324533069832973,-0.21780112385749817,-2.842801094055176,base,yes
174,1,1,0.9706877662807619,-0.21261988580226898,-3.7126197814941406,base,yes
175,1,1,0.9740426409184302,-0.18858368694782257,-3.8135836124420166,base,yes
176,1,1,0.8933094060543487,-0.2746546268463135,-2.3996546268463135,base,yes
177,1,0,0.02595735757455145,-3.7180588245391846,-0.09305883944034576,base,no
178,1,1,0.7981867729389246,-0.3132564127445221,-1.6882563829421997,base,yes
179,1,1,0.9669140239948331,-0.17926208674907684,-3.554262161254883,base,yes
180,1,1,0.9859363725435202,-0.19562724232673645,-4.445627212524414,base,yes
181,1,1,0.679178699175393,-0.484883189201355,-1.234883189201355,base,yes
182,1,0,0.1480471980316895,-2.057943820953369,-0.30794382095336914,base,no
183,1,1,0.7549149813536518,-0.4137205183506012,-1.5387204885482788,base,yes
184,1,1,0.9770226317625857,-0.18601076304912567,-3.9360108375549316,base,yes
185,1,1,0.9626731137267751,-0.14105507731437683,-3.391055107116699,base,yes
186,1,1,0.8519527982093668,-0.3445446789264679,-2.0945446491241455,base,yes
187,1,1,0.9399133515091156,-0.2659926116466522,-3.0159926414489746,base,yes
188,1,1,0.9465966717067252,-0.30926844477653503,-3.1842684745788574,base,yes
189,1,1,0.880797081106935,-0.38257309794425964,-2.382573127746582,base,yes
190,1,1,0.7981867825403176,-0.31323620676994324,-1.6882362365722656,base,yes
191,1,0,0.46879062662624377,-0.8377290964126587,-0.7127290964126587,base,no
192,1,1,0.867035763237924,-0.32606860995292664,-2.201068639755249,base,yes
193,1,1,0.6513548646660542,-0.5333926677703857,-1.1583926677703857,base,yes
194,1,1,0.9324533088603709,-0.19911408424377441,-2.8241140842437744,base,yes
195,1,1,0.7057850278370112,-0.5870270729064941,-1.4620270729064941,base,yes
196,1,1,0.9626731153331315,-0.1537725180387497,-3.4037725925445557,base,yes
197,1,1,0.9399133464597458,-0.20722466707229614,-2.9572246074676514,base,yes
198,1,1,0.8354835452961425,-0.35794514417648315,-1.982945203781128,base,yes
199,1,1,0.9579122708828604,-0.24721696972846985,-3.3722169399261475,base,yes
200,1,1,0.9241418158002492,-0.1932554841041565,-2.6932554244995117,base,yes
201,1,1,0.9740426443092215,-0.23116129636764526,-3.85616135597229,base,yes
202,1,1,0.9740426428022031,-0.12753748893737793,-3.752537488937378,base,yes
203,1,1,0.97068777009661,-0.17569419741630554,-3.675694227218628,base,yes
204,1,1,0.9241418199787566,-0.2634091377258301,-2.76340913772583,base,yes
205,1,1,0.9796676496254957,-0.1501806676387787,-4.025180816650391,base,yes
206,1,1,0.7772998714925403,-0.47745198011398315,-1.727452039718628,base,yes
207,1,1,0.9770226300899744,-0.18674993515014648,-3.9367499351501465,base,yes
208,1,1,0.9669140192277585,-0.17823989689350128,-3.5532398223876953,base,yes
209,1,1,0.8519528019683106,-0.36232566833496094,-2.112325668334961,base,yes
210,1,1,0.8670357563664174,-0.34491828083992004,-2.2199182510375977,base,yes
211,1,1,0.8670357701094303,-0.3951968252658844,-2.2701969146728516,base,yes
212,1,1,0.9626731131913229,-0.24150227010250092,-3.491502285003662,base,yes
213,1,1,0.924141817889503,-0.28333643078804016,-2.7833364009857178,base,yes
214,1,1,0.932453304167687,-0.2165418416261673,-2.8415417671203613,base,yes
215,1,1,0.9770226287518852,-0.15245968103408813,-3.9024596214294434,base,yes
216,1,1,0.9465966702001757,-0.3094203472137451,-3.184420347213745,base,yes
217,1,1,0.9820137866163753,-0.18097372353076935,-4.180973529815674,base,yes
218,1,1,0.9579122738866624,-0.2259647399187088,-3.3509647846221924,base,yes
219,1,1,0.9770226297554521,-0.20611883699893951,-3.9561188220977783,base,yes
220,1,1,0.798186768138228,-0.3991907238960266,-1.7741906642913818,base,yes
221,1,1,0.9669140192277585,-0.14924700558185577,-3.52424693107605,base,yes
222,1,1,0.9740426454394852,-0.17152585089206696,-3.7965259552001953,base,yes
223,1,1,0.9859363739898402,-0.19594137370586395,-4.44594144821167,base,yes
224,1,1,0.8354835330070839,-0.43195298314094543,-2.056952953338623,base,yes
225,1,1,0.880797081106935,-0.3534667193889618,-2.353466749191284,base,yes
226,1,1,0.9399133498259924,-0.3181896209716797,-3.0681896209716797,base,yes
227,1,1,0.8519528170040853,-0.2608526945114136,-2.010852813720703,base,yes
228,1,1,0.924141817889503,-0.2615216076374054,-2.761521577835083,base,yes
229,1,1,0.9740426424254486,-0.1418306976556778,-3.7668306827545166,base,yes
230,1,1,0.9626731131913229,-0.21978901326656342,-3.4697890281677246,base,yes
231,1,1,0.9149009480320036,-0.23334845900535583,-2.6083483695983887,base,yes
232,1,1,0.9241418158002492,-0.2832246422767639,-2.783224582672119,base,yes
233,1,1,0.9796676481414185,-0.14953796565532684,-4.024538040161133,base,yes
234,1,1,0.9820137924066618,-0.16331468522548676,-4.1633148193359375,base,yes
235,1,1,0.9770226317625857,-0.16769878566265106,-3.917698860168457,base,yes
236,1,1,0.9840936108539738,-0.14434655010700226,-4.269346714019775,base,yes
237,1,1,0.9579122690805788,-0.22570450603961945,-3.3507044315338135,base,yes
238,1,1,0.7772998508568416,-0.39289361238479614,-1.6428935527801514,base,yes
239,1,1,0.9579122714836206,-0.22504784166812897,-3.3500478267669678,base,yes
240,1,1,0.9579122714836206,-0.18877054750919342,-3.3137705326080322,base,yes
241,1,1,0.8933094174159129,-0.2573765516281128,-2.3823766708374023,base,yes
242,1,1,0.8807970904940926,-0.2554396390914917,-2.2554397583007812,base,yes
243,1,1,0.9924227595165183,-0.12162341177463531,-4.996623516082764,base,yes
244,1,1,0.7772998508568416,-0.4061494469642639,-1.6561493873596191,base,yes
245,1,1,0.9706877722165251,-0.1753634363412857,-3.675363540649414,base,yes
246,1,1,0.904650538956921,-0.2434222251176834,-2.493422269821167,base,yes
247,1,1,0.9149009642742806,-0.29135310649871826,-2.666353225708008,base,yes
248,1,1,0.9770226327661524,-0.20556294918060303,-3.9555630683898926,base,yes
249,1,1,0.9626731089077046,-0.12847600877285004,-3.3784759044647217,base,yes
250,1,1,0.9465966702001757,-0.18405389785766602,-3.059053897857666,base,yes
251,1,1,0.9820137903011033,-0.2001495212316513,-4.2001495361328125,base,yes
252,1,0,0.02931222841944938,-3.590607166290283,-0.09060708433389664,base,no
253,1,1,0.9324533144915912,-0.3246091902256012,-2.9496092796325684,base,yes
254,1,1,0.9241418220680101,-0.28346726298332214,-2.7834672927856445,base,yes
255,1,1,0.9046505402422645,-0.26332467794418335,-2.513324737548828,base,yes
256,1,1,0.7549149868676283,-0.4829331636428833,-1.6079331636428833,base,yes
257,1,0,0.37754066879814546,-1.0979915857315063,-0.5979915857315063,base,no
258,1,1,0.8670357701094303,-0.25749674439430237,-2.1324968338012695,base,yes
259,1,1,0.6224593171945417,-0.6602287888526917,-1.1602287292480469,base,yes
260,1,1,0.9875683489638711,-0.14124108850955963,-4.516241073608398,base,yes
261,1,1,0.5926665999540697,-0.5696704387664795,-0.9446704387664795,base,yes
262,1,1,0.7772998663336157,-0.37527748942375183,-1.6252775192260742,base,yes
263,1,0,0.5,-0.7790567278862,-0.7790567278862,base,no
264,1,1,0.9149009642742806,-0.25304925441741943,-2.628049373626709,base,yes
265,1,1,0.9796676457668948,-0.1497211903333664,-4.024721145629883,base,yes
266,1,1,0.9840936080549317,-0.1452360302209854,-4.270236015319824,base,yes
267,1,1,0.9706877696726267,-0.15938781201839447,-3.6593878269195557,base,yes
268,1,1,0.9770226297554521,-0.16791106760501862,-3.9179110527038574,base,yes
269,1,1,0.9770226267447513,-0.27990689873695374,-4.029906749725342,base,yes
270,1,0,0.4378234991142019,-0.9557206630706787,-0.7057206630706787,base,no
271,1,1,0.9525741227833249,-0.164066880941391,-3.164066791534424,base,yes
272,1,1,0.9820137879323497,-0.20080673694610596,-4.200806617736816,base,yes
273,1,0,0.4378234991142019,-0.9293685555458069,-0.6793685555458069,base,no
274,1,1,0.9149009619539553,-0.25068798661231995,-2.625688076019287,base,yes
275,1,1,0.9875683511591884,-0.1748092919588089,-4.549809455871582,base,yes
276,1,1,0.9046505351008906,-0.24474287033081055,-2.4947428703308105,base,yes
277,1,1,0.9149009480320036,-0.25028833746910095,-2.625288248062134,base,yes
278,1,1,0.904650527388829,-0.4165976941585541,-2.666597604751587,base,yes
279,1,0,0.22270013882530884,-1.5604190826416016,-0.31041908264160156,base,no
280,1,1,0.5926665999540697,-0.6252435445785522,-1.0002435445785522,base,yes
281,1,1,0.5621765008857981,-0.7344532012939453,-0.9844532012939453,base,yes
282,1,1,0.7057850278370112,-0.43275749683380127,-1.3077574968338013,base,yes
283,1,1,0.9465966717067252,-0.23702213168144226,-3.1120221614837646,base,yes
284,1,1,0.9669140235181256,-0.16263073682785034,-3.537630796432495,base,yes
285,1,1,0.9840936057223965,-0.1784159392118454,-4.303415775299072,base,yes
286,1,1,0.8519528019683106,-0.4096970558166504,-2.1596970558166504,base,yes
287,1,1,0.9525741221101401,-0.19534693658351898,-3.1953468322753906,base,yes
288,1,1,0.9626731110495138,-0.24251513183116913,-3.4925150871276855,base,yes
289,1,1,0.7981867777396212,-0.45221614837646484,-1.8272161483764648,base,yes
290,1,1,0.9875683469514964,-0.17468947172164917,-4.549689292907715,base,yes
291,1,1,0.9626731142622272,-0.22004695236682892,-3.4700469970703125,base,yes
292,1,1,0.9579122678790578,-0.2465871423482895,-3.371587038040161,base,yes
293,1,0,0.32082130082460697,-1.312312126159668,-0.562312126159668,base,no
294,1,1,0.9465966671870767,-0.23829799890518188,-3.113297939300537,base,yes
295,1,1,0.9933071502644802,-0.18821460008621216,-5.1882147789001465,base,yes
296,1,1,0.9465966709534505,-0.2171909660100937,-3.092190980911255,base,yes
297,1,1,0.957912274487423,-0.20613068342208862,-3.3311307430267334,base,yes
298,1,1,0.7310585786300049,-0.5053669214248657,-1.5053669214248657,base,yes
299,1,0,0.46879062662624377,-0.8629461526870728,-0.7379461526870728,base,no
300,1,0,0.2689414213699951,-1.473536491394043,-0.47353649139404297,base,no
301,1,1,0.9324533032291502,-0.21638640761375427,-2.841386318206787,base,yes
302,1,1,0.8175744761936437,-0.378642201423645,-1.878642201423645,base,yes
303,1,1,0.9465966732132748,-0.23682111501693726,-3.111821174621582,base,yes
304,1,1,0.9902915215128427,-0.17206355929374695,-4.79706335067749,base,yes
305,1,1,0.9525741281688026,-0.25232240557670593,-3.2523224353790283,base,yes
306,1,1,0.7772998714925403,-0.3758315443992615,-1.6258316040039062,base,yes
307,1,0,0.24508502416032488,-1.5257432460784912,-0.400743305683136,base,no
308,1,1,0.851952809486198,-0.390481173992157,-2.1404812335968018,base,yes
309,1,1,0.7310585669110203,-0.557549774646759,-1.5575497150421143,base,yes
310,1,0,0.16451646699291617,-1.9595462083816528,-0.3345462381839752,base,no
311,1,1,0.8519528019683106,-0.32187700271606445,-2.0718770027160645,base,yes
312,1,1,0.9465966717067252,-0.23964831233024597,-3.1146483421325684,base,yes
313,1,1,0.9465966671870767,-0.20001298189163208,-3.0750129222869873,base,yes
314,1,1,0.9579122738866624,-0.24663539230823517,-3.3716354370117188,base,yes
315,1,0,0.32082130731838393,-1.2192482948303223,-0.46924832463264465,base,no
316,1,1,0.5312093733737563,-0.7848565578460693,-0.9098565578460693,base,yes
317,1,1,0.9149009549929797,-0.252269983291626,-2.627269983291626,base,yes
318,1,0,0.037326884666868405,-3.37575101852417,-0.12575094401836395,base,no
319,1,0,0.08509904152653235,-2.58069109916687,-0.20569105446338654,base,no
320,1,0,0.18242552825126704,-1.7846022844314575,-0.2846023142337799,base,no
321,1,1,0.9324533051062237,-0.2534692883491516,-2.878469228744507,base,yes
322,1,1,0.9740426424254486,-0.20830895006656647,-3.8333089351654053,base,yes
323,1,1,0.9149009619539553,-0.190530925989151,-2.565531015396118,base,yes
324,1,1,0.8175744806385543,-0.36253198981285095,-1.8625320196151733,base,yes
325,1,1,0.8354835371034369,-0.3417208194732666,-1.9667208194732666,base,yes
326,1,1,0.6513548511303336,-0.5455837845802307,-1.170583724975586,base,yes
327,1,1,0.8933094032139576,-0.3411698639392853,-2.466169834136963,base,yes
328,1,1,0.995390428230854,-0.18585863709449768,-5.560858726501465,base,yes
329,1,1,0.5621765008857981,-0.7014718651771545,-0.9514718651771545,base,yes
330,1,0,0.010986942954432066,-4.575990676879883,-0.0759907066822052,base,no
331,1,1,0.9706877705205931,-0.1932324916124344,-3.693232536315918,base,yes
332,1,0,0.07585817270885642,-2.713754177093506,-0.2137540727853775,base,no
333,1,1,0.6791786861878392,-0.6042702794075012,-1.3542702198028564,base,yes
334,1,1,0.9046505325302034,-0.23163798451423645,-2.481637954711914,base,yes
335,1,1,0.5621764862150634,-0.7608550190925598,-1.010854959487915,base,yes
336,1,1,0.7057850278370112,-0.5158282518386841,-1.390828251838684,base,yes
337,1,1,0.7310585786300049,-0.41158318519592285,-1.4115831851959229,base,yes
338,1,1,0.9626731153331315,-0.20098011195659637,-3.4509801864624023,base,yes
339,1,1,0.9579122708828604,-0.298493891954422,-3.4234938621520996,base,yes
340,1,0,0.4378234991142019,-0.9366096258163452,-0.6866096258163452,base,no
341,1,1,0.9770226277483183,-0.15246592462062836,-3.9024658203125,base,yes
342,1,1,0.6224593452091672,-0.57833331823349,-1.0783333778381348,base,yes
343,1,1,0.9770226284173629,-0.22847874462604523,-3.9784786701202393,base,yes
344,1,0,0.01590639299470909,-4.245934963226318,-0.12093504518270493,base,no
345,1,1,0.89330940889474,-0.2586459815502167,-2.383646011352539,base,yes
346,1,1,0.8519528132451416,-0.3215540945529938,-2.071554183959961,base,yes
347,1,1,0.9626731115849659,-0.18329694867134094,-3.4332969188690186,base,yes
348,1,1,0.974042644685976,-0.15583722293376923,-3.780837297439575,base,yes
349,1,1,0.7549149868676283,-0.46072447299957275,-1.5857244729995728,base,yes
350,1,1,0.9740426450627306,-0.17092767357826233,-3.7959277629852295,base,yes
351,1,1,0.7057850340255386,-0.45736655592918396,-1.3323665857315063,base,yes
352,1,1,0.9399133498259924,-0.26761460304260254,-3.0176146030426025,base,yes
353,1,1,0.7057850402140659,-0.42702049016952515,-1.30202054977417,base,yes
354,1,1,0.7772998611746911,-0.4254087209701538,-1.6754087209701538,base,yes
355,1,0,0.46879062662624377,-0.8940574526786804,-0.7690574526786804,base,no
356,1,1,0.7057850278370112,-0.4572850465774536,-1.3322850465774536,base,yes
357,1,1,0.9890130576932457,-0.21443936228752136,-4.714439392089844,base,yes
358,1,1,0.8354835330070839,-0.3067629635334015,-1.931762933731079,base,yes
359,1,1,0.970687766704745,-0.1754954755306244,-3.6754953861236572,base,yes
360,1,1,0.9046505428129514,-0.3251008093357086,-2.575100898742676,base,yes
361,1,1,0.9706877705205931,-0.14569707214832306,-3.6456971168518066,base,yes
362,1,1,0.9820137879323497,-0.22284996509552002,-4.2228498458862305,base,yes
363,1,1,0.9840936108539738,-0.16191132366657257,-4.286911487579346,base,yes
364,1,0,0.025957357386174145,-3.69915771484375,-0.0741577222943306,base,no
365,1,0,0.09534945847239201,-2.439209461212158,-0.18920938670635223,base,no
366,1,1,0.7772998611746911,-0.45403826236724854,-1.7040382623672485,base,yes
367,1,1,0.9579122750881832,-0.22557561099529266,-3.3505756855010986,base,yes
368,1,1,0.8933094174159129,-0.2958725690841675,-2.420872688293457,base,yes
369,1,1,0.966914019704466,-0.2154422402381897,-3.590442180633545,base,yes
370,1,1,0.9399133498259924,-0.22351741790771484,-2.973517417907715,base,yes
371,1,1,0.9399133523506772,-0.22618885338306427,-2.976188898086548,base,yes
372,1,1,0.6224593312018546,-0.6071681976318359,-1.107168197631836,base,yes
373,1,1,0.9770226324316302,-0.1684349924325943,-3.9184350967407227,base,yes
374,1,1,0.9706877692486436,-0.28700828552246094,-3.787008285522461,base,yes
375,1,1,0.9820137896431163,-0.11962225288152695,-4.119622230529785,base,yes
376,1,0,0.3486451217982255,-1.2241101264953613,-0.5991100668907166,base,no
377,1,0,0.10669060388702058,-2.2979907989501953,-0.17299090325832367,base,no
378,1,1,0.9859363717170516,-0.17622336745262146,-4.426223278045654,base,yes
379,1,1,0.9706877722165251,-0.1592337042093277,-3.659233808517456,base,yes
380,1,0,0.2942149845400438,-1.3718373775482178,-0.49683743715286255,base,no
381,1,1,0.9324533144915912,-0.21655383706092834,-2.8415539264678955,base,yes
382,1,0,0.08509903688588204,-2.5462753772735596,-0.1712752729654312,base,no
383,1,0,0.24508501864634827,-1.5455169677734375,-0.4205169975757599,base,no
384,1,1,0.9324533144915912,-0.3233722746372223,-2.9483723640441895,base,yes
385,1,1,0.8519527982093668,-0.3247120678424835,-2.074712038040161,base,yes
386,1,1,0.8807970748488297,-0.3319282829761505,-2.331928253173828,base,yes
387,1,1,0.731058584489497,-0.47067925333976746,-1.4706792831420898,base,yes
388,1,0,0.2942149845400438,-1.3266029357910156,-0.4516029953956604,base,no
389,1,1,0.9399133498259924,-0.2250044345855713,-2.9750044345855713,base,yes
390,1,1,0.9669140206578809,-0.2631700336933136,-3.638170003890991,base,yes
391,1,1,0.8933094060543487,-0.4276435375213623,-2.5526435375213623,base,yes
392,1,1,0.9770226280828407,-0.13775834441184998,-3.887758255004883,base,yes
393,1,1,0.9706877675527112,-0.17520767450332642,-3.6752076148986816,base,yes
394,1,1,0.5926665999540697,-0.7019764184951782,-1.0769764184951782,base,yes
395,1,1,0.9046505325302034,-0.26253440976142883,-2.5125343799591064,base,yes
396,1,1,0.939913343093499,-0.2666116952896118,-3.0166115760803223,base,yes
397,1,1,0.9669140244715405,-0.23885861039161682,-3.613858699798584,base,yes
398,1,1,0.7549149868676283,-0.37962019443511963,-1.5046201944351196,base,yes
399,1,1,0.7772998611746911,-0.4987461566925049,-1.7487461566925049,base,yes
400,1,1,0.7772998611746911,-0.3614860773086548,-1.6114860773086548,base,yes
401,1,1,0.7981867729389246,-0.407003790140152,-1.7820037603378296,base,yes
402,1,0,0.015906391478561197,-4.288872718811035,-0.16387270390987396,base,no
403,1,1,0.970687766704745,-0.15980467200279236,-3.659804582595825,base,yes
404,1,1,0.5926665855647394,-0.7168610692024231,-1.0918610095977783,base,yes
405,1,1,0.9324533097989077,-0.23426936566829681,-2.859269380569458,base,yes
406,1,1,0.9706877717925421,-0.21267810463905334,-3.7126781940460205,base,yes
407,1,1,0.9399133531922388,-0.2663511633872986,-3.0163512229919434,base,yes
408,1,1,0.9465966664338019,-0.19984276592731476,-3.074842691421509,base,yes
409,1,0,0.4073334000459302,-1.0510648488998413,-0.6760648488998413,base,no
410,1,1,0.9241418252018903,-0.22468940913677216,-2.724689483642578,base,yes
411,1,1,0.9626731147976793,-0.47159451246261597,-3.7215945720672607,base,yes
412,1,1,0.9875683507933021,-0.14144550263881683,-4.516445636749268,base,yes
413,1,1,0.8670357563664174,-0.28698089718818665,-2.1619808673858643,base,yes
414,1,1,0.8933094174159129,-0.4013103246688843,-2.526310443878174,base,yes
415,1,1,0.9740426405416754,-0.17125257849693298,-3.796252489089966,base,yes
416,1,1,0.6224593312018546,-0.6186521053314209,-1.118652105331421,base,yes
417,1,0,0.14804720930852133,-2.035311698913574,-0.2853117883205414,base,no
418,1,0,0.11920293140927592,-2.28761887550354,-0.2876189649105072,base,no
419,1,1,0.7772998560157665,-0.42816248536109924,-1.6781624555587769,base,yes
420,1,1,0.867035752930664,-0.257146418094635,-2.1321463584899902,base,yes
421,1,0,0.4073334000459302,-1.0543726682662964,-0.6793726682662964,base,no
422,1,0,0.020332352749027827,-3.938281536102295,-0.06328150629997253,base,no
423,1,1,0.9796676469541566,-0.18286941945552826,-4.0578694343566895,base,yes
424,1,1,0.7310585669110203,-0.50640469789505,-1.5064046382904053,base,yes
425,1,0,0.4073334000459302,-1.0489946603775024,-0.6739946603775024,base,no
426,1,1,0.9399133439350607,-0.19263802468776703,-2.9426379203796387,base,yes
427,1,1,0.9626731115849659,-0.24379709362983704,-3.4937970638275146,base,yes
428,1,0,0.4378234991142019,-0.9415916204452515,-0.6915916204452515,base,no
429,1,0,0.34864513533394575,-1.1403716802597046,-0.5153716802597046,base,no
430,1,1,0.9626731115849659,-0.14008000493049622,-3.390079975128174,base,yes
431,1,1,0.9149009549929797,-0.2713632583618164,-2.6463632583618164,base,yes
432,1,1,0.9840936057223965,-0.14518706500530243,-4.270186901092529,base,yes
433,1,0,0.09534945847239201,-2.4188599586486816,-0.16885988414287567,base,no
434,1,0,0.02297736756836975,-3.8403518199920654,-0.09035171568393707,base,no
435,1,1,0.6224593312018546,-0.5775505304336548,-1.0775505304336548,base,yes
436,1,1,0.9669140216112958,-0.17852473258972168,-3.5535247325897217,base,yes
437,1,0,0.07585817270885642,-2.670254945755005,-0.17025484144687653,base,no
438,1,1,0.9046505248181417,-0.3613940477371216,-2.611393928527832,base,yes
439,1,0,0.4378234991142019,-0.9616433382034302,-0.7116433382034302,base,no
440,1,1,0.8933093975331751,-0.34006842970848083,-2.4650683403015137,base,yes
441,1,1,0.9859363696508799,-0.14304566383361816,-4.393045425415039,base,yes
442,1,0,0.2689414096510108,-1.401691198348999,-0.40169113874435425,base,no
443,1,1,0.9149009619539553,-0.29309025406837463,-2.668090343475342,base,yes
444,1,0,0.4378234991142019,-0.951852023601532,-0.701852023601532,base,no
445,1,1,0.8519527944504226,-0.40887123346328735,-2.1588711738586426,base,yes
446,1,1,0.6224593312018546,-0.5770121812820435,-1.0770121812820435,base,yes
447,1,1,0.9626731121204184,-0.20208384096622467,-3.4520838260650635,base,yes
448,1,0,0.060086649753226806,-2.850135087966919,-0.10013508051633835,base,no
449,1,0,0.22270014398423357,-1.6511892080307007,-0.40118923783302307,base,no
450,1,0,0.24508500761839525,-1.5306010246276855,-0.40560099482536316,base,no
451,1,0,0.4073334000459302,-0.9908194541931152,-0.6158194541931152,base,no
452,1,1,0.9626731147976793,-0.1530894637107849,-3.4030895233154297,base,yes
453,1,1,0.6791786861878392,-0.5021553635597229,-1.2521553039550781,base,yes
454,1,1,0.8933094145755219,-0.257012277841568,-2.382012367248535,base,yes
455,1,1,0.9399133439350607,-0.20684562623500824,-2.95684552192688,base,yes
456,1,1,0.8933094174159129,-0.24205529689788818,-2.3670554161071777,base,yes
457,1,1,0.962673116404036,-0.21937574446201324,-3.4693758487701416,base,yes
458,1,1,0.9770226317625857,-0.20508210361003876,-3.9550821781158447,base,yes
459,1,1,0.9859363748163087,-0.196156844496727,-4.446156978607178,base,yes
460,1,1,0.9465966747198243,-0.18499556183815002,-3.059995651245117,base,yes
461,1,1,0.679178699175393,-0.5810256004333496,-1.3310256004333496,base,yes
462,1,1,0.9149009538328171,-0.20508696138858795,-2.5800869464874268,base,yes
463,1,1,0.9875683507933021,-0.14118705689907074,-4.5161871910095215,base,yes
464,1,0,0.24508502416032488,-1.4819998741149902,-0.356999933719635,base,no
465,1,1,0.9626731147976793,-0.22213834524154663,-3.4721384048461914,base,yes
466,1,1,0.9875683502444729,-0.2165473997592926,-4.59154748916626,base,yes
467,1,1,0.5926665999540697,-0.6096538305282593,-0.9846538305282593,base,yes
468,1,1,0.9669140206578809,-0.2621763050556183,-3.637176275253296,base,yes
469,1,1,0.9859363719236689,-0.15877683460712433,-4.408776760101318,base,yes
470,1,1,0.974042642048694,-0.15585926175117493,-3.7808592319488525,base,yes
471,1,1,0.9626731121204184,-0.2019512802362442,-3.451951265335083,base,yes
472,1,1,0.9579122720843811,-0.27174997329711914,-3.396749973297119,base,yes
473,1,1,0.9947798743064417,-0.14887666702270508,-5.398876667022705,base,yes
474,1,1,0.9859363750229257,-0.15899547934532166,-4.408995628356934,base,yes
475,1,1,0.9399133473013074,-0.20657233893871307,-2.9565722942352295,base,yes
476,1,1,0.9626731121204184,-0.21930767595767975,-3.4693076610565186,base,yes
477,1,1,0.9740426443092215,-0.2542418837547302,-3.879241943359375,base,yes
478,1,0,0.3775406828054583,-1.110764503479004,-0.6107645630836487,base,no
479,1,1,0.9770226277483183,-0.22866426408290863,-3.9786641597747803,base,yes
480,1,1,0.982013793459441,-0.18056659400463104,-4.180566787719727,base,yes
481,1,0,0.007577241604023266,-4.947065353393555,-0.07206539809703827,base,no
482,1,1,0.9626731147976793,-0.20189088582992554,-3.4518909454345703,base,yes
483,1,1,0.880797081106935,-0.3292827308177948,-2.329282760620117,base,yes
484,1,1,0.9399133464597458,-0.224262535572052,-2.9742624759674072,base,yes
485,1,1,0.9626731126558706,-0.16739583015441895,-3.417395830154419,base,yes
486,1,1,0.9579122750881832,-0.24649564921855927,-3.3714957237243652,base,yes
487,1,1,0.754914997895581,-0.4042350649833679,-1.5292351245880127,base,yes
488,1,1,0.9241418220680101,-0.28145739436149597,-2.7814574241638184,base,yes
489,1,1,0.9626731105140616,-0.20106202363967896,-3.451061964035034,base,yes
490,1,1,0.9706877713685592,-0.19247548282146454,-3.6924755573272705,base,yes
491,1,1,0.9669140206578809,-0.21699312329292297,-3.5919930934906006,base,yes
492,1,1,0.9890130552644538,-0.15540237724781036,-4.655402183532715,base,yes
493,1,1,0.9465966717067252,-0.2372119128704071,-3.1122119426727295,base,yes
494,1,1,0.9669140254249554,-0.16330993175506592,-3.5383100509643555,base,yes
495,1,1,0.9626731110495138,-0.21880964934825897,-3.4688096046447754,base,yes
496,1,1,0.9840936092211993,-0.16172069311141968,-4.2867207527160645,base,yes
497,1,0,0.32082130731838393,-1.2218446731567383,-0.47184470295906067,base,no
498,1,0,0.46879062662624377,-0.9776785969734192,-0.8526785969734192,base,no
499,1,0,0.4073333856566001,-1.0166916847229004,-0.6416916251182556,base,no
500,1,1,0.7772998508568416,-0.4454067349433899,-1.6954066753387451,base,yes
501,1,0,0.04208773212094217,-3.229671001434326,-0.10467110574245453,base,no
502,1,0,0.29421497216298875,-1.3553153276443481,-0.48031532764434814,base,no
503,1,1,0.8175744806385543,-0.42299017310142517,-1.9229902029037476,base,yes
504,1,0,0.10669058968506456,-2.2816696166992188,-0.15666957199573517,base,no
505,1,1,0.5312093733737563,-0.7449999451637268,-0.8699999451637268,base,yes
506,1,0,0.24508500761839525,-1.476449728012085,-0.3514496982097626,base,no
507,1,1,0.835483553488848,-0.5031026601791382,-2.1281027793884277,base,yes
508,1,1,0.9770226310935413,-0.22673626244068146,-3.976736307144165,base,yes
509,1,1,0.9241418210233833,-0.24303339421749115,-2.7430334091186523,base,yes
510,1,0,0.4378234991142019,-0.9608708024024963,-0.7108708024024963,base,no
511,1,0,0.32082129433083023,-1.2424228191375732,-0.49242278933525085,base,no
512,1,1,0.7981867873410141,-0.3427519202232361,-1.7177519798278809,base,yes
513,1,1,0.9706877709445761,-0.19309157133102417,-3.693091630935669,base,yes
514,1,1,0.9706877684006775,-0.2342994511127472,-3.734299421310425,base,yes
515,1,1,0.9465966686936261,-0.25923898816108704,-3.1342389583587646,base,yes
516,1,0,0.5,-0.9699232578277588,-0.9699232578277588,base,no
517,1,1,0.9399133481428692,-0.3784239590167999,-3.1284239292144775,base,yes
518,1,1,0.7981867729389246,-0.386974960565567,-1.7619749307632446,base,yes
519,1,1,0.9626731158685837,-0.16737213730812073,-3.417372226715088,base,yes
520,1,1,0.5621765008857981,-0.7729406356811523,-1.0229406356811523,base,yes
521,1,1,0.9149009480320036,-0.21748217940330505,-2.592482089996338,base,yes
522,1,1,0.8354835289107309,-0.3067532181739807,-1.931753158569336,base,yes
523,1,1,0.817574471748733,-0.4038764536380768,-1.9038764238357544,base,yes
524,1,1,0.7772998663336157,-0.4249217212200165,-1.6749217510223389,base,yes
525,1,1,0.8354835411997897,-0.3412584960460663,-1.9662585258483887,base,yes
526,1,0,0.18242552380635632,-1.8413583040237427,-0.3413583040237427,base,no
527,1,0,0.1329642384799526,-2.115755558013916,-0.24075554311275482,base,no
528,1,1,0.9241418137109955,-0.2656935155391693,-2.765693426132202,base,yes
529,1,1,0.9796676454700793,-0.20275741815567017,-4.077757358551025,base,yes
530,1,1,0.5621765008857981,-0.6762023568153381,-0.9262023568153381,base,yes
531,1,1,0.9840936087546924,-0.16098257899284363,-4.285982608795166,base,yes
532,1,0,0.18242553269617778,-1.8278133869171143,-0.32781344652175903,base,no
533,1,1,0.9820137939858306,-0.18048836290836334,-4.180488586425781,base,yes
534,1,0,0.46879062662624377,-0.9031210541725159,-0.7781210541725159,base,no
535,1,1,0.9399133498259924,-0.20711517333984375,-2.9571151733398438,base,yes
536,1,1,0.8175744806385543,-0.36249133944511414,-1.8624913692474365,base,yes
537,1,1,0.97068777009661,-0.23451492190361023,-3.7345149517059326,base,yes
538,1,1,0.9525741281688026,-0.23053309321403503,-3.2305331230163574,base,yes
539,1,0,0.1329642436335826,-2.152433395385742,-0.2774334251880646,base,no
540,1,1,0.7549149868676283,-0.6498513221740723,-1.7748513221740723,base,yes
541,1,0,0.3775406828054583,-1.1055500507354736,-0.6055501103401184,base,no
542,1,1,0.9914225142061334,-0.21214155852794647,-4.962141513824463,base,yes
543,1,1,0.9706877713685592,-0.14516417682170868,-3.6451642513275146,base,yes
544,1,1,0.9820137866163753,-0.24684114754199982,-4.246840953826904,base,yes
545,1,0,0.0600866476493228,-2.9422500133514404,-0.19224996864795685,base,no
546,1,1,0.8670357494949105,-0.38978084921836853,-2.2647807598114014,base,yes
547,1,1,0.6224593312018546,-0.593981146812439,-1.093981146812439,base,yes
548,1,1,0.9149009596336303,-0.2916037440299988,-2.6666038036346436,base,yes
549,1,1,0.9579122702820998,-0.24635152518749237,-3.371351480484009,base,yes
550,1,0,0.4073334000459302,-0.9873297810554504,-0.6123297810554504,base,no
551,1,1,0.7310585903489892,-0.5371753573417664,-1.5371754169464111,base,yes
552,1,1,0.9820137905642982,-0.2454657256603241,-4.2454657554626465,base,yes
553,1,1,0.6791787121629466,-0.5766639113426208,-1.3266639709472656,base,yes
554,1,1,0.8933094046341532,-0.24284817278385162,-2.3678481578826904,base,yes
555,1,1,0.9324533107374443,-0.25166770815849304,-2.8766677379608154,base,yes
556,1,1,0.985936375642777,-0.17638187110424042,-4.426382064819336,base,yes
557,1,1,0.7772998560157665,-0.353863388299942,-1.6038633584976196,base,yes
558,1,1,0.754914975839675,-0.4567261338233948,-1.58172607421875,base,yes
559,1,0,0.11920291576401235,-2.190545082092285,-0.19054502248764038,base,no
560,1,0,0.34864513533394575,-1.198655128479004,-0.5736551284790039,base,no
561,1,1,0.679178699175393,-0.5352628231048584,-1.2852628231048584,base,yes
562,1,0,0.3208212878370535,-1.285588026046753,-0.5355879664421082,base,no
563,1,1,0.8670357460591569,-0.287173867225647,-2.1621737480163574,base,yes
564,1,1,0.9890130576932457,-0.1555008590221405,-4.655500888824463,base,yes
565,1,1,0.8354835330070839,-0.38286879658699036,-2.007868766784668,base,yes
566,1,1,0.9740426397881662,-0.28102123737335205,-3.9060211181640625,base,yes
567,1,1,0.5621765008857981,-0.701833188533783,-0.951833188533783,base,yes
568,1,1,0.8519528019683106,-0.3041191101074219,-2.054119110107422,base,yes
569,1,1,0.5621765008857981,-0.6633850336074829,-0.9133850336074829,base,yes
570,1,1,0.9626731147976793,-0.14085525274276733,-3.390855312347412,base,yes
571,1,1,0.5312093733737563,-0.7736628651618958,-0.8986628651618958,base,yes
572,1,1,0.9770226284173629,-0.22773011028766632,-3.9777300357818604,base,yes
573,1,0,0.3775406547908327,-1.0812947750091553,-0.5812947154045105,base,no
574,1,0,0.03732689109229525,-3.342822790145874,-0.09282289445400238,base,no
575,1,1,0.9626731105140616,-0.1683548092842102,-3.4183547496795654,base,yes
576,1,1,0.7981867729389246,-0.3674375116825104,-1.742437481880188,base,yes
577,1,1,0.966914019704466,-0.2629912495613098,-3.637991189956665,base,yes
578,1,1,0.9399133456181842,-0.22488601505756378,-2.974885940551758,base,yes
579,1,1,0.8175744761936437,-0.3570840358734131,-1.857084035873413,base,yes
580,1,1,0.9626731105140616,-0.16840940713882446,-3.4184093475341797,base,yes
581,1,0,0.06754669020109236,-2.749110221862793,-0.12411020696163177,base,no
582,1,1,0.9706877717925421,-0.19194450974464417,-3.6919445991516113,base,yes
583,1,0,0.4378234991142019,-0.9130030870437622,-0.6630030870437622,base,no
584,1,1,0.9046505261034853,-0.24421177804470062,-2.4942116737365723,base,yes
585,1,0,0.5,-0.8120088577270508,-0.8120088577270508,base,no
586,1,1,0.9840936061889036,-0.1978074461221695,-4.322807312011719,base,yes
587,1,1,0.9626731147976793,-0.15323346853256226,-3.403233528137207,base,yes
588,1,1,0.9706877705205931,-0.17547006905078888,-3.6754701137542725,base,yes
589,1,1,0.8807970873650403,-0.25764647126197815,-2.2576465606689453,base,yes
590,1,1,0.8175744806385543,-0.3142034709453583,-1.8142035007476807,base,yes
591,1,0,0.03308597934211908,-3.4625372886657715,-0.08753731846809387,base,no
592,1,1,0.5621765008857981,-0.6742254495620728,-0.9242254495620728,base,yes
593,1,1,0.7057850154599563,-0.4347108006477356,-1.3097107410430908,base,yes
594,1,1,0.880797076413356,-0.24182964861392975,-2.2418296337127686,base,yes
595,1,1,0.9820137931962463,-0.1810477375984192,-4.1810479164123535,base,yes
596,1,1,0.9525741315347259,-0.17764343321323395,-3.1776435375213623,base,yes
597,1,1,0.9770226297554521,-0.18609143793582916,-3.936091423034668,base,yes
598,1,1,0.9840936064221572,-0.1982952356338501,-4.3232951164245605,base,yes
599,1,1,0.9706877658567789,-0.25782740116119385,-3.7578272819519043,base,yes
600,1,0,0.4378234991142019,-0.9852346181869507,-0.7352346181869507,base,no
601,1,1,0.5926666143433998,-0.6832956671714783,-1.058295726776123,base,yes
602,1,0,0.20181323186177208,-1.8306798934936523,-0.4556799530982971,base,no
603,1,1,0.9706877696726267,-0.1939539760351181,-3.6939539909362793,base,yes
604,1,1,0.8807970904940926,-0.28676068782806396,-2.2867608070373535,base,yes
605,1,1,0.7549149868676283,-0.39177167415618896,-1.516771674156189,base,yes
606,1,1,0.924141817889503,-0.1954992115497589,-2.6954991817474365,base,yes
607,1,1,0.9241418262465169,-0.3074122965335846,-2.8074123859405518,base,yes
608,1,0,0.08509903804604459,-2.5909955501556396,-0.21599546074867249,base,no
609,1,1,0.9465966656805269,-0.20097622275352478,-3.0759761333465576,base,yes
610,1,1,0.9669140225647107,-0.17878815531730652,-3.553788185119629,base,yes
611,1,1,0.966914024948248,-0.21548451483249664,-3.590484619140625,base,yes
612,1,1,0.9770226277483183,-0.16783486306667328,-3.917834758758545,base,yes
613,1,0,0.1480472055495773,-2.0325489044189453,-0.2825489640235901,base,no
614,1,1,0.7772998663336157,-0.4742295444011688,-1.7242295742034912,base,yes
615,1,1,0.6791787056691698,-0.49525186419487,-1.2452518939971924,base,yes
616,1,1,0.9324533079218341,-0.19935084879398346,-2.8243508338928223,base,yes
617,1,1,0.7310585786300049,-0.5330734252929688,-1.5330734252929688,base,yes
618,1,0,0.14804719427274565,-2.0063652992248535,-0.25636526942253113,base,no
619,1,1,0.798186768138228,-0.3492189049720764,-1.7242188453674316,base,yes
620,1,1,0.8519527944504226,-0.26432329416275024,-2.0143232345581055,base,yes
621,1,1,0.9324533069832973,-0.2984218895435333,-2.923421859741211,base,yes
622,1,1,0.97068777009661,-0.2854594886302948,-3.785459518432617,base,yes
623,1,1,0.9669140230414182,-0.17943735420703888,-3.5544373989105225,base,yes
624,1,1,0.9241418158002492,-0.224354088306427,-2.7243540287017822,base,yes
625,1,1,0.9525741281688026,-0.1629016101360321,-3.1629016399383545,base,yes
626,1,1,0.7981867729389246,-0.364774614572525,-1.7397745847702026,base,yes
627,1,0,0.5,-0.7959920167922974,-0.7959920167922974,base,no
628,1,1,0.7772998714925403,-0.42443937063217163,-1.6744394302368164,base,yes
629,1,1,0.924141817889503,-0.2420051395893097,-2.7420051097869873,base,yes
630,1,1,0.7310585786300049,-0.4526524543762207,-1.4526524543762207,base,yes
631,1,1,0.914900945711678,-0.23422777652740479,-2.6092276573181152,base,yes
632,1,1,0.9740426435557125,-0.1723756492137909,-3.7973756790161133,base,yes
633,1,1,0.6513548511303336,-0.5559695363044739,-1.180969476699829,base,yes
634,1,0,0.3486451217982255,-1.1586127281188965,-0.5336126685142517,base,no
635,1,1,0.9796676508127574,-0.16542699933052063,-4.040427207946777,base,yes
636,1,0,0.2018132270610754,-1.70963716506958,-0.33463719487190247,base,no
637,1,0,0.10669060104662924,-2.3417699337005615,-0.2167700082063675,base,no
638,1,1,0.9046505376715775,-0.3290059268474579,-2.5790059566497803,base,yes
639,1,1,0.7981867873410141,-0.3492836356163025,-1.7242836952209473,base,yes
640,1,1,0.9324533135530545,-0.23286907374858856,-2.8578691482543945,base,yes
641,1,1,0.9626731137267751,-0.18317219614982605,-3.4331722259521484,base,yes
642,1,1,0.9579122714836206,-0.18785406649112701,-3.312854051589966,base,yes
643,1,0,0.22270014914315833,-1.554170846939087,-0.3041709065437317,base,no
644,1,1,0.8933094003735664,-0.34241896867752075,-2.467418909072876,base,yes
645,1,1,0.9770226317625857,-0.18543307483196259,-3.9354331493377686,base,yes
646,1,1,0.9840936103874667,-0.16060863435268402,-4.285608768463135,base,yes
647,1,1,0.9770226300899744,-0.2524447441101074,-4.002444744110107,base,yes
648,1,1,0.9669140206578809,-0.23781731724739075,-3.6128172874450684,base,yes
649,1,1,0.9525741281688026,-0.27751561999320984,-3.2775156497955322,base,yes
650,1,1,0.7310585786300049,-0.4506787061691284,-1.4506787061691284,base,yes
651,1,1,0.9796676466573412,-0.2032909393310547,-4.078290939331055,base,yes
652,1,0,0.3486451217982255,-1.2058756351470947,-0.58087557554245,base,no
653,1,1,0.9241418199787566,-0.28333067893981934,-2.7833306789398193,base,yes
654,1,1,0.9740426443092215,-0.17214936017990112,-3.797149419784546,base,yes
655,1,1,0.8807970654616711,-0.2883864641189575,-2.288386344909668,base,yes
656,1,1,0.8354835371034369,-0.35854649543762207,-1.983546495437622,base,yes
657,1,0,0.46879062662624377,-0.8831580281257629,-0.7581580281257629,base,no
658,1,0,0.5,-0.8529181480407715,-0.8529181480407715,base,no
659,1,1,0.8175744806385543,-0.31482598185539246,-1.8148260116577148,base,yes
660,1,0,0.24508500761839525,-1.4777024984359741,-0.35270246863365173,base,no
661,1,0,0.16451646699291617,-1.8698832988739014,-0.24488332867622375,base,no
662,1,1,0.5312093733737563,-0.7222734689712524,-0.8472734689712524,base,yes
663,1,1,0.9796676454700793,-0.13533121347427368,-4.010331153869629,base,yes
664,1,1,0.9241418137109955,-0.3365078866481781,-2.836507797241211,base,yes
665,1,1,0.7057850402140659,-0.5229367613792419,-1.3979368209838867,base,yes
666,1,1,0.6513548646660542,-0.6452665328979492,-1.2702665328979492,base,yes
667,1,1,0.6513548511303336,-0.6624906659126282,-1.2874906063079834,base,yes
668,1,1,0.5926665999540697,-0.6179907321929932,-0.9929907321929932,base,yes
669,1,1,0.5926665999540697,-0.6247153282165527,-0.9997153282165527,base,yes
670,1,1,0.966914019704466,-0.2610092759132385,-3.6360092163085938,base,yes
671,1,1,0.5926665999540697,-0.6507641077041626,-1.0257641077041626,base,yes
672,1,0,0.34864513533394575,-1.1504592895507812,-0.5254592895507812,base,no
673,1,1,0.914900957313305,-0.29387161135673523,-2.6688716411590576,base,yes
674,1,1,0.9149009619539553,-0.252251535654068,-2.627251625061035,base,yes
675,1,1,0.9890130560740511,-0.15590250492095947,-4.65590238571167,base,yes
676,1,1,0.9706877692486436,-0.23333334922790527,-3.7333333492279053,base,yes
677,1,1,0.9046505402422645,-0.2620071768760681,-2.512007236480713,base,yes
678,1,1,0.952574129515172,-0.25250524282455444,-3.252505302429199,base,yes
679,1,1,0.9669140239948331,-0.19590942561626434,-3.5709095001220703,base,yes
680,1,1,0.9740426409184302,-0.18954713642597198,-3.814547061920166,base,yes
681,1,1,0.8933093946927838,-0.316012978553772,-2.4410128593444824,base,yes
682,1,1,0.9770226297554521,-0.16826535761356354,-3.9182653427124023,base,yes
683,1,1,0.9669140182743434,-0.2158120721578598,-3.5908119678497314,base,yes
684,1,1,0.8354835411997897,-0.3077729642391205,-1.9327729940414429,base,yes
685,1,0,0.22270014398423357,-1.5636430978775024,-0.31364312767982483,base,no
686,1,1,0.9840936096877062,-0.2699402868747711,-4.394940376281738,base,yes
687,1,1,0.5312093733737563,-0.7529608607292175,-0.8779608607292175,base,yes
688,1,1,0.9324533144915912,-0.2720932066440582,-2.8970932960510254,base,yes
689,1,1,0.9796676496254957,-0.14957460761070251,-4.0245747566223145,base,yes
690,1,1,0.7310585786300049,-0.4512063264846802,-1.4512063264846802,base,yes
691,1,1,0.9820137884587394,-0.16285714507102966,-4.1628570556640625,base,yes
692,1,1,0.89330940889474,-0.3426205813884735,-2.467620611190796,base,yes
693,1,1,0.9241418137109955,-0.3099392354488373,-2.80993914604187,base,yes
694,1,0,0.2018132270610754,-1.7280662059783936,-0.35306623578071594,base,no
695,1,0,0.0758581737534831,-2.691121816635132,-0.19112172722816467,base,no
696,1,1,0.6513548646660542,-0.5671383142471313,-1.1921383142471313,base,yes
697,1,0,0.32082130082460697,-1.2558969259262085,-0.5058969259262085,base,no
698,1,1,0.8175744761936437,-0.37991559505462646,-1.8799155950546265,base,yes
699,1,1,0.6791787121629466,-0.5047957301139832,-1.254795789718628,base,yes
700,1,1,0.939913350667554,-0.2067880481481552,-2.9567880630493164,base,yes
701,1,1,0.9626731105140616,-0.26783114671707153,-3.5178310871124268,base,yes
702,1,1,0.9324533051062237,-0.251254141330719,-2.876254081726074,base,yes
703,1,1,0.952574129515172,-0.2534560561180115,-3.2534561157226562,base,yes
704,1,1,0.8354835330070839,-0.32670047879219055,-1.9517004489898682,base,yes
705,1,1,0.6513548511303336,-0.6569061875343323,-1.2819061279296875,base,yes
706,1,1,0.9706877705205931,-0.2120646983385086,-3.712064743041992,base,yes
707,1,0,0.1480472055495773,-1.955751657485962,-0.2057517170906067,base,no
708,1,0,0.1645164628965632,-1.8670474290847778,-0.24204742908477783,base,no
709,1,1,0.9820137858267906,-0.14703011512756348,-4.147029876708984,base,yes
710,1,1,0.9046505299595163,-0.2851935029029846,-2.53519344329834,base,yes
711,1,1,0.9149009549929797,-0.253786563873291,-2.628786563873291,base,yes
712,1,1,0.9859363700641142,-0.12878963351249695,-4.37878942489624,base,yes
713,1,1,0.957912274487423,-0.17360037565231323,-3.298600435256958,base,yes
714,1,1,0.9796676433923709,-0.13586823642253876,-4.010868072509766,base,yes
715,1,0,0.3775406828054583,-1.1478445529937744,-0.6478446125984192,base,no
716,1,1,0.5621765008857981,-0.7177138328552246,-0.9677138328552246,base,yes
717,1,1,0.939913350667554,-0.22354505956172943,-2.9735450744628906,base,yes
718,1,1,0.880797071719777,-0.29038649797439575,-2.290386438369751,base,yes
719,1,1,0.89330940889474,-0.3136694133281708,-2.438669443130493,base,yes
720,1,1,0.8933094145755219,-0.25709691643714905,-2.382097005844116,base,yes
721,1,1,0.952574129515172,-0.16293948888778687,-3.1629395484924316,base,yes
722,1,1,0.9669140201811735,-0.16328005492687225,-3.5382800102233887,base,yes
723,1,1,0.6224593312018546,-0.6901047229766846,-1.1901047229766846,base,yes
724,1,1,0.7310585786300049,-0.5096414089202881,-1.509641408920288,base,yes
725,1,1,0.9669140220880033,-0.19632290303707123,-3.5713229179382324,base,yes
726,1,1,0.9890130591505206,-0.21503861248493195,-4.715038776397705,base,yes
727,1,1,0.9859363729567544,-0.21797704696655273,-4.467977046966553,base,yes
728,1,1,0.9740426431789577,-0.17185257375240326,-3.7968525886535645,base,yes
729,1,1,0.9669140187510509,-0.18045362830162048,-3.5554535388946533,base,yes
730,1,0,0.09534946104307897,-2.498321771621704,-0.24832172691822052,base,no
731,1,1,0.9796676457668948,-0.1353774517774582,-4.010377407073975,base,yes
732,1,0,0.4073334000459302,-1.0191924571990967,-0.6441924571990967,base,no
733,1,1,0.6513548646660542,-0.5452748537063599,-1.1702748537063599,base,yes
734,1,1,0.8670357563664174,-0.42152002453804016,-2.2965199947357178,base,yes
735,1,1,0.9525741241296944,-0.25353533029556274,-3.253535270690918,base,yes
736,1,1,0.9525741308615412,-0.21275702118873596,-3.212757110595703,base,yes
737,1,1,0.754914997895581,-0.422268807888031,-1.5472688674926758,base,yes
738,1,1,0.7549149868676283,-0.7050734758377075,-1.8300734758377075,base,yes
739,1,1,0.6224593452091672,-0.5633017420768738,-1.0633018016815186,base,yes
740,1,0,0.042087728215999064,-3.2132937908172607,-0.08829379826784134,base,no
741,1,1,0.9149009619539553,-0.2520546019077301,-2.6270546913146973,base,yes
742,1,1,0.952574129515172,-0.3041178584098816,-3.3041179180145264,base,yes
743,1,1,0.7549149923816048,-0.43891724944114685,-1.5639172792434692,base,yes
744,1,1,0.9324533126145177,-0.21399635076522827,-2.838996410369873,base,yes
745,1,1,0.8807970732843035,-0.217088982462883,-2.2170889377593994,base,yes
746,1,0,0.4378234991142019,-0.9108859300613403,-0.6608859300613403,base,no
747,1,0,0.37754066879814546,-1.127612829208374,-0.627612829208374,base,no
748,1,1,0.9740426435557125,-0.2293064296245575,-3.85430645942688,base,yes
749,1,1,0.9626731131913229,-0.2008218616247177,-3.450821876525879,base,yes
750,1,0,0.20181322226037882,-1.6766250133514404,-0.30162501335144043,base,no
751,1,1,0.9770226280828407,-0.20503053069114685,-3.9550304412841797,base,yes
752,1,1,0.7057850278370112,-0.4356403350830078,-1.3106403350830078,base,yes
753,1,1,0.7772998560157665,-0.45406022667884827,-1.7040601968765259,base,yes
754,1,1,0.8519528019683106,-0.2855687141418457,-2.0355687141418457,base,yes
755,1,0,0.0850990519679964,-2.5234386920928955,-0.14843878149986267,base,no
756,1,1,0.9241418283357702,-0.26364123821258545,-2.763641357421875,base,yes
757,1,0,0.06754669489377622,-2.81349515914917,-0.1884952187538147,base,no
758,1,1,0.8670357735451834,-0.32371413707733154,-2.198714256286621,base,yes
759,1,0,0.20181323186177208,-1.7357895374298096,-0.36078959703445435,base,no
760,1,0,0.09534946232842245,-2.4737744331359863,-0.22377440333366394,base,no
761,1,1,0.9579122720843811,-0.27178001403808594,-3.396780014038086,base,yes
762,1,1,0.8933094003735664,-0.29557138681411743,-2.4205713272094727,base,yes
763,1,1,0.880797071719777,-0.30596381425857544,-2.3059637546539307,base,yes
764,1,1,0.979667648438234,-0.12282267212867737,-3.9978227615356445,base,yes
765,1,1,0.9706877696726267,-0.2342355102300644,-3.7342355251312256,base,yes
766,1,1,0.9770226310935413,-0.20448870956897736,-3.954488754272461,base,yes
767,1,1,0.7057850278370112,-0.5185455083847046,-1.3935455083847046,base,yes
768,1,1,0.9149009642742806,-0.2702564001083374,-2.645256519317627,base,yes
769,1,1,0.9626731147976793,-0.22012203931808472,-3.4701220989227295,base,yes
770,1,1,0.9399133464597458,-0.22595864534378052,-2.9759585857391357,base,yes
771,1,1,0.7310585669110203,-0.4492831826210022,-1.4492831230163574,base,yes
772,1,1,0.9626731169394882,-0.14065921306610107,-3.3906593322753906,base,yes
773,1,0,0.2942149783515162,-1.3407098054885864,-0.4657098352909088,base,no
774,1,1,0.9840936096877062,-0.21947136521339417,-4.344471454620361,base,yes
775,1,1,0.9796676422051088,-0.14914678037166595,-4.024146556854248,base,yes
776,1,0,0.08509904732734556,-2.5247485637664795,-0.14974859356880188,base,no
777,1,1,0.8670357701094303,-0.3066786825656891,-2.1816787719726562,base,yes
778,1,1,0.731058584489497,-0.4206894338130951,-1.4206894636154175,base,yes
779,1,1,0.9820137942490252,-0.22295928001403809,-4.222959518432617,base,yes
780,1,0,0.2689414096510108,-1.456172227859497,-0.4561721682548523,base,no
781,1,1,0.7549149868676283,-0.37925541400909424,-1.5042554140090942,base,yes
782,1,1,0.957912274487423,-0.22614902257919312,-3.351149082183838,base,yes
783,1,1,0.8175744673038221,-0.40339595079421997,-1.9033958911895752,base,yes
784,1,1,0.6224593452091672,-0.5790795683860779,-1.0790796279907227,base,yes
785,1,1,0.8175744673038221,-0.34273582696914673,-1.842735767364502,base,yes
786,1,1,0.970687766704745,-0.19301137328147888,-3.6930112838745117,base,yes
787,1,1,0.7310585669110203,-0.4835377335548401,-1.4835376739501953,base,yes
788,1,1,0.9399133515091156,-0.20723959803581238,-2.9572396278381348,base,yes
789,1,1,0.880797071719777,-0.2555995583534241,-2.2555994987487793,base,yes
790,1,1,0.932453304167687,-0.23466379940509796,-2.859663724899292,base,yes
791,1,1,0.9399133498259924,-0.19131088256835938,-2.9413108825683594,base,yes
792,1,1,0.9465966656805269,-0.26014456152915955,-3.1351444721221924,base,yes
793,1,1,0.9820137863531804,-0.1811034381389618,-4.181103229522705,base,yes
794,1,0,0.2689414272294874,-1.387431263923645,-0.3874312937259674,base,no
795,1,1,0.9859363710972001,-0.1967245489358902,-4.4467244148254395,base,yes
796,1,1,0.9626731153331315,-0.21957866847515106,-3.469578742980957,base,yes
797,1,1,0.9840936080549317,-0.1450834423303604,-4.270083427429199,base,yes
798,1,1,0.974042642048694,-0.17167547345161438,-3.796675443649292,base,yes
799,1,0,0.3486451217982255,-1.2561626434326172,-0.6311625838279724,base,no
800,1,1,0.851952809486198,-0.36284297704696655,-2.1128430366516113,base,yes
801,1,1,0.97068777009661,-0.21263858675956726,-3.7126386165618896,base,yes
802,1,1,0.9465966671870767,-0.16987711191177368,-3.044877052307129,base,yes
803,1,1,0.8670357735451834,-0.2555149793624878,-2.1305150985717773,base,yes
804,1,1,0.9859363748163087,-0.24232374131679535,-4.492323875427246,base,yes
805,1,0,0.22270013882530884,-1.5789437294006348,-0.32894372940063477,base,no
806,1,1,0.9859363733699887,-0.09437939524650574,-4.344379425048828,base,yes
807,1,1,0.9740426454394852,-0.23010815680027008,-3.8551082611083984,base,yes
808,1,1,0.8354835411997897,-0.27757641673088074,-1.9025764465332031,base,yes
809,1,1,0.8175744673038221,-0.32618647813796997,-1.8261864185333252,base,yes
810,1,1,0.9820137900379085,-0.1470775604248047,-4.147077560424805,base,yes
811,1,0,0.18242552825126704,-1.8228994607925415,-0.3228994905948639,base,no
812,1,1,0.7310585669110203,-0.42037802934646606,-1.4203779697418213,base,yes
813,1,1,0.9740426450627306,-0.1710146963596344,-3.7960147857666016,base,yes
814,1,1,0.5312093733737563,-0.7582404613494873,-0.8832404613494873,base,yes
815,1,1,0.9241418220680101,-0.26143762469291687,-2.7614376544952393,base,yes
816,1,1,0.7772998663336157,-0.39428433775901794,-1.6442843675613403,base,yes
817,1,1,0.5312093733737563,-0.7412097454071045,-0.8662097454071045,base,yes
818,1,1,0.9902915217993689,-0.15447348356246948,-4.779473304748535,base,yes
819,1,0,0.4378234991142019,-0.9395793080329895,-0.6895793080329895,base,no
820,1,1,0.9796676496254957,-0.16602453589439392,-4.041024684906006,base,yes
821,1,1,0.9706877709445761,-0.19233101606369019,-3.692331075668335,base,yes
822,1,1,0.9324533126145177,-0.2737573981285095,-2.8987574577331543,base,yes
823,1,0,0.4378234991142019,-0.9388976693153381,-0.6888976693153381,base,no
824,1,1,0.754914997895581,-0.5221812129020691,-1.6471812725067139,base,yes
825,1,1,0.7057850278370112,-0.5215135812759399,-1.39651358127594,base,yes
826,1,0,0.20181321265898594,-1.778991937637329,-0.4039918780326843,base,no
827,1,1,0.9796676422051088,-0.16524432599544525,-4.040244102478027,base,yes
828,1,0,0.11920291263495983,-2.2393689155578613,-0.23936882615089417,base,no
829,1,1,0.5926665855647394,-0.6723745465278625,-1.0473744869232178,base,yes
830,1,1,0.9525741281688026,-0.17787954211235046,-3.177879571914673,base,yes
831,1,1,0.9859363717170516,-0.2185426652431488,-4.468542575836182,base,yes
832,1,1,0.7981867873410141,-0.399406373500824,-1.7744064331054688,base,yes
833,1,1,0.679178699175393,-0.5383360385894775,-1.2883360385894775,base,yes
834,1,1,0.9626731137267751,-0.16758105158805847,-3.417581081390381,base,yes
835,1,1,0.817574471748733,-0.34305480122566223,-1.8430547714233398,base,yes
836,1,1,0.6513548511303336,-0.5097764134407043,-1.1347763538360596,base,yes
837,1,1,0.9770226310935413,-0.2281784564256668,-3.9781785011291504,base,yes
838,1,1,0.94659667246,-0.18433471024036407,-3.0593347549438477,base,yes
839,1,1,0.5312093733737563,-0.8282181024551392,-0.9532181024551392,base,yes
840,1,1,0.9579122684798184,-0.26994165778160095,-3.394941568374634,base,yes
841,1,1,0.9525741227833249,-0.25227007269859314,-3.252269983291626,base,yes
842,1,1,0.9626731131913229,-0.22077582776546478,-3.470775842666626,base,yes
843,1,0,0.46879062662624377,-0.8509263396263123,-0.7259263396263123,base,no
844,1,1,0.9525741248028792,-0.15135888755321503,-3.1513588428497314,base,yes
845,1,1,0.9740426443092215,-0.17161673307418823,-3.796616792678833,base,yes
846,1,1,0.9149009642742806,-0.2932800054550171,-2.6682801246643066,base,yes
847,1,0,0.03308597886541159,-3.4766218662261963,-0.10162188112735748,base,no
848,1,0,0.04742586846527418,-3.2183897495269775,-0.21838964521884918,base,no
849,1,0,0.37754066879814546,-1.1471143960952759,-0.6471143960952759,base,no
850,1,1,0.9669140216112958,-0.46822261810302734,-3.8432226181030273,base,yes
851,1,0,0.37754066879814546,-1.0752581357955933,-0.5752581357955933,base,no
852,1,0,0.18242551936144574,-1.7883217334747314,-0.28832170367240906,base,no
853,1,1,0.9579122696813394,-0.22717005014419556,-3.352169990539551,base,yes
854,1,1,0.9626731169394882,-0.24258220195770264,-3.492582321166992,base,yes
855,1,1,0.974042644685976,-0.1886228770017624,-3.8136229515075684,base,yes
856,1,0,0.46879062662624377,-0.9573239684104919,-0.8323239684104919,base,no
857,1,0,0.06754668832401889,-2.805457353591919,-0.18045730888843536,base,no
858,1,1,0.9241418199787566,-0.2245035171508789,-2.724503517150879,base,yes
859,1,1,0.8807970748488297,-0.32990697026252747,-2.329906940460205,base,yes
860,1,0,0.22270013882530884,-1.6768704652786255,-0.4268704652786255,base,no
861,1,1,0.977022627413796,-0.18611538410186768,-3.936115264892578,base,yes
862,1,1,0.9149009619539553,-0.3205801546573639,-2.695580244064331,base,yes
863,1,1,0.939913354875362,-0.2246653139591217,-2.974665403366089,base,yes
864,1,1,0.7057850278370112,-0.5149917602539062,-1.3899917602539062,base,yes
865,1,1,0.8933094145755219,-0.2759045660495758,-2.400904655456543,base,yes
866,1,1,0.8807970748488297,-0.3102276623249054,-2.310227632522583,base,yes
867,1,1,0.679178699175393,-0.5209251642227173,-1.2709251642227173,base,yes
868,1,1,0.9241418137109955,-0.2834690511226654,-2.7834689617156982,base,yes
869,1,1,0.7057850278370112,-0.5017809867858887,-1.3767809867858887,base,yes
870,1,1,0.8354835330070839,-0.269696980714798,-1.8946969509124756,base,yes
871,1,1,0.9626731110495138,-0.18330340087413788,-3.4333033561706543,base,yes
872,1,1,0.9740426428022031,-0.17223787307739258,-3.7972378730773926,base,yes
873,1,1,0.679178699175393,-0.6043798923492432,-1.3543798923492432,base,yes
874,1,1,0.7772998560157665,-0.4288078844547272,-1.6788078546524048,base,yes
875,1,1,0.8519528132451416,-0.2911280691623688,-2.041128158569336,base,yes
876,1,1,0.9579122690805788,-0.2070210725069046,-3.3320209980010986,base,yes
877,1,0,0.10669060104662924,-2.314035654067993,-0.18903572857379913,base,no
878,1,1,0.7310585669110203,-0.4508841633796692,-1.4508841037750244,base,yes
879,1,0,0.18242552825126704,-1.7763314247131348,-0.27633145451545715,base,no
880,1,1,0.8354835493924953,-0.4097367823123932,-2.0347368717193604,base,yes
881,1,1,0.9770226290864076,-0.2285192459821701,-3.9785192012786865,base,yes
882,1,1,0.9740426397881662,-0.15469563007354736,-3.779695510864258,base,yes
883,1,1,0.952574129515172,-0.1776713728904724,-3.177671432495117,base,yes
884,1,0,0.37754066879814546,-1.157244086265564,-0.657244086265564,base,no
885,1,1,0.9770226314280634,-0.20557159185409546,-3.9555716514587402,base,yes
886,1,1,0.893309411735131,-0.2762224078178406,-2.4012224674224854,base,yes
887,1,1,0.8807970842359877,-0.28695148229599,-2.2869515419006348,base,yes
888,1,1,0.9796676502191265,-0.2253921627998352,-4.1003923416137695,base,yes
889,1,1,0.9740426412951848,-0.19002801179885864,-3.815027952194214,base,yes
890,1,1,0.6224593312018546,-0.6032989025115967,-1.1032989025115967,base,yes
891,1,1,0.9796676502191265,-0.2493942379951477,-4.124394416809082,base,yes
892,1,0,0.11920293140927592,-2.3477838039398193,-0.3477838933467865,base,no
893,1,1,0.8354835371034369,-0.30902552604675293,-1.934025526046753,base,yes
894,1,0,0.012431651493486755,-4.452188491821289,-0.07718854397535324,base,no
895,1,1,0.9399133447766225,-0.19242581725120544,-2.9424257278442383,base,yes
896,1,0,0.0675466845698721,-2.8064427375793457,-0.18144263327121735,base,no
897,1,1,0.9241418210233833,-0.24135206639766693,-2.741352081298828,base,yes
898,1,1,0.9465966754730989,-0.2372847944498062,-3.1122848987579346,base,yes
899,1,1,0.9525741322079105,-0.19349658489227295,-3.1934967041015625,base,yes
900,1,0,0.5,-0.8404393792152405,-0.8404393792152405,base,no
901,1,1,0.9859363741964572,-0.1585802137851715,-4.408580303192139,base,yes
902,1,1,0.8519527944504226,-0.30462223291397095,-2.054622173309326,base,yes
903,1,1,0.9770226314280634,-0.16775816679000854,-3.9177582263946533,base,yes
904,1,1,0.9706877662807619,-0.2347308248281479,-3.7347307205200195,base,yes
905,1,1,0.880797071719777,-0.3557341694831848,-2.35573410987854,base,yes
906,1,1,0.9579122732859019,-0.24806901812553406,-3.3730690479278564,base,yes
907,1,1,0.5621765008857981,-0.7874974012374878,-1.0374974012374878,base,yes
908,1,1,0.9740426405416754,-0.1894265115261078,-3.8144264221191406,base,yes
909,1,1,0.957912274487423,-0.2062332034111023,-3.331233263015747,base,yes
910,1,1,0.9465966717067252,-0.23688122630119324,-3.1118812561035156,base,yes
911,1,1,0.9579122708828604,-0.22585156559944153,-3.350851535797119,base,yes
912,1,0,0.04742587014823577,-3.0937137603759766,-0.09371369332075119,base,no
913,1,0,0.4073334000459302,-1.0389413833618164,-0.6639413833618164,base,no
914,1,1,0.5926666143433998,-0.6268839240074158,-1.0018839836120605,base,yes
915,1,1,0.939913356558485,-0.29183757305145264,-3.041837692260742,base,yes
916,1,1,0.9706877717925421,-0.2347640097141266,-3.7347640991210938,base,yes
917,1,1,0.9046505299595163,-0.3560250401496887,-2.606024980545044,base,yes
918,1,1,0.5926665999540697,-0.6216678619384766,-0.9966678619384766,base,yes
919,1,1,0.9149009526726544,-0.26885178685188293,-2.6438517570495605,base,yes
920,1,1,0.9859363700641142,-0.15854236483573914,-4.408542156219482,base,yes
921,1,1,0.6224593171945417,-0.6138740181922913,-1.1138739585876465,base,yes
922,1,1,0.6791786861878392,-0.5044322609901428,-1.254432201385498,base,yes
923,1,0,0.2689414213699951,-1.4215008020401,-0.4215008020401001,base,no
924,1,0,0.18242552825126704,-1.7904975414276123,-0.2904975712299347,base,no
925,1,1,0.9525741308615412,-0.2523118555545807,-3.252311944961548,base,yes
926,1,1,0.817574471748733,-0.42368486523628235,-1.92368483543396,base,yes
927,1,0,0.16451647108926923,-1.9030227661132812,-0.278022825717926,base,no
928,1,1,0.8354835371034369,-0.40578651428222656,-2.0307865142822266,base,yes
929,1,1,0.9890130585028429,-0.15540064871311188,-4.65540075302124,base,yes
930,1,1,0.939913350667554,-0.19074462354183197,-2.940744638442993,base,yes
931,1,1,0.5926665999540697,-0.6237226724624634,-0.9987226724624634,base,yes
932,1,1,0.9465966656805269,-0.34225329756736755,-3.2172532081604004,base,yes
933,1,1,0.9820137905642982,-0.18172785639762878,-4.181727886199951,base,yes
934,1,1,0.6224593312018546,-0.5866686105728149,-1.086668610572815,base,yes
935,1,1,0.5312093733737563,-0.759004533290863,-0.884004533290863,base,yes
936,1,1,0.966914019704466,-0.23796945810317993,-3.612969398498535,base,yes
937,1,1,0.9626731105140616,-0.20289307832717896,-3.452893018722534,base,yes
938,1,0,0.24508502416032488,-1.5652976036071777,-0.4402976632118225,base,no
939,1,1,0.5312093733737563,-0.7826682329177856,-0.9076682329177856,base,yes
940,1,1,0.5312093733737563,-0.7289354801177979,-0.8539354801177979,base,yes
941,1,0,0.37754066879814546,-1.0631229877471924,-0.5631229877471924,base,no
942,1,1,0.893309401793762,-0.2450726479291916,-2.370072603225708,base,yes
943,1,0,0.32082130082460697,-1.2778650522232056,-0.5278650522232056,base,no
944,1,1,0.9046505376715775,-0.2816135585308075,-2.53161358833313,base,yes
945,1,1,0.6224593312018546,-0.5900486707687378,-1.0900486707687378,base,yes
946,1,0,0.24508500761839525,-1.516749382019043,-0.3917493522167206,base,no
947,1,0,0.06008665017400762,-2.882343292236328,-0.13234329223632812,base,no
948,1,1,0.9740426450627306,-0.15546932816505432,-3.7804694175720215,base,yes
949,1,1,0.9669140254249554,-0.2885016202926636,-3.663501739501953,base,yes
950,1,1,0.9914225131923879,-0.17127959430217743,-4.921279430389404,base,yes
951,1,1,0.9859363760560114,-0.19590021669864655,-4.4459004402160645,base,yes
952,1,1,0.8933094003735664,-0.31806784868240356,-2.443067789077759,base,yes
953,1,1,0.952574129515172,-0.17752975225448608,-3.177529811859131,base,yes
954,1,1,0.8519528057272543,-0.28912898898124695,-2.0391290187835693,base,yes
955,1,0,0.40733341443526055,-1.054042100906372,-0.6790421605110168,base,no
956,1,1,0.731058584489497,-0.42595717310905457,-1.425957202911377,base,yes
957,1,0,0.24508501864634827,-1.4539754390716553,-0.32897546887397766,base,no
958,1,1,0.8670357563664174,-0.30186012387275696,-2.1768600940704346,base,yes
959,1,1,0.8670357666736773,-0.2572447657585144,-2.132244825363159,base,yes
960,1,0,0.18242552825126704,-1.7948726415634155,-0.2948726713657379,base,no
961,1,1,0.6224593312018546,-0.6613004207611084,-1.1613004207611084,base,yes
962,1,1,0.8807970842359877,-0.2888171076774597,-2.2888171672821045,base,yes
963,1,1,0.7772998611746911,-0.4454476833343506,-1.6954476833343506,base,yes
964,1,1,0.8933094131553264,-0.22720472514629364,-2.3522047996520996,base,yes
965,1,1,0.939913343093499,-0.2922569513320923,-3.0422568321228027,base,yes
966,1,1,0.9579122696813394,-0.17257720232009888,-3.297577142715454,base,yes
967,1,1,0.9324533060447605,-0.23396091163158417,-2.8589608669281006,base,yes
968,1,0,0.4378234991142019,-0.9240135550498962,-0.6740135550498962,base,no
969,1,0,0.16451646699291617,-1.985496997833252,-0.36049702763557434,base,no
970,1,1,0.5312093733737563,-0.7727891802787781,-0.8977891802787781,base,yes
971,1,1,0.9706877671287282,-0.19305570423603058,-3.6930556297302246,base,yes
972,1,1,0.6513548511303336,-0.6222003102302551,-1.2472002506256104,base,yes
973,1,1,0.9669140235181256,-0.19727295637130737,-3.572273015975952,base,yes
974,1,1,0.8670357666736773,-0.3233775496482849,-2.1983776092529297,base,yes
975,1,1,0.9770226304244968,-0.22670148313045502,-3.976701498031616,base,yes
976,1,1,0.9465966754730989,-0.1995943933725357,-3.074594497680664,base,yes
977,1,0,0.4073334000459302,-0.9799415469169617,-0.6049415469169617,base,no
978,1,1,0.992422758620085,-0.1518092304468155,-5.026809215545654,base,yes
979,1,1,0.6791787121629466,-0.4964098334312439,-1.2464098930358887,base,yes
980,1,1,0.9796676472509721,-0.2028622329235077,-4.07786226272583,base,yes
981,1,1,0.880797081106935,-0.33209463953971863,-2.332094669342041,base,yes
982,1,1,0.5926665999540697,-0.6612523794174194,-1.0362523794174194,base,yes
983,1,1,0.9706877696726267,-0.17472241818904877,-3.67472243309021,base,yes
984,1,1,0.9579122720843811,-0.17197895050048828,-3.2969789505004883,base,yes
985,1,1,0.89330940889474,-0.2743391692638397,-2.399339199066162,base,yes
986,1,1,0.9770226290864076,-0.15278153121471405,-3.9027814865112305,base,yes
987,1,1,0.8354835330070839,-0.40230968594551086,-2.0273096561431885,base,yes
988,1,1,0.9740426401649208,-0.1900704950094223,-3.815070390701294,base,yes
989,1,0,0.22270012850745968,-1.6228690147399902,-0.37286895513534546,base,no
990,1,0,0.22270013366638422,-1.6128147840499878,-0.3628147542476654,base,no
991,1,1,0.9579122690805788,-0.20544560253620148,-3.3304455280303955,base,yes
992,1,1,0.9820137926698564,-0.22264274954795837,-4.22264289855957,base,yes
993,1,1,0.7772998508568416,-0.4290028214454651,-1.6790027618408203,base,yes
994,1,1,0.9669140225647107,-0.26097437739372253,-3.635974407196045,base,yes
995,1,1,0.8175744673038221,-0.37893253564834595,-1.8789324760437012,base,yes
996,1,1,0.5621765008857981,-0.6631899476051331,-0.9131899476051331,base,yes
997,1,1,0.9149009549929797,-0.2916715145111084,-2.6666715145111084,base,yes
998,1,1,0.7549149868676283,-0.4542832374572754,-1.5792832374572754,base,yes
999,1,1,0.8175744806385543,-0.31247803568840027,-1.8124780654907227,base,yes
1000,1,1,0.9241418241572634,-0.26181167364120483,-2.7618117332458496,base,yes
1001,1,1,0.9241418220680101,-0.28517457842826843,-2.785174608230591,base,yes
1002,1,1,0.679178699175393,-0.5559245347976685,-1.3059245347976685,base,yes
1003,1,1,0.7981867825403176,-0.35191890597343445,-1.7269189357757568,base,yes
1004,1,1,0.979667650515942,-0.1496613472700119,-4.024661540985107,base,yes
1005,1,1,0.8354835371034369,-0.37944507598876953,-2.0044450759887695,base,yes
1006,1,1,0.9525741234565097,-0.21183903515338898,-3.211838960647583,base,yes
1007,1,0,0.13296424706933604,-2.200054407119751,-0.32505446672439575,base,no
1008,1,1,0.89330940889474,-0.27704259753227234,-2.4020426273345947,base,yes
1009,1,0,0.40733341443526055,-1.0403385162353516,-0.6653385758399963,base,no
1010,1,1,0.9046505299595163,-0.3316197991371155,-2.5816197395324707,base,yes
1011,1,1,0.9706877722165251,-0.23454679548740387,-3.7345468997955322,base,yes
1012,1,0,0.34864513533394575,-1.1742498874664307,-0.5492498874664307,base,no
1013,1,1,0.7549149868676283,-0.4013165235519409,-1.526316523551941,base,yes
1014,1,1,0.904650527388829,-0.3506236970424652,-2.600623607635498,base,yes
1015,1,1,0.8519527982093668,-0.31931546330451965,-2.0693154335021973,base,yes
1016,1,1,0.7310585727705126,-0.4849591553211212,-1.4849591255187988,base,yes
1017,1,1,0.754914997895581,-0.3596569895744324,-1.4846570491790771,base,yes
1018,1,0,0.2689414330889798,-1.4754645824432373,-0.4754646420478821,base,no
1019,1,0,0.14804719427274565,-2.05818510055542,-0.30818507075309753,base,no
1020,1,1,0.9740426401649208,-0.18865643441677094,-3.8136563301086426,base,yes
1021,1,1,0.9840936089879457,-0.24451251327991486,-4.369512557983398,base,yes
1022,1,1,0.9579122696813394,-0.2705095410346985,-3.3955094814300537,base,yes
1023,1,1,0.9740426428022031,-0.25508594512939453,-3.8800859451293945,base,yes
1024,1,1,0.9399133515091156,-0.19355365633964539,-2.9435536861419678,base,yes
1025,1,1,0.9241418252018903,-0.22316806018352509,-2.723168134689331,base,yes
1026,1,1,0.9626731147976793,-0.18401998281478882,-3.4340200424194336,base,yes
1027,1,0,0.18242551936144574,-1.8022916316986084,-0.302291601896286,base,no
1028,1,0,0.029312231705318298,-3.560147523880005,-0.06014755740761757,base,no
1029,1,1,0.9324533126145177,-0.25356048345565796,-2.8785605430603027,base,yes
1030,1,1,0.9840936064221572,-0.1777893304824829,-4.302789211273193,base,yes
1031,1,1,0.9046505376715775,-0.32699915766716003,-2.5769991874694824,base,yes
1032,1,0,0.14804719051380197,-2.0390381813049316,-0.28903812170028687,base,no
1033,1,1,0.939913350667554,-0.20694421231746674,-2.956944227218628,base,yes
1034,1,0,0.46879062662624377,-0.9790554642677307,-0.8540554642677307,base,no
1035,1,1,0.9399133498259924,-0.22580885887145996,-2.97580885887146,base,yes
1036,1,1,0.9525741308615412,-0.2306303083896637,-3.230630397796631,base,yes
1037,1,1,0.7981867729389246,-0.4271019995212555,-1.802101969718933,base,yes
1038,1,0,0.08509904036636974,-2.5807533264160156,-0.20575326681137085,base,no
1039,1,1,0.9241418116217418,-0.19424545764923096,-2.6942453384399414,base,yes
1040,1,0,0.04208773212094217,-3.2372312545776367,-0.11223135888576508,base,no
1041,1,1,0.9820137926698564,-0.18028053641319275,-4.180280685424805,base,yes
1042,1,0,0.2018132270610754,-1.6862517595291138,-0.31125178933143616,base,no
1043,1,1,0.7549149923816048,-0.40669187903404236,-1.5316919088363647,base,yes
1044,1,1,0.9706877696726267,-0.21188639104366302,-3.711886405944824,base,yes
1045,1,1,0.9525741281688026,-0.30578848719596863,-3.305788516998291,base,yes
1046,1,1,0.7057850216484838,-0.45232072472572327,-1.3273206949234009,base,yes
1047,1,0,0.29421496597446145,-1.3478827476501465,-0.4728827178478241,base,no
1048,1,1,0.9626731142622272,-0.14046044647693634,-3.39046049118042,base,yes
1049,1,1,0.7310585786300049,-0.6246026754379272,-1.6246026754379272,base,yes
1050,1,1,0.9796676511095729,-0.22466208040714264,-4.0996623039245605,base,yes
1051,1,1,0.6224593452091672,-0.6626686453819275,-1.1626687049865723,base,yes
1052,1,1,0.9465966649272521,-0.19991694390773773,-3.0749168395996094,base,yes
1053,1,0,0.34864513533394575,-1.1576062440872192,-0.5326062440872192,base,no
1054,1,1,0.7981867777396212,-0.33858203887939453,-1.7135820388793945,base,yes
1055,1,1,0.9770226277483183,-0.2051006406545639,-3.9551005363464355,base,yes
1056,1,0,0.033085976005166884,-3.4693799018859863,-0.09437982738018036,base,no
1057,1,1,0.7981867825403176,-0.45135244727134705,-1.8263524770736694,base,yes
1058,1,1,0.9579122672782973,-0.15797770023345947,-3.28297758102417,base,yes
1059,1,1,0.8354835411997897,-0.3360653817653656,-1.961065411567688,base,yes
1060,1,1,0.8354835371034369,-0.3412003517150879,-1.966200351715088,base,yes
1061,1,1,0.9579122708828604,-0.22701957821846008,-3.3520195484161377,base,yes
1062,1,1,0.9706877662807619,-0.1931198686361313,-3.693119764328003,base,yes
1063,1,1,0.9796676430955554,-0.16592901945114136,-4.040928840637207,base,yes
1064,1,1,0.7549149923816048,-0.40365108847618103,-1.5286511182785034,base,yes
1065,1,0,0.2689414213699951,-1.5271327495574951,-0.5271327495574951,base,no
1066,1,1,0.9324533088603709,-0.2525606155395508,-2.877560615539551,base,yes
1067,1,1,0.9465966694469009,-0.1567373424768448,-3.0317373275756836,base,yes
1068,1,1,0.9046505428129514,-0.3556164801120758,-2.605616569519043,base,yes
1069,1,1,0.9046505299595163,-0.41738301515579224,-2.6673829555511475,base,yes
1070,1,0,0.46879062662624377,-0.850014328956604,-0.725014328956604,base,no
1071,1,1,0.979667644579633,-0.16598950326442719,-4.040989398956299,base,yes
1072,1,1,0.952574129515172,-0.2534589171409607,-3.2534589767456055,base,yes
1073,1,1,0.8670357701094303,-0.2715064585208893,-2.1465065479278564,base,yes
1074,1,1,0.9465966649272521,-0.21751700341701508,-3.0925168991088867,base,yes
1075,1,0,0.46879062662624377,-0.8415141105651855,-0.7165141105651855,base,no
1076,1,1,0.9525741274956179,-0.19368360936641693,-3.193683624267578,base,yes
1077,1,1,0.9579122714836206,-0.24893976747989655,-3.3739397525787354,base,yes
1078,1,1,0.7057850278370112,-0.47024285793304443,-1.3452428579330444,base,yes
1079,1,1,0.9525741261492485,-0.21122290194034576,-3.2112228870391846,base,yes
1080,1,1,0.9890130594743595,-0.13979415595531464,-4.63979434967041,base,yes
1081,1,1,0.89330940889474,-0.25667425990104675,-2.381674289703369,base,yes
1082,1,1,0.939913343093499,-0.2897220849990845,-3.039721965789795,base,yes
1083,1,1,0.9669140206578809,-0.26009419560432434,-3.635094165802002,base,yes
1084,1,1,0.966914019704466,-0.16280275583267212,-3.5378026962280273,base,yes
1085,1,1,0.8670357666736773,-0.2854894995689392,-2.160489559173584,base,yes
1086,1,0,0.3208212878370535,-1.313072919845581,-0.5630728602409363,base,no
1087,1,1,0.9579122756889438,-0.18927064538002014,-3.3142707347869873,base,yes
1088,1,1,0.6513548782017746,-0.5328425765037537,-1.1578426361083984,base,yes
1089,1,1,0.9902915256674717,-0.1542537361383438,-4.779253959655762,base,yes
1090,1,1,0.679178699175393,-0.5226919651031494,-1.2726919651031494,base,yes
1091,1,1,0.9706877692486436,-0.23457074165344238,-3.7345707416534424,base,yes
1092,1,1,0.6513548646660542,-0.6006456613540649,-1.225645661354065,base,yes
1093,1,1,0.9859363706839659,-0.17599885165691376,-4.425998687744141,base,yes
1094,1,1,0.9740426428022031,-0.20865511894226074,-3.8336551189422607,base,yes
1095,1,1,0.8670357563664174,-0.37272170186042786,-2.2477216720581055,base,yes
1096,1,0,0.3486451217982255,-1.2244532108306885,-0.5994531512260437,base,no
1097,1,1,0.8933094145755219,-0.3174668848514557,-2.442466974258423,base,yes
1098,1,1,0.9890130569646081,-0.11262563616037369,-4.612625598907471,base,yes
1099,1,1,0.9706877705205931,-0.2117733508348465,-3.71177339553833,base,yes
1100,1,1,0.9740426424254486,-0.18871141970157623,-3.813711404800415,base,yes
1101,1,1,0.9840936071219176,-0.1979423314332962,-4.32294225692749,base,yes
1102,1,1,0.974042644685976,-0.2306298464536667,-3.8556299209594727,base,yes
1103,1,1,0.9324533126145177,-0.27458685636520386,-2.8995869159698486,base,yes
1104,1,1,0.9241418126663687,-0.2420583814382553,-2.742058277130127,base,yes
1105,1,1,0.8175744806385543,-0.34260162711143494,-1.8426016569137573,base,yes
1106,1,1,0.9626731089077046,-0.18333803117275238,-3.433337926864624,base,yes
1107,1,0,0.2689414096510108,-1.4648573398590088,-0.464857280254364,base,no
1108,1,0,0.16451645470385742,-1.915428638458252,-0.2904285788536072,base,no
1109,1,1,0.9669140182743434,-0.23847757279872894,-3.6134774684906006,base,yes
1110,1,1,0.5926666143433998,-0.650944173336029,-1.0259442329406738,base,yes
1111,1,0,0.14804719051380197,-2.07867693901062,-0.32867687940597534,base,no
1112,1,1,0.9706877709445761,-0.1923012137413025,-3.6923012733459473,base,yes
1113,1,1,0.7981867777396212,-0.36724424362182617,-1.7422442436218262,base,yes
1114,1,1,0.9525741261492485,-0.21182562410831451,-3.2118256092071533,base,yes
1115,1,1,0.8807970748488297,-0.2573082745075226,-2.2573082447052,base,yes
1116,1,0,0.10669060530721626,-2.305087089538574,-0.18008720874786377,base,no
1117,1,0,0.34864513533394575,-1.232104778289795,-0.6071047782897949,base,no
1118,1,1,0.9324533013520764,-0.27405035495758057,-2.899050235748291,base,yes
1119,1,1,0.9770226297554521,-0.12582947313785553,-3.8758294582366943,base,yes
1120,1,1,0.9579122762897041,-0.20627035200595856,-3.331270456314087,base,yes
1121,1,1,0.9399133523506772,-0.22456999123096466,-2.9745700359344482,base,yes
1122,1,1,0.6224593312018546,-0.5860942602157593,-1.0860942602157593,base,yes
1123,1,1,0.9770226280828407,-0.16832146048545837,-3.918321371078491,base,yes
1124,1,0,0.2689414272294874,-1.3910669088363647,-0.39106693863868713,base,no
1125,1,1,0.9046505376715775,-0.24594637751579285,-2.4959464073181152,base,yes
1126,1,0,0.4378234991142019,-0.9674558043479919,-0.7174558043479919,base,no
1127,1,1,0.9669140187510509,-0.23706850409507751,-3.6120684146881104,base,yes
1128,1,1,0.9740426431789577,-0.19002269208431244,-3.8150227069854736,base,yes
1129,1,1,0.9706877692486436,-0.1928112506866455,-3.6928112506866455,base,yes
1130,1,1,0.9046505428129514,-0.3029994070529938,-2.552999496459961,base,yes
1131,1,1,0.8354835289107309,-0.34272390604019165,-1.9677238464355469,base,yes
1132,1,1,0.5312093733737563,-0.7525290250778198,-0.8775290250778198,base,yes
1133,1,1,0.880797081106935,-0.30806323885917664,-2.308063268661499,base,yes
1134,1,1,0.9525741315347259,-0.21091903746128082,-3.210919141769409,base,yes
1135,1,0,0.3208213138121609,-1.382096290588379,-0.6320963501930237,base,no
1136,1,1,0.8354835371034369,-0.3610793352127075,-1.9860793352127075,base,yes
1137,1,1,0.9626731105140616,-0.20191222429275513,-3.4519121646881104,base,yes
1138,1,1,0.7310585786300049,-0.4701817035675049,-1.4701817035675049,base,yes
1139,1,1,0.5926666143433998,-0.6669325232505798,-1.0419325828552246,base,yes
1140,1,1,0.957912274487423,-0.24807208776474,-3.3730721473693848,base,yes
1141,1,1,0.9706877662807619,-0.2126375287771225,-3.712637424468994,base,yes
1142,1,1,0.9796676427987397,-0.14971132576465607,-4.0247111320495605,base,yes
1143,1,1,0.5312093733737563,-0.7894914746284485,-0.9144914746284485,base,yes
1144,1,0,0.2018132174596823,-1.7152446508407593,-0.3402446210384369,base,no
1145,1,1,0.9706877675527112,-0.21268755197525024,-3.7126874923706055,base,yes
1146,1,1,0.966914024948248,-0.2162391096353531,-3.5912392139434814,base,yes
1147,1,1,0.9740426409184302,-0.14182884991168976,-3.766828775405884,base,yes
1148,1,1,0.9525741288419872,-0.23080797493457794,-3.2308080196380615,base,yes
1149,1,1,0.9840936089879457,-0.17810483276844025,-4.303104877471924,base,yes
1150,1,1,0.9914225149664425,-0.12292714416980743,-4.872927188873291,base,yes
1151,1,0,0.014063627456479755,-4.356993198394775,-0.10699322819709778,base,no
1152,1,1,0.9465966717067252,-0.26036831736564636,-3.1353683471679688,base,yes
1153,1,1,0.9706877709445761,-0.21201127767562866,-3.7120113372802734,base,yes
1154,1,1,0.7057850216484838,-0.48820438981056213,-1.3632043600082397,base,yes
1155,1,1,0.5312093733737563,-0.7534790635108948,-0.8784790635108948,base,yes
1156,1,1,0.8175744761936437,-0.41928958892822266,-1.9192895889282227,base,yes
1157,1,1,0.9046505402422645,-0.2799643874168396,-2.5299644470214844,base,yes
1158,1,1,0.5926665999540697,-0.6409242153167725,-1.0159242153167725,base,yes
1159,1,1,0.5926665999540697,-0.6665228605270386,-1.0415228605270386,base,yes
1160,1,1,0.817574471748733,-0.4005650579929352,-1.9005650281906128,base,yes
1161,1,1,0.9324533144915912,-0.1988150179386139,-2.823815107345581,base,yes
1162,1,1,0.9740426424254486,-0.20842315256595612,-3.833423137664795,base,yes
1163,1,1,0.9706877688246606,-0.19313932955265045,-3.6931393146514893,base,yes
1164,1,1,0.9465966747198243,-0.25912585854530334,-3.1341259479522705,base,yes
1165,1,1,0.9579122738866624,-0.2493259459733963,-3.37432599067688,base,yes
1166,1,1,0.731058584489497,-0.38900992274284363,-1.389009952545166,base,yes
1167,1,1,0.9324533088603709,-0.25266599655151367,-2.8776659965515137,base,yes
1168,1,1,0.974042644685976,-0.17103759944438934,-3.7960376739501953,base,yes
1169,1,1,0.9046505402422645,-0.2814483046531677,-2.5314483642578125,base,yes
1170,1,1,0.8519527982093668,-0.3227598965167999,-2.0727598667144775,base,yes
1171,1,1,0.8519528057272543,-0.365648478269577,-2.1156485080718994,base,yes
1172,1,1,0.9669140254249554,-0.16349256038665771,-3.5384926795959473,base,yes
1173,1,1,0.7772998611746911,-0.5026392936706543,-1.7526392936706543,base,yes
1174,1,0,0.14804719991116141,-1.9912611246109009,-0.24126113951206207,base,no
1175,1,1,0.9669140216112958,-0.19727158546447754,-3.5722715854644775,base,yes
1176,1,1,0.9796676466573412,-0.30578136444091797,-4.180781364440918,base,yes
1177,1,1,0.9669140192277585,-0.2158997803926468,-3.590899705886841,base,yes
1178,1,1,0.9706877717925421,-0.158243328332901,-3.658243417739868,base,yes
1179,1,1,0.9626731105140616,-0.18262583017349243,-3.4326257705688477,base,yes
1180,1,1,0.5312093733737563,-0.7682611346244812,-0.8932611346244812,base,yes
1181,1,1,0.9875683511591884,-0.12743695080280304,-4.502437114715576,base,yes
1182,1,0,0.03308598172565655,-3.4856812953948975,-0.11068139970302582,base,no
1183,1,1,0.914900957313305,-0.2519852817058563,-2.6269853115081787,base,yes
1184,1,1,0.8933094145755219,-0.276358038187027,-2.401358127593994,base,yes
1185,1,1,0.7981867777396212,-0.40578770637512207,-1.780787706375122,base,yes
1186,1,0,0.4073334000459302,-0.9931945204734802,-0.6181945204734802,base,no
1187,1,1,0.8933093975331751,-0.3655477464199066,-2.4905476570129395,base,yes
1188,1,0,0.5,-0.9018409252166748,-0.9018409252166748,base,no
1189,1,0,0.14804719239327382,-1.9759012460708618,-0.22590120136737823,base,no
1190,1,1,0.9875683491468141,-0.17479467391967773,-4.549794673919678,base,yes
1191,1,0,0.04742586913845881,-3.1585795879364014,-0.1585794985294342,base,no
1192,1,1,0.9046505376715775,-0.2619490325450897,-2.511949062347412,base,yes
1193,1,1,0.9820137942490252,-0.2003037929534912,-4.20030403137207,base,yes
1194,1,1,0.9241418272911436,-0.20840825140476227,-2.7084083557128906,base,yes
1195,1,1,0.9324533032291502,-0.2748182713985443,-2.899818181991577,base,yes
1196,1,1,0.9740426412951848,-0.2088525891304016,-3.833852529525757,base,yes
1197,1,0,0.1192029188930649,-2.188216209411621,-0.1882161796092987,base,no
1198,1,1,0.9465966679403514,-0.23911647498607635,-3.1141164302825928,base,yes
1199,1,0,0.060086652698692546,-2.8681118488311768,-0.11811189353466034,base,no
1200,1,1,0.9399133498259924,-0.24604415893554688,-2.996044158935547,base,yes
1201,1,0,0.09534945718704857,-2.4555184841156006,-0.20551839470863342,base,no
1202,1,0,0.18242552825126704,-1.765673279762268,-0.26567330956459045,base,no
1203,1,1,0.9046505376715775,-0.2819838225841522,-2.5319838523864746,base,yes
1204,1,1,0.7772998560157665,-0.4325595200061798,-1.6825594902038574,base,yes
1205,1,1,0.962673116404036,-0.18256773054599762,-3.432567834854126,base,yes
1206,1,1,0.9820137924066618,-0.20088182389736176,-4.2008819580078125,base,yes
1207,1,1,0.9740426439324669,-0.23118777573108673,-3.8561878204345703,base,yes
1208,1,1,0.5621765008857981,-0.6635057926177979,-0.9135057926177979,base,yes
1209,1,1,0.9399133464597458,-0.26599937677383423,-3.0159993171691895,base,yes
1210,1,1,0.9046505325302034,-0.2618449032306671,-2.5118448734283447,base,yes
1211,1,1,0.9820137900379085,-0.16294527053833008,-4.16294527053833,base,yes
1212,1,1,0.9241418199787566,-0.22295403480529785,-2.722954034805298,base,yes
1213,1,1,0.7772998560157665,-0.3879956305027008,-1.6379956007003784,base,yes
1214,1,1,0.9740426454394852,-0.18896092474460602,-3.8139610290527344,base,yes
1215,1,1,0.679178699175393,-0.5086932182312012,-1.2586932182312012,base,yes
1216,1,1,0.9902915215128427,-0.1914980113506317,-4.816497802734375,base,yes
1217,1,1,0.9399133464597458,-0.19128233194351196,-2.941282272338867,base,yes
1218,1,1,0.9626731158685837,-0.18426242470741272,-3.43426251411438,base,yes
1219,1,1,0.9875683465856102,-0.1571199595928192,-4.5321197509765625,base,yes
1220,1,1,0.9579122750881832,-0.24652807414531708,-3.371528148651123,base,yes
1221,1,1,0.5621765008857981,-0.7404939532279968,-0.9904939532279968,base,yes
1222,1,1,0.893309411735131,-0.31337398290634155,-2.4383740425109863,base,yes
1223,1,1,0.9399133515091156,-0.22499939799308777,-2.97499942779541,base,yes
1224,1,1,0.9525741268224334,-0.25344014167785645,-3.2534401416778564,base,yes
1225,1,1,0.985936375642777,-0.2422674149274826,-4.492267608642578,base,yes
1226,1,1,0.9796676427987397,-0.2245018035173416,-4.099501609802246,base,yes
1227,1,0,0.05340333130637379,-3.068267345428467,-0.19326737523078918,base,no
1228,1,0,0.11920291576401235,-2.216632604598999,-0.21663254499435425,base,no
1229,1,1,0.754914975839675,-0.4364824891090393,-1.5614824295043945,base,yes
1230,1,1,0.9149009538328171,-0.23353458940982819,-2.608534574508667,base,yes
1231,1,1,0.9840936101542134,-0.16060245037078857,-4.285602569580078,base,yes
1232,1,0,0.4073334000459302,-0.9645282030105591,-0.5895282030105591,base,no
1233,1,1,0.9859363731633717,-0.15895317494869232,-4.4089531898498535,base,yes
1234,1,1,0.9875683500615298,-0.12721769511699677,-4.502217769622803,base,yes
1235,1,1,0.9626731137267751,-0.22159168124198914,-3.4715917110443115,base,yes
1236,1,1,0.9820137937226356,-0.20026710629463196,-4.200267314910889,base,yes
1237,1,1,0.9770226297554521,-0.22578145563602448,-3.9757814407348633,base,yes
1238,1,1,0.9626731158685837,-0.2206062376499176,-3.4706063270568848,base,yes
1239,1,1,0.7981867825403176,-0.3135325610637665,-1.6885325908660889,base,yes
1240,1,0,0.46879062662624377,-0.8672099709510803,-0.7422099709510803,base,no
1241,1,0,0.34864513533394575,-1.163799524307251,-0.538799524307251,base,no
1242,1,0,0.37754066879814546,-1.108243703842163,-0.6082437038421631,base,no
1243,1,0,0.0953494648991095,-2.4162611961364746,-0.1662611961364746,base,no
1244,1,1,0.7057850278370112,-0.5006358623504639,-1.3756358623504639,base,yes
1245,1,1,0.9241418220680101,-0.2618214786052704,-2.7618215084075928,base,yes
1246,1,0,0.3208212878370535,-1.258591651916504,-0.5085915923118591,base,no
1247,1,1,0.7772998560157665,-0.3528299629688263,-1.602829933166504,base,yes
1248,1,1,0.9324533126145177,-0.21472781896591187,-2.8397278785705566,base,yes
1249,1,1,0.9046505376715775,-0.22738716006278992,-2.4773871898651123,base,yes
1250,1,0,0.2942149597859341,-1.3466753959655762,-0.4716753363609314,base,no
1251,1,1,0.7981867777396212,-0.3643714189529419,-1.739371418952942,base,yes
1252,1,1,0.7310585727705126,-0.44661274552345276,-1.4466127157211304,base,yes
1253,1,1,0.9525741288419872,-0.21097107231616974,-3.2109711170196533,base,yes
1254,1,1,0.9706877696726267,-0.15922974050045013,-3.6592297554016113,base,yes
1255,1,1,0.9525741261492485,-0.2302398830652237,-3.2302398681640625,base,yes
1256,1,1,0.867035752930664,-0.2911558747291565,-2.1661558151245117,base,yes
1257,1,1,0.9940889314064396,-0.13421817123889923,-5.259218215942383,base,yes
1258,1,0,0.3486451217982255,-1.1122138500213623,-0.48721379041671753,base,no
1259,1,1,0.9890130559121317,-0.21519531309604645,-4.715195178985596,base,yes
1260,1,1,0.7057850402140659,-0.6143659949302673,-1.489366054534912,base,yes
1261,1,1,0.8670357563664174,-0.2715504467487335,-2.146550416946411,base,yes
1262,1,1,0.9525741288419872,-0.21311350166797638,-3.21311354637146,base,yes
1263,1,0,0.4378234991142019,-0.9407306909561157,-0.6907306909561157,base,no
1264,1,1,0.7772998611746911,-0.3639882802963257,-1.6139882802963257,base,yes
1265,1,1,0.8519528057272543,-0.30535051226615906,-2.0553505420684814,base,yes
1266,1,1,0.5926665999540697,-0.621070384979248,-0.996070384979248,base,yes
1267,1,1,0.7057850278370112,-0.47077178955078125,-1.3457717895507812,base,yes
1268,1,1,0.9840936101542134,-0.19802653789520264,-4.323026657104492,base,yes
1269,1,0,0.03732688895048618,-3.3959083557128906,-0.1459084004163742,base,no
1270,1,1,0.6791786861878392,-0.522083580493927,-1.2720835208892822,base,yes
1271,1,1,0.9465966754730989,-0.2373906522989273,-3.1123907566070557,base,yes
1272,1,1,0.9933071490757153,-0.20994949340820312,-5.209949493408203,base,yes
1273,1,0,0.14804720179063335,-2.0188100337982178,-0.26881006360054016,base,no
1274,1,1,0.8354835330070839,-0.35794273018836975,-1.9829427003860474,base,yes
1275,1,0,0.08509905312815914,-2.558967113494873,-0.1839672178030014,base,no
1276,1,1,0.9902915256674717,-0.21365906298160553,-4.838659286499023,base,yes
1277,1,0,0.5,-0.800715982913971,-0.800715982913971,base,no
1278,1,1,0.880797081106935,-0.3301806151866913,-2.3301806449890137,base,yes
1279,1,1,0.985936373783223,-0.19610589742660522,-4.44610595703125,base,yes
1280,1,1,0.977022630759019,-0.16843268275260925,-3.9184327125549316,base,yes
1281,1,1,0.9399133498259924,-0.24554872512817383,-2.995548725128174,base,yes
1282,1,1,0.731058584489497,-0.48491188883781433,-1.4849119186401367,base,yes
1283,1,0,0.13296423676207594,-2.1331863403320312,-0.25818631052970886,base,no
1284,1,0,0.34864513533394575,-1.1568430662155151,-0.5318430662155151,base,no
1285,1,1,0.9626731126558706,-0.2922179698944092,-3.542217969894409,base,yes
1286,1,1,0.9465966664338019,-0.2370796948671341,-3.112079620361328,base,yes
1287,1,1,0.9890130572074874,-0.17342378199100494,-4.673423767089844,base,yes
1288,1,1,0.8519527944504226,-0.3440137505531311,-2.0940136909484863,base,yes
1289,1,1,0.8807970701552504,-0.20649321377277374,-2.2064931392669678,base,yes
1290,1,0,0.5,-0.7962915897369385,-0.7962915897369385,base,no
1291,1,1,0.9579122696813394,-0.17187243700027466,-3.29687237739563,base,yes
1292,1,1,0.9914225164870603,-0.1370246559381485,-4.887024879455566,base,yes
1293,1,1,0.9324533032291502,-0.23163685202598572,-2.8566367626190186,base,yes
1294,1,1,0.9399133481428692,-0.3486469089984894,-3.098646879196167,base,yes
1295,1,1,0.9525741281688026,-0.3343198001384735,-3.334319829940796,base,yes
1296,1,1,0.9579122690805788,-0.22570402920246124,-3.3507039546966553,base,yes
1297,1,1,0.880797081106935,-0.32936522364616394,-2.3293652534484863,base,yes
1298,1,1,0.8807970842359877,-0.2902013659477234,-2.290201425552368,base,yes
1299,1,0,0.37754066879814546,-1.089859127998352,-0.589859127998352,base,no
1300,1,0,0.18242552380635632,-1.7575844526290894,-0.25758445262908936,base,no
1301,1,1,0.9875683478662124,-0.157599076628685,-4.532598972320557,base,yes
1302,1,1,0.9820137895115189,-0.18084052205085754,-4.180840492248535,base,yes
1303,1,1,0.9796676508127574,-0.1496274769306183,-4.024627685546875,base,yes
1304,1,1,0.9149009480320036,-0.2521129548549652,-2.627112865447998,base,yes
1305,1,0,0.37754066879814546,-1.0509958267211914,-0.5509958267211914,base,no
1306,1,1,0.679178699175393,-0.5043450593948364,-1.2543450593948364,base,yes
1307,1,1,0.7057850402140659,-0.5361327528953552,-1.4111328125,base,yes
1308,1,0,0.4378234991142019,-0.9903873801231384,-0.7403873801231384,base,no
1309,1,1,0.7981867873410141,-0.3263673186302185,-1.7013673782348633,base,yes
1310,1,0,0.5,-0.816372275352478,-0.816372275352478,base,no
1311,1,1,0.9875683475003261,-0.17441286146640778,-4.549412727355957,base,yes
1312,1,1,0.5926665999540697,-0.6833596229553223,-1.0583596229553223,base,yes
1313,1,1,0.9706877684006775,-0.28545859456062317,-3.785458564758301,base,yes
1314,1,1,0.9579122720843811,-0.18845701217651367,-3.3134570121765137,base,yes
1315,1,0,0.24508500761839525,-1.4957278966903687,-0.37072786688804626,base,no
1316,1,1,0.9706877709445761,-0.21294182538986206,-3.712941884994507,base,yes
1317,1,1,0.8354835330070839,-0.2924632132053375,-1.9174631834030151,base,yes
1318,1,1,0.7057850278370112,-0.48489582538604736,-1.3598958253860474,base,yes
1319,1,1,0.9626731137267751,-0.20104309916496277,-3.451043128967285,base,yes
1320,1,1,0.7057850278370112,-0.4703361988067627,-1.3453361988067627,base,yes
1321,1,1,0.9740426412951848,-0.15560084581375122,-3.7806007862091064,base,yes
1322,1,1,0.9706877662807619,-0.21281705796718597,-3.7128169536590576,base,yes
1323,1,1,0.9046505402422645,-0.28400033712387085,-2.5340003967285156,base,yes
1324,1,1,0.9579122738866624,-0.20726604759693146,-3.332266092300415,base,yes
1325,1,0,0.04208772671409796,-3.278487205505371,-0.1534871757030487,base,no
1326,1,1,0.9579122762897041,-0.20709075033664703,-3.3320908546447754,base,yes
1327,1,1,0.9399133531922388,-0.31897419691085815,-3.068974256515503,base,yes
1328,1,1,0.974042644685976,-0.23007576167583466,-3.8550758361816406,base,yes
1329,1,1,0.9626731131913229,-0.18338249623775482,-3.433382511138916,base,yes
1330,1,1,0.9796676499223111,-0.2244900017976761,-4.099490165710449,base,yes
1331,1,1,0.9399133447766225,-0.26724299788475037,-3.017242908477783,base,yes
1332,1,1,0.8354835371034369,-0.43653249740600586,-2.061532497406006,base,yes
1333,1,0,0.03308597672022805,-3.469029664993286,-0.09402961283922195,base,no
1334,1,1,0.8175744761936437,-0.4776265621185303,-1.9776265621185303,base,yes
1335,1,1,0.9796676502191265,-0.14955264329910278,-4.024552822113037,base,yes
1336,1,1,0.9241418137109955,-0.2831972539424896,-2.7831971645355225,base,yes
1337,1,0,0.14804718675485834,-2.0351076126098633,-0.2851075232028961,base,no
1338,1,1,0.7981867777396212,-0.3673640489578247,-1.7423640489578247,base,yes
1339,1,1,0.7981867777396212,-0.5011869668960571,-1.8761869668960571,base,yes
1340,1,1,0.9525741268224334,-0.2536048889160156,-3.2536048889160156,base,yes
1341,1,1,0.6791786861878392,-0.5709465146064758,-1.320946455001831,base,yes
1342,1,1,0.8933094003735664,-0.320282518863678,-2.445282459259033,base,yes
1343,1,1,0.9626731169394882,-0.18398606777191162,-3.433986186981201,base,yes
1344,1,1,0.9740426454394852,-0.1722644716501236,-3.797264575958252,base,yes
1345,1,0,0.07585818211049715,-2.6718878746032715,-0.17188790440559387,base,no
1346,1,1,0.9914225134458245,-0.137245312333107,-4.887245178222656,base,yes
1347,1,1,0.6513548511303336,-0.518923819065094,-1.1439237594604492,base,yes
1348,1,0,0.3775406828054583,-1.0684950351715088,-0.5684950947761536,base,no
1349,1,1,0.9241418241572634,-0.26026099920272827,-2.760261058807373,base,yes
1350,1,1,0.8670357563664174,-0.27109459042549133,-2.146094560623169,base,yes
1351,1,0,0.020332355123551627,-4.062371253967285,-0.18737134337425232,base,no
1352,1,1,0.9840936117869877,-0.16002918779850006,-4.285029411315918,base,yes
1353,1,0,0.2689414330889798,-1.5262811183929443,-0.5262811779975891,base,no
1354,1,1,0.914900950352329,-0.29147034883499146,-2.6664702892303467,base,yes
1355,1,0,0.014063625390308462,-4.296654224395752,-0.0466541051864624,base,no
1356,1,0,0.14804719051380197,-2.1294026374816895,-0.3794025778770447,base,no
1357,1,1,0.8354835452961425,-0.32416385412216187,-1.9491639137268066,base,yes
1358,1,1,0.8670357563664174,-0.34507134556770325,-2.220071315765381,base,yes
1359,1,1,0.9149009596336303,-0.23463815450668335,-2.609638214111328,base,yes
1360,1,1,0.9579122720843811,-0.24647879600524902,-3.371478796005249,base,yes
1361,1,0,0.34864513533394575,-1.1832765340805054,-0.5582765340805054,base,no
1362,1,1,0.5312093733737563,-0.7528312802314758,-0.8778312802314758,base,yes
1363,1,1,0.7772998611746911,-0.3642265796661377,-1.6142265796661377,base,yes
1364,1,1,0.9241418262465169,-0.26341739296913147,-2.7634174823760986,base,yes
1365,1,1,0.974042642048694,-0.253874808549881,-3.8788747787475586,base,yes
1366,1,1,0.9914225151565197,-0.1229519173502922,-4.872951984405518,base,yes
1367,1,1,0.9626731115849659,-0.19992640614509583,-3.4499263763427734,base,yes
1368,1,1,0.9579122762897041,-0.2271977812051773,-3.3521978855133057,base,yes
1369,1,1,0.9840936101542134,-0.22015082836151123,-4.345150947570801,base,yes
1370,1,0,0.4378234991142019,-0.9601105451583862,-0.7101105451583862,base,no
1371,1,0,0.07585817793199003,-2.6365435123443604,-0.13654348254203796,base,no
1372,1,1,0.9525741322079105,-0.19445884227752686,-3.1944589614868164,base,yes
1373,1,1,0.9890130549406149,-0.19291327893733978,-4.692913055419922,base,yes
1374,1,1,0.9706877679766944,-0.17533402144908905,-3.6753339767456055,base,yes
1375,1,1,0.9740426428022031,-0.18894433975219727,-3.8139443397521973,base,yes
1376,1,1,0.8933094174159129,-0.2937077283859253,-2.418707847595215,base,yes
1377,1,1,0.9579122696813394,-0.32789427042007446,-3.4528942108154297,base,yes
1378,1,1,0.984093609804333,-0.11763086169958115,-4.242630958557129,base,yes
1379,1,1,0.8175744673038221,-0.27193671464920044,-1.7719366550445557,base,yes
1380,1,1,0.9796676469541566,-0.165464386343956,-4.040464401245117,base,yes
1381,1,1,0.9706877726405082,-0.1916283369064331,-3.6916284561157227,base,yes
1382,1,0,0.11920291419948606,-2.216059684753418,-0.216059610247612,base,no
1383,1,0,0.37754066879814546,-1.0325994491577148,-0.5325994491577148,base,no
1384,1,1,0.8670357701094303,-0.3214839994907379,-2.196484088897705,base,yes
1385,1,1,0.9890130562359708,-0.17263327538967133,-4.672633171081543,base,yes
1386,1,1,0.97068777009661,-0.19299909472465515,-3.6929991245269775,base,yes
1387,1,1,0.9324533107374443,-0.2760307490825653,-2.9010307788848877,base,yes
1388,1,1,0.9399133531922388,-0.34647148847579956,-3.0964715480804443,base,yes
1389,1,1,0.9890130552644538,-0.17306871712207794,-4.673068523406982,base,yes
1390,1,1,0.9770226324316302,-0.1850818544626236,-3.935081958770752,base,yes
1391,1,1,0.9324533144915912,-0.3269733488559723,-2.9519734382629395,base,yes
1392,1,1,0.9241418199787566,-0.2598750591278076,-2.7598750591278076,base,yes
1393,1,1,0.9840936108539738,-0.19799788296222687,-4.322998046875,base,yes
1394,1,1,0.9149009619539553,-0.2914382517337799,-2.666438341140747,base,yes
1395,1,1,0.9399133557169234,-0.19297923147678375,-2.942979335784912,base,yes
1396,1,1,0.7310585903489892,-0.5524851679801941,-1.5524852275848389,base,yes
1397,1,1,0.7549149923816048,-0.4166754186153412,-1.5416754484176636,base,yes
1398,1,1,0.9706877709445761,-0.15978139638900757,-3.6597814559936523,base,yes
1399,1,1,0.679178699175393,-0.4951547384262085,-1.2451547384262085,base,yes
1400,1,0,0.4378234991142019,-0.9309664964675903,-0.6809664964675903,base,no
1401,1,1,0.9840936054891429,-0.1979314684867859,-4.322931289672852,base,yes
1402,1,1,0.9579122738866624,-0.17297406494617462,-3.297974109649658,base,yes
1403,1,1,0.9669140244715405,-0.16340509057044983,-3.538405179977417,base,yes
1404,1,0,0.07585817166422973,-2.653132438659668,-0.15313231945037842,base,no
1405,1,1,0.9324533032291502,-0.21807894110679626,-2.843078851699829,base,yes
1406,1,1,0.9902915226589475,-0.21323689818382263,-4.8382368087768555,base,yes
1407,1,1,0.9579122768904644,-0.27074992656707764,-3.395750045776367,base,yes
1408,1,1,0.9465966702001757,-0.20067858695983887,-3.075678586959839,base,yes
1409,1,0,0.2942149597859341,-1.526700735092163,-0.6517006754875183,base,no
1410,1,0,0.20181322226037882,-1.6696380376815796,-0.2946380376815796,base,no
1411,1,1,0.9820137892483239,-0.12035612761974335,-4.12035608291626,base,yes
1412,1,0,0.017986211212267053,-4.055413246154785,-0.05541331693530083,base,no
1413,1,1,0.9626731115849659,-0.16857197880744934,-3.418571949005127,base,yes
1414,1,0,0.0953494674697966,-2.4337313175201416,-0.183731347322464,base,no
1415,1,1,0.7981867825403176,-0.34747156500816345,-1.7224715948104858,base,yes
1416,1,1,0.9859363760560114,-0.15907885134220123,-4.409079074859619,base,yes
1417,1,1,0.9840936064221572,-0.1977912187576294,-4.32279109954834,base,yes
1418,1,1,0.9770226287518852,-0.1682949662208557,-3.918294906616211,base,yes
1419,1,1,0.9669140206578809,-0.19709590077400208,-3.5720958709716797,base,yes
1420,1,1,0.9669140206578809,-0.28997185826301575,-3.6649718284606934,base,yes
1421,1,1,0.9840936115537341,-0.13056018948554993,-4.255560398101807,base,yes
1422,1,1,0.924141816844876,-0.24382810294628143,-2.743828058242798,base,yes
1423,1,1,0.9324533051062237,-0.21542340517044067,-2.840423345565796,base,yes
1424,1,1,0.9740426431789577,-0.1553504317998886,-3.78035044670105,base,yes
1425,1,1,0.8670357494949105,-0.34289059042930603,-2.217890501022339,base,yes
1426,1,1,0.5926665999540697,-0.6758202314376831,-1.050820231437683,base,yes
1427,1,0,0.4378234991142019,-0.9692778587341309,-0.7192778587341309,base,no
1428,1,1,0.9399133540338004,-0.19101016223430634,-2.9410102367401123,base,yes
1429,1,1,0.7549149813536518,-0.4043354094028473,-1.529335379600525,base,yes
1430,1,1,0.9706877713685592,-0.19288556277751923,-3.692885637283325,base,yes
1431,1,1,0.9324533032291502,-0.30036982893943787,-2.9253697395324707,base,yes
1432,1,1,0.9669140225647107,-0.17877718806266785,-3.5537772178649902,base,yes
1433,1,0,0.24508502416032488,-1.4805235862731934,-0.35552364587783813,base,no
1434,1,1,0.9399133523506772,-0.17834492027759552,-2.928344964981079,base,yes
1435,1,1,0.8519527906914787,-0.36356934905052185,-2.1135692596435547,base,yes
1436,1,1,0.9669140194661121,-0.12442762404680252,-3.499427556991577,base,yes
1437,1,1,0.9740426412951848,-0.15560227632522583,-3.780602216720581,base,yes
1438,1,1,0.5926665999540697,-0.6145482063293457,-0.9895482063293457,base,yes
1439,1,1,0.9770226317625857,-0.16795198619365692,-3.917952060699463,base,yes
1440,1,1,0.9859363739898402,-0.2184261530637741,-4.46842622756958,base,yes
1441,1,1,0.5312093733737563,-0.7730910181999207,-0.8980910181999207,base,yes
1442,1,1,0.7310585786300049,-0.4374063014984131,-1.437406301498413,base,yes
1443,1,0,0.32082130082460697,-1.2694625854492188,-0.5194625854492188,base,no
1444,1,0,0.3775406547908327,-1.069049596786499,-0.5690495371818542,base,no
1445,1,1,0.9149009596336303,-0.2718963027000427,-2.6468963623046875,base,yes
1446,1,1,0.9626731158685837,-0.20084252953529358,-3.4508426189422607,base,yes
1447,1,1,0.9914225156000332,-0.2119539976119995,-4.961954116821289,base,yes
1448,1,0,0.24508501864634827,-1.5473557710647583,-0.4223558008670807,base,no
1449,1,1,0.679178699175393,-0.6296775341033936,-1.3796775341033936,base,yes
1450,1,1,0.9579122732859019,-0.2059747874736786,-3.330974817276001,base,yes
1451,1,1,0.5312093733737563,-0.7712602615356445,-0.8962602615356445,base,yes
1452,1,0,0.4073334000459302,-1.112283706665039,-0.7372837066650391,base,no
1453,1,1,0.7772998560157665,-0.34183254837989807,-1.5918325185775757,base,yes
1454,1,1,0.9149009584734678,-0.23523898422718048,-2.610239028930664,base,yes
1455,1,1,0.9241418220680101,-0.26053258776664734,-2.7605326175689697,base,yes
1456,1,1,0.867035752930664,-0.36922961473464966,-2.244229555130005,base,yes
1457,1,1,0.9149009549929797,-0.2509608268737793,-2.6259608268737793,base,yes
1458,1,1,0.7057850278370112,-0.5190134048461914,-1.3940134048461914,base,yes
1459,1,0,0.22270013882530884,-1.64423668384552,-0.39423668384552,base,no
1460,1,0,0.1329642436335826,-2.0767593383789062,-0.20175936818122864,base,no
1461,1,0,0.40733341443526055,-1.0182685852050781,-0.6432686448097229,base,no
1462,1,1,0.8519527982093668,-0.3664851486682892,-2.116485118865967,base,yes
1463,1,1,0.6513548646660542,-0.5495009422302246,-1.1745009422302246,base,yes
1464,1,1,0.9740426424254486,-0.17172004282474518,-3.796720027923584,base,yes
1465,1,1,0.9525741268224334,-0.15122199058532715,-3.151221990585327,base,yes
1466,1,1,0.939913354875362,-0.24575844407081604,-2.995758533477783,base,yes
1467,1,1,0.8519528019683106,-0.30443787574768066,-2.0544378757476807,base,yes
1468,1,1,0.7310585727705126,-0.43539825081825256,-1.4353982210159302,base,yes
1469,1,1,0.9669140182743434,-0.16311369836330414,-3.538113594055176,base,yes
1470,1,1,0.9525741281688026,-0.2766587436199188,-3.276658773422241,base,yes
1471,1,1,0.9796676466573412,-0.1831512451171875,-4.0581512451171875,base,yes
1472,1,1,0.8670357701094303,-0.24369946122169495,-2.118699550628662,base,yes
1473,1,1,0.9626731115849659,-0.16687729954719543,-3.416877269744873,base,yes
1474,1,1,0.9324533060447605,-0.19894389808177948,-2.823943853378296,base,yes
1475,1,1,0.9046505338155469,-0.2149200588464737,-2.4649200439453125,base,yes
1476,1,1,0.9740426428022031,-0.18953943252563477,-3.8145394325256348,base,yes
1477,1,0,0.06754669677084987,-2.8225698471069336,-0.19756993651390076,base,no
1478,1,1,0.731058584489497,-0.40794429183006287,-1.4079443216323853,base,yes
1479,1,1,0.9046505376715775,-0.26612088084220886,-2.5161209106445312,base,yes
1480,1,0,0.46879062662624377,-0.9617017507553101,-0.8367017507553101,base,no
1481,1,1,0.9241418189341297,-0.18084241449832916,-2.680842399597168,base,yes
1482,1,1,0.9820137868795701,-0.18033140897750854,-4.180331230163574,base,yes
1483,1,1,0.957912274487423,-0.18916171789169312,-3.314161777496338,base,yes
1484,1,1,0.9324533069832973,-0.2521040737628937,-2.8771040439605713,base,yes
1485,1,0,0.46879062662624377,-0.8968669176101685,-0.7718669176101685,base,no
1486,1,1,0.9820137868795701,-0.16250914335250854,-4.162508964538574,base,yes
1487,1,1,0.9149009480320036,-0.25172099471092224,-2.626720905303955,base,yes
1488,1,1,0.9149009526726544,-0.31590893864631653,-2.690908908843994,base,yes
1489,1,1,0.5312093733737563,-0.7298831343650818,-0.8548831343650818,base,yes
1490,1,1,0.679178699175393,-0.5385076999664307,-1.2885076999664307,base,yes
1491,1,1,0.9820137918802723,-0.19931305944919586,-4.199313163757324,base,yes
1492,1,1,0.9399133498259924,-0.22614502906799316,-2.976145029067993,base,yes
1493,1,1,0.8519528132451416,-0.3246983587741852,-2.0746984481811523,base,yes
1494,1,1,0.89330940889474,-0.2755093276500702,-2.4005093574523926,base,yes
1495,1,0,0.4073334000459302,-0.9848524332046509,-0.6098524332046509,base,no
1496,1,1,0.7772998560157665,-0.3789201080799103,-1.628920078277588,base,yes
1497,1,1,0.9324533163686646,-0.23410260677337646,-2.859102725982666,base,yes
1498,1,1,0.9770226277483183,-0.20588241517543793,-3.9558823108673096,base,yes
1499,1,0,0.46879062662624377,-0.8885639309883118,-0.7635639309883118,base,no
1500,1,0,0.2942149597859341,-1.3228731155395508,-0.447873055934906,base,no
1501,1,0,0.46879062662624377,-0.8835833072662354,-0.7585833072662354,base,no
1502,1,0,0.5,-0.829247236251831,-0.829247236251831,base,no
1503,1,1,0.7549149868676283,-0.4419674873352051,-1.566967487335205,base,yes
1504,1,1,0.7310585669110203,-0.47356873750686646,-1.4735686779022217,base,yes
1505,1,1,0.5926665999540697,-0.6737188100814819,-1.048718810081482,base,yes
1506,1,1,0.6513548646660542,-0.5780545473098755,-1.2030545473098755,base,yes
1507,1,0,0.1329642436335826,-2.0748682022094727,-0.19986823201179504,base,no
1508,1,1,0.957912274487423,-0.2272471785545349,-3.3522472381591797,base,yes
1509,1,0,0.11920292202211755,-2.274918794631958,-0.274918794631958,base,no
1510,1,0,0.4378234991142019,-0.941942572593689,-0.691942572593689,base,no
1511,1,1,0.6224593171945417,-0.7400763630867004,-1.2400763034820557,base,yes
1512,1,0,0.025957358328060655,-3.6987907886505127,-0.07379083335399628,base,no
1513,1,1,0.9399133489844308,-0.24540473520755768,-2.9954047203063965,base,yes
1514,1,1,0.8933094032139576,-0.36864379048347473,-2.4936437606811523,base,yes
1515,1,1,0.5312093733737563,-0.7111299633979797,-0.8361299633979797,base,yes
1516,1,1,0.8175744850834649,-0.36645597219467163,-1.8664560317993164,base,yes
1517,1,0,0.4073333856566001,-1.049680233001709,-0.6746801733970642,base,no
1518,1,1,0.7981867873410141,-0.3341912627220154,-1.7091913223266602,base,yes
1519,1,0,0.08509903688588204,-2.5662577152252197,-0.19125761091709137,base,no
1520,1,1,0.6513548646660542,-0.5603713989257812,-1.1853713989257812,base,yes
1521,1,1,0.8519527944504226,-0.3221643567085266,-2.072164297103882,base,yes
1522,1,1,0.7057850154599563,-0.597647488117218,-1.4726474285125732,base,yes
1523,1,0,0.07585817479810981,-2.6794211864471436,-0.17942111194133759,base,no
1524,1,0,0.2018132270610754,-1.657123327255249,-0.2821233570575714,base,no
1525,1,1,0.9669140187510509,-0.28929147124290466,-3.6642913818359375,base,yes
1526,1,0,0.5,-0.8529699444770813,-0.8529699444770813,base,no
1527,1,0,0.11920292202211755,-2.2584235668182373,-0.2584235668182373,base,no
1528,1,1,0.7057850154599563,-0.44347769021987915,-1.3184776306152344,base,yes
1529,1,0,0.4378234991142019,-0.9966812133789062,-0.7466812133789062,base,no
1530,1,1,0.7981867777396212,-0.38723254203796387,-1.7622325420379639,base,yes
1531,1,1,0.7772998663336157,-0.3520217835903168,-1.6020218133926392,base,yes
1532,1,1,0.7310585669110203,-0.3997371792793274,-1.3997371196746826,base,yes
1533,1,0,0.03732688948593843,-3.3566460609436035,-0.10664612054824829,base,no
1534,1,1,0.9770226290864076,-0.22678928077220917,-3.9767892360687256,base,yes
1535,1,1,0.9046505351008906,-0.3069572448730469,-2.556957244873047,base,yes
1536,1,1,0.5926665999540697,-0.806957483291626,-1.181957483291626,base,yes
1537,1,1,0.8354835411997897,-0.3372112214565277,-1.96221125125885,base,yes
1538,1,1,0.8807970904940926,-0.30877912044525146,-2.308779239654541,base,yes
1539,1,1,0.8670357563664174,-0.3518424332141876,-2.2268424034118652,base,yes
1540,1,1,0.966914024948248,-0.1498357206583023,-3.5248358249664307,base,yes
1541,1,0,0.37754066879814546,-1.1667970418930054,-0.6667970418930054,base,no
1542,1,1,0.7057850340255386,-0.472809761762619,-1.3478097915649414,base,yes
1543,1,1,0.7549149868676283,-0.3910799026489258,-1.5160799026489258,base,yes
1544,1,1,0.6791786926816161,-0.46871915459632874,-1.2187191247940063,base,yes
1545,1,1,0.7057850154599563,-0.4549005627632141,-1.3299005031585693,base,yes
1546,1,0,0.34864513533394575,-1.205466628074646,-0.580466628074646,base,no
1547,1,0,0.1480472055495773,-2.080659866333008,-0.3306599259376526,base,no
1548,1,0,0.0953494738965146,-2.4156198501586914,-0.16561995446681976,base,no
1549,1,0,0.22270013366638422,-1.5797762870788574,-0.32977625727653503,base,no
1550,1,1,0.9626731142622272,-0.24242205917835236,-3.492422103881836,base,yes
1551,1,0,0.3486451488696663,-1.222888708114624,-0.5978887677192688,base,no
1552,1,1,0.9046505428129514,-0.28137651085853577,-2.531376600265503,base,yes
1553,1,1,0.7772998611746911,-0.3777451515197754,-1.6277451515197754,base,yes
1554,1,0,0.09534947261117097,-2.422697067260742,-0.17269715666770935,base,no
1555,1,1,0.6224593312018546,-0.6374022960662842,-1.1374022960662842,base,yes
1556,1,1,0.9706877722165251,-0.19233740866184235,-3.6923375129699707,base,yes
1557,1,1,0.9324533116759811,-0.2140931636095047,-2.8390932083129883,base,yes
1558,1,1,0.9669140187510509,-0.17823252081871033,-3.553232431411743,base,yes
1559,1,0,0.5,-0.846163809299469,-0.846163809299469,base,no
1560,1,0,0.2942149845400438,-1.3885421752929688,-0.5135422348976135,base,no
1561,1,1,0.89330940889474,-0.3175205886363983,-2.4425206184387207,base,yes
1562,1,0,0.34864513533394575,-1.1764167547225952,-0.5514167547225952,base,no
1563,1,1,0.9525741268224334,-0.27802419662475586,-3.278024196624756,base,yes
1564,1,0,0.46879062662624377,-0.9050638675689697,-0.7800638675689697,base,no
1565,1,1,0.8354835330070839,-0.3215349018573761,-1.9465348720550537,base,yes
1566,1,1,0.5312093733737563,-0.7022983431816101,-0.8272983431816101,base,yes
1567,1,1,0.7549149923816048,-0.438655823469162,-1.5636558532714844,base,yes
1568,1,0,0.11920292202211755,-2.279237747192383,-0.2792377471923828,base,no
1569,1,1,0.6513548782017746,-0.604160487651825,-1.2291605472564697,base,yes
1570,1,1,0.7057850278370112,-0.5419825315475464,-1.4169825315475464,base,yes
1571,1,1,0.9241418272911436,-0.18094338476657867,-2.680943489074707,base,yes
1572,1,1,0.9046505351008906,-0.20362114906311035,-2.4536211490631104,base,yes
1573,1,0,0.5,-0.8320356011390686,-0.8320356011390686,base,no
1574,1,1,0.6513548646660542,-0.6023681163787842,-1.2273681163787842,base,yes
1575,1,1,0.7310585727705126,-0.488762766122818,-1.4887627363204956,base,yes
1576,1,1,0.8354835330070839,-0.38239362835884094,-2.0073935985565186,base,yes
1577,1,0,0.10669058968506456,-2.3544535636901855,-0.22945351898670197,base,no
1578,1,1,0.9706877692486436,-0.23478388786315918,-3.734783887863159,base,yes
1579,1,0,0.01798620884351355,-4.055281639099121,-0.05528157576918602,base,no
1580,1,0,0.5,-0.8413413763046265,-0.8413413763046265,base,no
1581,1,0,0.02033235363947422,-3.9788365364074707,-0.1038365513086319,base,no
1582,1,0,0.10669059820623795,-2.3131892681121826,-0.1881893128156662,base,no
1583,1,0,0.5,-0.8652545809745789,-0.8652545809745789,base,no
1584,1,1,0.966914019704466,-0.19566184282302856,-3.570661783218384,base,yes
1585,1,1,0.9149009515124917,-0.1903257817029953,-2.5653257369995117,base,yes
1586,1,1,0.9796676439860018,-0.18339599668979645,-4.058395862579346,base,yes
1587,1,1,0.9706877662807619,-0.21132789552211761,-3.7113277912139893,base,yes
1588,1,1,0.9465966686936261,-0.2599203884601593,-3.134920358657837,base,yes
1589,1,1,0.9149009596336303,-0.23451417684555054,-2.6095142364501953,base,yes
1590,1,1,0.9046505325302034,-0.2623286545276642,-2.512328624725342,base,yes
1591,1,0,0.18242552825126704,-1.8204400539398193,-0.3204400837421417,base,no
1592,1,1,0.8519528132451416,-0.31747546792030334,-2.0674755573272705,base,yes
1593,1,1,0.6513548782017746,-0.5637196898460388,-1.1887197494506836,base,yes
1594,1,1,0.9626731094431571,-0.24244198203086853,-3.4924418926239014,base,yes
1595,1,0,0.2689414330889798,-1.449669599533081,-0.44966965913772583,base,no
1596,1,0,0.4378234991142019,-1.0111618041992188,-0.7611618041992188,base,no
1597,1,1,0.9149009619539553,-0.29557695984840393,-2.670577049255371,base,yes
1598,1,1,0.8354835330070839,-0.4286947548389435,-2.053694725036621,base,yes
1599,1,1,0.9875683491468141,-0.17475605010986328,-4.549756050109863,base,yes
1600,1,1,0.9399133498259924,-0.22601628303527832,-2.9760162830352783,base,yes
1601,1,1,0.5621765008857981,-0.6999650597572327,-0.9499650597572327,base,yes
1602,1,1,0.798186768138228,-0.3813179135322571,-1.7563178539276123,base,yes
1603,1,1,0.9770226324316302,-0.18615378439426422,-3.9361538887023926,base,yes
1604,1,1,0.8519527982093668,-0.2870946228504181,-2.0370945930480957,base,yes
1605,1,1,0.754914997895581,-0.3794187903404236,-1.5044188499450684,base,yes
1606,1,1,0.8807970889295664,-0.24350418150424957,-2.243504285812378,base,yes
1607,1,1,0.9046505351008906,-0.2831075191497803,-2.5331075191497803,base,yes
1608,1,1,0.6513548782017746,-0.5332173705101013,-1.158217430114746,base,yes
1609,1,0,0.09534946232842245,-2.459287166595459,-0.2092871367931366,base,no
1610,1,1,0.5312093733737563,-0.7578208446502686,-0.8828208446502686,base,yes
1611,1,1,0.679178699175393,-0.5040886402130127,-1.2540886402130127,base,yes
1612,1,1,0.7549149813536518,-0.422514945268631,-1.5475149154663086,base,yes
1613,1,1,0.8354835411997897,-0.34122976660728455,-1.966229796409607,base,yes
1614,1,1,0.7772998663336157,-0.3745541274547577,-1.62455415725708,base,yes
1615,1,1,0.8519527982093668,-0.26117876172065735,-2.011178731918335,base,yes
1616,1,1,0.9740426424254486,-0.15479876101016998,-3.779798746109009,base,yes
1617,1,0,0.5,-0.7591279745101929,-0.7591279745101929,base,no
1618,1,0,0.06008665606493926,-2.9020707607269287,-0.15207086503505707,base,no
1619,1,1,0.9669140182743434,-0.1794656366109848,-3.5544655323028564,base,yes
1620,1,1,0.6224593171945417,-0.5926955342292786,-1.0926954746246338,base,yes
1621,1,1,0.679178699175393,-0.5978622436523438,-1.3478622436523438,base,yes
1622,1,1,0.9706877696726267,-0.2129366248846054,-3.7129366397857666,base,yes
1623,1,1,0.8933094003735664,-0.2930145859718323,-2.4180145263671875,base,yes
1624,1,0,0.4378234991142019,-1.0151063203811646,-0.7651063203811646,base,no
1625,1,1,0.754914975839675,-0.44146639108657837,-1.5664663314819336,base,yes
1626,1,1,0.9820137879323497,-0.14674532413482666,-4.146745204925537,base,yes
1627,1,1,0.9149009480320036,-0.2346573770046234,-2.6096572875976562,base,yes
1628,1,1,0.939913350667554,-0.22419880330562592,-2.974198818206787,base,yes
1629,1,1,0.8519528019683106,-0.38716626167297363,-2.1371662616729736,base,yes
1630,1,1,0.5312093733737563,-0.7903291583061218,-0.9153291583061218,base,yes
1631,1,1,0.754914997895581,-0.4776079058647156,-1.6026079654693604,base,yes
1632,1,1,0.9046505261034853,-0.22913609445095062,-2.4791359901428223,base,yes
1633,1,1,0.8175744673038221,-0.48754507303237915,-1.9875450134277344,base,yes
1634,1,1,0.966914017797636,-0.23785603046417236,-3.612855911254883,base,yes
1635,1,1,0.6791786861878392,-0.5315807461738586,-1.2815806865692139,base,yes
1636,1,1,0.8354835289107309,-0.4358430504798889,-2.060842990875244,base,yes
1637,1,1,0.9525741234565097,-0.17848165333271027,-3.1784815788269043,base,yes
1638,1,1,0.8354835371034369,-0.35794389247894287,-1.9829438924789429,base,yes
1639,1,0,0.1480472055495773,-1.96343994140625,-0.21344000101089478,base,no
1640,1,1,0.9740426412951848,-0.231828510761261,-3.856828451156616,base,yes
1641,1,1,0.7981867777396212,-0.4565192461013794,-1.8315192461013794,base,yes
1642,1,1,0.5312093733737563,-0.7105512619018555,-0.8355512619018555,base,yes
1643,1,1,0.9465966747198243,-0.2174917757511139,-3.092491865158081,base,yes
1644,1,1,0.8354835411997897,-0.34070250391960144,-1.9657025337219238,base,yes
1645,1,1,0.9525741248028792,-0.2119946926832199,-3.2119946479797363,base,yes
1646,1,1,0.9149009596336303,-0.21905940771102905,-2.594059467315674,base,yes
1647,1,1,0.8933094174159129,-0.29353272914886475,-2.4185328483581543,base,yes
1648,1,0,0.4073334000459302,-0.9681729674339294,-0.5931729674339294,base,no
1649,1,0,0.22270013366638422,-1.6499828100204468,-0.3999827802181244,base,no
1650,1,1,0.867035763237924,-0.32109305262565613,-2.1960930824279785,base,yes
1651,1,1,0.9465966717067252,-0.22014757990837097,-3.0951476097106934,base,yes
1652,1,1,0.9465966754730989,-0.21887554228305817,-3.0938756465911865,base,yes
1653,1,1,0.9149009526726544,-0.317156583070755,-2.6921565532684326,base,yes
1654,1,1,0.939913354875362,-0.3809284269809723,-3.1309285163879395,base,yes
1655,1,1,0.952574129515172,-0.2537183165550232,-3.253718376159668,base,yes
1656,1,1,0.9324533079218341,-0.23429585993289948,-2.8592958450317383,base,yes
1657,1,0,0.34864513533394575,-1.2154076099395752,-0.5904076099395752,base,no
1658,1,1,0.9770226327661524,-0.18660247325897217,-3.9366025924682617,base,yes
1659,1,1,0.9669140235181256,-0.1633109450340271,-3.538311004638672,base,yes
1660,1,1,0.9770226290864076,-0.2282455414533615,-3.978245496749878,base,yes
1661,1,1,0.9046505402422645,-0.2637781500816345,-2.5137782096862793,base,yes
1662,1,1,0.8807970748488297,-0.3561890423297882,-2.356189012527466,base,yes
1663,1,1,0.8933094003735664,-0.2718661427497864,-2.3968660831451416,base,yes
1664,1,1,0.5621765155565327,-0.7974938750267029,-1.0474939346313477,base,yes
1665,1,1,0.9324533144915912,-0.2983774244785309,-2.923377513885498,base,yes
1666,1,1,0.9706877671287282,-0.211979940533638,-3.711979866027832,base,yes
1667,1,1,0.974042644685976,-0.1415337771177292,-3.766533851623535,base,yes
1668,1,1,0.9740426405416754,-0.18845829367637634,-3.813458204269409,base,yes
1669,1,1,0.7310585727705126,-0.42115166783332825,-1.4211516380310059,base,yes
1670,1,1,0.9626731142622272,-0.16839762032032013,-3.4183976650238037,base,yes
1671,1,0,0.2689414213699951,-1.4434887170791626,-0.4434887170791626,base,no
1672,1,1,0.9740426428022031,-0.17173290252685547,-3.7967329025268555,base,yes
1673,1,1,0.9525741315347259,-0.19435657560825348,-3.194356679916382,base,yes
1674,1,0,0.16451647108926923,-1.8961207866668701,-0.2711208462715149,base,no
1675,1,1,0.8807970904940926,-0.3303273916244507,-2.3303275108337402,base,yes
1676,1,1,0.880797068590724,-0.3083432614803314,-2.3083431720733643,base,yes
1677,1,1,0.8354835330070839,-0.2791105806827545,-1.9041105508804321,base,yes
1678,1,1,0.9796676419082933,-0.14912152290344238,-4.024121284484863,base,yes
1679,1,1,0.9324533163686646,-0.3002370595932007,-2.9252371788024902,base,yes
1680,1,1,0.880797068590724,-0.2567377984523773,-2.25673770904541,base,yes
1681,1,1,0.867035752930664,-0.28753143548965454,-2.1625313758850098,base,yes
1682,1,1,0.880797068590724,-0.2711361348628998,-2.2711360454559326,base,yes
1683,1,1,0.8354835330070839,-0.3787441551685333,-2.003744125366211,base,yes
1684,1,1,0.9669140220880033,-0.21618245542049408,-3.5911824703216553,base,yes
1685,1,1,0.9465966762263737,-0.2600783109664917,-3.1350784301757812,base,yes
1686,1,1,0.8354835371034369,-0.42870545387268066,-2.0537054538726807,base,yes
1687,1,1,0.966914024948248,-0.1791771799325943,-3.5541772842407227,base,yes
1688,1,1,0.9796676496254957,-0.18380197882652283,-4.058802127838135,base,yes
1689,1,1,0.9525741281688026,-0.23068615794181824,-3.2306861877441406,base,yes
1690,1,1,0.6791786861878392,-0.5391615033149719,-1.2891614437103271,base,yes
1691,1,1,0.9525741268224334,-0.17929816246032715,-3.179298162460327,base,yes
1692,1,0,0.16451647108926923,-1.9241037368774414,-0.2991037964820862,base,no
1693,1,1,0.9324533088603709,-0.23265862464904785,-2.857658624649048,base,yes
1694,1,1,0.8933093946927838,-0.2918797731399536,-2.416879653930664,base,yes
1695,1,1,0.5621765008857981,-0.7239664793014526,-0.9739664793014526,base,yes
1696,1,1,0.9399133439350607,-0.24415622651576996,-2.9941561222076416,base,yes
1697,1,1,0.8354835411997897,-0.29479703307151794,-1.9197970628738403,base,yes
1698,1,1,0.9840936115537341,-0.1985199749469757,-4.323520183563232,base,yes
1699,1,1,0.9241418199787566,-0.26148509979248047,-2.7614850997924805,base,yes
1700,1,1,0.9465966694469009,-0.15804792940616608,-3.033047914505005,base,yes
1701,1,1,0.9399133481428692,-0.19220402836799622,-2.942203998565674,base,yes
1702,1,1,0.9324533116759811,-0.21567602455615997,-2.8406760692596436,base,yes
1703,1,1,0.9796676487350494,-0.18359602987766266,-4.058596134185791,base,yes
1704,1,1,0.89330940889474,-0.2763683497905731,-2.4013683795928955,base,yes
1705,1,1,0.5926665999540697,-0.7091960906982422,-1.0841960906982422,base,yes
1706,1,1,0.9770226290864076,-0.18649987876415253,-3.936499834060669,base,yes
1707,1,1,0.8354835289107309,-0.2913075089454651,-1.9163074493408203,base,yes
1708,1,1,0.9740426450627306,-0.18822160363197327,-3.8132216930389404,base,yes
1709,1,1,0.9579122708828604,-0.1744559109210968,-3.2994558811187744,base,yes
1710,1,1,0.9324533079218341,-0.23125626146793365,-2.8562562465667725,base,yes
1711,1,1,0.9324533107374443,-0.25141045451164246,-2.876410484313965,base,yes
1712,1,1,0.9324533022906132,-0.198476180434227,-2.8234760761260986,base,yes
1713,1,1,0.914900957313305,-0.25182005763053894,-2.6268200874328613,base,yes
1714,1,1,0.9324533069832973,-0.32447174191474915,-2.9494717121124268,base,yes
1715,1,1,0.9770226300899744,-0.22723007202148438,-3.9772300720214844,base,yes
1716,1,1,0.8670357494949105,-0.2441023290157318,-2.1191022396087646,base,yes
1717,1,1,0.8519527944504226,-0.25162941217422485,-2.00162935256958,base,yes
1718,1,1,0.939913354875362,-0.24443045258522034,-2.9944305419921875,base,yes
1719,1,1,0.924141817889503,-0.26184847950935364,-2.7618484497070312,base,yes
1720,1,1,0.9626731083722525,-0.15408718585968018,-3.4040870666503906,base,yes
1721,1,1,0.9525741315347259,-0.2120765596628189,-3.2120766639709473,base,yes
1722,1,1,0.9740426454394852,-0.1557716280221939,-3.7807717323303223,base,yes
1723,1,1,0.9740426412951848,-0.1720770001411438,-3.797076940536499,base,yes
1724,1,1,0.9324533022906132,-0.20068298280239105,-2.8256828784942627,base,yes
1725,1,1,0.9399133464597458,-0.24730569124221802,-2.9973056316375732,base,yes
1726,1,1,0.8670357460591569,-0.5347214937210083,-2.4097213745117188,base,yes
1727,1,1,0.7549149923816048,-0.3913956582546234,-1.5163956880569458,base,yes
1728,1,1,0.9875683518909607,-0.21612001955509186,-4.59112024307251,base,yes
1729,1,1,0.9046505415276079,-0.24348895251750946,-2.4934890270233154,base,yes
1730,1,1,0.9706877722165251,-0.21180285513401031,-3.7118029594421387,base,yes
1731,1,1,0.914900950352329,-0.2527046799659729,-2.627704620361328,base,yes
1732,1,1,0.9740426450627306,-0.14157381653785706,-3.766573905944824,base,yes
1733,1,1,0.9579122678790578,-0.22561870515346527,-3.350618600845337,base,yes
1734,1,1,0.9706877696726267,-0.17516325414180756,-3.6751632690429688,base,yes
1735,1,1,0.9324533069832973,-0.2528581917285919,-2.8778581619262695,base,yes
1736,1,1,0.9399133531922388,-0.16388434171676636,-2.913884401321411,base,yes
1737,1,1,0.7310585786300049,-0.5532509088516235,-1.5532509088516235,base,yes
1738,1,1,0.9525741214369554,-0.2519427537918091,-3.2519426345825195,base,yes
1739,1,1,0.9706877726405082,-0.23458516597747803,-3.7345852851867676,base,yes
1740,1,1,0.8354835411997897,-0.3821241557598114,-2.007124185562134,base,yes
1741,1,1,0.6513548646660542,-0.5127178430557251,-1.137717843055725,base,yes
1742,1,1,0.9149009607937928,-0.19177310168743134,-2.5667731761932373,base,yes
1743,1,1,0.7772998611746911,-0.40778541564941406,-1.657785415649414,base,yes
1744,1,1,0.7057850154599563,-0.4884098172187805,-1.3634097576141357,base,yes
1745,1,1,0.904650527388829,-0.30372509360313416,-2.553725004196167,base,yes
1746,1,1,0.9241418158002492,-0.2602406144142151,-2.7602405548095703,base,yes
1747,1,1,0.9770226317625857,-0.16847579181194305,-3.918475866317749,base,yes
1748,1,1,0.914900957313305,-0.25398871302604675,-2.628988742828369,base,yes
1749,1,1,0.9770226320971079,-0.2063826620578766,-3.9563827514648438,base,yes
1750,1,1,0.9820137858267906,-0.16315865516662598,-4.163158416748047,base,yes
1751,1,1,0.9579122708828604,-0.20800283551216125,-3.333002805709839,base,yes
1752,1,1,0.6791787121629466,-0.5519723296165466,-1.3019723892211914,base,yes
1753,1,1,0.9579122756889438,-0.17321839928627014,-3.2982184886932373,base,yes
1754,1,1,0.8933093946927838,-0.39766085147857666,-2.522660732269287,base,yes
1755,1,1,0.8175744806385543,-0.3123851716518402,-1.8123852014541626,base,yes
1756,1,1,0.9525741234565097,-0.19477589428424835,-3.1947758197784424,base,yes
1757,1,1,0.9525741214369554,-0.19520866870880127,-3.1952085494995117,base,yes
1758,1,1,0.9324533079218341,-0.23486043512821198,-2.859860420227051,base,yes
1759,1,1,0.8933094003735664,-0.29430752992630005,-2.4193074703216553,base,yes
1760,1,1,0.914900950352329,-0.2715304493904114,-2.6465303897857666,base,yes
1761,1,1,0.9796676422051088,-0.22521089017391205,-4.100210666656494,base,yes
1762,1,1,0.9046505286741726,-0.2441011220216751,-2.494101047515869,base,yes
1763,1,1,0.9324533013520764,-0.18630754947662354,-2.811307430267334,base,yes
1764,1,1,0.9579122708828604,-0.29727819561958313,-3.4222781658172607,base,yes
1765,1,1,0.9669140182743434,-0.1491023153066635,-3.524102210998535,base,yes
1766,1,1,0.9465966747198243,-0.2828296720981598,-3.157829761505127,base,yes
1767,1,1,0.9324533126145177,-0.27605217695236206,-2.901052236557007,base,yes
1768,1,1,0.9669140244715405,-0.31938686966896057,-3.6943869590759277,base,yes
1769,1,1,0.9149009619539553,-0.2524978220462799,-2.627497911453247,base,yes
1770,1,1,0.9626731147976793,-0.18347090482711792,-3.4334709644317627,base,yes
1771,1,1,0.9669140244715405,-0.23790255188941956,-3.6129026412963867,base,yes
1772,1,1,0.974042644685976,-0.18916980922222137,-3.8141698837280273,base,yes
1773,1,1,0.8519527982093668,-0.36296752095222473,-2.1129674911499023,base,yes
1774,1,0,0.20181322226037882,-1.6923664808273315,-0.31736648082733154,base,no
1775,1,1,0.9902915242348413,-0.13855354487895966,-4.763553619384766,base,yes
1776,1,1,0.9525741254760638,-0.2789962589740753,-3.278996229171753,base,yes
1777,1,1,0.9770226277483183,-0.2051592916250229,-3.9551591873168945,base,yes
1778,1,1,0.966914019704466,-0.14880496263504028,-3.5238049030303955,base,yes
1779,1,1,0.914900957313305,-0.27181145548820496,-2.6468114852905273,base,yes
1780,1,1,0.9706877662807619,-0.19312940537929535,-3.693129301071167,base,yes
1781,1,0,0.18242551936144574,-1.8430910110473633,-0.3430909812450409,base,no
1782,1,1,0.9399133481428692,-0.22605040669441223,-2.97605037689209,base,yes
1783,1,1,0.5926665999540697,-0.6128368377685547,-0.9878368377685547,base,yes
1784,1,1,0.9241418158002492,-0.28354769945144653,-2.7835476398468018,base,yes
1785,1,1,0.9465966702001757,-0.2586991786956787,-3.1336991786956787,base,yes
1786,1,1,0.9525741248028792,-0.23223118484020233,-3.2322311401367188,base,yes
1787,1,1,0.6513548646660542,-0.575454831123352,-1.200454831123352,base,yes
1788,1,1,0.962673116404036,-0.22170628607273102,-3.4717063903808594,base,yes
1789,1,1,0.8670357598021706,-0.27194714546203613,-2.146947145462036,base,yes
1790,1,1,0.9579122756889438,-0.27173152565956116,-3.3967316150665283,base,yes
1791,1,1,0.9669140244715405,-0.1785356104373932,-3.5535356998443604,base,yes
1792,1,1,0.9796676487350494,-0.14967478811740875,-4.024674892425537,base,yes
1793,1,1,0.9626731094431571,-0.221608966588974,-3.471608877182007,base,yes
1794,1,1,0.9890130554263733,-0.13983458280563354,-4.639834403991699,base,yes
1795,1,1,0.9525741301883566,-0.16360704600811005,-3.163607120513916,base,yes
1796,1,1,0.9859363762626283,-0.12915396690368652,-4.379154205322266,base,yes
1797,1,1,0.9740426431789577,-0.1711280196905136,-3.796128034591675,base,yes
1798,1,1,0.966914019704466,-0.1965668797492981,-3.5715668201446533,base,yes
1799,1,1,0.9149009480320036,-0.25111088156700134,-2.626110792160034,base,yes
1800,1,1,0.9241418262465169,-0.22478452324867249,-2.7247846126556396,base,yes
1801,1,0,0.2018132174596823,-1.690901756286621,-0.3159017264842987,base,no
1802,1,1,0.8519527906914787,-0.38703641295433044,-2.1370363235473633,base,yes
1803,1,1,0.7057850402140659,-0.5039986968040466,-1.3789987564086914,base,yes
1804,1,0,0.4073333856566001,-1.0467724800109863,-0.6717724204063416,base,no
1805,1,0,0.022977369240981062,-3.8793580532073975,-0.12935802340507507,base,no
1806,1,0,0.037326884666868405,-3.3951268196105957,-0.14512674510478973,base,no
1807,1,1,0.8175744806385543,-0.37891384959220886,-1.8789138793945312,base,yes
1808,1,0,0.13296424706933604,-2.1848437786102295,-0.30984383821487427,base,no
1809,1,1,0.798186768138228,-0.40346843004226685,-1.778468370437622,base,yes
1810,1,1,0.9465966747198243,-0.26004329323768616,-3.1350433826446533,base,yes
1811,1,1,0.8933094145755219,-0.27589550614356995,-2.400895595550537,base,yes
1812,1,0,0.46879062662624377,-0.8638879060745239,-0.7388879060745239,base,no
1813,1,0,0.02931222799546632,-3.61495041847229,-0.11495032161474228,base,no
1814,1,0,0.46879062662624377,-0.8536827564239502,-0.7286827564239502,base,no
1815,1,0,0.11920293140927592,-2.302978277206421,-0.30297836661338806,base,no
1816,1,0,0.34864513533394575,-1.1562256813049316,-0.5312256813049316,base,no
1817,1,0,0.07585817793199003,-2.6789731979370117,-0.17897316813468933,base,no
1818,1,0,0.01098694400690851,-4.568815231323242,-0.06881535798311234,base,no
1819,1,0,0.1066905911052601,-2.293029308319092,-0.1680292785167694,base,no
1820,1,0,0.06754669020109236,-2.7949233055114746,-0.16992329061031342,base,no
1821,1,0,0.3775406828054583,-1.1284029483795166,-0.6284030079841614,base,no
1822,1,0,0.017986211804455476,-4.135993003845215,-0.1359931081533432,base,no
1823,1,1,0.5621765155565327,-0.812060534954071,-1.0620605945587158,base,yes
1824,1,0,0.4378234991142019,-0.9114882946014404,-0.6614882946014404,base,no
1825,1,0,0.4073334000459302,-0.982635498046875,-0.607635498046875,base,no
1826,1,1,0.9579122684798184,-0.20591220259666443,-3.3309121131896973,base,yes
1827,1,0,0.46879062662624377,-0.8929683566093445,-0.7679683566093445,base,no
1828,1,1,0.9324533051062237,-0.27108532190322876,-2.896085262298584,base,yes
1829,1,1,0.9740426431789577,-0.15564869344234467,-3.780648708343506,base,yes
1830,1,1,0.8519528057272543,-0.4394950568675995,-2.189495086669922,base,yes
1831,1,1,0.7549149923816048,-0.37833496928215027,-1.5033349990844727,base,yes
1832,1,1,0.9669140230414182,-0.17850609123706818,-3.5535061359405518,base,yes
1833,1,0,0.2942149845400438,-1.3295226097106934,-0.45452266931533813,base,no
1834,1,0,0.1192029188930649,-2.233656644821167,-0.2336566150188446,base,no
1835,1,1,0.6224593171945417,-0.6229875683784485,-1.1229875087738037,base,yes
1836,1,1,0.6791787121629466,-0.6562389731407166,-1.4062390327453613,base,yes
1837,1,1,0.9525741281688026,-0.21210500597953796,-3.2121050357818604,base,yes
1838,1,1,0.966914019704466,-0.17855006456375122,-3.5535500049591064,base,yes
1839,1,1,0.7772998560157665,-0.3673239052295685,-1.617323875427246,base,yes
1840,1,1,0.9770226277483183,-0.15208755433559418,-3.902087450027466,base,yes
1841,1,1,0.9740426424254486,-0.20803333818912506,-3.833033323287964,base,yes
1842,1,1,0.9324533097989077,-0.2329256385564804,-2.8579256534576416,base,yes
1843,1,1,0.679178699175393,-0.5191926956176758,-1.2691926956176758,base,yes
1844,1,1,0.5312093733737563,-0.8324813842773438,-0.9574813842773438,base,yes
1845,1,1,0.8670357701094303,-0.27165284752845764,-2.146652936935425,base,yes
1846,1,1,0.9740426439324669,-0.1558661013841629,-3.7808661460876465,base,yes
1847,1,1,0.9399133531922388,-0.22572296857833862,-2.9757230281829834,base,yes
1848,1,1,0.9796676448764484,-0.18254002928733826,-4.057539939880371,base,yes
1849,1,1,0.5926665999540697,-0.6133512854576111,-0.9883512854576111,base,yes
1850,1,0,0.46879062662624377,-0.8510417342185974,-0.7260417342185974,base,no
1851,1,1,0.8670357494949105,-0.2876196801662445,-2.1626195907592773,base,yes
1852,1,1,0.5621765008857981,-0.6865327954292297,-0.9365327954292297,base,yes
1853,1,1,0.8354835371034369,-0.30459558963775635,-1.9295955896377563,base,yes
1854,1,1,0.893309411735131,-0.3720545172691345,-2.4970545768737793,base,yes
1855,1,1,0.7772998714925403,-0.4065696597099304,-1.6565697193145752,base,yes
1856,1,1,0.9324533126145177,-0.2520074248313904,-2.877007484436035,base,yes
1857,1,0,0.10669059536584675,-2.3481380939483643,-0.22313810884952545,base,no
1858,1,1,0.9149009526726544,-0.31960466504096985,-2.6946046352386475,base,yes
1859,1,1,0.8933094060543487,-0.3186025619506836,-2.4436025619506836,base,yes
1860,1,1,0.7772998560157665,-0.40534940361976624,-1.6553493738174438,base,yes
1861,1,0,0.1329642436335826,-2.186047315597534,-0.31104734539985657,base,no
1862,1,0,0.05340333205964859,-3.018435478210449,-0.1434355229139328,base,no
1863,1,1,0.9820137892483239,-0.222049281001091,-4.222049236297607,base,yes
1864,1,1,0.8175744761936437,-0.31593501567840576,-1.8159350156784058,base,yes
1865,1,0,0.16451645470385742,-1.902966022491455,-0.2779659628868103,base,no
1866,1,1,0.5621765008857981,-0.6838933229446411,-0.9338933229446411,base,yes
1867,1,1,0.9706877692486436,-0.19190239906311035,-3.6919023990631104,base,yes
1868,1,0,0.4378234991142019,-0.9185284972190857,-0.6685284972190857,base,no
1869,1,1,0.977022627413796,-0.22753965854644775,-3.977539539337158,base,yes
1870,1,0,0.4378234991142019,-0.9704850316047668,-0.7204850316047668,base,no
1871,1,0,0.1645164628965632,-1.9912203550338745,-0.3662203550338745,base,no
1872,1,1,0.8807970842359877,-0.284925639629364,-2.284925699234009,base,yes
1873,1,0,0.34864513533394575,-1.1488195657730103,-0.5238195657730103,base,no
1874,1,1,0.9840936115537341,-0.16046741604804993,-4.285467624664307,base,yes
1875,1,1,0.8354835289107309,-0.2938125729560852,-1.9188125133514404,base,yes
1876,1,1,0.5926665999540697,-0.684794545173645,-1.059794545173645,base,yes
1877,1,1,0.9465966649272521,-0.201833114027977,-3.0768330097198486,base,yes
1878,1,0,0.014063630245811478,-4.32285737991333,-0.07285761088132858,base,no
1879,1,1,0.5621765008857981,-0.6743735074996948,-0.9243735074996948,base,yes
1880,1,1,0.8175744761936437,-0.3613036870956421,-1.861303687095642,base,yes
1881,1,1,0.6224593312018546,-0.6184401512145996,-1.1184401512145996,base,yes
1882,1,0,0.06008664344151498,-2.9124021530151367,-0.16240203380584717,base,no
1883,1,0,0.4378234991142019,-0.9387311339378357,-0.6887311339378357,base,no
1884,1,1,0.7549149923816048,-0.4040423333644867,-1.529042363166809,base,yes
1885,1,1,0.8807970748488297,-0.2703714668750763,-2.270371437072754,base,yes
1886,1,1,0.904650527388829,-0.26371678709983826,-2.513716697692871,base,yes
1887,1,1,0.9046505453836383,-0.2838963270187378,-2.5338964462280273,base,yes
1888,1,1,0.8519528132451416,-0.4130310118198395,-2.1630311012268066,base,yes
1889,1,1,0.9579122714836206,-0.2260589748620987,-3.3510589599609375,base,yes
1890,1,1,0.8175744761936437,-0.37881648540496826,-1.8788164854049683,base,yes
1891,1,1,0.994779873223123,-0.1336033046245575,-5.383603096008301,base,yes
1892,1,1,0.7549149813536518,-0.4358474314212799,-1.5608474016189575,base,yes
1893,1,1,0.9579122714836206,-0.18851329386234283,-3.3135132789611816,base,yes
1894,1,1,0.9149009526726544,-0.27174070477485657,-2.646740674972534,base,yes
1895,1,0,0.4378234991142019,-0.9408582448959351,-0.6908582448959351,base,no
1896,1,1,0.6513548511303336,-0.6832488179206848,-1.30824875831604,base,yes
1897,1,1,0.9399133481428692,-0.2673077881336212,-3.017307758331299,base,yes
1898,1,1,0.9149009619539553,-0.2500242292881012,-2.6250243186950684,base,yes
1899,1,0,0.2942149845400438,-1.3160364627838135,-0.44103652238845825,base,no
1900,1,1,0.9626731089077046,-0.2419055551290512,-3.491905450820923,base,yes
1901,1,1,0.952574129515172,-0.16481465101242065,-3.1648147106170654,base,yes
1902,1,1,0.7772998663336157,-0.428101509809494,-1.6781015396118164,base,yes
1903,1,0,0.29421496597446145,-1.3489980697631836,-0.4739980399608612,base,no
1904,1,1,0.9820137931962463,-0.14736205339431763,-4.147362232208252,base,yes
1905,1,1,0.9890130586647624,-0.15570390224456787,-4.655704021453857,base,yes
1906,1,0,0.18242553269617778,-1.8238036632537842,-0.32380372285842896,base,no
1907,1,1,0.939913354875362,-0.29210296273231506,-3.0421030521392822,base,yes
1908,1,1,0.7772998714925403,-0.3929421305656433,-1.642942190170288,base,yes
1909,1,1,0.9740426416719393,-0.15630869567394257,-3.781308650970459,base,yes
1910,1,1,0.6513548646660542,-0.5102744102478027,-1.1352744102478027,base,yes
1911,1,1,0.5621765008857981,-0.7465221285820007,-0.9965221285820007,base,yes
1912,1,1,0.962673116404036,-0.18412698805332184,-3.43412709236145,base,yes
1913,1,1,0.8175744850834649,-0.3405994772911072,-1.840599536895752,base,yes
1914,1,1,0.9399133557169234,-0.1912926584482193,-2.9412927627563477,base,yes
1915,1,1,0.9902915228022106,-0.19156081974506378,-4.816560745239258,base,yes
1916,1,1,0.679178699175393,-0.5340603590011597,-1.2840603590011597,base,yes
1917,1,0,0.0953494648991095,-2.53242826461792,-0.2824282646179199,base,no
1918,1,1,0.9706877662807619,-0.14489875733852386,-3.6448986530303955,base,yes
1919,1,1,0.5312093733737563,-0.752450168132782,-0.877450168132782,base,yes
1920,1,1,0.9324533051062237,-0.20022445917129517,-2.8252243995666504,base,yes
1921,1,1,0.89330940889474,-0.27468106150627136,-2.3996810913085938,base,yes
1922,1,1,0.8519527906914787,-0.2999206483364105,-2.0499205589294434,base,yes
1923,1,0,0.0953494738965146,-2.483452081680298,-0.2334521859884262,base,no
1924,1,0,0.4378235137849365,-1.0222454071044922,-0.772245466709137,base,no
1925,1,1,0.7549149868676283,-0.526219367980957,-1.651219367980957,base,yes
1926,1,1,0.9465966702001757,-0.170912504196167,-3.045912504196167,base,yes
1927,1,1,0.9740426401649208,-0.20992408692836761,-3.8349239826202393,base,yes
1928,1,0,0.2942149597859341,-1.3424160480499268,-0.467415988445282,base,no
1929,1,1,0.9770226294209299,-0.13878849148750305,-3.8887884616851807,base,yes
1930,1,1,0.8354835330070839,-0.4067583382129669,-2.0317583084106445,base,yes
1931,1,1,0.8933094060543487,-0.29559850692749023,-2.4205985069274902,base,yes
1932,1,0,0.20181321265898594,-1.823136329650879,-0.44813627004623413,base,no
1933,1,1,0.9890130549406149,-0.12553952634334564,-4.625539302825928,base,yes
1934,1,1,0.9626731099786093,-0.22074945271015167,-3.4707493782043457,base,yes
1935,1,1,0.5926666143433998,-0.7883221507072449,-1.1633222103118896,base,yes
1936,1,1,0.9465966686936261,-0.2843787968158722,-3.15937876701355,base,yes
1937,1,1,0.9706877696726267,-0.17544816434383392,-3.675448179244995,base,yes
1938,1,0,0.4073334000459302,-1.103900671005249,-0.728900671005249,base,no
1939,1,1,0.9875683478662124,-0.14139996469020844,-4.51639986038208,base,yes
1940,1,1,0.9740426412951848,-0.20912081003189087,-3.834120750427246,base,yes
1941,1,1,0.867035752930664,-0.34310656785964966,-2.218106508255005,base,yes
1942,1,1,0.8807970873650403,-0.3323616087436676,-2.3323616981506348,base,yes
1943,1,1,0.9324533126145177,-0.2759997248649597,-2.9009997844696045,base,yes
1944,1,1,0.939913350667554,-0.20691774785518646,-2.9569177627563477,base,yes
1945,1,1,0.974042644685976,-0.18968884646892548,-3.8146889209747314,base,yes
1946,1,1,0.8670357494949105,-0.39209994673728943,-2.2670998573303223,base,yes
1947,1,1,0.9859363760560114,-0.21751047670841217,-4.46751070022583,base,yes
1948,1,1,0.966914017797636,-0.21634924411773682,-3.5913491249084473,base,yes
1949,1,1,0.9796676469541566,-0.1656007617712021,-4.040600776672363,base,yes
1950,1,1,0.939913354875362,-0.2675613462924957,-3.017561435699463,base,yes
1951,1,1,0.8519527944504226,-0.32227379083633423,-2.0722737312316895,base,yes
1952,1,1,0.8670357598021706,-0.34473419189453125,-2.2197341918945312,base,yes
1953,1,0,0.09534945847239201,-2.423842430114746,-0.17384235560894012,base,no
1954,1,1,0.8933093946927838,-0.2572246789932251,-2.3822245597839355,base,yes
1955,1,1,0.7772998663336157,-0.39027366042137146,-1.6402736902236938,base,yes
1956,1,1,0.7549149868676283,-0.3585324287414551,-1.483532428741455,base,yes
1957,1,1,0.851952809486198,-0.3417159914970398,-2.0917160511016846,base,yes
1958,1,1,0.9669140216112958,-0.23781967163085938,-3.6128196716308594,base,yes
1959,1,0,0.34864513533394575,-1.1953932046890259,-0.5703932046890259,base,no
1960,1,1,0.966914019704466,-0.2388642430305481,-3.6138641834259033,base,yes
1961,1,1,0.8519527944504226,-0.30414944887161255,-2.0541493892669678,base,yes
1962,1,0,0.37754066879814546,-1.0921533107757568,-0.5921533107757568,base,no
1963,1,1,0.9149009468718409,-0.20443545281887054,-2.579435348510742,base,yes
1964,1,1,0.9465966686936261,-0.28260353207588196,-3.1576035022735596,base,yes
1965,1,1,0.9046505376715775,-0.2813436686992645,-2.531343698501587,base,yes
1966,1,1,0.9740426454394852,-0.17180408537387848,-3.796804189682007,base,yes
1967,1,1,0.817574471748733,-0.3430282175540924,-1.84302818775177,base,yes
1968,1,1,0.9840936045561286,-0.19776177406311035,-4.322761535644531,base,yes
1969,1,1,0.8354835371034369,-0.30446934700012207,-1.929469347000122,base,yes
1970,1,1,0.7549149868676283,-0.47774195671081543,-1.6027419567108154,base,yes
1971,1,1,0.8175744806385543,-0.3252858817577362,-1.8252859115600586,base,yes
1972,1,1,0.851952809486198,-0.36627787351608276,-2.1162779331207275,base,yes
1973,1,1,0.7772998611746911,-0.39052069187164307,-1.640520691871643,base,yes
1974,1,0,0.14804721306746543,-2.005960464477539,-0.2559605836868286,base,no
1975,1,1,0.9149009480320036,-0.31732186675071716,-2.69232177734375,base,yes
1976,1,1,0.9324533107374443,-0.2984766662120819,-2.9234766960144043,base,yes
1977,1,1,0.9770226297554521,-0.2056725174188614,-3.9556725025177,base,yes
1978,1,1,0.9525741248028792,-0.21118073165416718,-3.2111806869506836,base,yes
1979,1,1,0.8519527982093668,-0.2869446575641632,-2.036944627761841,base,yes
1980,1,0,0.10669058400428263,-2.3099188804626465,-0.18491877615451813,base,no
1981,1,1,0.893309411735131,-0.23982399702072144,-2.364824056625366,base,yes
1982,1,1,0.7549149868676283,-0.42000579833984375,-1.5450057983398438,base,yes
1983,1,1,0.9902915252376826,-0.15410691499710083,-4.779107093811035,base,yes
1984,1,1,0.89330940889474,-0.2748827636241913,-2.3998827934265137,base,yes
1985,1,1,0.9669140225647107,-0.2153746783733368,-3.590374708175659,base,yes
1986,1,1,0.8354835330070839,-0.30865517258644104,-1.9336551427841187,base,yes
1987,1,1,0.9525741281688026,-0.2522833049297333,-3.2522833347320557,base,yes
1988,1,1,0.9875683500615298,-0.14146940410137177,-4.516469478607178,base,yes
1989,1,1,0.9525741261492485,-0.1773979812860489,-3.1773979663848877,base,yes
1990,1,1,0.7772998714925403,-0.3373379111289978,-1.5873379707336426,base,yes
1991,1,0,0.0675466845698721,-2.7684667110443115,-0.14346660673618317,base,no
1992,1,1,0.9399133481428692,-0.2245502769947052,-2.974550247192383,base,yes
1993,1,1,0.9770226341042414,-0.25100022554397583,-4.00100040435791,base,yes
1994,1,1,0.8354835411997897,-0.32414600253105164,-1.949146032333374,base,yes
1995,1,1,0.7057850402140659,-0.4803268313407898,-1.3553268909454346,base,yes
1996,1,1,0.966914019704466,-0.1794913411140442,-3.5544912815093994,base,yes
1997,1,1,0.9859363710972001,-0.17666544020175934,-4.426665306091309,base,yes
1998,1,0,0.11920291419948606,-2.1820037364959717,-0.1820036619901657,base,no
1999,1,1,0.9740426405416754,-0.230106920003891,-3.855106830596924,base,yes
2000,1,1,0.9525741281688026,-0.21225830912590027,-3.2122583389282227,base,yes
2001,1,1,0.9840936117869877,-0.17866303026676178,-4.30366325378418,base,yes
2002,1,1,0.97068777009661,-0.2354864776134491,-3.7354865074157715,base,yes
2003,1,0,0.11920291732853862,-2.1956281661987305,-0.1956281214952469,base,no
2004,1,1,0.7772998560157665,-0.36237385869026184,-1.6123738288879395,base,yes
2005,1,1,0.5312093733737563,-0.7955880165100098,-0.9205880165100098,base,yes
2006,1,1,0.9149009596336303,-0.3156713843345642,-2.690671443939209,base,yes
2007,1,1,0.9399133557169234,-0.20576180517673492,-2.9557619094848633,base,yes
2008,1,1,0.6224593171945417,-0.5812330842018127,-1.081233024597168,base,yes
2009,1,1,0.9796676427987397,-0.14960499107837677,-4.024604797363281,base,yes
2010,1,0,0.3208212878370535,-1.2783293724060059,-0.5283293128013611,base,no
2011,1,1,0.9706877726405082,-0.1751021146774292,-3.6751022338867188,base,yes
2012,1,1,0.9669140206578809,-0.16328218579292297,-3.5382821559906006,base,yes
2013,1,1,0.9840936075884248,-0.14510922133922577,-4.270109176635742,base,yes
2014,1,1,0.9770226324316302,-0.22825588285923004,-3.9782559871673584,base,yes
2015,1,1,0.893309411735131,-0.25715821981430054,-2.3821582794189453,base,yes
2016,1,1,0.924141817889503,-0.30735209584236145,-2.807352066040039,base,yes
2017,1,1,0.7057850154599563,-0.45449143648147583,-1.329491376876831,base,yes
2018,1,1,0.9875683476832692,-0.141454815864563,-4.516454696655273,base,yes
2019,1,1,0.9399133447766225,-0.3182240426540375,-3.0682239532470703,base,yes
2020,1,1,0.7549149813536518,-0.4234326183795929,-1.5484325885772705,base,yes
2021,1,1,0.8519527906914787,-0.36267194151878357,-2.1126718521118164,base,yes
2022,1,1,0.7981867825403176,-0.3650159537792206,-1.740015983581543,base,yes
2023,1,1,0.9241418158002492,-0.2634623646736145,-2.7634623050689697,base,yes
2024,1,1,0.9706877688246606,-0.19303633272647858,-3.6930363178253174,base,yes
2025,1,1,0.880797068590724,-0.3103404939174652,-2.310340404510498,base,yes
2026,1,1,0.6224593452091672,-0.6147989630699158,-1.1147990226745605,base,yes
2027,1,1,0.9859363750229257,-0.1960953176021576,-4.4460954666137695,base,yes
2028,1,1,0.835483553488848,-0.46617448329925537,-2.091174602508545,base,yes
2029,1,1,0.8354835289107309,-0.3219371438026428,-1.946937084197998,base,yes
2030,1,1,0.9859363710972001,-0.24186624586582184,-4.491866111755371,base,yes
2031,1,1,0.9525741234565097,-0.2323363572359085,-3.2323362827301025,base,yes
2032,1,1,0.9241418220680101,-0.2615170180797577,-2.76151704788208,base,yes
2033,1,1,0.9740426431789577,-0.14150427281856537,-3.7665042877197266,base,yes
2034,1,1,0.9770226287518852,-0.16865688562393188,-3.918656826019287,base,yes
2035,1,1,0.9669140187510509,-0.196462482213974,-3.571462392807007,base,yes
2036,1,1,0.982013794117428,-0.12027526646852493,-4.120275497436523,base,yes
2037,1,1,0.8933094145755219,-0.3396426737308502,-2.4646427631378174,base,yes
2038,1,1,0.6791787121629466,-0.556722104549408,-1.3067221641540527,base,yes
2039,1,1,0.982013788985129,-0.20079952478408813,-4.200799465179443,base,yes
2040,1,1,0.9820137918802723,-0.1473773866891861,-4.1473774909973145,base,yes
2041,1,1,0.893309411735131,-0.29600805044174194,-2.4210081100463867,base,yes
2042,1,1,0.9820137897747135,-0.14690209925174713,-4.146902084350586,base,yes
2043,1,1,0.9626731153331315,-0.24141256511211395,-3.49141263961792,base,yes
2044,1,1,0.9770226277483183,-0.15137897431850433,-3.901378870010376,base,yes
2045,1,1,0.9579122750881832,-0.2073463648557663,-3.3323464393615723,base,yes
2046,1,1,0.979667647844603,-0.18302100896835327,-4.058021068572998,base,yes
2047,1,1,0.9740426412951848,-0.18950492143630981,-3.814504861831665,base,yes
2048,1,0,0.32082130082460697,-1.2382946014404297,-0.4882946014404297,base,no
2049,1,1,0.9770226327661524,-0.1859363317489624,-3.935936450958252,base,yes
2050,1,1,0.880797081106935,-0.271790474653244,-2.2717905044555664,base,yes
2051,1,1,0.8807970842359877,-0.30574387311935425,-2.305743932723999,base,yes
2052,1,1,0.979667647844603,-0.20247024297714233,-4.077470302581787,base,yes
2053,1,1,0.932453304167687,-0.21743710339069366,-2.8424370288848877,base,yes
2054,1,1,0.9796676487350494,-0.14946354925632477,-4.024463653564453,base,yes
2055,1,1,0.9241418283357702,-0.3318532705307007,-2.8318533897399902,base,yes
2056,1,1,0.9859363728534459,-0.11635351926088333,-4.366353511810303,base,yes
2057,1,1,0.9579122714836206,-0.17347098886966705,-3.298470973968506,base,yes
2058,1,1,0.9875683498785867,-0.14124244451522827,-4.516242504119873,base,yes
2059,1,1,0.8519527906914787,-0.35925230383872986,-2.1092522144317627,base,yes
2060,1,1,0.9796676511095729,-0.13594700396060944,-4.010947227478027,base,yes
2061,1,1,0.9669140244715405,-0.2158905565738678,-3.590890645980835,base,yes
2062,1,1,0.7981867729389246,-0.42407217621803284,-1.7990721464157104,base,yes
2063,1,1,0.9820137918802723,-0.16275443136692047,-4.162754535675049,base,yes
2064,1,1,0.8807970748488297,-0.3508615791797638,-2.3508615493774414,base,yes
2065,1,1,0.9399133498259924,-0.19182181358337402,-2.941821813583374,base,yes
2066,1,1,0.9770226277483183,-0.168296679854393,-3.9182965755462646,base,yes
2067,1,1,0.9669140216112958,-0.19721412658691406,-3.572214126586914,base,yes
2068,1,1,0.9902915233752629,-0.1379709392786026,-4.762970924377441,base,yes
2069,1,0,0.34864513533394575,-1.1460902690887451,-0.5210902690887451,base,no
2070,1,0,0.2942149845400438,-1.3698360919952393,-0.49483615159988403,base,no
2071,1,1,0.9706877717925421,-0.2869364321231842,-3.7869365215301514,base,yes
2072,1,1,0.9465966671870767,-0.2601390480995178,-3.135138988494873,base,yes
2073,1,1,0.9399133489844308,-0.24460650980472565,-2.9946064949035645,base,yes
2074,1,1,0.9579122702820998,-0.20690350234508514,-3.3319034576416016,base,yes
2075,1,1,0.9796676439860018,-0.20269979536533356,-4.077699661254883,base,yes
2076,1,1,0.9465966732132748,-0.2376510500907898,-3.1126511096954346,base,yes
2077,1,1,0.9820137879323497,-0.16285765171051025,-4.162857532501221,base,yes
2078,1,1,0.9525741248028792,-0.19534115493297577,-3.195341110229492,base,yes
2079,1,1,0.9770226277483183,-0.2056664079427719,-3.9556663036346436,base,yes
2080,1,1,0.9859363706839659,-0.15861336886882782,-4.408613204956055,base,yes
2081,1,1,0.9940889302243642,-0.12004724889993668,-5.245047092437744,base,yes
2082,1,1,0.939913356558485,-0.2905648946762085,-3.040565013885498,base,yes
2083,1,1,0.9465966664338019,-0.20066483318805695,-3.075664758682251,base,yes
2084,1,1,0.9465966717067252,-0.2175273597240448,-3.092527389526367,base,yes
2085,1,1,0.9740426431789577,-0.18859504163265228,-3.8135950565338135,base,yes
2086,1,1,0.977022627413796,-0.1875244379043579,-3.9375243186950684,base,yes
2087,1,1,0.9669140220880033,-0.14807389676570892,-3.52307391166687,base,yes
2088,1,1,0.8519527944504226,-0.28699737787246704,-2.0369973182678223,base,yes
2089,1,1,0.9706877709445761,-0.19285577535629272,-3.6928558349609375,base,yes
2090,1,1,0.9626731126558706,-0.20186877250671387,-3.451868772506714,base,yes
2091,1,1,0.5312093733737563,-0.8073375225067139,-0.9323375225067139,base,yes
2092,1,1,0.867035763237924,-0.3018200099468231,-2.1768200397491455,base,yes
2093,1,1,0.982013792143467,-0.20089995861053467,-4.200900077819824,base,yes
2094,1,1,0.9796676481414185,-0.1495756357908249,-4.024575710296631,base,yes
2095,1,1,0.985936375642777,-0.1958201378583908,-4.445820331573486,base,yes
2096,1,1,0.9740426439324669,-0.1892675906419754,-3.814267635345459,base,yes
2097,1,1,0.9579122684798184,-0.22529539465904236,-3.350295305252075,base,yes
2098,1,1,0.9626731126558706,-0.22164535522460938,-3.4716453552246094,base,yes
2099,1,1,0.880797081106935,-0.28920862078666687,-2.2892086505889893,base,yes
2100,1,0,0.029312227783474795,-3.636256217956543,-0.1362561136484146,base,no
2101,1,0,0.5,-0.7910997867584229,-0.7910997867584229,base,no
2102,1,0,0.46879062662624377,-0.8645354509353638,-0.7395354509353638,base,no
2103,1,1,0.6513548646660542,-0.5951992273330688,-1.2201992273330688,base,yes
2104,1,1,0.880797068590724,-0.27154335379600525,-2.271543264389038,base,yes
2105,1,1,0.6224593312018546,-0.5891048908233643,-1.0891048908233643,base,yes
2106,1,1,0.6224593312018546,-0.6111611127853394,-1.1111611127853394,base,yes
2107,1,1,0.7549149868676283,-0.4778326749801636,-1.6028326749801636,base,yes
2108,1,1,0.9796676459153025,-0.12341216951608658,-3.9984121322631836,base,yes
2109,1,1,0.9770226284173629,-0.1677280217409134,-3.9177279472351074,base,yes
2110,1,1,0.5621765155565327,-0.7865919470787048,-1.0365920066833496,base,yes
2111,1,0,0.029312230751356316,-3.6483521461486816,-0.14835214614868164,base,no
2112,1,1,0.7981867777396212,-0.3369098901748657,-1.7119098901748657,base,yes
2113,1,0,0.06754668644694548,-2.766267776489258,-0.14126770198345184,base,no
2114,1,1,0.9840936080549317,-0.16024543344974518,-4.285245418548584,base,yes
2115,1,0,0.4378234991142019,-0.9469257593154907,-0.6969257593154907,base,no
2116,1,0,0.020332351264950595,-3.942237138748169,-0.06723703444004059,base,no
2117,1,0,0.18242552380635632,-1.8217096328735352,-0.32170963287353516,base,no
2118,1,1,0.7772998611746911,-0.4329944849014282,-1.6829944849014282,base,yes
2119,1,1,0.5312093733737563,-0.8272916674613953,-0.9522916674613953,base,yes
2120,1,0,0.1329642436335826,-2.1640946865081787,-0.2890947163105011,base,no
2121,1,1,0.7981867825403176,-0.3665878474712372,-1.7415878772735596,base,yes
2122,1,0,0.11920292671569666,-2.2229104042053223,-0.22291044890880585,base,no
2123,1,1,0.817574471748733,-0.3274085819721222,-1.8274085521697998,base,yes
2124,1,0,0.03308597791199666,-3.4395813941955566,-0.06458137929439545,base,no
2125,1,0,0.03732688680867724,-3.364698886871338,-0.1146988719701767,base,no
2126,1,1,0.8354835330070839,-0.432738333940506,-2.0577383041381836,base,yes
2127,1,0,0.2689414330889798,-1.4445834159851074,-0.4445834755897522,base,no
2128,1,1,0.8933094032139576,-0.2587163746356964,-2.383716344833374,base,yes
2129,1,1,0.5926665999540697,-0.6405887603759766,-1.0155887603759766,base,yes
2130,1,1,0.5621765008857981,-0.6838333010673523,-0.9338333010673523,base,yes
2131,1,0,0.1645164628965632,-1.8754616975784302,-0.2504616975784302,base,no
2132,1,0,0.04208772431105632,-3.289987802505493,-0.164987713098526,base,no
2133,1,1,0.979667646212118,-0.12246277183294296,-3.997462749481201,base,yes
2134,1,0,0.5,-0.8863018751144409,-0.8863018751144409,base,no
2135,1,0,0.2689414213699951,-1.4226047992706299,-0.4226047992706299,base,no
2136,1,0,0.22270013882530884,-1.6337100267410278,-0.38371002674102783,base,no
2137,1,1,0.5926666143433998,-0.6360272765159607,-1.0110273361206055,base,yes
2138,1,0,0.2942149597859341,-1.3693482875823975,-0.4943482279777527,base,no
2139,1,1,0.7772998508568416,-0.3610911965370178,-1.611091136932373,base,yes
2140,1,1,0.9796676427987397,-0.20273132622241974,-4.077731132507324,base,yes
2141,1,0,0.13296425394084313,-2.1247034072875977,-0.2497035264968872,base,no
2142,1,1,0.867035771827307,-0.23667801916599274,-2.111678123474121,base,yes
2143,1,1,0.9324533097989077,-0.23308561742305756,-2.8580856323242188,base,yes
2144,1,0,0.0953494674697966,-2.4644291400909424,-0.21442916989326477,base,no
2145,1,1,0.5312093733737563,-0.7447333335876465,-0.8697333335876465,base,yes
2146,1,1,0.89330940889474,-0.27571818232536316,-2.4007182121276855,base,yes
2147,1,1,0.867035752930664,-0.32967716455459595,-2.204677104949951,base,yes
2148,1,1,0.9046505299595163,-0.3046455979347229,-2.554645538330078,base,yes
2149,1,1,0.5312093733737563,-0.815102219581604,-0.940102219581604,base,yes
2150,1,1,0.9579122720843811,-0.27293920516967773,-3.3979392051696777,base,yes
2151,1,1,0.9399133473013074,-0.20930986106395721,-2.9593098163604736,base,yes
2152,1,1,0.952574129515172,-0.2753755450248718,-3.2753756046295166,base,yes
2153,1,1,0.9579122684798184,-0.19059142470359802,-3.315591335296631,base,yes
2154,1,1,0.7057850154599563,-0.4855368733406067,-1.360536813735962,base,yes
2155,1,0,0.0953494738965146,-2.467501163482666,-0.21750126779079437,base,no
2156,1,1,0.880797068590724,-0.2554045617580414,-2.255404472351074,base,yes
2157,1,0,0.46879062662624377,-0.9942086338996887,-0.8692086338996887,base,no
2158,1,0,0.5,-0.7920206785202026,-0.7920206785202026,base,no
2159,1,1,0.97068777009661,-0.25800248980522156,-3.758002519607544,base,yes
2160,1,0,0.18242552825126704,-1.800107479095459,-0.30010750889778137,base,no
2161,1,1,0.9241418231126367,-0.24393244087696075,-2.7439324855804443,base,yes
2162,1,1,0.9820137910906878,-0.18029159307479858,-4.180291652679443,base,yes
2163,1,1,0.9046505351008906,-0.2134537696838379,-2.463453769683838,base,yes
2164,1,1,0.9465966686936261,-0.2615678608417511,-3.1365678310394287,base,yes
2165,1,1,0.8519527944504226,-0.41492635011672974,-2.164926290512085,base,yes
2166,1,1,0.914900950352329,-0.2516182065010071,-2.6266181468963623,base,yes
2167,1,0,0.11920293140927592,-2.2634119987487793,-0.26341208815574646,base,no
2168,1,1,0.9149009642742806,-0.2914208173751831,-2.6664209365844727,base,yes
2169,1,0,0.06754668550840877,-2.7743325233459473,-0.1493324339389801,base,no
2170,1,1,0.5926665999540697,-0.5917748212814331,-0.9667748212814331,base,yes
2171,1,1,0.8933094060543487,-0.29207706451416016,-2.41707706451416,base,yes
2172,1,1,0.8175744850834649,-0.43123334646224976,-1.9312334060668945,base,yes
2173,1,1,0.9933071490757153,-0.1684708595275879,-5.168470859527588,base,yes
2174,1,1,0.9525741301883566,-0.19415180385112762,-3.1941518783569336,base,yes
2175,1,1,0.9669140206578809,-0.1488676369190216,-3.523867607116699,base,yes
2176,1,1,0.7310585727705126,-0.4382573664188385,-1.4382573366165161,base,yes
2177,1,0,0.22270012850745968,-1.5946776866912842,-0.3446776270866394,base,no
2178,1,1,0.9525741322079105,-0.27632033824920654,-3.276320457458496,base,yes
2179,1,0,0.13296424706933604,-2.156334161758423,-0.2813342213630676,base,no
2180,1,1,0.9669140211345884,-0.23798467218875885,-3.6129846572875977,base,yes
2181,1,1,0.7310585786300049,-0.4501115083694458,-1.4501115083694458,base,yes
2182,1,0,0.37754066879814546,-1.0800529718399048,-0.5800529718399048,base,no
2183,1,0,0.09534946361376598,-2.4361329078674316,-0.18613289296627045,base,no
2184,1,1,0.6513548646660542,-0.5967167615890503,-1.2217167615890503,base,yes
2185,1,0,0.16451647108926923,-1.9064207077026367,-0.2814207673072815,base,no
2186,1,1,0.9324533032291502,-0.46319159865379333,-3.088191509246826,base,yes
2187,1,1,0.9820137929330514,-0.18081744015216827,-4.180817604064941,base,yes
2188,1,1,0.8933094032139576,-0.2555599510669708,-2.3805599212646484,base,yes
2189,1,1,0.89330940889474,-0.3203389346599579,-2.4453389644622803,base,yes
2190,1,1,0.9324533144915912,-0.1992146074771881,-2.8242146968841553,base,yes
2191,1,0,0.46879062662624377,-0.8623603582382202,-0.7373603582382202,base,no
2192,1,0,0.32082130082460697,-1.2574981451034546,-0.5074981451034546,base,no
2193,1,0,0.34864513533394575,-1.1979405879974365,-0.5729405879974365,base,no
2194,1,0,0.10669059536584675,-2.309396743774414,-0.18439675867557526,base,no
2195,1,1,0.5926666143433998,-0.7240518927574158,-1.0990519523620605,base,yes
2196,1,1,0.9324533144915912,-0.23268857598304749,-2.8576886653900146,base,yes
2197,1,0,0.18242552380635632,-1.833113670349121,-0.3331136703491211,base,no
2198,1,1,0.9859363752295428,-0.1761678010225296,-4.426167964935303,base,yes
2199,1,1,0.9149009619539553,-0.25067511200904846,-2.6256752014160156,base,yes
2200,1,0,0.4073334000459302,-0.9596779942512512,-0.5846779942512512,base,no
2201,1,1,0.5621765008857981,-0.7480117678642273,-0.9980117678642273,base,yes
2202,1,0,0.22270013882530884,-1.6190837621688843,-0.3690837621688843,base,no
2203,1,1,0.9465966671870767,-0.24114161729812622,-3.1161415576934814,base,yes
2204,1,1,0.957912274487423,-0.2082006335258484,-3.333200693130493,base,yes
2205,1,1,0.5926665855647394,-0.6252210736274719,-1.0002210140228271,base,yes
2206,1,1,0.7310585727705126,-0.42193546891212463,-1.4219354391098022,base,yes
2207,1,1,0.9840936066554105,-0.14545880258083344,-4.270458698272705,base,yes
2208,1,1,0.9324533116759811,-0.2339739352464676,-2.858973979949951,base,yes
2209,1,1,0.6513548646660542,-0.5226081609725952,-1.1476081609725952,base,yes
2210,1,0,0.06754668644694548,-2.777421474456787,-0.15242139995098114,base,no
2211,1,0,0.10669059820623795,-2.333711862564087,-0.2087119072675705,base,no
2212,1,1,0.9324533116759811,-0.23175759613513947,-2.856757640838623,base,yes
2213,1,1,0.5926665999540697,-0.6055855751037598,-0.9805855751037598,base,yes
2214,1,1,0.7981867825403176,-0.4506617486476898,-1.8256617784500122,base,yes
2215,1,0,0.0850990519679964,-2.646225929260254,-0.27122601866722107,base,no
2216,1,1,0.7981867777396212,-0.3613414764404297,-1.7363414764404297,base,yes
2217,1,0,0.34864513533394575,-1.182361125946045,-0.5573611259460449,base,no
2218,1,1,0.7057850402140659,-0.4817940592765808,-1.3567941188812256,base,yes
2219,1,1,0.5926665999540697,-0.6229696869850159,-0.9979696869850159,base,yes
2220,1,1,0.9241418220680101,-0.3980827033519745,-2.898082733154297,base,yes
2221,1,1,0.9465966717067252,-0.3404216468334198,-3.215421676635742,base,yes
2222,1,1,0.9399133540338004,-0.22358672320842743,-2.9735867977142334,base,yes
2223,1,1,0.9579122762897041,-0.24783672392368317,-3.3728368282318115,base,yes
2224,1,1,0.9525741268224334,-0.253582239151001,-3.253582239151001,base,yes
2225,1,1,0.7772998560157665,-0.3776858150959015,-1.627685785293579,base,yes
2226,1,0,0.10669060530721626,-2.397805690765381,-0.2728058099746704,base,no
2227,1,1,0.679178699175393,-0.5127819776535034,-1.2627819776535034,base,yes
2228,1,1,0.9669140216112958,-0.17890000343322754,-3.5539000034332275,base,yes
2229,1,1,0.9740426431789577,-0.17102383077144623,-3.7960238456726074,base,yes
2230,1,1,0.9149009619539553,-0.31524720788002014,-2.6902472972869873,base,yes
2231,1,1,0.924141817889503,-0.20840409398078918,-2.708404064178467,base,yes
2232,1,1,0.6513548646660542,-0.6400991678237915,-1.2650991678237915,base,yes
2233,1,1,0.6513548646660542,-0.533565878868103,-1.158565878868103,base,yes
2234,1,1,0.880797071719777,-0.3555038571357727,-2.355503797531128,base,yes
2235,1,0,0.009708478057367978,-4.7078022956848145,-0.08280245959758759,base,no
2236,1,1,0.7057850402140659,-0.4843382239341736,-1.3593382835388184,base,yes
2237,1,1,0.8519527982093668,-0.2608702480792999,-2.0108702182769775,base,yes
2238,1,1,0.6513548646660542,-0.5304677486419678,-1.1554677486419678,base,yes
2239,1,1,0.5621765008857981,-0.713310182094574,-0.963310182094574,base,yes
2240,1,1,0.9525741274956179,-0.231962189078331,-3.231962203979492,base,yes
2241,1,1,0.8354835411997897,-0.34157106280326843,-1.9665710926055908,base,yes
2242,1,1,0.7981867777396212,-0.396633505821228,-1.771633505821228,base,yes
2243,1,1,0.9669140235181256,-0.148969829082489,-3.523969888687134,base,yes
2244,1,1,0.7310585786300049,-0.4503965377807617,-1.4503965377807617,base,yes
2245,1,1,0.9902915216561058,-0.1719638854265213,-4.796963691711426,base,yes
2246,1,1,0.970687766704745,-0.21281608939170837,-3.712815999984741,base,yes
2247,1,1,0.9241418158002492,-0.25983554124832153,-2.7598354816436768,base,yes
2248,1,0,0.11920291419948606,-2.1766092777252197,-0.17660920321941376,base,no
2249,1,1,0.9840936068886641,-0.1311098039150238,-4.256109714508057,base,yes
2250,1,1,0.8807970873650403,-0.2558979094028473,-2.2558979988098145,base,yes
2251,1,1,0.9399133481428692,-0.20803692936897278,-2.9580368995666504,base,yes
2252,1,1,0.9046505453836383,-0.30467689037323,-2.5546770095825195,base,yes
2253,1,1,0.8807970873650403,-0.2542246878147125,-2.2542247772216797,base,yes
2254,1,1,0.9579122684798184,-0.27201446890830994,-3.3970143795013428,base,yes
2255,1,1,0.9525741227833249,-0.21106895804405212,-3.211068868637085,base,yes
2256,1,1,0.9579122678790578,-0.2477346509695053,-3.372734546661377,base,yes
2257,1,1,0.9465966686936261,-0.2601464092731476,-3.135146379470825,base,yes
2258,1,1,0.9706877713685592,-0.19252602756023407,-3.69252610206604,base,yes
2259,1,1,0.9669140239948331,-0.17829935252666473,-3.5532994270324707,base,yes
2260,1,1,0.9149009526726544,-0.2931361496448517,-2.6681361198425293,base,yes
2261,1,1,0.9770226300899744,-0.16982340812683105,-3.919823408126831,base,yes
2262,1,0,0.13296423504419938,-2.0787127017974854,-0.20371265709400177,base,no
2263,1,1,0.9859363741964572,-0.1588706076145172,-4.408870697021484,base,yes
2264,1,1,0.9324533032291502,-0.29864344000816345,-2.9236433506011963,base,yes
2265,1,0,0.1645164628965632,-1.9556350708007812,-0.33063507080078125,base,no
2266,1,1,0.7772998714925403,-0.47745174169540405,-1.7274518013000488,base,yes
2267,1,1,0.7772998560157665,-0.3902670443058014,-1.640267014503479,base,yes
2268,1,1,0.9740426409184302,-0.17206676304340363,-3.7970666885375977,base,yes
2269,1,1,0.5926665999540697,-0.6892024278640747,-1.0642024278640747,base,yes
2270,1,1,0.9706877726405082,-0.19415700435638428,-3.694157123565674,base,yes
2271,1,1,0.9796676451732639,-0.1825614720582962,-4.05756139755249,base,yes
2272,1,1,0.8807970779778823,-0.5178103446960449,-2.517810344696045,base,yes
2273,1,1,0.9740426397881662,-0.23092663288116455,-3.855926513671875,base,yes
2274,1,1,0.9796676481414185,-0.2245582789182663,-4.099558353424072,base,yes
2275,1,1,0.754914975839675,-0.5552776455879211,-1.6802775859832764,base,yes
2276,1,1,0.9579122696813394,-0.22397452592849731,-3.3489744663238525,base,yes
2277,1,1,0.9525741221101401,-0.19396840035915375,-3.1939682960510254,base,yes
2278,1,1,0.731058584489497,-0.41319069266319275,-1.4131907224655151,base,yes
2279,1,1,0.9241418137109955,-0.2815648019313812,-2.781564712524414,base,yes
2280,1,1,0.6224593312018546,-0.6024799346923828,-1.1024799346923828,base,yes
2281,1,1,0.9525741315347259,-0.23212184011936188,-3.2321219444274902,base,yes
2282,1,1,0.7057850278370112,-0.4432675838470459,-1.318267583847046,base,yes
2283,1,0,0.18242552380635632,-1.8268985748291016,-0.32689857482910156,base,no
2284,1,1,0.8670357666736773,-0.3029174208641052,-2.17791748046875,base,yes
2285,1,1,0.9820137863531804,-0.16290971636772156,-4.162909507751465,base,yes
2286,1,1,0.9706877696726267,-0.2119893878698349,-3.711989402770996,base,yes
2287,1,1,0.9626731158685837,-0.2012723982334137,-3.451272487640381,base,yes
2288,1,1,0.9669140244715405,-0.19714894890785217,-3.5721490383148193,base,yes
2289,1,0,0.4073334000459302,-0.9843078255653381,-0.6093078255653381,base,no
2290,1,0,0.2689414213699951,-1.3792558908462524,-0.37925589084625244,base,no
2291,1,1,0.5621765008857981,-0.6888121366500854,-0.9388121366500854,base,yes
2292,1,1,0.9669140216112958,-0.23897933959960938,-3.6139793395996094,base,yes
2293,1,1,0.7057850278370112,-0.5238069295883179,-1.3988069295883179,base,yes
2294,1,1,0.9525741308615412,-0.2531181871891022,-3.2531182765960693,base,yes
2295,1,0,0.07585817270885642,-2.6445887088775635,-0.14458860456943512,base,no
2296,1,1,0.9796676454700793,-0.16512638330459595,-4.040126323699951,base,yes
2297,1,1,0.9465966641739773,-0.23820555210113525,-3.1132054328918457,base,yes
2298,1,1,0.9579122732859019,-0.18784162402153015,-3.3128416538238525,base,yes
2299,1,1,0.9465966717067252,-0.2860583961009979,-3.1610584259033203,base,yes
2300,1,1,0.7057850278370112,-0.48093295097351074,-1.3559329509735107,base,yes
2301,1,1,0.9770226317625857,-0.20640651881694794,-3.956406593322754,base,yes
2302,1,0,0.37754066879814546,-1.0401554107666016,-0.5401554107666016,base,no
2303,1,1,0.9241418241572634,-0.28151100873947144,-2.781511068344116,base,yes
2304,1,1,0.9669140216112958,-0.21577835083007812,-3.590778350830078,base,yes
2305,1,1,0.9875683489638711,-0.15732766687870026,-4.532327651977539,base,yes
2306,1,1,0.5312093733737563,-0.7215486168861389,-0.8465486168861389,base,yes
2307,1,1,0.9626731121204184,-0.20078040659427643,-3.4507803916931152,base,yes
2308,1,1,0.9579122732859019,-0.27174803614616394,-3.3967480659484863,base,yes
2309,1,1,0.9770226280828407,-0.16822656989097595,-3.918226480484009,base,yes
2310,1,1,0.966914017797636,-0.3518868684768677,-3.726886749267578,base,yes
2311,1,1,0.9840936094544529,-0.13051645457744598,-4.255516529083252,base,yes
2312,1,1,0.6224593312018546,-0.5808286666870117,-1.0808286666870117,base,yes
2313,1,1,0.8807970842359877,-0.2867228388786316,-2.2867228984832764,base,yes
2314,1,1,0.9149009549929797,-0.3157322406768799,-2.69073224067688,base,yes
2315,1,0,0.34864513533394575,-1.265846610069275,-0.6408466100692749,base,no
2316,1,1,0.9669140225647107,-0.19649764895439148,-3.571497678756714,base,yes
2317,1,1,0.9399133447766225,-0.29205116629600525,-3.042051076889038,base,yes
2318,1,1,0.957912274487423,-0.22588485479354858,-3.3508849143981934,base,yes
2319,1,1,0.9149009596336303,-0.2522074580192566,-2.6272075176239014,base,yes
2320,1,1,0.9324533088603709,-0.2739849090576172,-2.898984909057617,base,yes
2321,1,1,0.7057850216484838,-0.46857598423957825,-1.3435759544372559,base,yes
2322,1,1,0.9840936099209598,-0.1982048898935318,-4.32320499420166,base,yes
2323,1,1,0.817574471748733,-0.40002480149269104,-1.9000247716903687,base,yes
2324,1,0,0.4378234991142019,-0.9694494009017944,-0.7194494009017944,base,no
2325,1,1,0.7549149868676283,-0.4656733274459839,-1.5906733274459839,base,yes
2326,1,1,0.8354835452961425,-0.35805004835128784,-1.9830501079559326,base,yes
2327,1,1,0.9241418147556224,-0.22429044544696808,-2.724290370941162,base,yes
2328,1,1,0.8354835371034369,-0.29226183891296387,-1.9172618389129639,base,yes
2329,1,1,0.939913343093499,-0.2917577028274536,-3.041757583618164,base,yes
2330,1,1,0.9149009526726544,-0.3418278992176056,-2.716827869415283,base,yes
2331,1,1,0.9859363760560114,-0.19621111452579498,-4.446211338043213,base,yes
2332,1,1,0.9579122672782973,-0.22696220874786377,-3.351962089538574,base,yes
2333,1,1,0.9859363713038174,-0.1429821252822876,-4.392982006072998,base,yes
2334,1,1,0.5621765008857981,-0.6574952602386475,-0.9074952602386475,base,yes
2335,1,1,0.9399133531922388,-0.19138973951339722,-2.941389799118042,base,yes
2336,1,1,0.9525741241296944,-0.20997220277786255,-3.2099721431732178,base,yes
2337,1,0,0.5,-0.7998437881469727,-0.7998437881469727,base,no
2338,1,1,0.9399133447766225,-0.31861695647239685,-3.0686168670654297,base,yes
2339,1,1,0.8807970779778823,-0.3566873073577881,-2.356687307357788,base,yes
2340,1,1,0.9740426416719393,-0.1551371067762375,-3.780137062072754,base,yes
2341,1,1,0.7772998663336157,-0.3907136619091034,-1.6407136917114258,base,yes
2342,1,1,0.9706877722165251,-0.19166268408298492,-3.6916627883911133,base,yes
2343,1,0,0.0850990519679964,-2.6834375858306885,-0.30843767523765564,base,no
2344,1,1,0.9740426405416754,-0.23108825087547302,-3.856088161468506,base,yes
2345,1,1,0.9669140239948331,-0.16324512660503387,-3.53824520111084,base,yes
2346,1,1,0.9840936052558893,-0.17819710075855255,-4.303196907043457,base,yes
2347,1,1,0.9740426439324669,-0.18794198334217072,-3.8129420280456543,base,yes
2348,1,1,0.9770226317625857,-0.20583264529705048,-3.9558327198028564,base,yes
2349,1,0,0.5,-0.8670302033424377,-0.8670302033424377,base,no
2350,1,1,0.7549149923816048,-0.4389161765575409,-1.5639162063598633,base,yes
2351,1,1,0.7310585903489892,-0.4356531500816345,-1.4356532096862793,base,yes
2352,1,1,0.9669140244715405,-0.16281166672706604,-3.537811756134033,base,yes
2353,1,1,0.7549149813536518,-0.473897248506546,-1.5988972187042236,base,yes
2354,1,1,0.9626731121204184,-0.18422366678714752,-3.4342236518859863,base,yes
2355,1,1,0.9324533135530545,-0.20086495578289032,-2.8258650302886963,base,yes
2356,1,1,0.9859363748163087,-0.2195342630147934,-4.469534397125244,base,yes
2357,1,1,0.9525741268224334,-0.23199772834777832,-3.2319977283477783,base,yes
2358,1,1,0.9149009596336303,-0.2917270064353943,-2.666727066040039,base,yes
2359,1,1,0.9840936110872273,-0.16104823350906372,-4.286048412322998,base,yes
2360,1,1,0.8933093961129795,-0.24337325990200043,-2.368373155593872,base,yes
2361,1,1,0.9579122672782973,-0.2729088068008423,-3.3979086875915527,base,yes
2362,1,1,0.9669140230414182,-0.19717879593372345,-3.572178840637207,base,yes
2363,1,1,0.9770226300899744,-0.20716333389282227,-3.9571633338928223,base,yes
2364,1,1,0.966914024948248,-0.17952431738376617,-3.5545244216918945,base,yes
2365,1,1,0.9820137918802723,-0.20014990866184235,-4.200150012969971,base,yes
2366,1,1,0.9046505428129514,-0.263845831155777,-2.513845920562744,base,yes
2367,1,1,0.679178699175393,-0.519370436668396,-1.269370436668396,base,yes
2368,1,1,0.9859363748163087,-0.15866504609584808,-4.408665180206299,base,yes
2369,1,1,0.9859363750229257,-0.10483965277671814,-4.35483980178833,base,yes
2370,1,1,0.9324533126145177,-0.21573156118392944,-2.840731620788574,base,yes
2371,1,1,0.9046505402422645,-0.28121131658554077,-2.5312113761901855,base,yes
2372,1,1,0.9770226300899744,-0.20665717124938965,-3.9566571712493896,base,yes
2373,1,1,0.982013792143467,-0.14702117443084717,-4.147021293640137,base,yes
2374,1,1,0.9914225166137784,-0.1532590389251709,-4.90325927734375,base,yes
2375,1,1,0.5926665999540697,-0.6264382600784302,-1.0014382600784302,base,yes
2376,1,1,0.9669140244715405,-0.17931190133094788,-3.554311990737915,base,yes
2377,1,1,0.9840936075884248,-0.1780872792005539,-4.30308723449707,base,yes
2378,1,1,0.9626731147976793,-0.18324822187423706,-3.433248281478882,base,yes
2379,1,1,0.9046505351008906,-0.2310032844543457,-2.4810032844543457,base,yes
2380,1,1,0.9399133515091156,-0.2673892676830292,-3.0173892974853516,base,yes
2381,1,1,0.9859363723369031,-0.15894798934459686,-4.408947944641113,base,yes
2382,1,1,0.9241418189341297,-0.2254333645105362,-2.725433349609375,base,yes
2383,1,1,0.5926665999540697,-0.6227720379829407,-0.9977720379829407,base,yes
2384,1,1,0.9796676466573412,-0.15005016326904297,-4.025050163269043,base,yes
2385,1,1,0.9840936054891429,-0.19837921857833862,-4.323379039764404,base,yes
2386,1,1,0.9465966671870767,-0.20069390535354614,-3.0756938457489014,base,yes
2387,1,1,0.9820137897747135,-0.16287709772586823,-4.162877082824707,base,yes
2388,1,1,0.985936370890583,-0.1430903971195221,-4.39309024810791,base,yes
2389,1,1,0.9626731142622272,-0.18345661461353302,-3.4334566593170166,base,yes
2390,1,1,0.966914019704466,-0.14918643236160278,-3.524186372756958,base,yes
2391,1,1,0.9626731105140616,-0.1843765377998352,-3.4343764781951904,base,yes
2392,1,1,0.9626731126558706,-0.22171640396118164,-3.4717164039611816,base,yes
2393,1,1,0.9465966656805269,-0.23571309447288513,-3.110713005065918,base,yes
2394,1,1,0.731058584489497,-0.4661658704280853,-1.4661659002304077,base,yes
2395,1,0,0.32082130082460697,-1.2194535732269287,-0.4694535732269287,base,no
2396,1,1,0.9465966717067252,-0.23819419741630554,-3.113194227218628,base,yes
2397,1,1,0.7310585903489892,-0.4601592421531677,-1.4601593017578125,base,yes
2398,1,1,0.9840936087546924,-0.22071167826652527,-4.345711708068848,base,yes
2399,1,1,0.8933093975331751,-0.31823644042015076,-2.4432363510131836,base,yes
2400,1,1,0.6513548646660542,-0.621064305305481,-1.246064305305481,base,yes
2401,1,1,0.5621765008857981,-0.7016398310661316,-0.9516398310661316,base,yes
2402,1,0,0.4378234844434674,-1.0335466861724854,-0.7835466265678406,base,no
2403,1,0,0.1329642264548166,-2.1992578506469727,-0.3242577314376831,base,no
2404,1,1,0.8933094174159129,-0.2587536573410034,-2.383753776550293,base,yes
2405,1,0,0.46879062662624377,-0.9103901982307434,-0.7853901982307434,base,no
2406,1,1,0.6224593171945417,-0.558195173740387,-1.0581951141357422,base,yes
2407,1,0,0.4378235137849365,-1.0217046737670898,-0.7717047333717346,base,no
2408,1,0,0.07585818419975078,-2.7534265518188477,-0.25342661142349243,base,no
2409,1,1,0.6513548511303336,-0.5791144967079163,-1.2041144371032715,base,yes
2410,1,1,0.966914019704466,-0.16347342729568481,-3.53847336769104,base,yes
2411,1,0,0.13296424878721277,-2.124427318572998,-0.24942739307880402,base,no
2412,1,1,0.8354835371034369,-0.32603514194488525,-1.9510351419448853,base,yes
2413,1,0,0.22270014398423357,-1.6332401037216187,-0.38324013352394104,base,no
2414,1,0,0.0259573547488921,-3.7272517681121826,-0.10225167125463486,base,no
2415,1,0,0.24508500761839525,-1.5396357774734497,-0.4146357476711273,base,no
2416,1,0,0.5,-0.8024873733520508,-0.8024873733520508,base,no
2417,1,0,0.3486451488696663,-1.168039321899414,-0.5430393815040588,base,no
2418,1,0,0.29421497216298875,-1.3398768901824951,-0.4648768901824951,base,no
2419,1,0,0.2018132174596823,-1.7199726104736328,-0.3449725806713104,base,no
2420,1,1,0.9324533022906132,-0.232261523604393,-2.8572614192962646,base,yes
2421,1,0,0.4378234991142019,-0.9918531775474548,-0.7418531775474548,base,no
2422,1,0,0.3775406547908327,-1.1764814853668213,-0.6764814257621765,base,no
2423,1,1,0.7981867777396212,-0.43109631538391113,-1.8060963153839111,base,yes
2424,1,0,0.4378234991142019,-0.9820890426635742,-0.7320890426635742,base,no
2425,1,0,0.2689414272294874,-1.4409778118133545,-0.4409778416156769,base,no
2426,1,1,0.880797081106935,-0.26938197016716003,-2.2693819999694824,base,yes
2427,1,0,0.16451645470385742,-1.9277334213256836,-0.3027333617210388,base,no
2428,1,1,0.8933094145755219,-0.2912265360355377,-2.416226625442505,base,yes
2429,1,0,0.3486451488696663,-1.2149226665496826,-0.5899227261543274,base,no
2430,1,1,0.5926665855647394,-0.6256802678108215,-1.0006802082061768,base,yes
2431,1,1,0.7772998508568416,-0.45350366830825806,-1.7035036087036133,base,yes
2432,1,0,0.46879062662624377,-0.8716089129447937,-0.7466089129447937,base,no
2433,1,1,0.9324533032291502,-0.16115030646324158,-2.7861502170562744,base,yes
2434,1,1,0.798186768138228,-0.4027553200721741,-1.7777552604675293,base,yes
2435,1,0,0.22270013882530884,-1.618372917175293,-0.36837291717529297,base,no
2436,1,1,0.6513548646660542,-0.6223605871200562,-1.2473605871200562,base,yes
2437,1,1,0.5621765008857981,-0.7132697105407715,-0.9632697105407715,base,yes
2438,1,0,0.24508501313237172,-1.4848806858062744,-0.3598806858062744,base,no
2439,1,1,0.9465966732132748,-0.26210707426071167,-3.1371071338653564,base,yes
2440,1,0,0.3208213138121609,-1.3037166595458984,-0.5537167191505432,base,no
2441,1,0,0.4073333856566001,-1.039414644241333,-0.6644145846366882,base,no
2442,1,0,0.09534946232842245,-2.572077751159668,-0.3220777213573456,base,no
2443,1,1,0.9465966732132748,-0.18501824140548706,-3.060018301010132,base,yes
2444,1,1,0.9465966694469009,-0.23847748339176178,-3.1134774684906006,base,yes
2445,1,1,0.798186768138228,-0.4106307625770569,-1.785630702972412,base,yes
2446,1,1,0.7057850278370112,-0.44603073596954346,-1.3210307359695435,base,yes
2447,1,1,0.9820137866163753,-0.24734897911548615,-4.247348785400391,base,yes
2448,1,0,0.029312227359491745,-3.5967812538146973,-0.09678113460540771,base,no
2449,1,1,0.5926665999540697,-0.6510171890258789,-1.026017189025879,base,yes
2450,1,1,0.9626731110495138,-0.22054676711559296,-3.4705467224121094,base,yes
2451,1,0,0.2689414213699951,-1.3870618343353271,-0.38706183433532715,base,no
2452,1,1,0.8670357598021706,-0.3062472343444824,-2.1812472343444824,base,yes
2453,1,1,0.7549149923816048,-0.41968557238578796,-1.5446856021881104,base,yes
2454,1,1,0.8175744761936437,-0.32619166374206543,-1.8261916637420654,base,yes
2455,1,0,0.22270013882530884,-1.6109504699707031,-0.3609504699707031,base,no
2456,1,1,0.9706877696726267,-0.2349681705236435,-3.7349681854248047,base,yes
2457,1,0,0.16451645880021026,-1.8823734521865845,-0.2573734223842621,base,no
2458,1,0,0.20181322226037882,-1.718344807624817,-0.3433448076248169,base,no
2459,1,0,0.14804719051380197,-2.0581119060516357,-0.30811184644699097,base,no
2460,1,0,0.4378234991142019,-0.9873045682907104,-0.7373045682907104,base,no
2461,1,1,0.7981867825403176,-0.3358512818813324,-1.7108513116836548,base,yes
2462,1,1,0.6513548511303336,-0.5961201786994934,-1.2211201190948486,base,yes
2463,1,0,0.0953494738965146,-2.417484760284424,-0.16748486459255219,base,no
2464,1,0,0.0758581737534831,-2.670281171798706,-0.1702810823917389,base,no
2465,1,1,0.6224593312018546,-0.5469158887863159,-1.046915888786316,base,yes
2466,1,1,0.679178699175393,-0.5818557739257812,-1.3318557739257812,base,yes
2467,1,0,0.24508501313237172,-1.5338656902313232,-0.40886569023132324,base,no
2468,1,0,0.14804720179063335,-1.9849008321762085,-0.23490086197853088,base,no
2469,1,0,0.32082130082460697,-1.2429620027542114,-0.4929620027542114,base,no
2470,1,1,0.7057850402140659,-0.4704670310020447,-1.3454670906066895,base,yes
2471,1,0,0.16451646699291617,-1.8761636018753052,-0.25116363167762756,base,no
2472,1,1,0.8670357598021706,-0.36919379234313965,-2.2441937923431396,base,yes
2473,1,1,0.8519527982093668,-0.26336315274238586,-2.0133631229400635,base,yes
2474,1,0,0.04742587385075148,-3.1872878074645996,-0.1872878223657608,base,no
2475,1,0,0.34864513533394575,-1.176503300666809,-0.5515033006668091,base,no
2476,1,0,0.5,-0.7696389555931091,-0.7696389555931091,base,no
2477,1,1,0.9399133515091156,-0.318116158246994,-3.0681161880493164,base,yes
2478,1,0,0.18242552825126704,-1.7631382942199707,-0.2631383240222931,base,no
2479,1,1,0.9579122690805788,-0.22759349644184113,-3.352593421936035,base,yes
2480,1,1,0.9324533022906132,-0.1855217069387436,-2.8105216026306152,base,yes
2481,1,0,0.06008664344151498,-2.923248291015625,-0.17324817180633545,base,no
2482,1,1,0.9465966747198243,-0.2371787130832672,-3.1121788024902344,base,yes
2483,1,1,0.7057850340255386,-0.4698948562145233,-1.3448948860168457,base,yes
2484,1,0,0.042087728215999064,-3.245697021484375,-0.1206970289349556,base,no
2485,1,1,0.7057850402140659,-0.4853929877281189,-1.3603930473327637,base,yes
2486,1,1,0.939913343093499,-0.37600719928741455,-3.126007080078125,base,yes
2487,1,1,0.5621764862150634,-0.8215659260749817,-1.071565866470337,base,yes
2488,1,1,0.9241418262465169,-0.20838919281959534,-2.7083892822265625,base,yes
2489,1,1,0.9399133531922388,-0.24374383687973022,-2.993743896484375,base,yes
2490,1,0,0.46879062662624377,-0.850395917892456,-0.725395917892456,base,no
2491,1,1,0.7981867825403176,-0.47317323088645935,-1.8481732606887817,base,yes
2492,1,1,0.9740426443092215,-0.1895403265953064,-3.814540386199951,base,yes
2493,1,0,0.5,-0.8259537220001221,-0.8259537220001221,base,no
2494,1,1,0.9770226280828407,-0.1678069531917572,-3.91780686378479,base,yes
2495,1,0,0.3486451217982255,-1.1362526416778564,-0.5112525820732117,base,no
2496,1,0,0.3775406547908327,-1.0585744380950928,-0.558574378490448,base,no
2497,1,1,0.9046505428129514,-0.38880911469459534,-2.6388092041015625,base,yes
2498,1,1,0.9399133498259924,-0.28755807876586914,-3.037558078765869,base,yes
2499,1,1,0.867035752930664,-0.3043103814125061,-2.1793103218078613,base,yes
2500,1,1,0.8519528057272543,-0.41293808817863464,-2.162938117980957,base,yes
2501,1,1,0.9820137884587394,-0.19996604323387146,-4.199965953826904,base,yes
2502,1,1,0.7549149923816048,-0.406986802816391,-1.5319868326187134,base,yes
2503,1,1,0.9579122762897041,-0.20599855482578278,-3.330998659133911,base,yes
2504,1,1,0.939913343093499,-0.19237959384918213,-2.9423794746398926,base,yes
2505,1,0,0.16451646699291617,-1.9291149377822876,-0.30411496758461,base,no
2506,1,1,0.5621765008857981,-0.682989776134491,-0.932989776134491,base,yes
2507,1,1,0.893309411735131,-0.2970203757286072,-2.422020435333252,base,yes
2508,1,0,0.32082130731838393,-1.2379580736160278,-0.4879581034183502,base,no
2509,1,1,0.9669140235181256,-0.19701141119003296,-3.5720114707946777,base,yes
2510,1,1,0.8519528132451416,-0.30406537652015686,-2.054065465927124,base,yes
2511,1,1,0.9399133498259924,-0.20792102813720703,-2.957921028137207,base,yes
2512,1,1,0.8519527906914787,-0.41306743025779724,-2.16306734085083,base,yes
2513,1,0,0.017986210883273495,-4.07026481628418,-0.07026486843824387,base,no
2514,1,1,0.9241418199787566,-0.2618696689605713,-2.7618696689605713,base,yes
2515,1,1,0.7981867777396212,-0.42718422412872314,-1.8021842241287231,base,yes
2516,1,1,0.8670357666736773,-0.30477374792099,-2.1797738075256348,base,yes
2517,1,1,0.8175744806385543,-0.37981483340263367,-1.879814863204956,base,yes
2518,1,1,0.754914975839675,-0.3780725598335266,-1.5030725002288818,base,yes
2519,1,1,0.9859363752295428,-0.19665463268756866,-4.446654796600342,base,yes
2520,1,1,0.9706877692486436,-0.13271427154541016,-3.63271427154541,base,yes
2521,1,1,0.679178699175393,-0.5152392387390137,-1.2652392387390137,base,yes
2522,1,1,0.9820137931962463,-0.18103152513504028,-4.181031703948975,base,yes
2523,1,1,0.7981867777396212,-0.5059689283370972,-1.8809689283370972,base,yes
2524,1,1,0.9324533051062237,-0.2741551995277405,-2.8991551399230957,base,yes
2525,1,1,0.9706877692486436,-0.25866079330444336,-3.7586607933044434,base,yes
2526,1,1,0.9840936110872273,-0.14454156160354614,-4.2695417404174805,base,yes
2527,1,1,0.9399133531922388,-0.3477415442466736,-3.0977416038513184,base,yes
2528,1,1,0.9706877713685592,-0.19299642741680145,-3.6929965019226074,base,yes
2529,1,0,0.3775406828054583,-1.1460192203521729,-0.6460192799568176,base,no
2530,1,1,0.9770226287518852,-0.22762709856033325,-3.9776270389556885,base,yes
2531,1,1,0.9241418158002492,-0.28301483392715454,-2.7830147743225098,base,yes
2532,1,1,0.8354835330070839,-0.32182982563972473,-1.9468297958374023,base,yes
2533,1,1,0.914900957313305,-0.21994706988334656,-2.594947099685669,base,yes
2534,1,1,0.9859363746096915,-0.15890252590179443,-4.408902645111084,base,yes
2535,1,1,0.6513548782017746,-0.5352422595024109,-1.1602423191070557,base,yes
2536,1,1,0.6224593452091672,-0.5990275740623474,-1.0990276336669922,base,yes
2537,1,0,0.06754669301670263,-2.767627716064453,-0.1426277458667755,base,no
2538,1,0,0.4378234991142019,-0.9929607510566711,-0.7429607510566711,base,no
2539,1,1,0.974042644685976,-0.15545575320720673,-3.7804558277130127,base,yes
2540,1,1,0.974042644685976,-0.17106954753398895,-3.796069622039795,base,yes
2541,1,1,0.9241418241572634,-0.20878475904464722,-2.708784818649292,base,yes
2542,1,1,0.9706877717925421,-0.19236937165260315,-3.6923694610595703,base,yes
2543,1,1,0.9669140216112958,-0.19658803939819336,-3.5715880393981934,base,yes
2544,1,1,0.6224593452091672,-0.6147710680961609,-1.1147711277008057,base,yes
2545,1,1,0.7310585669110203,-0.46299153566360474,-1.46299147605896,base,yes
2546,1,1,0.8175744806385543,-0.32807299494743347,-1.8280730247497559,base,yes
2547,1,1,0.966914024948248,-0.19517482817173004,-3.5701749324798584,base,yes
2548,1,1,0.8519528132451416,-0.32208314538002014,-2.0720832347869873,base,yes
2549,1,1,0.89330940889474,-0.2749757468700409,-2.3999757766723633,base,yes
2550,1,1,0.7549149868676283,-0.4077444076538086,-1.5327444076538086,base,yes
2551,1,1,0.9740426435557125,-0.25503918528556824,-3.8800392150878906,base,yes
2552,1,1,0.8519528132451416,-0.34149566292762756,-2.0914957523345947,base,yes
2553,1,1,0.939913356558485,-0.31677186489105225,-3.066771984100342,base,yes
2554,1,1,0.9579122690805788,-0.15774233639240265,-3.2827422618865967,base,yes
2555,1,1,0.9324533013520764,-0.2743164300918579,-2.8993163108825684,base,yes
2556,1,1,0.9770226314280634,-0.20576733350753784,-3.9557673931121826,base,yes
2557,1,1,0.9740426416719393,-0.20910649001598358,-3.8341064453125,base,yes
2558,1,0,0.29421497216298875,-1.3276636600494385,-0.4526636600494385,base,no
2559,1,1,0.924141816844876,-0.1826818436384201,-2.6826817989349365,base,yes
2560,1,1,0.6224593312018546,-0.6805287599563599,-1.1805287599563599,base,yes
2561,1,0,0.2689414096510108,-1.4280846118927002,-0.4280845522880554,base,no
2562,1,1,0.7981867777396212,-0.3256545066833496,-1.7006545066833496,base,yes
2563,1,0,0.46879062662624377,-0.8886299133300781,-0.7636299133300781,base,no
2564,1,1,0.8519527982093668,-0.38582757115364075,-2.1358275413513184,base,yes
2565,1,1,0.9669140225647107,-0.23890039324760437,-3.6139004230499268,base,yes
2566,1,1,0.9669140239948331,-0.1973046511411667,-3.5723047256469727,base,yes
2567,1,1,0.9924227578357059,-0.10900461673736572,-4.984004497528076,base,yes
2568,1,1,0.7549149813536518,-0.4360584318637848,-1.5610584020614624,base,yes
2569,1,1,0.8354835289107309,-0.308868944644928,-1.9338688850402832,base,yes
2570,1,1,0.8807970873650403,-0.25450173020362854,-2.2545018196105957,base,yes
2571,1,1,0.9740426428022031,-0.2308504581451416,-3.8558504581451416,base,yes
2572,1,1,0.9241418158002492,-0.30703073740005493,-2.80703067779541,base,yes
2573,1,1,0.970687766704745,-0.21235713362693787,-3.7123570442199707,base,yes
2574,1,1,0.9579122708828604,-0.20534804463386536,-3.330348014831543,base,yes
2575,1,1,0.9241418137109955,-0.28510627150535583,-2.7851061820983887,base,yes
2576,1,1,0.7057850278370112,-0.5451103448867798,-1.4201103448867798,base,yes
2577,1,1,0.9770226327661524,-0.16829144954681396,-3.9182915687561035,base,yes
2578,1,1,0.914900945711678,-0.31871187686920166,-2.693711757659912,base,yes
2579,1,1,0.9669140182743434,-0.19733773171901703,-3.5723376274108887,base,yes
2580,1,1,0.9465966732132748,-0.2381259799003601,-3.113126039505005,base,yes
2581,1,0,0.20181323186177208,-1.7804505825042725,-0.40545064210891724,base,no
2582,1,1,0.8807970873650403,-0.3098656237125397,-2.309865713119507,base,yes
2583,1,0,0.5,-0.8077691197395325,-0.8077691197395325,base,no
2584,1,1,0.8933094145755219,-0.3919333517551422,-2.5169334411621094,base,yes
2585,1,1,0.98409360595565,-0.1607438623905182,-4.285743713378906,base,yes
2586,1,1,0.851952809486198,-0.27426642179489136,-2.024266481399536,base,yes
2587,1,1,0.9890130549406149,-0.19244597852230072,-4.692445755004883,base,yes
2588,1,1,0.5312093733737563,-0.763371467590332,-0.888371467590332,base,yes
2589,1,1,0.9875683464941386,-0.1144091859459877,-4.48940896987915,base,yes
2590,1,0,0.34864513533394575,-1.2223284244537354,-0.5973284244537354,base,no
2591,1,1,0.798186768138228,-0.33834153413772583,-1.713341474533081,base,yes
2592,1,1,0.7981867777396212,-0.349210262298584,-1.724210262298584,base,yes
2593,1,1,0.8807970654616711,-0.27144157886505127,-2.2714414596557617,base,yes
2594,1,1,0.966914019704466,-0.2630043625831604,-3.6380043029785156,base,yes
2595,1,1,0.9706877671287282,-0.23396261036396027,-3.7339625358581543,base,yes
2596,1,1,0.9579122714836206,-0.20638634264469147,-3.3313863277435303,base,yes
2597,1,1,0.7772998611746911,-0.449276328086853,-1.699276328086853,base,yes
2598,1,1,0.9399133515091156,-0.2901141345500946,-3.040114164352417,base,yes
2599,1,1,0.9796676463605257,-0.12260271608829498,-3.997602701187134,base,yes
2600,1,1,0.9740426416719393,-0.14227180182933807,-3.7672717571258545,base,yes
2601,1,1,0.5926666143433998,-0.7076670527458191,-1.0826671123504639,base,yes
2602,1,1,0.8519527982093668,-0.30510786175727844,-2.055107831954956,base,yes
2603,1,1,0.9902915240915781,-0.21365684270858765,-4.838656902313232,base,yes
2604,1,1,0.817574471748733,-0.28994253277778625,-1.7899425029754639,base,yes
2605,1,0,0.4378234991142019,-0.9636979699134827,-0.7136979699134827,base,no
2606,1,1,0.974042644685976,-0.18933407962322235,-3.8143341541290283,base,yes
2607,1,1,0.8670357666736773,-0.3267287611961365,-2.2017288208007812,base,yes
2608,1,1,0.9669140230414182,-0.16406889259815216,-3.5390689373016357,base,yes
2609,1,1,0.9875683478662124,-0.1571422666311264,-4.532142162322998,base,yes
2610,1,1,0.9465966656805269,-0.20004567503929138,-3.075045585632324,base,yes
2611,1,1,0.9324533163686646,-0.27398526668548584,-2.8989853858947754,base,yes
2612,1,1,0.5621765008857981,-0.6735396385192871,-0.9235396385192871,base,yes
2613,1,1,0.9770226287518852,-0.2513580918312073,-4.0013580322265625,base,yes
2614,1,0,0.00970847848715727,-4.716907501220703,-0.09190770983695984,base,no
2615,1,1,0.9796676460637103,-0.20281794667243958,-4.077817916870117,base,yes
2616,1,1,0.9840936071219176,-0.17875297367572784,-4.303752899169922,base,yes
2617,1,1,0.9669140225647107,-0.26298806071281433,-3.6379880905151367,base,yes
2618,1,1,0.9241418199787566,-0.30574941635131836,-2.8057494163513184,base,yes
2619,1,1,0.9399133515091156,-0.24314257502555847,-2.993142604827881,base,yes
2620,1,1,0.880797071719777,-0.4088032841682434,-2.4088032245635986,base,yes
2621,1,1,0.7057850340255386,-0.48029467463493347,-1.3552947044372559,base,yes
2622,1,1,0.9579122756889438,-0.2259291708469391,-3.3509292602539062,base,yes
2623,1,1,0.924141817889503,-0.2831704914569855,-2.783170461654663,base,yes
2624,1,1,0.9669140182743434,-0.17857299745082855,-3.5535728931427,base,yes
2625,1,1,0.9525741234565097,-0.15227778255939484,-3.152277708053589,base,yes
2626,1,1,0.835483553488848,-0.38209569454193115,-2.0070958137512207,base,yes
2627,1,1,0.9046505325302034,-0.21459701657295227,-2.46459698677063,base,yes
2628,1,1,0.9840936075884248,-0.17937617003917694,-4.304376125335693,base,yes
2629,1,1,0.9740426431789577,-0.18959210813045502,-3.814592123031616,base,yes
2630,1,1,0.9046505325302034,-0.32662203907966614,-2.5766220092773438,base,yes
2631,1,0,0.32082130082460697,-1.2126555442810059,-0.46265554428100586,base,no
2632,1,1,0.9149009526726544,-0.27002719044685364,-2.6450271606445312,base,yes
2633,1,1,0.8354835411997897,-0.32479605078697205,-1.9497960805892944,base,yes
2634,1,1,0.7310585786300049,-0.45055389404296875,-1.4505538940429688,base,yes
2635,1,1,0.9740426409184302,-0.18864686787128448,-3.8136467933654785,base,yes
2636,1,1,0.8807970779778823,-0.28899383544921875,-2.2889938354492188,base,yes
2637,1,1,0.9706877692486436,-0.17545366287231445,-3.6754536628723145,base,yes
2638,1,1,0.7981867825403176,-0.35029956698417664,-1.725299596786499,base,yes
2639,1,1,0.9149009607937928,-0.21958105266094208,-2.594581127166748,base,yes
2640,1,1,0.9796676448764484,-0.13511618971824646,-4.010116100311279,base,yes
2641,1,1,0.9324533032291502,-0.25408610701560974,-2.8790860176086426,base,yes
2642,1,1,0.9324533051062237,-0.2525056004524231,-2.8775055408477783,base,yes
2643,1,0,0.32082130082460697,-1.314103364944458,-0.564103364944458,base,no
2644,1,1,0.9465966754730989,-0.1577991396188736,-3.032799243927002,base,yes
2645,1,1,0.9626731131913229,-0.2019204944372177,-3.451920509338379,base,yes
2646,1,1,0.7981867825403176,-0.36684998869895935,-1.7418500185012817,base,yes
2647,1,1,0.9796676436891864,-0.18291011452674866,-4.057909965515137,base,yes
2648,1,1,0.8933094145755219,-0.2583588659763336,-2.383358955383301,base,yes
2649,1,1,0.9669140187510509,-0.14864572882652283,-3.5236456394195557,base,yes
2650,1,1,0.9820137926698564,-0.24623093008995056,-4.2462310791015625,base,yes
2651,1,1,0.9046505325302034,-0.3314967453479767,-2.5814967155456543,base,yes
2652,1,1,0.952574129515172,-0.17834323644638062,-3.1783432960510254,base,yes
2653,1,1,0.9324533088603709,-0.25268006324768066,-2.8776800632476807,base,yes
2654,1,1,0.94659667246,-0.21725840866565704,-3.0922584533691406,base,yes
2655,1,1,0.9820137905642982,-0.19970843195915222,-4.199708461761475,base,yes
2656,1,1,0.987568350610359,-0.17494189739227295,-4.5499420166015625,base,yes
2657,1,1,0.966914017797636,-0.19732677936553955,-3.57232666015625,base,yes
2658,1,1,0.9046505299595163,-0.32917243242263794,-2.579172372817993,base,yes
2659,1,1,0.7549149923816048,-0.40383586287498474,-1.5288358926773071,base,yes
2660,1,1,0.9740426412951848,-0.15557461977005005,-3.7805745601654053,base,yes
2661,1,1,0.7981867777396212,-0.4726639986038208,-1.8476639986038208,base,yes
2662,1,1,0.9859363710972001,-0.17619098722934723,-4.4261908531188965,base,yes
2663,1,1,0.9740426424254486,-0.17197825014591217,-3.796978235244751,base,yes
2664,1,1,0.9324533079218341,-0.23301006853580475,-2.8580100536346436,base,yes
2665,1,1,0.939913343093499,-0.29217398166656494,-3.0421738624572754,base,yes
2666,1,1,0.9890130555882929,-0.15540187060832977,-4.655401706695557,base,yes
2667,1,0,0.020332353936289693,-3.979924201965332,-0.10492423176765442,base,no
2668,1,1,0.9840936078216783,-0.1304636299610138,-4.255463600158691,base,yes
2669,1,1,0.9149009619539553,-0.3468565046787262,-2.7218565940856934,base,yes
2670,1,1,0.6513548646660542,-0.5338447093963623,-1.1588447093963623,base,yes
2671,1,1,0.9626731110495138,-0.16852645576000214,-3.4185264110565186,base,yes
2672,1,1,0.9525741234565097,-0.17837245762348175,-3.178372383117676,base,yes
2673,1,1,0.6513548646660542,-0.5741897821426392,-1.1991897821426392,base,yes
2674,1,1,0.9924227600767889,-0.15238076448440552,-5.02738094329834,base,yes
2675,1,1,0.9740426431789577,-0.18938635289669037,-3.8143863677978516,base,yes
2676,1,1,0.9465966694469009,-0.23733951151371002,-3.112339496612549,base,yes
2677,1,1,0.9859363725435202,-0.2423739731311798,-4.492373943328857,base,yes
2678,1,1,0.8933094145755219,-0.2588774263858795,-2.3838775157928467,base,yes
2679,1,1,0.9706877713685592,-0.13266603648662567,-3.6326661109924316,base,yes
2680,1,1,0.9740426401649208,-0.20882879197597504,-3.8338286876678467,base,yes
2681,1,1,0.7772998663336157,-0.37593409419059753,-1.62593412399292,base,yes
2682,1,1,0.9579122726851417,-0.22672627866268158,-3.3517262935638428,base,yes
2683,1,1,0.9399133531922388,-0.3485562205314636,-3.0985562801361084,base,yes
2684,1,0,0.34864513533394575,-1.147381067276001,-0.522381067276001,base,no
2685,1,1,0.9241418116217418,-0.2834984064102173,-2.7834982872009277,base,yes
2686,1,1,0.9740426405416754,-0.1704457700252533,-3.795445680618286,base,yes
2687,1,1,0.7057850154599563,-0.45422035455703735,-1.3292202949523926,base,yes
2688,1,1,0.9525741274956179,-0.23166058957576752,-3.2316606044769287,base,yes
2689,1,1,0.9669140211345884,-0.17969824373722076,-3.5546982288360596,base,yes
2690,1,1,0.9525741274956179,-0.21137045323848724,-3.2113704681396484,base,yes
2691,1,1,0.7310585786300049,-0.4131639003753662,-1.4131639003753662,base,yes
2692,1,1,0.9669140239948331,-0.16321222484111786,-3.538212299346924,base,yes
2693,1,1,0.9626731137267751,-0.2205199897289276,-3.47052001953125,base,yes
2694,1,1,0.9740426409184302,-0.15475352108478546,-3.7797534465789795,base,yes
2695,1,1,0.939913354875362,-0.22597947716712952,-2.9759795665740967,base,yes
2696,1,1,0.9859363713038174,-0.15876543521881104,-4.4087653160095215,base,yes
2697,1,1,0.9875683502444729,-0.15731707215309143,-4.532317161560059,base,yes
2698,1,1,0.9525741234565097,-0.15235383808612823,-3.1523537635803223,base,yes
2699,1,1,0.679178699175393,-0.5230486392974854,-1.2730486392974854,base,yes
2700,1,0,0.24508501864634827,-1.517687439918518,-0.39268746972084045,base,no
2701,1,1,0.914900950352329,-0.27329427003860474,-2.64829421043396,base,yes
2702,1,1,0.7772998663336157,-0.40872153639793396,-1.6587215662002563,base,yes
2703,1,1,0.8519528057272543,-0.3627605140209198,-2.112760543823242,base,yes
2704,1,1,0.6224593312018546,-0.5962090492248535,-1.0962090492248535,base,yes
2705,1,0,0.09534947132582737,-2.4455606937408447,-0.1955607682466507,base,no
2706,1,0,0.2689414330889798,-1.3810698986053467,-0.38106995820999146,base,no
2707,1,0,0.4073333856566001,-1.0737414360046387,-0.6987413763999939,base,no
2708,1,0,0.16451645880021026,-1.971300721168518,-0.3463006913661957,base,no
2709,1,0,0.16451645880021026,-1.924640417098999,-0.29964038729667664,base,no
2710,1,1,0.8175744806385543,-0.4523683488368988,-1.9523683786392212,base,yes
2711,1,1,0.851952809486198,-0.3895530104637146,-2.1395530700683594,base,yes
2712,1,0,0.4073334000459302,-1.06214439868927,-0.68714439868927,base,no
2713,1,0,0.26894141551050293,-1.41471529006958,-0.4147152602672577,base,no
2714,1,1,0.9241418126663687,-0.2421184629201889,-2.7421183586120605,base,yes
2715,1,0,0.34864513533394575,-1.2143768072128296,-0.5893768072128296,base,no
2716,1,0,0.10669058400428263,-2.3334310054779053,-0.20843090116977692,base,no
2717,1,0,0.11920292828022305,-2.192261219024658,-0.19226127862930298,base,no
2718,1,0,0.037326890021390696,-3.4410932064056396,-0.19109328091144562,base,no
2719,1,1,0.6224593312018546,-0.6455399990081787,-1.1455399990081787,base,yes
2720,1,0,0.24508500210441886,-1.618133306503296,-0.4931332468986511,base,no
2721,1,1,0.7310585786300049,-0.4227405786514282,-1.4227405786514282,base,yes
2722,1,0,0.13296425394084313,-2.151681423187256,-0.2766815423965454,base,no
2723,1,0,0.1329642419157059,-2.1162099838256836,-0.2412099987268448,base,no
2724,1,1,0.9820137916170774,-0.1335252821445465,-4.133525371551514,base,yes
2725,1,0,0.5,-0.7987875938415527,-0.7987875938415527,base,no
2726,1,0,0.1192029188930649,-2.1981186866760254,-0.198118656873703,base,no
2727,1,1,0.9149009538328171,-0.21911121904850006,-2.594111204147339,base,yes
2728,1,1,0.5621765008857981,-0.7161099314689636,-0.9661099314689636,base,yes
2729,1,1,0.867035752930664,-0.2583332657814026,-2.133333206176758,base,yes
2730,1,0,0.11920291419948606,-2.223456382751465,-0.22345630824565887,base,no
2731,1,1,0.754914975839675,-0.527954638004303,-1.6529545783996582,base,yes
2732,1,0,0.4378234991142019,-1.012858510017395,-0.762858510017395,base,no
2733,1,1,0.8354835452961425,-0.38979071378707886,-2.0147907733917236,base,yes
2734,1,0,0.14804719427274565,-2.041217565536499,-0.29121753573417664,base,no
2735,1,0,0.04208773121980142,-3.2450692653656006,-0.12006934732198715,base,no
2736,1,0,0.32082130082460697,-1.2580608129501343,-0.5080608129501343,base,no
2737,1,1,0.8175744673038221,-0.3633132576942444,-1.8633131980895996,base,yes
2738,1,1,0.679178699175393,-0.5605047941207886,-1.3105047941207886,base,yes
2739,1,0,0.4378234991142019,-0.9190427660942078,-0.6690427660942078,base,no
2740,1,0,0.34864513533394575,-1.1361404657363892,-0.5111404657363892,base,no
2741,1,0,0.1329642436335826,-2.105330467224121,-0.23033049702644348,base,no
2742,1,0,0.4073334000459302,-1.08345627784729,-0.70845627784729,base,no
2743,1,0,0.16451645880021026,-1.9148615598678589,-0.2898615300655365,base,no
2744,1,0,0.3775406547908327,-1.0410542488098145,-0.5410541892051697,base,no
2745,1,0,0.012431653139975017,-4.452642917633057,-0.07764310389757156,base,no
2746,1,0,0.20181322226037882,-1.7334356307983398,-0.35843563079833984,base,no
2747,1,1,0.6224593312018546,-0.5401486158370972,-1.0401486158370972,base,yes
2748,1,1,0.6224593312018546,-0.5840352773666382,-1.0840352773666382,base,yes
2749,1,0,0.5,-0.8547457456588745,-0.8547457456588745,base,no
2750,1,1,0.8670357563664174,-0.32337358593940735,-2.198373556137085,base,yes
2751,1,0,0.14804719991116141,-1.9915117025375366,-0.24151171743869781,base,no
2752,1,1,0.9399133456181842,-0.2082093507051468,-2.958209276199341,base,yes
2753,1,0,0.20181322226037882,-1.714478850364685,-0.33947885036468506,base,no
2754,1,0,0.06754669583231304,-2.794165849685669,-0.16916592419147491,base,no
2755,1,1,0.8670357666736773,-0.3489789366722107,-2.2239789962768555,base,yes
2756,1,0,0.4378234991142019,-0.9557712078094482,-0.7057712078094482,base,no
2757,1,1,0.9669140239948331,-0.19638745486736298,-3.571387529373169,base,yes
2758,1,1,0.5926666143433998,-0.6255292296409607,-1.0005292892456055,base,yes
2759,1,1,0.754914975839675,-0.41612058877944946,-1.5411205291748047,base,yes
2760,1,1,0.8175744673038221,-0.30216604471206665,-1.8021659851074219,base,yes
2761,1,1,0.7772998663336157,-0.42912396788597107,-1.6791239976882935,base,yes
2762,1,1,0.9399133481428692,-0.3460293114185333,-3.096029281616211,base,yes
2763,1,0,0.4378234991142019,-0.9610260725021362,-0.7110260725021362,base,no
2764,1,0,0.32082130082460697,-1.2432409524917603,-0.49324095249176025,base,no
2765,1,0,0.053403333566198224,-2.9756669998168945,-0.1006670743227005,base,no
2766,1,0,0.32082130082460697,-1.2501239776611328,-0.5001239776611328,base,no
2767,1,0,0.3208212878370535,-1.224870204925537,-0.47487014532089233,base,no
2768,1,0,0.29421497216298875,-1.3776167631149292,-0.5026167631149292,base,no
2769,1,1,0.974042644685976,-0.14106957614421844,-3.7660696506500244,base,yes
2770,1,1,0.5621765008857981,-0.7347586154937744,-0.9847586154937744,base,yes
2771,1,0,0.4378234991142019,-0.9858472943305969,-0.7358472943305969,base,no
2772,1,0,0.4073334000459302,-1.0003942251205444,-0.6253942251205444,base,no
2773,1,1,0.8175744761936437,-0.36020493507385254,-1.8602049350738525,base,yes
2774,1,0,0.042087723109535534,-3.277575969696045,-0.15257585048675537,base,no
2775,1,0,0.20181321265898594,-1.7495059967041016,-0.3745059370994568,base,no
2776,1,1,0.8933094003735664,-0.2571735978126526,-2.382173538208008,base,yes
2777,1,1,0.982013788985129,-0.13291603326797485,-4.13291597366333,base,yes
2778,1,1,0.939913354875362,-0.20807352662086487,-2.958073616027832,base,yes
2779,1,1,0.9149009619539553,-0.2519618570804596,-2.6269619464874268,base,yes
2780,1,0,0.22270013882530884,-1.5989357233047485,-0.34893572330474854,base,no
2781,1,1,0.7057850340255386,-0.4883790910243988,-1.3633791208267212,base,yes
2782,1,1,0.9046505428129514,-0.26528826355934143,-2.5152883529663086,base,yes
2783,1,1,0.9740426416719393,-0.15619449317455292,-3.7811944484710693,base,yes
2784,1,1,0.7310585903489892,-0.4840025305747986,-1.4840025901794434,base,yes
2785,1,1,0.9740426435557125,-0.1551205813884735,-3.780120611190796,base,yes
2786,1,1,0.880797071719777,-0.26983505487442017,-2.2698349952697754,base,yes
2787,1,0,0.4378234991142019,-0.9139947891235352,-0.6639947891235352,base,no
2788,1,0,0.16451645880021026,-1.8929754495620728,-0.26797541975975037,base,no
2789,1,1,0.9626731105140616,-0.20024758577346802,-3.4502475261688232,base,yes
2790,1,0,0.46879062662624377,-0.8541548252105713,-0.7291548252105713,base,no
2791,1,1,0.8354835411997897,-0.3819865882396698,-2.006986618041992,base,yes
2792,1,1,0.9669140211345884,-0.19627000391483307,-3.571269989013672,base,yes
2793,1,0,0.46879062662624377,-0.8885536193847656,-0.7635536193847656,base,no
2794,1,1,0.9770226304244968,-0.15247319638729095,-3.902473211288452,base,yes
2795,1,1,0.5926665855647394,-0.6529551148414612,-1.0279550552368164,base,yes
2796,1,1,0.9579122720843811,-0.20662188529968262,-3.3316218852996826,base,yes
2797,1,0,0.07585818106587033,-2.6462912559509277,-0.14629127085208893,base,no
2798,1,1,0.9241418116217418,-0.22416508197784424,-2.7241649627685547,base,yes
2799,1,1,0.8933094003735664,-0.2920871376991272,-2.4170870780944824,base,yes
2800,1,0,0.24508502416032488,-1.5545332431793213,-0.42953330278396606,base,no
2801,1,1,0.7057850278370112,-0.45471131801605225,-1.3297113180160522,base,yes
2802,1,1,0.7772998560157665,-0.41352763772010803,-1.6635276079177856,base,yes
2803,1,0,0.4073334000459302,-0.9850277304649353,-0.6100277304649353,base,no
2804,1,0,0.29421497216298875,-1.3796666860580444,-0.5046666860580444,base,no
2805,1,1,0.8519528057272543,-0.3860125243663788,-2.136012554168701,base,yes
2806,1,0,0.0675466911396291,-2.7418432235717773,-0.11684322357177734,base,no
2807,1,1,0.835483553488848,-0.3819931745529175,-2.006993293762207,base,yes
2808,1,1,0.8807970779778823,-0.35387492179870605,-2.353874921798706,base,yes
2809,1,1,0.9626731131913229,-0.22028444707393646,-3.4702844619750977,base,yes
2810,1,1,0.7772998663336157,-0.4504152238368988,-1.7004152536392212,base,yes
2811,1,0,0.11920291263495983,-2.224813938140869,-0.22481384873390198,base,no
2812,1,1,0.9940889311437562,-0.16753578186035156,-5.292535781860352,base,yes
2813,1,1,0.9324533022906132,-0.21404515206813812,-2.8390450477600098,base,yes
2814,1,0,0.14804720179063335,-2.0151913166046143,-0.26519134640693665,base,no
2815,1,1,0.9465966717067252,-0.20196959376335144,-3.076969623565674,base,yes
2816,1,1,0.9626731099786093,-0.16770322620868683,-3.417703151702881,base,yes
2817,1,1,0.5926666143433998,-0.6610745787620544,-1.0360746383666992,base,yes
2818,1,1,0.9579122762897041,-0.18863047659397125,-3.3136305809020996,base,yes
2819,1,1,0.9626731121204184,-0.1831844002008438,-3.4331843852996826,base,yes
2820,1,1,0.9324533088603709,-0.27425146102905273,-2.8992514610290527,base,yes
2821,1,0,0.037326887076403345,-3.343519926071167,-0.0935199186205864,base,no
2822,1,1,0.7549149923816048,-0.42227622866630554,-1.547276258468628,base,yes
2823,1,1,0.9875683493297572,-0.17457054555416107,-4.549570560455322,base,yes
2824,1,1,0.9046505351008906,-0.2463064193725586,-2.4963064193725586,base,yes
2825,1,0,0.10669059820623795,-2.3017842769622803,-0.17678432166576385,base,no
2826,1,1,0.9399133447766225,-0.2660149037837982,-3.016014814376831,base,yes
2827,1,1,0.7310585669110203,-0.4900129437446594,-1.4900128841400146,base,yes
2828,1,1,0.8519528019683106,-0.28911256790161133,-2.0391125679016113,base,yes
2829,1,1,0.9046505453836383,-0.2146066427230835,-2.464606761932373,base,yes
2830,1,0,0.37754066879814546,-1.1296162605285645,-0.6296162605285645,base,no
2831,1,1,0.9525741315347259,-0.21204937994480133,-3.2120494842529297,base,yes
2832,1,1,0.9626731131913229,-0.21963904798030853,-3.4696390628814697,base,yes
2833,1,1,0.9324533069832973,-0.2759900391101837,-2.9009900093078613,base,yes
2834,1,1,0.8354835371034369,-0.34401214122772217,-1.9690121412277222,base,yes
2835,1,1,0.9669140187510509,-0.17901763319969177,-3.5540175437927246,base,yes
2836,1,1,0.8175744761936437,-0.38269734382629395,-1.882697343826294,base,yes
2837,1,1,0.9149009631141181,-0.23626650869846344,-2.611266613006592,base,yes
2838,1,1,0.952574129515172,-0.2118481993675232,-3.211848258972168,base,yes
2839,1,0,0.4378234991142019,-0.9695575833320618,-0.7195575833320618,base,no
2840,1,1,0.7310585727705126,-0.45069077610969543,-1.450690746307373,base,yes
2841,1,1,0.9324533126145177,-0.3005015254020691,-2.925501585006714,base,yes
2842,1,1,0.9399133464597458,-0.22585469484329224,-2.9758546352386475,base,yes
2843,1,1,0.851952809486198,-0.32176822423934937,-2.071768283843994,base,yes
2844,1,1,0.9399133523506772,-0.24469013512134552,-2.994690179824829,base,yes
2845,1,1,0.9149009619539553,-0.3445345461368561,-2.7195346355438232,base,yes
2846,1,1,0.8807970842359877,-0.2884041666984558,-2.2884042263031006,base,yes
2847,1,1,0.9740426416719393,-0.20832423865795135,-3.8333241939544678,base,yes
2848,1,1,0.9324533144915912,-0.23285046219825745,-2.8578505516052246,base,yes
2849,1,0,0.5,-0.8458115458488464,-0.8458115458488464,base,no
2850,1,1,0.9902915246646304,-0.13833224773406982,-4.763332366943359,base,yes
2851,1,1,0.9796676430955554,-0.14919966459274292,-4.024199485778809,base,yes
2852,1,1,0.9241418199787566,-0.2622087001800537,-2.7622087001800537,base,yes
2853,1,1,0.9796676490318648,-0.18292510509490967,-4.057925224304199,base,yes
2854,1,1,0.679178699175393,-0.5758341550827026,-1.3258341550827026,base,yes
2855,1,1,0.7310585669110203,-0.412741482257843,-1.4127414226531982,base,yes
2856,1,1,0.7057850278370112,-0.5208966732025146,-1.3958966732025146,base,yes
2857,1,1,0.9669140192277585,-0.19651301205158234,-3.5715129375457764,base,yes
2858,1,1,0.9241418272911436,-0.1819249540567398,-2.681925058364868,base,yes
2859,1,1,0.932453304167687,-0.18645556271076202,-2.811455488204956,base,yes
2860,1,1,0.97068777009661,-0.17562219500541687,-3.6756222248077393,base,yes
2861,1,1,0.9241418220680101,-0.2600226104259491,-2.7600226402282715,base,yes
2862,1,1,0.798186768138228,-0.4430773854255676,-1.8180773258209229,base,yes
2863,1,1,0.7057850278370112,-0.4627872705459595,-1.3377872705459595,base,yes
2864,1,1,0.9579122750881832,-0.18858782947063446,-3.3135879039764404,base,yes
2865,1,1,0.9796676502191265,-0.16541558504104614,-4.0404157638549805,base,yes
2866,1,1,0.7057850340255386,-0.46926650404930115,-1.3442665338516235,base,yes
2867,1,1,0.7057850278370112,-0.650721549987793,-1.525721549987793,base,yes
2868,1,0,0.40733341443526055,-1.0164508819580078,-0.6414509415626526,base,no
2869,1,1,0.9525741241296944,-0.21105128526687622,-3.2110512256622314,base,yes
2870,1,1,0.9241418220680101,-0.3341674506664276,-2.83416748046875,base,yes
2871,1,1,0.9579122732859019,-0.17267701029777527,-3.2976770401000977,base,yes
2872,1,1,0.6513548646660542,-0.5465067625045776,-1.1715067625045776,base,yes
2873,1,1,0.817574471748733,-0.3597445785999298,-1.8597445487976074,base,yes
2874,1,1,0.679178699175393,-0.5269017219543457,-1.2769017219543457,base,yes
2875,1,1,0.8670357494949105,-0.3426240384578705,-2.2176239490509033,base,yes
2876,1,1,0.9525741254760638,-0.2117805778980255,-3.211780548095703,base,yes
2877,1,1,0.9525741268224334,-0.25342392921447754,-3.2534239292144775,base,yes
2878,1,0,0.09534946618445303,-2.478586196899414,-0.22858621180057526,base,no
2879,1,1,0.9924227587321393,-0.13593816757202148,-5.0109381675720215,base,yes
2880,1,1,0.9465966762263737,-0.2607458829879761,-3.1357460021972656,base,yes
2881,1,1,0.9525741261492485,-0.15139557421207428,-3.151395559310913,base,yes
2882,1,0,0.09534947004048376,-2.5117530822753906,-0.2617531418800354,base,no
2883,1,1,0.8933093975331751,-0.24309667944908142,-2.3680965900421143,base,yes
2884,1,1,0.8807970748488297,-0.4445019066333771,-2.4445018768310547,base,yes
2885,1,1,0.8933094060543487,-0.3373136520385742,-2.462313652038574,base,yes
2886,1,1,0.9706877696726267,-0.19396565854549408,-3.6939656734466553,base,yes
2887,1,1,0.5312093733737563,-0.7413561940193176,-0.8663561940193176,base,yes
2888,1,1,0.9465966709534505,-0.23826764523983002,-3.113267660140991,base,yes
2889,1,1,0.9465966717067252,-0.2606763541698456,-3.135676383972168,base,yes
2890,1,1,0.5621765008857981,-0.6676584482192993,-0.9176584482192993,base,yes
2891,1,1,0.9579122756889438,-0.18947473168373108,-3.3144748210906982,base,yes
2892,1,1,0.979667644579633,-0.2478266805410385,-4.12282657623291,base,yes
2893,1,1,0.6791787121629466,-0.4926299452781677,-1.2426300048828125,base,yes
2894,1,1,0.9796676460637103,-0.16547539830207825,-4.040475368499756,base,yes
2895,1,1,0.9626731105140616,-0.21991664171218872,-3.469916582107544,base,yes
2896,1,1,0.914900950352329,-0.2715759873390198,-2.646575927734375,base,yes
2897,1,1,0.8933093975331751,-0.2765274941921234,-2.4015274047851562,base,yes
2898,1,1,0.9525741234565097,-0.17846639454364777,-3.178466320037842,base,yes
2899,1,1,0.7549149868676283,-0.4619046449661255,-1.5869046449661255,base,yes
2900,1,1,0.8519527944504226,-0.2726908326148987,-2.022690773010254,base,yes
2901,1,1,0.8354835330070839,-0.34379079937934875,-1.9687907695770264,base,yes
2902,1,1,0.9399133489844308,-0.20828987658023834,-2.958289861679077,base,yes
2903,1,1,0.9840936106207203,-0.14489349722862244,-4.269893646240234,base,yes
2904,1,1,0.5621765008857981,-0.6882229447364807,-0.9382229447364807,base,yes
2905,1,1,0.880797081106935,-0.3829157054424286,-2.382915735244751,base,yes
2906,1,0,0.46879062662624377,-0.8576197624206543,-0.7326197624206543,base,no
2907,1,1,0.9579122726851417,-0.24739645421504974,-3.372396469116211,base,yes
2908,1,1,0.9241418189341297,-0.19260527193546295,-2.6926052570343018,base,yes
2909,1,1,0.9740426397881662,-0.2099219560623169,-3.8349218368530273,base,yes
2910,1,1,0.952574129515172,-0.2132079005241394,-3.213207960128784,base,yes
2911,1,0,0.10669059678604234,-2.3478751182556152,-0.22287514805793762,base,no
2912,1,1,0.9465966686936261,-0.2844689190387726,-3.15946888923645,base,yes
2913,1,1,0.9770226287518852,-0.15254288911819458,-3.90254282951355,base,yes
2914,1,1,0.9669140182743434,-0.21705971658229828,-3.59205961227417,base,yes
2915,1,1,0.8807970748488297,-0.3829505741596222,-2.3829505443573,base,yes
2916,1,1,0.9859363719236689,-0.17625434696674347,-4.4262542724609375,base,yes
2917,1,1,0.8354835207180245,-0.38607847690582275,-2.011078357696533,base,yes
2918,1,1,0.9579122726851417,-0.225828155875206,-3.350828170776367,base,yes
2919,1,1,0.880797071719777,-0.2542648911476135,-2.2542648315429688,base,yes
2920,1,1,0.9706877658567789,-0.19224464893341064,-3.692244529724121,base,yes
2921,1,1,0.9796676466573412,-0.18313884735107422,-4.058138847351074,base,yes
2922,1,1,0.9149009619539553,-0.23460760712623596,-2.609607696533203,base,yes
2923,1,1,0.9875683469514964,-0.21668976545333862,-4.591689586639404,base,yes
2924,1,1,0.9740426428022031,-0.1887826919555664,-3.8137826919555664,base,yes
2925,1,1,0.731058584489497,-0.40881356596946716,-1.4088135957717896,base,yes
2926,1,1,0.8519527982093668,-0.3025389015674591,-2.0525388717651367,base,yes
2927,1,1,0.9770226324316302,-0.20754040777683258,-3.957540512084961,base,yes
2928,1,1,0.9740426454394852,-0.1884230524301529,-3.8134231567382812,base,yes
2929,1,1,0.9626731121204184,-0.20078040659427643,-3.4507803916931152,base,yes
2930,1,1,0.7310585903489892,-0.4835900664329529,-1.4835901260375977,base,yes
2931,1,1,0.9241418189341297,-0.22412659227848053,-2.7241265773773193,base,yes
2932,1,1,0.7772998508568416,-0.3930986523628235,-1.6430985927581787,base,yes
2933,1,1,0.9399133447766225,-0.26754865050315857,-3.0175485610961914,base,yes
2934,1,1,0.989013056721729,-0.17310911417007446,-4.67310905456543,base,yes
2935,1,1,0.9241418231126367,-0.20529337227344513,-2.7052934169769287,base,yes
2936,1,1,0.9465966686936261,-0.18413570523262024,-3.059135675430298,base,yes
2937,1,1,0.5312093733737563,-0.7478117942810059,-0.8728117942810059,base,yes
2938,1,1,0.7981867873410141,-0.45126813650131226,-1.826268196105957,base,yes
2939,1,1,0.9241418147556224,-0.22451646625995636,-2.7245163917541504,base,yes
2940,1,1,0.9241418252018903,-0.20717041194438934,-2.7071704864501953,base,yes
2941,1,1,0.9046505428129514,-0.3590303957462311,-2.6090304851531982,base,yes
2942,1,1,0.9859363760560114,-0.1283409744501114,-4.378341197967529,base,yes
2943,1,1,0.9626731153331315,-0.1675230711698532,-3.417523145675659,base,yes
2944,1,1,0.7981867777396212,-0.3839353322982788,-1.7589353322982788,base,yes
2945,1,1,0.9465966717067252,-0.2373957335948944,-3.112395763397217,base,yes
2946,1,1,0.9241418241572634,-0.18171542882919312,-2.681715488433838,base,yes
2947,1,1,0.9706877675527112,-0.21265679597854614,-3.7126567363739014,base,yes
2948,1,1,0.8519527906914787,-0.2917381227016449,-2.0417380332946777,base,yes
2949,1,1,0.9626731115849659,-0.242710143327713,-3.4927101135253906,base,yes
2950,1,1,0.9399133447766225,-0.26772698760032654,-3.0177268981933594,base,yes
2951,1,1,0.9669140192277585,-0.1793099194765091,-3.554309844970703,base,yes
2952,1,1,0.9149009526726544,-0.2937789261341095,-2.668778896331787,base,yes
2953,1,0,0.46879062662624377,-0.8946548104286194,-0.7696548104286194,base,no
2954,1,1,0.9740426435557125,-0.1715993583202362,-3.7965993881225586,base,yes
2955,1,1,0.9840936094544529,-0.1784323900938034,-4.303432464599609,base,yes
2956,1,1,0.9241418189341297,-0.24123097956180573,-2.7412309646606445,base,yes
2957,1,0,0.029312233295254994,-3.6060221195220947,-0.10602220892906189,base,no
2958,1,1,0.8933094174159129,-0.22774064540863037,-2.35274076461792,base,yes
2959,1,1,0.9740426401649208,-0.2081829160451889,-3.8331828117370605,base,yes
2960,1,1,0.9399133481428692,-0.26611045002937317,-3.016110420227051,base,yes
2961,1,1,0.8519527982093668,-0.26061657071113586,-2.0106165409088135,base,yes
2962,1,1,0.9669140239948331,-0.19692175090312958,-3.5719218254089355,base,yes
2963,1,1,0.8519528132451416,-0.3871530592441559,-2.137153148651123,base,yes
2964,1,1,0.9770226320971079,-0.22714915871620178,-3.977149248123169,base,yes
2965,1,1,0.9465966732132748,-0.2587575316429138,-3.1337575912475586,base,yes
2966,1,1,0.9770226317625857,-0.22763650119304657,-3.9776365756988525,base,yes
2967,1,0,0.22270012850745968,-1.664787769317627,-0.4147877097129822,base,no
2968,1,0,0.14804719427274565,-2.0005669593811035,-0.25056692957878113,base,no
2969,1,1,0.9706877709445761,-0.19309943914413452,-3.6930994987487793,base,yes
2970,1,1,0.9046505299595163,-0.22936898469924927,-2.4793689250946045,base,yes
2971,1,1,0.880797081106935,-0.286542147397995,-2.2865421772003174,base,yes
2972,1,1,0.9525741308615412,-0.23160186409950256,-3.2316019535064697,base,yes
2973,1,1,0.9579122702820998,-0.2269938439130783,-3.3519937992095947,base,yes
2974,1,1,0.9579122708828604,-0.2733171284198761,-3.3983170986175537,base,yes
2975,1,1,0.5621765008857981,-0.6522700190544128,-0.9022700190544128,base,yes
2976,1,1,0.9669140220880033,-0.21703217923641205,-3.5920321941375732,base,yes
2977,1,1,0.9669140182743434,-0.17851625382900238,-3.553516149520874,base,yes
2978,1,1,0.8175744806385543,-0.40423259139060974,-1.9042326211929321,base,yes
2979,1,1,0.9770226284173629,-0.18652589619159698,-3.936525821685791,base,yes
2980,1,1,0.7981867777396212,-0.3491586446762085,-1.7241586446762085,base,yes
2981,1,1,0.9902915252376826,-0.1383102536201477,-4.763310432434082,base,yes
2982,1,0,0.2018132174596823,-1.7124338150024414,-0.337433785200119,base,no
2983,1,1,0.9820137903011033,-0.16326425969600677,-4.163264274597168,base,yes
2984,1,1,0.5926665999540697,-0.6749734878540039,-1.049973487854004,base,yes
2985,1,1,0.9706877658567789,-0.21188175678253174,-3.711881637573242,base,yes
2986,1,1,0.9770226320971079,-0.18663659691810608,-3.9366366863250732,base,yes
2987,1,1,0.982013792143467,-0.18004977703094482,-4.180049896240234,base,yes
2988,1,1,0.9706877658567789,-0.17438852787017822,-3.6743884086608887,base,yes
2989,1,1,0.8807970779778823,-0.3296623229980469,-2.329662322998047,base,yes
2990,1,0,0.2018132174596823,-1.695650339126587,-0.3206503093242645,base,no
2991,1,1,0.9859363744030745,-0.1590360552072525,-4.409036159515381,base,yes
2992,1,1,0.9859363738865317,-0.11592333763837814,-4.3659234046936035,base,yes
2993,1,1,0.9706877679766944,-0.2119472473859787,-3.711947202682495,base,yes
2994,1,1,0.9626731099786093,-0.20079143345355988,-3.450791358947754,base,yes
2995,1,1,0.9859363717170516,-0.14318379759788513,-4.393183708190918,base,yes
2996,1,1,0.9770226287518852,-0.16777116060256958,-3.917771100997925,base,yes
2997,1,1,0.8670357563664174,-0.30390122532844543,-2.178901195526123,base,yes
2998,1,1,0.9740426454394852,-0.23056329786777496,-3.8555634021759033,base,yes
2999,1,1,0.9465966754730989,-0.23731769621372223,-3.1123178005218506,base,yes
3000,0,1,0.5926665999540697,-0.6380387544631958,-1.0130387544631958,base,yes
3001,0,1,0.8519528057272543,-0.30689331889152527,-2.0568933486938477,base,yes
3002,0,0,0.047425869811643456,-3.129091501235962,-0.12909142673015594,base,no
3003,0,1,0.7981867825403176,-0.3511185348033905,-1.726118564605713,base,yes
3004,0,1,0.5926665855647394,-0.637552797794342,-1.0125527381896973,base,yes
3005,0,0,0.1645164506075047,-2.064558982849121,-0.43955889344215393,base,no
3006,0,0,0.04208773272170267,-3.2792844772338867,-0.15428459644317627,base,no
3007,0,0,0.24508501864634827,-1.4592586755752563,-0.33425870537757874,base,no
3008,0,1,0.7772998508568416,-0.44564181566238403,-1.6956417560577393,base,yes
3009,0,1,0.6513548646660542,-0.5604476928710938,-1.1854476928710938,base,yes
3010,0,0,0.06008665522337757,-2.9031050205230713,-0.15310510993003845,base,no
3011,0,0,0.16451647108926923,-1.9047431945800781,-0.2797432541847229,base,no
3012,0,1,0.9241418220680101,-0.28357669711112976,-2.783576726913452,base,yes
3013,0,0,0.020332353491066484,-3.9287009239196777,-0.05370093137025833,base,no
3014,0,1,0.7772998508568416,-0.5264957547187805,-1.7764956951141357,base,yes
3015,0,1,0.9465966656805269,-0.26166972517967224,-3.136669635772705,base,yes
3016,0,0,0.11920291576401235,-2.216169834136963,-0.21616977453231812,base,no
3017,0,0,0.4378234844434674,-1.0018460750579834,-0.7518460154533386,base,no
3018,0,1,0.7772998560157665,-0.36259785294532776,-1.6125978231430054,base,yes
3019,0,0,0.20181321265898594,-1.6729271411895752,-0.2979270815849304,base,no
3020,0,0,0.5,-0.7858697175979614,-0.7858697175979614,base,no
3021,0,0,0.012431648566397039,-4.460773944854736,-0.0857737585902214,base,no
3022,0,1,0.9740426397881662,-0.17210018634796143,-3.797100067138672,base,yes
3023,0,1,0.8175744761936437,-0.37913668155670166,-1.8791366815567017,base,yes
3024,0,1,0.8175744761936437,-0.3269253969192505,-1.8269253969192505,base,yes
3025,0,0,0.2689414096510108,-1.3901855945587158,-0.39018553495407104,base,no
3026,0,1,0.7310585786300049,-0.43792104721069336,-1.4379210472106934,base,yes
3027,0,0,0.29421497216298875,-1.3346494436264038,-0.4596494436264038,base,no
3028,0,1,0.5312093733737563,-0.7285862565040588,-0.8535862565040588,base,yes
3029,0,0,0.1329642281726931,-2.06013822555542,-0.18513812124729156,base,no
3030,0,1,0.6513548646660542,-0.5463513135910034,-1.1713513135910034,base,yes
3031,0,0,0.042087725812957326,-3.2385880947113037,-0.11358804255723953,base,no
3032,0,0,0.09534945847239201,-2.4498984813690186,-0.19989840686321259,base,no
3033,0,0,0.24508500210441886,-1.5249252319335938,-0.399925172328949,base,no
3034,0,0,0.08509905080783367,-2.5543177127838135,-0.17931778728961945,base,no
3035,0,1,0.7772998560157665,-0.3880768120288849,-1.6380767822265625,base,yes
3036,0,1,0.5312093733737563,-0.8504965305328369,-0.9754965305328369,base,yes
3037,0,0,0.18242552380635632,-1.7761850357055664,-0.2761850357055664,base,no
3038,0,1,0.9579122732859019,-0.14635202288627625,-3.2713520526885986,base,yes
3039,0,0,0.5,-0.8422208428382874,-0.8422208428382874,base,no
3040,0,0,0.2942149783515162,-1.3467624187469482,-0.47176244854927063,base,no
3041,0,0,0.04742587721667508,-3.137943744659424,-0.137943834066391,base,no
3042,0,0,0.1329642264548166,-2.1279330253601074,-0.25293290615081787,base,no
3043,0,1,0.9149009480320036,-0.2761312425136566,-2.6511311531066895,base,yes
3044,0,1,0.9465966694469009,-0.18615318834781647,-3.0611531734466553,base,yes
3045,0,0,0.025957357386174145,-3.7353997230529785,-0.11039973050355911,base,no
3046,0,0,0.37754066879814546,-1.0730890035629272,-0.5730890035629272,base,no
3047,0,0,0.09534946875514017,-2.4919815063476562,-0.24198155105113983,base,no
3048,0,1,0.9525741268224334,-0.2314436435699463,-3.2314436435699463,base,yes
3049,0,1,0.8670357666736773,-0.26979321241378784,-2.1447932720184326,base,yes
3050,0,1,0.9241418241572634,-0.28291743993759155,-2.7829174995422363,base,yes
3051,0,0,0.4073334000459302,-1.0123993158340454,-0.6373993158340454,base,no
3052,0,1,0.6513548511303336,-0.5221834778785706,-1.1471834182739258,base,yes
3053,0,0,0.2689414213699951,-1.4344682693481445,-0.43446826934814453,base,no
3054,0,1,0.9706877713685592,-0.21179167926311493,-3.711791753768921,base,yes
3055,0,1,0.9859363751262342,-0.11620982736349106,-4.366209983825684,base,yes
3056,0,0,0.08509904268669496,-2.5541343688964844,-0.179134339094162,base,no
3057,0,1,0.7310585903489892,-0.47473496198654175,-1.4747350215911865,base,yes
3058,0,0,0.34864513533394575,-1.1621087789535522,-0.5371087789535522,base,no
3059,0,0,0.16451645880021026,-1.9143555164337158,-0.28935548663139343,base,no
3060,0,1,0.8519527982093668,-0.34166839718818665,-2.0916683673858643,base,yes
3061,0,0,0.053403325280175794,-3.0010576248168945,-0.12605753540992737,base,no
3062,0,0,0.24508500761839525,-1.5494481325149536,-0.4244481027126312,base,no
3063,0,1,0.9241418283357702,-0.22437512874603271,-2.7243752479553223,base,yes
3064,0,0,0.09534946232842245,-2.4214248657226562,-0.17142483592033386,base,no
3065,0,1,0.9149009619539553,-0.26986709237098694,-2.644867181777954,base,yes
3066,0,0,0.14804720930852133,-2.0150363445281982,-0.2650364339351654,base,no
3067,0,1,0.6224593312018546,-0.6056598424911499,-1.10565984249115,base,yes
3068,0,1,0.5621765008857981,-0.6613062024116516,-0.9113062024116516,base,yes
3069,0,1,0.8354835289107309,-0.2786317467689514,-1.9036316871643066,base,yes
3070,0,1,0.9890130586647624,-0.155633807182312,-4.655633926391602,base,yes
3071,0,1,0.9796676475477876,-0.20272870361804962,-4.077728748321533,base,yes
3072,0,0,0.007577241463955575,-4.922909259796143,-0.04790928587317467,base,no
3073,0,1,0.6513548782017746,-0.5469974875450134,-1.1719975471496582,base,yes
3074,0,0,0.02931222947940706,-3.625366687774658,-0.12536664307117462,base,no
3075,0,1,0.5926665999540697,-0.6482630968093872,-1.0232630968093872,base,yes
3076,0,0,0.11920291419948606,-2.190272331237793,-0.190272256731987,base,no
3077,0,0,0.20181321265898594,-1.6867446899414062,-0.3117446303367615,base,no
3078,0,1,0.7057850340255386,-0.45481523871421814,-1.3298152685165405,base,yes
3079,0,1,0.9046505376715775,-0.24437424540519714,-2.4943742752075195,base,yes
3080,0,0,0.1192029188930649,-2.2510762214660645,-0.25107619166374207,base,no
3081,0,1,0.5312093733737563,-0.7196459174156189,-0.8446459174156189,base,yes
3082,0,0,0.02931222905542399,-3.5973105430603027,-0.09731048345565796,base,no
3083,0,1,0.8354835371034369,-0.30835211277008057,-1.9333521127700806,base,yes
3084,0,0,0.4378234991142019,-0.9283422231674194,-0.6783422231674194,base,no
3085,0,1,0.5621765008857981,-0.7172976732254028,-0.9672976732254028,base,yes
3086,0,0,0.015906394102663417,-4.159416675567627,-0.03441682830452919,base,no
3087,0,0,0.4378234991142019,-0.9695705771446228,-0.7195705771446228,base,no
3088,0,0,0.37754066879814546,-1.0809433460235596,-0.5809433460235596,base,no
3089,0,1,0.880797071719777,-0.2685592770576477,-2.268559217453003,base,yes
3090,0,0,0.2689414096510108,-1.4289202690124512,-0.4289202094078064,base,no
3091,0,0,0.2689414213699951,-1.4119813442230225,-0.41198134422302246,base,no
3092,0,1,0.679178699175393,-0.48034143447875977,-1.2303414344787598,base,yes
3093,0,0,0.05340333055309901,-3.0112993717193604,-0.13629938662052155,base,no
3094,0,1,0.9740426412951848,-0.18929225206375122,-3.8142921924591064,base,yes
3095,0,1,0.6224593312018546,-0.5907647609710693,-1.0907647609710693,base,yes
3096,0,1,0.8807970748488297,-0.3802509605884552,-2.380250930786133,base,yes
3097,0,1,0.7310585727705126,-0.4226965010166168,-1.4226964712142944,base,yes
3098,0,0,0.05340333130637379,-3.030372142791748,-0.15537217259407043,base,no
3099,0,1,0.8175744761936437,-0.314156174659729,-1.814156174659729,base,yes
3100,0,0,0.004609571820424604,-5.424337387084961,-0.04933730885386467,base,no
3101,0,1,0.9740426435557125,-0.20829984545707703,-3.8332998752593994,base,yes
3102,0,1,0.9399133523506772,-0.2071485072374344,-2.957148551940918,base,yes
3103,0,1,0.8175744673038221,-0.32637935876846313,-1.8263792991638184,base,yes
3104,0,0,0.32082130082460697,-1.2704696655273438,-0.5204696655273438,base,no
3105,0,0,0.015906394160976806,-4.1927809715271,-0.06778112798929214,base,no
3106,0,1,0.8519528019683106,-0.3182687759399414,-2.0682687759399414,base,yes
3107,0,1,0.8933094032139576,-0.33901122212409973,-2.4640111923217773,base,yes
3108,0,0,0.2942149845400438,-1.323310375213623,-0.4483104348182678,base,no
3109,0,1,0.6791786926816161,-0.4921005070209503,-1.242100477218628,base,yes
3110,0,0,0.14804719051380197,-2.0580332279205322,-0.30803316831588745,base,no
3111,0,0,0.18242553269617778,-1.7812442779541016,-0.28124433755874634,base,no
3112,0,1,0.7772998508568416,-0.36701780557632446,-1.6170177459716797,base,yes
3113,0,1,0.9706877696726267,-0.1587517112493515,-3.6587517261505127,base,yes
3114,0,1,0.977022630759019,-0.1386527717113495,-3.888652801513672,base,yes
3115,0,1,0.5312093733737563,-0.7335504293441772,-0.8585504293441772,base,yes
3116,0,0,0.014063629729268525,-4.322665214538574,-0.07266540825366974,base,no
3117,0,1,0.8175744806385543,-0.28025779128074646,-1.7802578210830688,base,yes
3118,0,0,0.0330859819640103,-3.4689722061157227,-0.09397231787443161,base,no
3119,0,0,0.09534945975773548,-2.479177951812744,-0.22917789220809937,base,no
3120,0,1,0.914900957313305,-0.19171425700187683,-2.566714286804199,base,yes
3121,0,0,0.4073334000459302,-1.0019409656524658,-0.6269409656524658,base,no
3122,0,1,0.798186768138228,-0.40540677309036255,-1.7804067134857178,base,yes
3123,0,0,0.46879062662624377,-0.8670263290405273,-0.7420263290405273,base,no
3124,0,0,0.0019267343839386509,-6.275923728942871,-0.025923583656549454,base,no
3125,0,0,0.015906393811096483,-4.1873650550842285,-0.06236518919467926,base,no
3126,0,0,0.04742587452393617,-3.189175605773926,-0.18917563557624817,base,no
3127,0,1,0.6513548511303336,-0.5628421902656555,-1.1878421306610107,base,yes
3128,0,0,0.09534945975773548,-2.4264442920684814,-0.17644423246383667,base,no
3129,0,0,0.11920291107043361,-2.2062392234802246,-0.20623911917209625,base,no
3130,0,0,0.05340332753999997,-3.122251272201538,-0.2472512274980545,base,no
3131,0,0,0.5,-0.7910536527633667,-0.7910536527633667,base,no
3132,0,0,0.11920292828022305,-2.230464220046997,-0.23046427965164185,base,no
3133,0,1,0.7310585786300049,-0.5052424669265747,-1.5052424669265747,base,yes
3134,0,0,0.2018132270610754,-1.6680541038513184,-0.29305413365364075,base,no
3135,0,1,0.9149009526726544,-0.23466351628303528,-2.609663486480713,base,yes
3136,0,0,0.022977368655567088,-3.8066463470458984,-0.05664629116654396,base,no
3137,0,1,0.5926666143433998,-0.6656712889671326,-1.0406713485717773,base,yes
3138,0,0,0.01798621364681958,-4.070836544036865,-0.07083675265312195,base,no
3139,0,0,0.004070137791399785,-5.531596660614014,-0.031596679240465164,base,no
3140,0,1,0.8354835452961425,-0.33627694845199585,-1.9612770080566406,base,yes
3141,0,1,0.798186768138228,-0.3490329384803772,-1.7240328788757324,base,yes
3142,0,1,0.7549149813536518,-0.38386693596839905,-1.5088669061660767,base,yes
3143,0,1,0.9706877692486436,-0.23319315910339355,-3.7331931591033936,base,yes
3144,0,1,0.5621765008857981,-0.7390905022621155,-0.9890905022621155,base,yes
3145,0,0,0.4073334000459302,-0.9850096106529236,-0.6100096106529236,base,no
3146,0,1,0.9241418199787566,-0.26161670684814453,-2.7616167068481445,base,yes
3147,0,0,0.06754668738548215,-2.9184844493865967,-0.2934843897819519,base,no
3148,0,1,0.5926665999540697,-0.6466168165206909,-1.021616816520691,base,yes
3149,0,1,0.893309411735131,-0.2962619662284851,-2.42126202583313,base,yes
3150,0,0,0.4073333856566001,-1.0126981735229492,-0.6376981139183044,base,no
3151,0,0,0.2018132174596823,-1.6775977611541748,-0.3025977313518524,base,no
3152,0,1,0.7772998663336157,-0.3742625415325165,-1.6242625713348389,base,yes
3153,0,0,0.01590639217832175,-4.273535251617432,-0.14853528141975403,base,no
3154,0,1,0.7310585786300049,-0.43071651458740234,-1.4307165145874023,base,yes
3155,0,0,0.06754669489377622,-2.737882137298584,-0.11288219690322876,base,no
3156,0,0,0.0850990519679964,-2.5193541049957275,-0.1443541944026947,base,no
3157,0,1,0.5312093733737563,-0.7444100379943848,-0.8694100379943848,base,yes
3158,0,1,0.9669140216112958,-0.23714947700500488,-3.612149477005005,base,yes
3159,0,0,0.5,-0.8269755244255066,-0.8269755244255066,base,no
3160,0,0,0.2689414096510108,-1.4659051895141602,-0.4659051299095154,base,no
3161,0,1,0.8519527944504226,-0.2919049859046936,-2.041904926300049,base,yes
3162,0,0,0.4378234991142019,-0.95774245262146,-0.70774245262146,base,no
3163,0,0,0.029312230327373224,-3.63741397857666,-0.13741396367549896,base,no
3164,0,1,0.9626731094431571,-0.2218073308467865,-3.4718072414398193,base,yes
3165,0,0,0.22270014914315833,-1.598210334777832,-0.3482103943824768,base,no
3166,0,1,0.8933093946927838,-0.33907806873321533,-2.464077949523926,base,yes
3167,0,0,0.2689414330889798,-1.3762524127960205,-0.3762524724006653,base,no
3168,0,0,0.46879062662624377,-0.9041311740875244,-0.7791311740875244,base,no
3169,0,0,0.06754668550840877,-2.8355374336242676,-0.21053734421730042,base,no
3170,0,1,0.7981867825403176,-0.35233578085899353,-1.727335810661316,base,yes
3171,0,1,0.8670357701094303,-0.32180729508399963,-2.196807384490967,base,yes
3172,0,1,0.8175744806385543,-0.3632582128047943,-1.8632582426071167,base,yes
3173,0,1,0.7549149868676283,-0.4959622621536255,-1.6209622621536255,base,yes
3174,0,1,0.7057850340255386,-0.42360183596611023,-1.2986018657684326,base,yes
3175,0,1,0.9149009526726544,-0.16070345044136047,-2.535703420639038,base,yes
3176,0,0,0.24508501864634827,-1.4852590560913086,-0.360259085893631,base,no
3177,0,0,0.10669060530721626,-2.283508777618408,-0.15850889682769775,base,no
3178,0,0,0.11920292671569666,-2.1757800579071045,-0.17578010261058807,base,no
3179,0,1,0.6224593312018546,-0.5551902055740356,-1.0551902055740356,base,yes
3180,0,1,0.89330940889474,-0.3390807807445526,-2.464080810546875,base,yes
3181,0,1,0.5926665999540697,-0.667087197303772,-1.042087197303772,base,yes
3182,0,0,0.24508500210441886,-1.4874811172485352,-0.3624810576438904,base,no
3183,0,1,0.8807970748488297,-0.25540807843208313,-2.2554080486297607,base,yes
3184,0,0,0.46879062662624377,-0.8853210210800171,-0.7603210210800171,base,no
3185,0,1,0.974042642048694,-0.18909433484077454,-3.814094305038452,base,yes
3186,0,1,0.5312093733737563,-0.7626200914382935,-0.8876200914382935,base,yes
3187,0,0,0.1329642281726931,-2.105283260345459,-0.23028315603733063,base,no
3188,0,1,0.6513548782017746,-0.5373000502586365,-1.1623001098632812,base,yes
3189,0,1,0.9324533051062237,-0.2537000775337219,-2.878700017929077,base,yes
3190,0,1,0.8354835371034369,-0.3392324447631836,-1.9642324447631836,base,yes
3191,0,1,0.7549149813536518,-0.4096807539463043,-1.534680724143982,base,yes
3192,0,1,0.9669140239948331,-0.1495150774717331,-3.524515151977539,base,yes
3193,0,0,0.07585818419975078,-2.664278745651245,-0.1642788052558899,base,no
3194,0,0,0.2689414213699951,-1.4955660104751587,-0.4955660104751587,base,no
3195,0,1,0.9579122672782973,-0.2268601655960083,-3.3518600463867188,base,yes
3196,0,1,0.7310585903489892,-0.4531802535057068,-1.4531803131103516,base,yes
3197,0,0,0.0953494738965146,-2.453119993209839,-0.20312009751796722,base,no
3198,0,0,0.5,-0.7701054811477661,-0.7701054811477661,base,no
3199,0,0,0.3486451488696663,-1.177255630493164,-0.5522556900978088,base,no
3200,0,0,0.017986212857234944,-4.083772659301758,-0.08377282321453094,base,no
3201,0,1,0.9740426439324669,-0.1287211924791336,-3.753721237182617,base,yes
3202,0,0,0.05340332829327471,-3.0090744495391846,-0.13407441973686218,base,no
3203,0,1,0.97068777009661,-0.1936635673046112,-3.6936635971069336,base,yes
3204,0,0,0.13296425050508953,-2.11674165725708,-0.24174174666404724,base,no
3205,0,1,0.9241418137109955,-0.28536996245384216,-2.785369873046875,base,yes
3206,0,0,0.4073334000459302,-0.9983270168304443,-0.6233270168304443,base,no
3207,0,1,0.7549149868676283,-0.42589473724365234,-1.5508947372436523,base,yes
3208,0,0,0.18242552380635632,-1.7896950244903564,-0.28969502449035645,base,no
3209,0,0,0.2942149597859341,-1.322263479232788,-0.4472634196281433,base,no
3210,0,1,0.7057850278370112,-0.5049459934234619,-1.379945993423462,base,yes
3211,0,1,0.5312093733737563,-0.7414439916610718,-0.8664439916610718,base,yes
3212,0,1,0.9669140220880033,-0.1787576526403427,-3.553757667541504,base,yes
3213,0,0,0.46879062662624377,-0.8757306933403015,-0.7507306933403015,base,no
3214,0,0,0.22270014398423357,-1.719333291053772,-0.46933332085609436,base,no
3215,0,0,0.5,-0.9715713262557983,-0.9715713262557983,base,no
3216,0,1,0.6513548646660542,-0.5924258232116699,-1.21742582321167,base,yes
3217,0,1,0.9046505402422645,-0.26370590925216675,-2.5137059688568115,base,yes
3218,0,0,0.060086655644158424,-2.87092924118042,-0.12092933803796768,base,no
3219,0,1,0.9465966747198243,-0.21735087037086487,-3.092350959777832,base,yes
3220,0,1,0.7310585786300049,-0.3993583917617798,-1.3993583917617798,base,yes
3221,0,0,0.07585818106587033,-2.7226908206939697,-0.22269083559513092,base,no
3222,0,0,0.09534945461636171,-2.5316762924194336,-0.28167617321014404,base,no
3223,0,1,0.5312093733737563,-0.7155989408493042,-0.8405989408493042,base,yes
3224,0,1,0.94659667246,-0.21889133751392365,-3.0938913822174072,base,yes
3225,0,0,0.029312230751356316,-3.6362814903259277,-0.13628149032592773,base,no
3226,0,0,0.03308597958047282,-3.4860196113586426,-0.11101964861154556,base,no
3227,0,1,0.9465966702001757,-0.26047444343566895,-3.135474443435669,base,yes
3228,0,1,0.9465966656805269,-0.2172740399837494,-3.0922739505767822,base,yes
3229,0,0,0.20181323186177208,-1.743224859237671,-0.3682249188423157,base,no
3230,0,1,0.9399133439350607,-0.20626531541347504,-2.9562652111053467,base,yes
3231,0,1,0.8175744761936437,-0.2828603982925415,-1.7828603982925415,base,yes
3232,0,0,0.06754668832401889,-2.7979071140289307,-0.17290706932544708,base,no
3233,0,0,0.34864513533394575,-1.1250495910644531,-0.5000495910644531,base,no
3234,0,0,0.22270014914315833,-1.5788938999176025,-0.3288939595222473,base,no
3235,0,0,0.46879062662624377,-0.8880435228347778,-0.7630435228347778,base,no
3236,0,1,0.8354835411997897,-0.3133942782878876,-1.93839430809021,base,yes
3237,0,1,0.679178699175393,-0.5724450349807739,-1.322445034980774,base,yes
3238,0,1,0.7549149923816048,-0.41848787665367126,-1.5434879064559937,base,yes
3239,0,0,0.08509903688588204,-2.5902981758117676,-0.21529807150363922,base,no
3240,0,0,0.2942149845400438,-1.3167576789855957,-0.4417577385902405,base,no
3241,0,0,0.26894141551050293,-1.4054598808288574,-0.40545985102653503,base,no
3242,0,0,0.10669060246682488,-2.338966131210327,-0.2139662206172943,base,no
3243,0,0,0.042087723109535534,-3.2662696838378906,-0.14126956462860107,base,no
3244,0,1,0.7057850278370112,-0.46843862533569336,-1.3434386253356934,base,yes
3245,0,1,0.679178699175393,-0.5018649101257324,-1.2518649101257324,base,yes
3246,0,1,0.8670357735451834,-0.3667382001876831,-2.2417383193969727,base,yes
3247,0,0,0.16451645880021026,-1.943461298942566,-0.31846126914024353,base,no
3248,0,0,0.3486451217982255,-1.2251219749450684,-0.6001219153404236,base,no
3249,0,1,0.6791786926816161,-0.49516990780830383,-1.2451698780059814,base,yes
3250,0,1,0.5621765008857981,-0.674424409866333,-0.924424409866333,base,yes
3251,0,1,0.5621765008857981,-0.6568231582641602,-0.9068231582641602,base,yes
3252,0,0,0.010986944573626636,-4.641829490661621,-0.14182966947555542,base,no
3253,0,1,0.8354835371034369,-0.32200169563293457,-1.9470016956329346,base,yes
3254,0,1,0.9399133447766225,-0.1778336465358734,-2.9278335571289062,base,yes
3255,0,0,0.0035936027414893473,-5.719161510467529,-0.09416155517101288,base,no
3256,0,0,0.18242552380635632,-1.814724326133728,-0.314724326133728,base,no
3257,0,0,0.3208213138121609,-1.240074634552002,-0.49007469415664673,base,no
3258,0,0,0.0675466845698721,-2.7948079109191895,-0.1698078066110611,base,no
3259,0,0,0.0035936023679944244,-5.69188928604126,-0.06688922643661499,base,no
3260,0,1,0.7772998508568416,-0.39222484827041626,-1.6422247886657715,base,yes
3261,0,0,0.1066905911052601,-2.3879785537719727,-0.26297852396965027,base,no
3262,0,0,0.09534946361376598,-2.4112961292266846,-0.16129611432552338,base,no
3263,0,0,0.16451645470385742,-1.85471510887146,-0.22971504926681519,base,no
3264,0,0,0.46879062662624377,-0.8413617610931396,-0.7163617610931396,base,no
3265,0,0,0.3486451217982255,-1.2242505550384521,-0.5992504954338074,base,no
3266,0,0,0.37754066879814546,-1.0542875528335571,-0.5542875528335571,base,no
3267,0,0,0.2018132270610754,-1.748620629310608,-0.3736206591129303,base,no
3268,0,0,0.10669058684467357,-2.316272258758545,-0.19127218425273895,base,no
3269,0,0,0.46879062662624377,-0.8739513158798218,-0.7489513158798218,base,no
3270,0,0,0.3208213138121609,-1.2495942115783691,-0.4995942711830139,base,no
3271,0,1,0.9740426405416754,-0.17144450545310974,-3.7964444160461426,base,yes
3272,0,0,0.20181322226037882,-1.7247132062911987,-0.34971320629119873,base,no
3273,0,1,0.9324533051062237,-0.27450042963027954,-2.8995003700256348,base,yes
3274,0,1,0.8354835411997897,-0.26026245951652527,-1.8852624893188477,base,yes
3275,0,1,0.6224593312018546,-0.6597042083740234,-1.1597042083740234,base,yes
3276,0,1,0.8519528132451416,-0.2887965738773346,-2.0387966632843018,base,yes
3277,0,1,0.9626731147976793,-0.16786712408065796,-3.4178671836853027,base,yes
3278,0,0,0.003172683537603569,-5.784421443939209,-0.034421663731336594,base,no
3279,0,1,0.9149009526726544,-0.27028539776802063,-2.6452853679656982,base,yes
3280,0,0,0.010986945140344795,-4.568771839141846,-0.06877207010984421,base,no
3281,0,0,0.002472623193388627,-6.041537284851074,-0.04153729975223541,base,no
3282,0,0,0.13296424019782924,-2.205366373062134,-0.3303663730621338,base,no
3283,0,0,0.042087729717900216,-3.292030096054077,-0.16703014075756073,base,no
3284,0,1,0.6513548511303336,-0.574724018573761,-1.1997239589691162,base,yes
3285,0,0,0.24508501313237172,-1.5397509336471558,-0.41475093364715576,base,no
3286,0,1,0.9579122726851417,-0.20725558698177338,-3.3322556018829346,base,yes
3287,0,0,0.0019267350501736068,-6.3533124923706055,-0.10331269353628159,base,no
3288,0,0,0.46879062662624377,-0.8757161498069763,-0.7507161498069763,base,no
3289,0,0,0.37754066879814546,-1.0387804508209229,-0.5387804508209229,base,no
3290,0,1,0.924141817889503,-0.24268582463264465,-2.7426857948303223,base,yes
3291,0,1,0.5926666143433998,-0.6615261435508728,-1.0365262031555176,base,yes
3292,0,1,0.7772998663336157,-0.4293888509273529,-1.6793888807296753,base,yes
3293,0,0,0.02931223053936477,-3.564035654067993,-0.06403564661741257,base,no
3294,0,0,0.009708474833948886,-4.692311763763428,-0.067311592400074,base,no
3295,0,1,0.9706877675527112,-0.21268850564956665,-3.712688446044922,base,yes
3296,0,0,0.025957355125646668,-3.7279345989227295,-0.10293451696634293,base,no
3297,0,0,0.4073334000459302,-1.0020924806594849,-0.6270924806594849,base,no
3298,0,1,0.9525741248028792,-0.2129850834608078,-3.212985038757324,base,yes
3299,0,0,0.0850990519679964,-2.5486812591552734,-0.1736813485622406,base,no
3300,0,0,0.34864513533394575,-1.1571300029754639,-0.5321300029754639,base,no
3301,0,1,0.7981867729389246,-0.3661954700946808,-1.7411954402923584,base,yes
3302,0,1,0.851952809486198,-0.28573936223983765,-2.0357394218444824,base,yes
3303,0,0,0.10669059962643358,-2.3023288249969482,-0.17732888460159302,base,no
3304,0,1,0.6224593452091672,-0.5640367865562439,-1.0640368461608887,base,yes
3305,0,1,0.9525741221101401,-0.1943288892507553,-3.194328784942627,base,yes
3306,0,0,0.008577485920584663,-4.851583480834961,-0.10158354043960571,base,no
3307,0,1,0.8519527944504226,-0.27483683824539185,-2.024836778640747,base,yes
3308,0,0,0.03308597672022805,-3.4441967010498047,-0.06919664889574051,base,no
3309,0,0,0.14804719239327382,-1.9623380899429321,-0.21233804523944855,base,no
3310,0,1,0.6513548646660542,-0.5597107410430908,-1.1847107410430908,base,yes
3311,0,1,0.9579122726851417,-0.20679424703121185,-3.331794261932373,base,yes
3312,0,1,0.9046505376715775,-0.21571514010429382,-2.465715169906616,base,yes
3313,0,1,0.880797068590724,-0.32674965262413025,-2.326749563217163,base,yes
3314,0,0,0.09534947518185825,-2.458390712738037,-0.20839083194732666,base,no
3315,0,1,0.8354835411997897,-0.32497653365135193,-1.9499765634536743,base,yes
3316,0,0,0.053403329046549465,-3.0017569065093994,-0.12675689160823822,base,no
3317,0,0,0.14804720179063335,-2.0037269592285156,-0.253726989030838,base,no
3318,0,0,0.005220125384038879,-5.346317291259766,-0.09631723165512085,base,no
3319,0,0,0.14804719427274565,-1.9773993492126465,-0.2273993194103241,base,no
3320,0,0,0.11920291419948606,-2.2482330799102783,-0.24823300540447235,base,no
3321,0,1,0.5621765008857981,-0.6998257040977478,-0.9498257040977478,base,yes
3322,0,0,0.1329642281726931,-2.1162140369415283,-0.24121393263339996,base,no
3323,0,0,0.0474258704848281,-3.15848708152771,-0.15848702192306519,base,no
3324,0,0,0.18242551936144574,-1.7844605445861816,-0.28446051478385925,base,no
3325,0,1,0.5926666143433998,-0.642877995967865,-1.0178780555725098,base,yes
3326,0,0,0.022977371917159397,-3.8109657764434814,-0.06096586585044861,base,no
3327,0,0,0.07585818263281055,-2.616720676422119,-0.11672071367502213,base,no
3328,0,1,0.9859363746096915,-0.19598233699798584,-4.445982456207275,base,yes
3329,0,0,0.22270013882530884,-1.5824642181396484,-0.33246421813964844,base,no
3330,0,0,0.0675466911396291,-2.8517632484436035,-0.22676324844360352,base,no
3331,0,1,0.5621765008857981,-0.7135301232337952,-0.9635301232337952,base,yes
3332,0,0,0.5,-0.9096312522888184,-0.9096312522888184,base,no
3333,0,0,0.06008664428307651,-2.877866506576538,-0.12786640226840973,base,no
3334,0,1,0.5312093733737563,-0.7194036245346069,-0.8444036245346069,base,yes
3335,0,0,0.32082130082460697,-1.2509574890136719,-0.5009574890136719,base,no
3336,0,0,0.020332349187242645,-4.0147786140441895,-0.13977840542793274,base,no
3337,0,1,0.6513548646660542,-0.6829696893692017,-1.3079696893692017,base,yes
3338,0,0,0.01406362549361702,-4.322569847106934,-0.07256973534822464,base,no
3339,0,0,0.46879062662624377,-0.9293590784072876,-0.8043590784072876,base,no
3340,0,0,0.24508501864634827,-1.4537981748580933,-0.32879820466041565,base,no
3341,0,0,0.16451645880021026,-1.8971543312072754,-0.272154301404953,base,no
3342,0,0,0.06008665438181589,-2.8862719535827637,-0.13627202808856964,base,no
3343,0,0,0.22270013366638422,-1.5899975299835205,-0.3399975001811981,base,no
3344,0,0,0.22270013366638422,-1.560895562171936,-0.31089553236961365,base,no
3345,0,1,0.9149009526726544,-0.2040291130542755,-2.579029083251953,base,yes
3346,0,1,0.7310585727705126,-0.4894069731235504,-1.489406943321228,base,yes
3347,0,0,0.07585817897661679,-2.6607065200805664,-0.1607065051794052,base,no
3348,0,1,0.8354835371034369,-0.30616676807403564,-1.9311667680740356,base,yes
3349,0,0,0.012431649755527152,-4.518710613250732,-0.14371052384376526,base,no
3350,0,0,0.05340333507274787,-2.9803600311279297,-0.10536013543605804,base,no
3351,0,0,0.46879062662624377,-0.8637037873268127,-0.7387037873268127,base,no
3352,0,0,0.017986206540559057,-4.084568500518799,-0.08456830680370331,base,no
3353,0,0,0.014063626526702639,-4.337472915649414,-0.08747287839651108,base,no
3354,0,0,0.2942149845400438,-1.3627192974090576,-0.4877193570137024,base,no
3355,0,0,0.022977371080853633,-3.8264689445495605,-0.07646899670362473,base,no
3356,0,1,0.7981867825403176,-0.3329441249370575,-1.7079441547393799,base,yes
3357,0,1,0.6224593312018546,-0.5761152505874634,-1.0761152505874634,base,yes
3358,0,0,0.00460957120508249,-5.430858135223389,-0.05585792288184166,base,no
3359,0,0,0.0600866518571309,-2.955552816390991,-0.2055528461933136,base,no
3360,0,0,0.06754668738548215,-2.870675802230835,-0.24567574262619019,base,no
3361,0,0,0.010986941659076578,-4.594083309173584,-0.09408321976661682,base,no
3362,0,0,0.01590639509399103,-4.178525924682617,-0.0535261407494545,base,no
3363,0,1,0.939913356558485,-0.31823766231536865,-3.068237781524658,base,yes
3364,0,0,0.1480472055495773,-1.9937200546264648,-0.24372011423110962,base,no
3365,0,1,0.7981867825403176,-0.3848430812358856,-1.759843111038208,base,yes
3366,0,1,0.9324533116759811,-0.1994742900133133,-2.824474334716797,base,yes
3367,0,0,0.22270013366638422,-1.6317720413208008,-0.3817720115184784,base,no
3368,0,0,0.02931223053936477,-3.614762544631958,-0.11476253718137741,base,no
3369,0,0,0.025957358328060655,-3.7188470363616943,-0.09384708106517792,base,no
3370,0,0,0.3208213138121609,-1.214571475982666,-0.4645715355873108,base,no
3371,0,1,0.939913356558485,-0.2673853635787964,-3.017385482788086,base,yes
3372,0,0,0.007577239811157005,-4.955634117126465,-0.08063392341136932,base,no
3373,0,0,0.04742587654349034,-3.1481897830963135,-0.14818985760211945,base,no
3374,0,1,0.6224593312018546,-0.5765978097915649,-1.076597809791565,base,yes
3375,0,0,0.3775406828054583,-1.0545084476470947,-0.5545085072517395,base,no
3376,0,1,0.9626731126558706,-0.2008206844329834,-3.4508206844329834,base,yes
3377,0,1,0.7057850154599563,-0.43586093187332153,-1.3108608722686768,base,yes
3378,0,1,0.6513548646660542,-0.6159824132919312,-1.2409824132919312,base,yes
3379,0,0,0.24508501313237172,-1.5246994495391846,-0.39969944953918457,base,no
3380,0,0,0.18242552380635632,-1.7565429210662842,-0.2565429210662842,base,no
3381,0,0,0.29421496597446145,-1.29084050655365,-0.4158404767513275,base,no
3382,0,1,0.9149009480320036,-0.23486241698265076,-2.6098623275756836,base,yes
3383,0,0,0.3486451488696663,-1.1460142135620117,-0.5210142731666565,base,no
3384,0,0,0.4378234991142019,-0.8981906771659851,-0.6481906771659851,base,no
3385,0,1,0.7057850402140659,-0.43777841329574585,-1.3127784729003906,base,yes
3386,0,1,0.8519527982093668,-0.34369781613349915,-2.0936977863311768,base,yes
3387,0,1,0.7549149923816048,-0.3687410056591034,-1.4937410354614258,base,yes
3388,0,0,0.006692850057476976,-5.057154655456543,-0.05715452507138252,base,no
3389,0,1,0.5312093733737563,-0.6922959089279175,-0.8172959089279175,base,yes
3390,0,0,0.037326884934594504,-3.3671185970306396,-0.11711852997541428,base,no
3391,0,0,0.0259573547488921,-3.727282762527466,-0.10228266566991806,base,no
3392,0,1,0.9241418158002492,-0.2830060124397278,-2.783005952835083,base,yes
3393,0,1,0.8519527869325346,-0.2729555368423462,-2.0229554176330566,base,yes
3394,0,0,0.007577242500456555,-5.01227331161499,-0.13727347552776337,base,no
3395,0,1,0.904650538956921,-0.22742457687854767,-2.4774246215820312,base,yes
3396,0,0,0.37754066879814546,-1.0382206439971924,-0.5382206439971924,base,no
3397,0,0,0.09534946618445303,-2.4060513973236084,-0.1560514122247696,base,no
3398,0,1,0.9626731153331315,-0.15336529910564423,-3.40336537361145,base,yes
3399,0,0,0.014063624770457132,-4.322202205657959,-0.07220204174518585,base,no
3400,0,1,0.8519528132451416,-0.26181378960609436,-2.0118138790130615,base,yes
3401,0,0,0.06754669395523943,-2.7956786155700684,-0.17067866027355194,base,no
3402,0,0,0.0373268852023206,-3.3853535652160645,-0.13535350561141968,base,no
3403,0,0,0.014063625338654184,-4.300828456878662,-0.05082833394408226,base,no
3404,0,0,0.10669058826486906,-2.313506841659546,-0.18850678205490112,base,no
3405,0,1,0.7057850278370112,-0.5138176679611206,-1.3888176679611206,base,yes
3406,0,1,0.6513548646660542,-0.574760913848877,-1.199760913848877,base,yes
3407,0,0,0.05340332829327471,-3.0004031658172607,-0.12540313601493835,base,no
3408,0,1,0.6791786861878392,-0.47846490144729614,-1.2284648418426514,base,yes
3409,0,1,0.5621765008857981,-0.6638285517692566,-0.9138285517692566,base,yes
3410,0,1,0.8933094003735664,-0.2769477963447571,-2.4019477367401123,base,yes
3411,0,0,0.04742586846527418,-3.13832426071167,-0.13832415640354156,base,no
3412,0,0,0.029312231811314076,-3.6057889461517334,-0.10578898340463638,base,no
3413,0,0,0.05340333205964859,-3.009065628051758,-0.1340656727552414,base,no
3414,0,1,0.6791786926816161,-0.4916575253009796,-1.2416574954986572,base,yes
3415,0,0,0.0330859781503504,-3.476806879043579,-0.1018068715929985,base,no
3416,0,0,0.0066928502556044805,-5.05726957321167,-0.05726947262883186,base,no
3417,0,1,0.9324533060447605,-0.16243962943553925,-2.7874395847320557,base,yes
3418,0,0,0.34864513533394575,-1.1420259475708008,-0.5170259475708008,base,no
3419,0,0,0.09534947004048376,-2.4106431007385254,-0.16064316034317017,base,no
3420,0,0,0.29421497216298875,-1.3289827108383179,-0.45398271083831787,base,no
3421,0,1,0.6791787121629466,-0.6493684649467468,-1.3993685245513916,base,yes
3422,0,1,0.7981867729389246,-0.3278430998325348,-1.7028430700302124,base,yes
3423,0,0,0.4378234991142019,-0.9552921056747437,-0.7052921056747437,base,no
3424,0,1,0.5621765008857981,-0.7361481189727783,-0.9861481189727783,base,yes
3425,0,0,0.022977367233847502,-3.8112077713012695,-0.06120765209197998,base,no
3426,0,1,0.9669140230414182,-0.1784951239824295,-3.553495168685913,base,yes
3427,0,1,0.9579122702820998,-0.18758778274059296,-3.3125877380371094,base,yes
3428,0,0,0.03732688921821231,-3.3515188694000244,-0.10151892155408859,base,no
3429,0,1,0.9241418272911436,-0.2072528749704361,-2.7072529792785645,base,yes
3430,0,0,0.08509904732734556,-2.532256841659546,-0.1572568714618683,base,no
3431,0,0,0.0035936031950189497,-5.691949367523193,-0.06694953888654709,base,no
3432,0,0,0.02595735606753309,-3.7582342624664307,-0.13323421776294708,base,no
3433,0,0,0.02297736991002561,-3.840341806411743,-0.09034180641174316,base,no
3434,0,0,0.03308597934211908,-3.528937339782715,-0.15393736958503723,base,no
3435,0,0,0.10669059252545564,-2.3102402687072754,-0.1852402538061142,base,no
3436,0,1,0.9820137929330514,-0.14731533825397491,-4.147315502166748,base,yes
3437,0,0,0.5,-0.811751127243042,-0.811751127243042,base,no
3438,0,1,0.7549149813536518,-0.3669797480106354,-1.491979718208313,base,yes
3439,0,0,0.4073334000459302,-0.9714938402175903,-0.5964938402175903,base,no
3440,0,0,0.017986212067650338,-4.077398300170898,-0.07739841938018799,base,no
3441,0,0,0.07585818315512395,-2.681903839111328,-0.1819038838148117,base,no
3442,0,1,0.8670357598021706,-0.2890777587890625,-2.1640777587890625,base,yes
3443,0,0,0.03732688332823794,-3.332113742828369,-0.08211363106966019,base,no
3444,0,0,0.11920292671569666,-2.249053478240967,-0.24905352294445038,base,no
3445,0,0,0.3775406828054583,-1.0683817863464355,-0.5683818459510803,base,no
3446,0,1,0.9740426401649208,-0.1893972009420395,-3.814397096633911,base,yes
3447,0,1,0.9525741241296944,-0.16436487436294556,-3.164364814758301,base,yes
3448,0,1,0.7310585786300049,-0.4536832571029663,-1.4536832571029663,base,yes
3449,0,0,0.11920292828022305,-2.3135578632354736,-0.3135579228401184,base,no
3450,0,1,0.9626731094431571,-0.20020875334739685,-3.4502086639404297,base,yes
3451,0,0,0.004609572333209761,-5.430189609527588,-0.05518964305520058,base,no
3452,0,0,0.24508500761839525,-1.4825679063796997,-0.3575678765773773,base,no
3453,0,0,0.22270013366638422,-1.584110975265503,-0.33411094546318054,base,no
3454,0,0,0.029312230327373224,-3.614940881729126,-0.11494086682796478,base,no
3455,0,1,0.5621765008857981,-0.7036095261573792,-0.9536095261573792,base,yes
3456,0,0,0.2942149783515162,-1.3166929483413696,-0.441692978143692,base,no
3457,0,1,0.6513548646660542,-0.5455397367477417,-1.1705397367477417,base,yes
3458,0,0,0.2689414330889798,-1.401702880859375,-0.4017029404640198,base,no
3459,0,1,0.8933093975331751,-0.2400427758693695,-2.3650426864624023,base,yes
3460,0,1,0.9626731115849659,-0.22008922696113586,-3.4700891971588135,base,yes
3461,0,1,0.982013788985129,-0.16288429498672485,-4.16288423538208,base,yes
3462,0,0,0.1480471961522176,-1.977259635925293,-0.22725962102413177,base,no
3463,0,1,0.7549149868676283,-0.4389150142669678,-1.5639150142669678,base,yes
3464,0,1,0.8670357494949105,-0.28674110770225525,-2.161741018295288,base,yes
3465,0,1,0.7772998714925403,-0.40655583143234253,-1.6565558910369873,base,yes
3466,0,0,0.06754668644694548,-2.7601165771484375,-0.13511650264263153,base,no
3467,0,0,0.03308597529010575,-3.452833890914917,-0.07783379405736923,base,no
3468,0,0,0.003172682642196871,-5.803292274475098,-0.05329221114516258,base,no
3469,0,0,0.05340333130637379,-3.0116758346557617,-0.1366758644580841,base,no
3470,0,0,0.029312231811314076,-3.583498239517212,-0.0834982767701149,base,no
3471,0,0,0.020332353342658753,-3.979905128479004,-0.1049051284790039,base,no
3472,0,0,0.16451645880021026,-1.8810933828353882,-0.2560933530330658,base,no
3473,0,1,0.754914997895581,-0.4049765467643738,-1.5299766063690186,base,yes
3474,0,0,0.02931223053936477,-3.5912973880767822,-0.09129738062620163,base,no
3475,0,1,0.9149009480320036,-0.25257477164268494,-2.6275746822357178,base,yes
3476,0,0,0.0953494648991095,-2.4299070835113525,-0.17990708351135254,base,no
3477,0,0,0.2689414213699951,-1.3668875694274902,-0.36688756942749023,base,no
3478,0,1,0.8933093946927838,-0.34173309803009033,-2.466732978820801,base,yes
3479,0,0,0.010986942063875151,-4.593029022216797,-0.0930289700627327,base,no
3480,0,0,0.18242552825126704,-1.763840675354004,-0.2638407051563263,base,no
3481,0,0,0.03732689082456911,-3.3577780723571777,-0.1077781692147255,base,no
3482,0,0,0.007577240875671297,-4.927799701690674,-0.05279964953660965,base,no
3483,0,1,0.7549149868676283,-0.379705548286438,-1.504705548286438,base,yes
3484,0,0,0.007577239923211134,-4.92793607711792,-0.052935898303985596,base,no
3485,0,0,0.001926734992863064,-6.308000087738037,-0.05800025910139084,base,no
3486,0,0,0.20181322226037882,-1.7148984670639038,-0.3398984670639038,base,no
3487,0,0,0.060086646807761206,-2.8943183422088623,-0.14431828260421753,base,no
3488,0,1,0.6791786926816161,-0.4795866310596466,-1.2295866012573242,base,yes
3489,0,0,0.07585818733363135,-2.6456024646759033,-0.14560256898403168,base,no
3490,0,0,0.09534946875514017,-2.4234046936035156,-0.1734047383069992,base,no
3491,0,0,0.014063630194157182,-4.311398029327393,-0.061398256570100784,base,no
3492,0,1,0.9706877684006775,-0.1325097382068634,-3.632509708404541,base,yes
3493,0,0,0.3486451488696663,-1.1368467807769775,-0.5118468403816223,base,no
3494,0,0,0.007577241267860811,-4.933717250823975,-0.05871725082397461,base,no
3495,0,0,0.14804721306746543,-2.111654281616211,-0.3616544008255005,base,no
3496,0,0,0.01098694303539179,-4.547050952911377,-0.04705099016427994,base,no
3497,0,1,0.880797081106935,-0.29111453890800476,-2.291114568710327,base,yes
3498,0,1,0.6224593312018546,-0.5453659296035767,-1.0453659296035767,base,yes
3499,0,1,0.5926665999540697,-0.6155655384063721,-0.9905655384063721,base,yes
3500,0,0,0.017986209172507078,-4.101312160491943,-0.10131211578845978,base,no
3501,0,1,0.8519528170040853,-0.3031052350997925,-2.053105354309082,base,yes
3502,0,0,0.4073334000459302,-0.9616184830665588,-0.5866184830665588,base,no
3503,0,0,0.4378234991142019,-0.9149338603019714,-0.6649338603019714,base,no
3504,0,0,0.0021827167374313507,-6.1771321296691895,-0.0521322637796402,base,no
3505,0,0,0.022977370411809046,-3.832484483718872,-0.08248450607061386,base,no
3506,0,0,0.01406362497707424,-4.310277462005615,-0.060277312994003296,base,no
3507,0,1,0.754914997895581,-0.453901469707489,-1.5789015293121338,base,yes
3508,0,1,0.7981867825403176,-0.40442976355552673,-1.7794297933578491,base,yes
3509,0,1,0.9241418137109955,-0.24089917540550232,-2.740899085998535,base,yes
3510,0,0,0.4378234844434674,-1.0365266799926758,-0.786526620388031,base,no
3511,0,0,0.008577485477071068,-4.8039960861206055,-0.053996093571186066,base,no
3512,0,0,0.4378235137849365,-1.1135973930358887,-0.8635974526405334,base,no
3513,0,1,0.7549149813536518,-0.40444234013557434,-1.529442310333252,base,yes
3514,0,0,0.014063628076331205,-4.338305950164795,-0.08830602467060089,base,no
3515,0,1,0.7057850340255386,-0.4318319261074066,-1.306831955909729,base,yes
3516,0,1,0.8933093946927838,-0.2590590715408325,-2.384058952331543,base,yes
3517,0,0,0.29421497216298875,-1.335002064704895,-0.460002064704895,base,no
3518,0,1,0.7549149923816048,-0.3795107305049896,-1.504510760307312,base,yes
3519,0,0,0.37754066879814546,-1.028082251548767,-0.5280822515487671,base,no
3520,0,1,0.7310585903489892,-0.3913494944572449,-1.3913495540618896,base,yes
3521,0,0,0.04208772851637929,-3.2198569774627686,-0.09485699236392975,base,no
3522,0,1,0.7310585727705126,-0.3768930733203888,-1.3768930435180664,base,yes
3523,0,0,0.029312229903390143,-3.589797019958496,-0.0897969901561737,base,no
3524,0,1,0.5621765008857981,-0.7021155953407288,-0.9521155953407288,base,yes
3525,0,1,0.7057850278370112,-0.5048061609268188,-1.3798061609268188,base,yes
3526,0,0,0.01243164902375476,-4.4914727210998535,-0.11647257208824158,base,no
3527,0,1,0.5926665999540697,-0.6469956636428833,-1.0219956636428833,base,yes
3528,0,0,0.24508500761839525,-1.472032070159912,-0.3470320403575897,base,no
3529,0,1,0.6791787121629466,-0.4807226061820984,-1.2307226657867432,base,yes
3530,0,0,0.1329642436335826,-2.108579397201538,-0.23357942700386047,base,no
3531,0,0,0.24508501313237172,-1.4633662700653076,-0.3383662700653076,base,no
3532,0,0,0.2942149845400438,-1.3556993007659912,-0.480699360370636,base,no
3533,0,0,0.09534945975773548,-2.4570248126983643,-0.20702475309371948,base,no
3534,0,0,0.5,-0.8110842704772949,-0.8110842704772949,base,no
3535,0,1,0.9465966732132748,-0.21974939107894897,-3.0947494506835938,base,yes
3536,0,1,0.9770226324316302,-0.18595494329929352,-3.935955047607422,base,yes
3537,0,1,0.9399133531922388,-0.20645016431808472,-2.9564502239227295,base,yes
3538,0,0,0.29421497216298875,-1.309586524963379,-0.4345865249633789,base,no
3539,0,1,0.966914017797636,-0.21690666675567627,-3.5919065475463867,base,yes
3540,0,0,0.5,-0.7976698875427246,-0.7976698875427246,base,no
3541,0,0,0.37754066879814546,-1.105757713317871,-0.6057577133178711,base,no
3542,0,0,0.03732688948593843,-3.34993839263916,-0.09993845224380493,base,no
3543,0,0,0.022977368906458788,-3.832960844039917,-0.08296079933643341,base,no
3544,0,0,0.05340332678672523,-3.0198967456817627,-0.14489668607711792,base,no
3545,0,1,0.5621765008857981,-0.6858059167861938,-0.9358059167861938,base,yes
3546,0,1,0.7057850216484838,-0.46717026829719543,-1.342170238494873,base,yes
3547,0,0,0.18242551936144574,-1.7539949417114258,-0.2539949119091034,base,no
3548,0,0,0.07585817584273653,-2.6923675537109375,-0.19236749410629272,base,no
3549,0,1,0.9046505376715775,-0.2812463939189911,-2.5312464237213135,base,yes
3550,0,1,0.974042642048694,-0.15534237027168274,-3.7803423404693604,base,yes
3551,0,1,0.6791786861878392,-0.49189096689224243,-1.2418909072875977,base,yes
3552,0,0,0.22270013882530884,-1.6552530527114868,-0.4052530527114868,base,no
3553,0,1,0.6224593312018546,-0.5774534940719604,-1.0774534940719604,base,yes
3554,0,0,0.16451645470385742,-1.9719047546386719,-0.3469046950340271,base,no
3555,0,0,0.18242551936144574,-1.7403984069824219,-0.2403983771800995,base,no
3556,0,1,0.9706877705205931,-0.1921374350786209,-3.6921374797821045,base,yes
3557,0,1,0.8670357563664174,-0.2678878605365753,-2.142887830734253,base,yes
3558,0,0,0.012431649481112502,-4.461616516113281,-0.0866164043545723,base,no
3559,0,1,0.9241418220680101,-0.2830824553966522,-2.7830824851989746,base,yes
3560,0,0,0.007577242080253438,-4.92837381362915,-0.053373921662569046,base,no
3561,0,0,0.2018132174596823,-1.6732503175735474,-0.298250287771225,base,no
3562,0,0,0.01590639077880068,-4.224160671234131,-0.09916061162948608,base,no
3563,0,0,0.37754066879814546,-1.1166915893554688,-0.6166915893554688,base,no
3564,0,0,0.005911068943804928,-5.1669511795043945,-0.041951194405555725,base,no
3565,0,1,0.9669140235181256,-0.14861911535263062,-3.5236191749572754,base,yes
3566,0,0,0.003172683514040231,-5.803116798400879,-0.05311701074242592,base,no
3567,0,1,0.7310585903489892,-0.4549409747123718,-1.4549410343170166,base,yes
3568,0,0,0.34864513533394575,-1.1488667726516724,-0.5238667726516724,base,no
3569,0,0,0.20181322226037882,-1.6965123414993286,-0.3215123414993286,base,no
3570,0,0,0.2018132174596823,-1.7333827018737793,-0.3583826720714569,base,no
3571,0,0,0.32082130082460697,-1.2713919878005981,-0.5213919878005981,base,no
3572,0,0,0.4073334000459302,-1.0062988996505737,-0.6312988996505737,base,no
3573,0,1,0.6224593312018546,-0.565325140953064,-1.065325140953064,base,yes
3574,0,0,0.029312233295254994,-3.5978033542633057,-0.09780344367027283,base,no
3575,0,1,0.9770226300899744,-0.18676161766052246,-3.9367616176605225,base,yes
3576,0,1,0.5621765008857981,-0.6904953718185425,-0.9404953718185425,base,yes
3577,0,0,0.24508501864634827,-1.566346287727356,-0.44134631752967834,base,no
3578,0,0,0.02033235156176603,-3.989335060119629,-0.11433497071266174,base,no
3579,0,0,0.06008664933244599,-2.884500741958618,-0.13450072705745697,base,no
3580,0,1,0.8807970842359877,-0.31088751554489136,-2.310887575149536,base,yes
3581,0,0,0.1066905854244781,-2.421848773956299,-0.29684868454933167,base,no
3582,0,0,0.32082130082460697,-1.251231074333191,-0.5012310743331909,base,no
3583,0,0,0.09534946875514017,-2.379653215408325,-0.12965326011180878,base,no
3584,0,0,0.32082130082460697,-1.2562991380691528,-0.5062991380691528,base,no
3585,0,0,0.0373268854700467,-3.364856004714966,-0.11485595256090164,base,no
3586,0,1,0.6224593171945417,-0.5566835999488831,-1.0566835403442383,base,yes
3587,0,1,0.9399133498259924,-0.2900516986846924,-3.0400516986846924,base,yes
3588,0,0,0.029312229903390143,-3.572506904602051,-0.0725068747997284,base,no
3589,0,0,0.46879062662624377,-0.8412677645683289,-0.7162677645683289,base,no
3590,0,0,0.0159063953272446,-4.207294464111328,-0.08229469507932663,base,no
3591,0,0,0.033085976005166884,-3.477555513381958,-0.10255543887615204,base,no
3592,0,0,0.02297736756836975,-3.8679494857788086,-0.11794938147068024,base,no
3593,0,0,0.008577486870971015,-4.851054668426514,-0.1010548397898674,base,no
3594,0,0,0.007577242836619065,-4.955257415771484,-0.08025762438774109,base,no
3595,0,0,0.03732688895048618,-3.3754310607910156,-0.1254311054944992,base,no
3596,0,0,0.4378234991142019,-0.9869511127471924,-0.7369511127471924,base,no
3597,0,0,0.05340332829327471,-2.9751036167144775,-0.10010358691215515,base,no
3598,0,0,0.20181322226037882,-1.6780991554260254,-0.3030991554260254,base,no
3599,0,1,0.6513548646660542,-0.5498666763305664,-1.1748666763305664,base,yes
3600,0,1,0.7057850154599563,-0.4553142189979553,-1.3303141593933105,base,yes
3601,0,1,0.7310585727705126,-0.4001728594303131,-1.4001728296279907,base,yes
3602,0,0,0.020332353936289693,-3.9621899127960205,-0.0871899425983429,base,no
3603,0,0,0.37754066879814546,-1.094468355178833,-0.594468355178833,base,no
3604,0,0,0.03732689109229525,-3.3322083950042725,-0.08220849931240082,base,no
3605,0,1,0.9324533022906132,-0.18415246903896332,-2.809152364730835,base,yes
3606,0,1,0.754914997895581,-0.41927570104599,-1.5442757606506348,base,yes
3607,0,0,0.033085978388704126,-3.44351863861084,-0.06851863861083984,base,no
3608,0,1,0.9241418189341297,-0.2260763794183731,-2.726076364517212,base,yes
3609,0,0,0.3775406547908327,-1.0849149227142334,-0.5849148631095886,base,no
3610,0,0,0.46879062662624377,-0.815649151802063,-0.690649151802063,base,no
3611,0,0,0.020332351858581475,-3.970238208770752,-0.09523813426494598,base,no
3612,0,0,0.22270012850745968,-1.5535709857940674,-0.3035709261894226,base,no
3613,0,1,0.9525741288419872,-0.1941811591386795,-3.194181203842163,base,yes
3614,0,1,0.9399133439350607,-0.19123969972133636,-2.941239595413208,base,yes
3615,0,1,0.9740426443092215,-0.2091197371482849,-3.8341197967529297,base,yes
3616,0,0,0.22270014398423357,-1.5567991733551025,-0.3067992031574249,base,no
3617,0,1,0.6513548511303336,-0.5197094082832336,-1.1447093486785889,base,yes
3618,0,0,0.4378234991142019,-0.948460042476654,-0.698460042476654,base,no
3619,0,0,0.06008664428307651,-2.8669931888580322,-0.11699308454990387,base,no
3620,0,0,0.14804719427274565,-1.989998459815979,-0.23999843001365662,base,no
3621,0,1,0.8933094032139576,-0.2576780617237091,-2.3826780319213867,base,yes
3622,0,1,0.5926665999540697,-0.6252732276916504,-1.0002732276916504,base,yes
3623,0,1,0.7549149868676283,-0.39346563816070557,-1.5184656381607056,base,yes
3624,0,0,0.047425867792089564,-3.13101863861084,-0.1310185194015503,base,no
3625,0,0,0.037326884666868405,-3.3757741451263428,-0.1257740706205368,base,no
3626,0,0,0.02931223159932252,-3.7662417888641357,-0.26624181866645813,base,no
3627,0,1,0.8175744761936437,-0.32835638523101807,-1.828356385231018,base,yes
3628,0,1,0.7549149923816048,-0.4321461617946625,-1.5571461915969849,base,yes
3629,0,0,0.24508501313237172,-1.4819915294647217,-0.3569915294647217,base,no
3630,0,1,0.9324533051062237,-0.23569661378860474,-2.86069655418396,base,yes
3631,0,1,0.7057850278370112,-0.48553967475891113,-1.3605396747589111,base,yes
3632,0,0,0.05340333055309901,-3.0174434185028076,-0.1424434334039688,base,no
3633,0,1,0.6224593312018546,-0.6086921691894531,-1.1086921691894531,base,yes
3634,0,0,0.4073334000459302,-0.965053141117096,-0.590053141117096,base,no
3635,0,0,0.18242552158390105,-1.7425583600997925,-0.2425583451986313,base,no
3636,0,0,0.37754066879814546,-1.0924161672592163,-0.5924161672592163,base,no
3637,0,1,0.851952809486198,-0.3635343909263611,-2.113534450531006,base,yes
3638,0,1,0.9820137863531804,-0.14709731936454773,-4.147097110748291,base,yes
3639,0,0,0.46879062662624377,-0.8934417963027954,-0.7684417963027954,base,no
3640,0,0,0.06008665522337757,-2.913841962814331,-0.16384205222129822,base,no
3641,0,0,0.5,-0.8320505619049072,-0.8320505619049072,base,no
3642,0,1,0.9465966679403514,-0.1841598004102707,-3.059159755706787,base,yes
3643,0,1,0.8175744761936437,-0.36250197887420654,-1.8625019788742065,base,yes
3644,0,0,0.008577485825546034,-4.7832489013671875,-0.03324894979596138,base,no
3645,0,1,0.9324533144915912,-0.23445287346839905,-2.859452962875366,base,yes
3646,0,1,0.9241418262465169,-0.2617568075656891,-2.7617568969726562,base,yes
3647,0,1,0.8807970779778823,-0.3080158233642578,-2.308015823364258,base,yes
3648,0,0,0.014063626423394072,-4.357301712036133,-0.10730166733264923,base,no
3649,0,1,0.7981867729389246,-0.4055146276950836,-1.7805145978927612,base,yes
3650,0,0,0.16451646699291617,-1.8657562732696533,-0.2407563030719757,base,no
3651,0,1,0.939913343093499,-0.15402567386627197,-2.9040255546569824,base,yes
3652,0,0,0.0046095718375174415,-5.429610729217529,-0.05461065471172333,base,no
3653,0,0,0.008577486237380102,-4.840108394622803,-0.0901084914803505,base,no
3654,0,0,0.0203323520069892,-3.954798936843872,-0.0797988697886467,base,no
3655,0,0,0.02931222820745785,-3.6258444786071777,-0.12584438920021057,base,no
3656,0,1,0.9241418210233833,-0.18062828481197357,-2.6806282997131348,base,yes
3657,0,1,0.7549149868676283,-0.5009869337081909,-1.625986933708191,base,yes
3658,0,1,0.7057850402140659,-0.4455050826072693,-1.320505142211914,base,yes
3659,0,0,0.13296425050508953,-2.1197454929351807,-0.24474558234214783,base,no
3660,0,0,0.07585818106587033,-2.720397472381592,-0.220397487282753,base,no
3661,0,0,0.37754066879814546,-1.0968883037567139,-0.5968883037567139,base,no
3662,0,1,0.9324533135530545,-0.2331485003232956,-2.8581485748291016,base,yes
3663,0,0,0.00591106881246323,-5.187633514404297,-0.06263350695371628,base,no
3664,0,1,0.8354835330070839,-0.321811705827713,-1.9468116760253906,base,yes
3665,0,1,0.8354835330070839,-0.3390348255634308,-1.9640347957611084,base,yes
3666,0,0,0.025957359835079137,-3.75679612159729,-0.1317962259054184,base,no
3667,0,1,0.8807970701552504,-0.2409718781709671,-2.240971803665161,base,yes
3668,0,0,0.0373268854700467,-3.358348846435547,-0.1083487942814827,base,no
3669,0,0,0.10669059394565118,-2.316232204437256,-0.19123220443725586,base,no
3670,0,1,0.9149009480320036,-0.2719617784023285,-2.6469616889953613,base,yes
3671,0,0,0.24508501864634827,-1.4699387550354004,-0.3449387848377228,base,no
3672,0,0,0.14804719051380197,-2.068343162536621,-0.3183431029319763,base,no
3673,0,0,0.22270013882530884,-1.6031014919281006,-0.3531014919281006,base,no
3674,0,0,0.004070138561537168,-5.554251670837402,-0.05425187945365906,base,no
3675,0,0,0.10669060388702058,-2.316462278366089,-0.19146238267421722,base,no
3676,0,0,0.32082130082460697,-1.1991631984710693,-0.44916319847106934,base,no
3677,0,0,0.22270012850745968,-1.6386187076568604,-0.3886186480522156,base,no
3678,0,1,0.5312093733737563,-0.7996616959571838,-0.9246616959571838,base,yes
3679,0,0,0.24508501864634827,-1.4661827087402344,-0.34118273854255676,base,no
3680,0,1,0.7981867729389246,-0.3138691484928131,-1.6888691186904907,base,yes
3681,0,1,0.9465966709534505,-0.21752046048641205,-3.0925204753875732,base,yes
3682,0,0,0.0850990357257195,-2.627107620239258,-0.25210750102996826,base,no
3683,0,0,0.18242552380635632,-1.7817131280899048,-0.2817131280899048,base,no
3684,0,0,0.32082130082460697,-1.2727309465408325,-0.5227309465408325,base,no
3685,0,0,0.0035936026347765083,-5.7091827392578125,-0.0841827541589737,base,no
3686,0,1,0.8354835411997897,-0.32196006178855896,-1.9469600915908813,base,yes
3687,0,1,0.7772998611746911,-0.4731452465057373,-1.7231452465057373,base,yes
3688,0,1,0.9465966754730989,-0.13655461370944977,-3.011554718017578,base,yes
3689,0,0,0.10669059962643358,-2.3259317874908447,-0.2009318470954895,base,no
3690,0,1,0.8354835289107309,-0.2924266457557678,-1.917426586151123,base,yes
3691,0,0,0.037326884131416216,-3.373905897140503,-0.12390580773353577,base,no
3692,0,0,0.010986944168827973,-4.539543151855469,-0.03954329341650009,base,no
3693,0,0,0.017986213120429816,-4.085188388824463,-0.08518856763839722,base,no
3694,0,1,0.8175744673038221,-0.3607044816017151,-1.8607044219970703,base,yes
3695,0,1,0.6224593312018546,-0.6108818054199219,-1.1108818054199219,base,yes
3696,0,0,0.0675466845698721,-2.7688586711883545,-0.14385856688022614,base,no
3697,0,0,0.16451647108926923,-1.898061990737915,-0.2730620503425598,base,no
3698,0,1,0.9626731121204184,-0.1999044567346573,-3.449904441833496,base,yes
3699,0,1,0.94659667246,-0.18434114754199982,-3.0593411922454834,base,yes
3700,0,0,0.18242551936144574,-1.907354474067688,-0.4073544442653656,base,no
3701,0,1,0.9875683504274161,-0.1267928034067154,-4.501792907714844,base,yes
3702,0,0,0.46879062662624377,-0.8419840335845947,-0.7169840335845947,base,no
3703,0,1,0.9579122732859019,-0.18953678011894226,-3.3145368099212646,base,yes
3704,0,1,0.8354835330070839,-0.3113674223423004,-1.936367392539978,base,yes
3705,0,1,0.7549149923816048,-0.42016252875328064,-1.545162558555603,base,yes
3706,0,0,0.4073334000459302,-1.1042429208755493,-0.7292429208755493,base,no
3707,0,0,0.04208772371029592,-3.2464241981506348,-0.12142409384250641,base,no
3708,0,1,0.9706877726405082,-0.1592482328414917,-3.6592483520507812,base,yes
3709,0,0,0.012431653231446594,-4.453031539916992,-0.07803173363208771,base,no
3710,0,0,0.10669058826486906,-2.307870864868164,-0.1828708052635193,base,no
3711,0,0,0.03732688921821231,-3.3189618587493896,-0.06896191090345383,base,no
3712,0,1,0.914900950352329,-0.23509341478347778,-2.610093355178833,base,yes
3713,0,1,0.9324533126145177,-0.1852392554283142,-2.810239315032959,base,yes
3714,0,1,0.8933094003735664,-0.2744789719581604,-2.3994789123535156,base,yes
3715,0,1,0.9046505376715775,-0.22874781489372253,-2.478747844696045,base,yes
3716,0,0,0.24508501313237172,-1.6184606552124023,-0.49346065521240234,base,no
3717,0,1,0.7981867777396212,-0.507050633430481,-1.882050633430481,base,yes
3718,0,0,0.01243165231673086,-4.470275402069092,-0.09527552127838135,base,no
3719,0,1,0.9465966762263737,-0.17011487483978271,-3.0451149940490723,base,yes
3720,0,0,0.04208772461143651,-3.2178702354431152,-0.09287015348672867,base,no
3721,0,0,0.06754668550840877,-2.7771201133728027,-0.15212002396583557,base,no
3722,0,0,0.1192029188930649,-2.258427381515503,-0.25842735171318054,base,no
3723,0,0,0.11920292515117029,-2.311711072921753,-0.3117111027240753,base,no
3724,0,1,0.9046505312448597,-0.21498803794384003,-2.4649879932403564,base,yes
3725,0,0,0.24508501313237172,-1.476937174797058,-0.3519371747970581,base,no
3726,0,0,0.16451646699291617,-1.8591774702072144,-0.23417750000953674,base,no
3727,0,0,0.06754668738548215,-2.776036024093628,-0.15103596448898315,base,no
3728,0,0,0.02595735569077852,-3.7293057441711426,-0.1043056845664978,base,no
3729,0,0,0.060086648490884395,-2.892622709274292,-0.1426226794719696,base,no
3730,0,1,0.6224593312018546,-0.576712965965271,-1.076712965965271,base,yes
3731,0,0,0.18242552380635632,-1.7856844663619995,-0.2856844663619995,base,no
3732,0,0,0.015906390837114055,-4.18294620513916,-0.05794614925980568,base,no
3733,0,0,0.0675466845698721,-2.73288893699646,-0.1078888326883316,base,no
3734,0,0,0.003172683419786883,-5.809532165527344,-0.059532348066568375,base,no
3735,0,1,0.9770226294209299,-0.18606331944465637,-3.936063289642334,base,yes
3736,0,1,0.9241418252018903,-0.22429434955120087,-2.724294424057007,base,yes
3737,0,0,0.02931222863144092,-3.599135637283325,-0.09913556277751923,base,no
3738,0,1,0.9149009619539553,-0.2507089674472809,-2.625709056854248,base,yes
3739,0,1,0.8519528019683106,-0.2500181198120117,-2.0000181198120117,base,yes
3740,0,1,0.9626731137267751,-0.1831965148448944,-3.433196544647217,base,yes
3741,0,1,0.9241418283357702,-0.26312100887298584,-2.7631211280822754,base,yes
3742,0,1,0.9626731115849659,-0.15393665432929993,-3.4039366245269775,base,yes
3743,0,1,0.8175744761936437,-0.42729711532592773,-1.9272971153259277,base,yes
3744,0,1,0.7310585727705126,-0.39818957448005676,-1.3981895446777344,base,yes
3745,0,1,0.9046505248181417,-0.30530035495758057,-2.555300235748291,base,yes
3746,0,1,0.9579122684798184,-0.24743470549583435,-3.372434616088867,base,yes
3747,0,0,0.053403325280175794,-3.0392062664031982,-0.16420617699623108,base,no
3748,0,0,0.009708474833948886,-4.692772388458252,-0.06777221709489822,base,no
3749,0,0,0.02931222947940706,-3.5734643936157227,-0.07346434891223907,base,no
3750,0,1,0.7772998611746911,-0.37791597843170166,-1.6279159784317017,base,yes
3751,0,1,0.6224593312018546,-0.6001371145248413,-1.1001371145248413,base,yes
3752,0,1,0.8519527982093668,-0.3414004147052765,-2.091400384902954,base,yes
3753,0,0,0.060086648490884395,-2.9402174949645996,-0.19021746516227722,base,no
3754,0,0,0.2942149597859341,-1.3115291595458984,-0.43652909994125366,base,no
3755,0,1,0.8933094145755219,-0.25746384263038635,-2.3824639320373535,base,yes
3756,0,0,0.08509904152653235,-2.513232946395874,-0.13823290169239044,base,no
3757,0,1,0.8354835411997897,-0.3068053424358368,-1.9318053722381592,base,yes
3758,0,0,0.37754066879814546,-1.068605899810791,-0.568605899810791,base,no
3759,0,1,0.9046505428129514,-0.2618500292301178,-2.511850118637085,base,yes
3760,0,0,0.29421497216298875,-1.3772218227386475,-0.5022218227386475,base,no
3761,0,0,0.022977369073719923,-3.858464241027832,-0.10846420377492905,base,no
3762,0,0,0.14804718675485834,-2.0203988552093506,-0.2703987658023834,base,no
3763,0,1,0.9740426405416754,-0.21002516150474548,-3.8350250720977783,base,yes
3764,0,0,0.010986942387714022,-4.5468339920043945,-0.04683396965265274,base,no
3765,0,0,0.0675466911396291,-2.7963781356811523,-0.17137813568115234,base,no
3766,0,0,0.18242553269617778,-1.841630458831787,-0.3416305184364319,base,no
3767,0,0,0.5,-0.7917048931121826,-0.7917048931121826,base,no
3768,0,0,0.0953494674697966,-2.4681036472320557,-0.21810367703437805,base,no
3769,0,1,0.9579122750881832,-0.15755264461040497,-3.282552719116211,base,yes
3770,0,1,0.8354835330070839,-0.2937069237232208,-1.9187068939208984,base,yes
3771,0,0,0.2689414272294874,-1.3999872207641602,-0.39998725056648254,base,no
3772,0,1,0.8175744761936437,-0.32585763931274414,-1.8258576393127441,base,yes
3773,0,0,0.06008664596619963,-2.884199380874634,-0.13419930636882782,base,no
3774,0,0,0.5,-0.8001337647438049,-0.8001337647438049,base,no
3775,0,1,0.8670357494949105,-0.25776419043540955,-2.1327641010284424,base,yes
3776,0,1,0.9525741288419872,-0.1506940871477127,-3.1506941318511963,base,yes
3777,0,0,0.01798620706694863,-4.136655330657959,-0.13665516674518585,base,no
3778,0,1,0.5312093733737563,-0.7735339403152466,-0.8985339403152466,base,yes
3779,0,0,0.3208212878370535,-1.358332872390747,-0.6083328127861023,base,no
3780,0,0,0.04208772641371775,-3.21803617477417,-0.09303613752126694,base,no
3781,0,1,0.5312093733737563,-0.784533679485321,-0.909533679485321,base,yes
3782,0,0,0.34864513533394575,-1.1128146648406982,-0.48781466484069824,base,no
3783,0,0,0.14804720930852133,-2.019249200820923,-0.26924929022789,base,no
3784,0,1,0.5621765008857981,-0.6867201328277588,-0.9367201328277588,base,yes
3785,0,0,0.014063625183691352,-4.357638835906982,-0.10763870179653168,base,no
3786,0,0,0.20181322226037882,-1.669247031211853,-0.294247031211853,base,no
3787,0,1,0.5621765008857981,-0.7020063400268555,-0.9520063400268555,base,yes
3788,0,0,0.03732688680867724,-3.338259220123291,-0.08825920522212982,base,no
3789,0,0,0.2689414096510108,-1.381831169128418,-0.3818311095237732,base,no
3790,0,1,0.5312093733737563,-0.8001322746276855,-0.9251322746276855,base,yes
3791,0,0,0.02931222799546632,-3.573422908782959,-0.07342281192541122,base,no
3792,0,1,0.9525741248028792,-0.16420011222362518,-3.1642000675201416,base,yes
3793,0,1,0.6224593312018546,-0.660843014717102,-1.160843014717102,base,yes
3794,0,1,0.5312093733737563,-0.7385830283164978,-0.8635830283164978,base,yes
3795,0,0,0.005220126196527655,-5.319011211395264,-0.06901130825281143,base,no
3796,0,0,0.020332351710173755,-3.9429798126220703,-0.06797973066568375,base,no
3797,0,1,0.89330940889474,-0.3208448588848114,-2.445844888687134,base,yes
3798,0,1,0.8807970858005139,-0.2160121649503708,-2.2160122394561768,base,yes
3799,0,0,0.022977371582637088,-3.8408074378967285,-0.09080751240253448,base,no
3800,0,0,0.2689414213699951,-1.505523443222046,-0.5055234432220459,base,no
3801,0,0,0.22270014398423357,-1.5717045068740845,-0.32170453667640686,base,no
3802,0,0,0.029312233083263427,-3.579155683517456,-0.07915576547384262,base,no
3803,0,1,0.6513548782017746,-0.5575506091117859,-1.1825506687164307,base,yes
3804,0,1,0.5926666143433998,-0.641446053981781,-1.0164461135864258,base,yes
3805,0,0,0.014063627146554044,-4.368873119354248,-0.11887312680482864,base,no
3806,0,1,0.5926665999540697,-0.6123632192611694,-0.9873632192611694,base,yes
3807,0,1,0.9149009549929797,-0.23500275611877441,-2.6100027561187744,base,yes
3808,0,0,0.02297736857193652,-3.8683464527130127,-0.11834639310836792,base,no
3809,0,1,0.9399133557169234,-0.19130004942417145,-2.9413001537323,base,yes
3810,0,0,0.07585818315512395,-2.6573617458343506,-0.15736179053783417,base,no
3811,0,0,0.1329642333263228,-2.087745428085327,-0.21274536848068237,base,no
3812,0,0,0.06754668879328725,-2.732001304626465,-0.10700126737356186,base,no
3813,0,0,0.10669059962643358,-2.3081865310668945,-0.1831865906715393,base,no
3814,0,0,0.4378234991142019,-0.9534216523170471,-0.7034216523170471,base,no
3815,0,0,0.2689414272294874,-1.3701369762420654,-0.3701370060443878,base,no
3816,0,1,0.8175744806385543,-0.29147860407829285,-1.7914786338806152,base,yes
3817,0,1,0.9840936087546924,-0.13051697611808777,-4.25551700592041,base,yes
3818,0,0,0.006692850230838542,-5.122751712799072,-0.12275160849094391,base,no
3819,0,1,0.5926665999540697,-0.6275216341018677,-1.0025216341018677,base,yes
3820,0,0,0.37754066879814546,-1.0590059757232666,-0.5590059757232666,base,no
3821,0,1,0.9149009631141181,-0.23623384535312653,-2.611233949661255,base,yes
3822,0,1,0.679178699175393,-0.5038635730743408,-1.2538635730743408,base,yes
3823,0,0,0.02297736991002561,-3.8035690784454346,-0.05356907844543457,base,no
3824,0,0,0.34864513533394575,-1.1748243570327759,-0.5498243570327759,base,no
3825,0,1,0.9046505248181417,-0.28144371509552,-2.5314435958862305,base,yes
3826,0,0,0.03732688573777281,-3.3758983612060547,-0.1258983165025711,base,no
3827,0,0,0.22270014398423357,-1.5896202325820923,-0.3396202623844147,base,no
3828,0,1,0.6224593312018546,-0.5638161897659302,-1.0638161897659302,base,yes
3829,0,0,0.13296424878721277,-2.1086792945861816,-0.2336793690919876,base,no
3830,0,0,0.08509903920620716,-2.567915916442871,-0.19291584193706512,base,no
3831,0,1,0.8807970654616711,-0.3080683946609497,-2.30806827545166,base,yes
3832,0,0,0.07585818628900447,-2.6424381732940674,-0.14243826270103455,base,no
3833,0,0,0.11920292984474948,-2.1902384757995605,-0.19023855030536652,base,no
3834,0,0,0.029312227359491745,-3.584850788116455,-0.08485066890716553,base,no
3835,0,0,0.46879062662624377,-0.8801132440567017,-0.7551132440567017,base,no
3836,0,1,0.9706877692486436,-0.21274662017822266,-3.7127466201782227,base,yes
3837,0,1,0.9465966732132748,-0.20105880498886108,-3.076058864593506,base,yes
3838,0,0,0.1480471961522176,-1.9639097452163696,-0.21390973031520844,base,no
3839,0,0,0.012431650761714258,-4.461048126220703,-0.08604811877012253,base,no
3840,0,1,0.7310585727705126,-0.4392155706882477,-1.4392155408859253,base,yes
3841,0,0,0.08509903804604459,-2.5182430744171143,-0.1432429850101471,base,no
3842,0,0,0.005911068155754778,-5.293642997741699,-0.16864287853240967,base,no
3843,0,1,0.8175744761936437,-0.31448543071746826,-1.8144854307174683,base,yes
3844,0,1,0.8519528019683106,-0.32157325744628906,-2.071573257446289,base,yes
3845,0,1,0.8670357735451834,-0.304775595664978,-2.1797757148742676,base,yes
3846,0,1,0.8933094103149354,-0.24183984100818634,-2.36683988571167,base,yes
3847,0,0,0.18242553269617778,-1.7757854461669922,-0.27578550577163696,base,no
3848,0,1,0.8670357494949105,-0.2560039460659027,-2.1310038566589355,base,yes
3849,0,1,0.6513548646660542,-0.5363678932189941,-1.1613678932189941,base,yes
3850,0,1,0.7981867873410141,-0.32844823598861694,-1.7034482955932617,base,yes
3851,0,0,0.08509903688588204,-2.5464227199554443,-0.17142261564731598,base,no
3852,0,1,0.8807970842359877,-0.3075947165489197,-2.3075947761535645,base,yes
3853,0,1,0.893309411735131,-0.27739423513412476,-2.4023942947387695,base,yes
3854,0,0,0.004609572999830552,-5.4434638023376465,-0.06846398115158081,base,no
3855,0,0,0.04742587587030561,-3.1172478199005127,-0.11724787950515747,base,no
3856,0,0,0.04742587452393617,-3.1352145671844482,-0.13521459698677063,base,no
3857,0,0,0.11920292515117029,-2.245480537414551,-0.24548056721687317,base,no
3858,0,0,0.20181322226037882,-1.7074010372161865,-0.3324010372161865,base,no
3859,0,0,0.06754668926255561,-2.785297155380249,-0.16029712557792664,base,no
3860,0,0,0.18242552380635632,-1.783679485321045,-0.2836794853210449,base,no
3861,0,0,0.4073334000459302,-0.9849234819412231,-0.6099234819412231,base,no
3862,0,1,0.8354835411997897,-0.3243272006511688,-1.9493272304534912,base,yes
3863,0,1,0.7057850278370112,-0.519408106803894,-1.394408106803894,base,yes
3864,0,1,0.8354835289107309,-0.32256799936294556,-1.9475679397583008,base,yes
3865,0,0,0.29421496597446145,-1.2972254753112793,-0.4222254455089569,base,no
3866,0,0,0.010986942428193881,-4.562035083770752,-0.06203506514430046,base,no
3867,0,0,0.014063625906851259,-4.338452339172363,-0.08845225721597672,base,no
3868,0,1,0.5621765008857981,-0.685901939868927,-0.935901939868927,base,yes
3869,0,0,0.4073334000459302,-0.9937911629676819,-0.6187911629676819,base,no
3870,0,1,0.9796676472509721,-0.1355414092540741,-4.0105414390563965,base,yes
3871,0,0,0.010986941820996006,-4.543124675750732,-0.04312460124492645,base,no
3872,0,0,0.0066928512710080395,-5.063763618469238,-0.06376367062330246,base,no
3873,0,1,0.9669140216112958,-0.2618751525878906,-3.6368751525878906,base,yes
3874,0,0,0.4378234991142019,-0.9615461230278015,-0.7115461230278015,base,no
3875,0,1,0.9706877717925421,-0.17529621720314026,-3.6752963066101074,base,yes
3876,0,1,0.7981867825403176,-0.35220906138420105,-1.7272090911865234,base,yes
3877,0,0,0.04742587721667508,-3.1185262203216553,-0.11852630972862244,base,no
3878,0,1,0.9706877675527112,-0.15928035974502563,-3.659280300140381,base,yes
3879,0,1,0.9465966739665496,-0.21841590106487274,-3.0934159755706787,base,yes
3880,0,1,0.5312093733737563,-0.7412615418434143,-0.8662615418434143,base,yes
3881,0,1,0.9525741315347259,-0.19330157339572906,-3.1933016777038574,base,yes
3882,0,0,0.10669059536584675,-2.3031516075134277,-0.17815162241458893,base,no
3883,0,1,0.9525741241296944,-0.19447356462478638,-3.1944735050201416,base,yes
3884,0,1,0.932453304167687,-0.21485860645771027,-2.8398585319519043,base,yes
3885,0,1,0.9399133447766225,-0.24296364188194275,-2.9929635524749756,base,yes
3886,0,0,0.002800926613349621,-5.941299915313721,-0.06629978865385056,base,no
3887,0,0,0.02595735606753309,-3.8022022247314453,-0.17720218002796173,base,no
3888,0,1,0.9579122750881832,-0.1895095556974411,-3.314509630203247,base,yes
3889,0,1,0.9149009526726544,-0.2350039780139923,-2.61000394821167,base,yes
3890,0,0,0.020332349780873466,-4.002450466156006,-0.12745028734207153,base,no
3891,0,0,0.1480472055495773,-2.0315864086151123,-0.2815864682197571,base,no
3892,0,1,0.8354835452961425,-0.3395647406578064,-1.9645648002624512,base,yes
3893,0,0,0.053403325280175794,-2.9762399196624756,-0.10123983025550842,base,no
3894,0,1,0.8933094060543487,-0.2593801021575928,-2.3843801021575928,base,yes
3895,0,0,0.09534946618445303,-2.444664716720581,-0.19466473162174225,base,no
3896,0,1,0.7772998611746911,-0.36496877670288086,-1.6149687767028809,base,yes
3897,0,0,0.29421496597446145,-1.3052828311920166,-0.4302828013896942,base,no
3898,0,0,0.06008665606493926,-2.8945794105529785,-0.14457951486110687,base,no
3899,0,1,0.754914997895581,-0.36806100606918335,-1.4930610656738281,base,yes
3900,0,1,0.914900950352329,-0.2700689435005188,-2.645068883895874,base,yes
3901,0,1,0.9579122750881832,-0.20695845782756805,-3.331958532333374,base,yes
3902,0,0,0.18242551491653522,-1.776695966720581,-0.2766959071159363,base,no
3903,0,1,0.5926665999540697,-0.683822751045227,-1.058822751045227,base,yes
3904,0,0,0.20181323186177208,-1.6816322803497314,-0.3066323399543762,base,no
3905,0,0,0.37754066879814546,-1.0584983825683594,-0.5584983825683594,base,no
3906,0,0,0.05340332866991209,-2.9892852306365967,-0.11428520828485489,base,no
3907,0,1,0.8354835411997897,-0.3421346843242645,-1.967134714126587,base,yes
3908,0,1,0.7772998611746911,-0.39255666732788086,-1.6425566673278809,base,yes
3909,0,1,0.9399133447766225,-0.2885323464870453,-3.038532257080078,base,yes
3910,0,1,0.8175744806385543,-0.3763239085674286,-1.876323938369751,base,yes
3911,0,0,0.11920293140927592,-2.1840834617614746,-0.18408355116844177,base,no
3912,0,1,0.6513548782017746,-0.5429803729057312,-1.167980432510376,base,yes
3913,0,1,0.9046505286741726,-0.21492083370685577,-2.46492075920105,base,yes
3914,0,0,0.1066905854244781,-2.321070909500122,-0.1960708200931549,base,no
3915,0,1,0.9579122696813394,-0.22614151239395142,-3.3511414527893066,base,yes
3916,0,1,0.9241418262465169,-0.2635747492313385,-2.7635748386383057,base,yes
3917,0,0,0.07585817270885642,-2.6725471019744873,-0.17254699766635895,base,no
3918,0,0,0.06754669020109236,-2.7631096839904785,-0.13810966908931732,base,no
3919,0,1,0.8519528132451416,-0.3216024935245514,-2.0716025829315186,base,yes
3920,0,0,0.11920291263495983,-2.264821767807007,-0.2648216784000397,base,no
3921,0,0,0.22270014398423357,-1.5548597574234009,-0.30485978722572327,base,no
3922,0,0,0.1480472055495773,-1.970954418182373,-0.22095447778701782,base,no
3923,0,0,0.0600866518571309,-2.8846633434295654,-0.13466337323188782,base,no
3924,0,0,0.3775406828054583,-1.0917375087738037,-0.5917375683784485,base,no
3925,0,0,0.32082130731838393,-1.2232465744018555,-0.47324660420417786,base,no
3926,0,0,0.029312228843432455,-3.598273754119873,-0.09827368706464767,base,no
3927,0,1,0.9770226320971079,-0.16839662194252014,-3.9183967113494873,base,yes
3928,0,0,0.22270013882530884,-1.6853535175323486,-0.43535351753234863,base,no
3929,0,1,0.9324533135530545,-0.23281995952129364,-2.8578200340270996,base,yes
3930,0,1,0.8519527982093668,-0.30698302388191223,-2.05698299407959,base,yes
3931,0,0,0.0953494648991095,-2.4120731353759766,-0.16207313537597656,base,no
3932,0,0,0.037326884934594504,-3.3278968334198,-0.07789676636457443,base,no
3933,0,1,0.6513548782017746,-0.6167740225791931,-1.241774082183838,base,yes
3934,0,1,0.9626731147976793,-0.2203499674797058,-3.4703500270843506,base,yes
3935,0,1,0.5312093733737563,-0.7615997791290283,-0.8865997791290283,base,yes
3936,0,1,0.6791786861878392,-0.49271541833877563,-1.2427153587341309,base,yes
3937,0,1,0.7310585903489892,-0.4480676054954529,-1.4480676651000977,base,yes
3938,0,1,0.9525741227833249,-0.21211513876914978,-3.2121150493621826,base,yes
3939,0,1,0.8933094145755219,-0.2437686026096344,-2.3687686920166016,base,yes
3940,0,0,0.37754066879814546,-1.0521718263626099,-0.5521718263626099,base,no
3941,0,1,0.6224593171945417,-0.6192255616188049,-1.1192255020141602,base,yes
3942,0,0,0.46879062662624377,-0.8554094433784485,-0.7304094433784485,base,no
3943,0,0,0.32082130731838393,-1.214416265487671,-0.4644162952899933,base,no
3944,0,0,0.2942149845400438,-1.3684849739074707,-0.4934850335121155,base,no
3945,0,1,0.5926665999540697,-0.6669524908065796,-1.0419524908065796,base,yes
3946,0,0,0.37754066879814546,-1.0575569868087769,-0.5575569868087769,base,no
3947,0,0,0.012431649481112502,-4.445136070251465,-0.07013595849275589,base,no
3948,0,0,0.0017007224430598356,-6.415417194366455,-0.04041721299290657,base,no
3949,0,1,0.7772998714925403,-0.41052764654159546,-1.6605277061462402,base,yes
3950,0,1,0.8933094074745443,-0.24416397511959076,-2.369163990020752,base,yes
3951,0,1,0.867035763237924,-0.30513545870780945,-2.180135488510132,base,yes
3952,0,1,0.7549149868676283,-0.37752819061279297,-1.502528190612793,base,yes
3953,0,1,0.9820137887219341,-0.16317708790302277,-4.163177013397217,base,yes
3954,0,0,0.04208772611333754,-3.3056561946868896,-0.18065614998340607,base,no
3955,0,0,0.0675466911396291,-2.7750141620635986,-0.15001416206359863,base,no
3956,0,1,0.9626731089077046,-0.1840427964925766,-3.4340426921844482,base,yes
3957,0,0,0.22270013882530884,-1.604550838470459,-0.354550838470459,base,no
3958,0,0,0.08509904036636974,-2.5585947036743164,-0.18359464406967163,base,no
3959,0,1,0.5312093733737563,-0.7430424094200134,-0.8680424094200134,base,yes
3960,0,0,0.32082130082460697,-1.2882468700408936,-0.5382468700408936,base,no
3961,0,1,0.7549149923816048,-0.41910693049430847,-1.5441069602966309,base,yes
3962,0,1,0.9324533135530545,-0.21651975810527802,-2.841519832611084,base,yes
3963,0,0,0.5,-0.8171034455299377,-0.8171034455299377,base,no
3964,0,0,0.4378234991142019,-0.9283941984176636,-0.6783941984176636,base,no
3965,0,0,0.13296423676207594,-2.1283154487609863,-0.25331541895866394,base,no
3966,0,1,0.9579122678790578,-0.2259434312582016,-3.3509433269500732,base,yes
3967,0,0,0.020332353342658753,-3.9431512355804443,-0.06815123558044434,base,no
3968,0,0,0.18242551936144574,-1.8016893863677979,-0.30168935656547546,base,no
3969,0,1,0.7981867729389246,-0.36662033200263977,-1.7416203022003174,base,yes
3970,0,1,0.5312093733737563,-0.7946327328681946,-0.9196327328681946,base,yes
3971,0,0,0.24508501864634827,-1.532132863998413,-0.4071328938007355,base,no
3972,0,1,0.5312093733737563,-0.729175865650177,-0.854175865650177,base,yes
3973,0,1,0.9046505453836383,-0.2132352590560913,-2.463235378265381,base,yes
3974,0,0,0.46879062662624377,-0.8410359621047974,-0.7160359621047974,base,no
3975,0,1,0.9149009619539553,-0.29419460892677307,-2.6691946983337402,base,yes
3976,0,0,0.32082129433083023,-1.2279078960418701,-0.47790786623954773,base,no
3977,0,0,0.37754066879814546,-1.1129372119903564,-0.6129372119903564,base,no
3978,0,1,0.9149009526726544,-0.25419214367866516,-2.6291921138763428,base,yes
3979,0,0,0.2689414096510108,-1.433643102645874,-0.43364304304122925,base,no
3980,0,1,0.7057850278370112,-0.4995157718658447,-1.3745157718658447,base,yes
3981,0,0,0.0474258704848281,-3.171971082687378,-0.17197102308273315,base,no
3982,0,0,0.02595735757455145,-3.7705323696136475,-0.14553238451480865,base,no
3983,0,0,0.04208773121980142,-3.2489261627197266,-0.12392624467611313,base,no
3984,0,1,0.679178699175393,-0.48084723949432373,-1.2308472394943237,base,yes
3985,0,0,0.11920291107043361,-2.1853573322296143,-0.1853572279214859,base,no
3986,0,1,0.754914975839675,-0.4219732880592346,-1.5469732284545898,base,yes
3987,0,0,0.4073334000459302,-0.9755027294158936,-0.6005027294158936,base,no
3988,0,0,0.16451646699291617,-1.8538357019424438,-0.22883573174476624,base,no
3989,0,0,0.03732688948593843,-3.375687599182129,-0.12568765878677368,base,no
3990,0,0,0.03308597552845946,-3.494641065597534,-0.11964097619056702,base,no
3991,0,1,0.5621765155565327,-0.7738096117973328,-1.0238096714019775,base,yes
3992,0,1,0.9241418210233833,-0.22458551824092865,-2.72458553314209,base,yes
3993,0,0,0.04742587250438209,-3.148203134536743,-0.14820311963558197,base,no
3994,0,0,0.3208213138121609,-1.3048841953277588,-0.5548842549324036,base,no
3995,0,1,0.8670357701094303,-0.36976948380470276,-2.24476957321167,base,yes
3996,0,1,0.7772998508568416,-0.45035868883132935,-1.7003586292266846,base,yes
3997,0,0,0.06008664428307651,-2.8686604499816895,-0.1186603456735611,base,no
3998,0,0,0.006692851469135581,-5.034642696380615,-0.0346427783370018,base,no
3999,0,0,0.24508501313237172,-1.4670300483703613,-0.34203004837036133,base,no
4000,0,0,0.007577239615062284,-4.923229217529297,-0.048228997737169266,base,no
4001,0,1,0.7772998611746911,-0.39301061630249023,-1.6430106163024902,base,yes
4002,0,1,0.754914997895581,-0.45373624563217163,-1.5787363052368164,base,yes
4003,0,0,0.1192029188930649,-2.1855452060699463,-0.1855451762676239,base,no
4004,0,0,0.46879062662624377,-0.860779881477356,-0.735779881477356,base,no
4005,0,1,0.8519527982093668,-0.3044317066669464,-2.054431676864624,base,yes
4006,0,0,0.10669059962643358,-2.325814962387085,-0.20081502199172974,base,no
4007,0,1,0.6513548782017746,-0.5592910647392273,-1.184291124343872,base,yes
4008,0,1,0.7981867825403176,-0.38377484679222107,-1.7587748765945435,base,yes
4009,0,0,0.14804719427274565,-2.046781301498413,-0.2967812716960907,base,no
4010,0,1,0.9579122720843811,-0.17192935943603516,-3.296929359436035,base,yes
4011,0,0,0.14804719427274565,-2.0282373428344727,-0.27823731303215027,base,no
4012,0,1,0.9740426435557125,-0.17108914256095886,-3.7960891723632812,base,yes
4013,0,0,0.020332351858581475,-3.919076919555664,-0.04407684504985809,base,no
4014,0,0,0.46879062662624377,-0.8791502714157104,-0.7541502714157104,base,no
4015,0,0,0.025957355125646668,-3.6900222301483154,-0.06502214819192886,base,no
4016,0,1,0.966914017797636,-0.2160869836807251,-3.5910868644714355,base,yes
4017,0,0,0.16451646699291617,-1.8442492485046387,-0.21924927830696106,base,no
4018,0,1,0.5926665999540697,-0.648652195930481,-1.023652195930481,base,yes
4019,0,0,0.06754668644694548,-2.8080835342407227,-0.1830834597349167,base,no
4020,0,1,0.8175744761936437,-0.4495835304260254,-1.9495835304260254,base,yes
4021,0,0,0.0066928498841154135,-5.057699680328369,-0.057699523866176605,base,no
4022,0,0,0.0675466977093867,-2.7484986782073975,-0.12349878251552582,base,no
4023,0,1,0.8519527906914787,-0.2892225682735443,-2.039222478866577,base,yes
4024,0,1,0.904650527388829,-0.26089605689048767,-2.5108959674835205,base,yes
4025,0,1,0.9626731158685837,-0.14039435982704163,-3.390394449234009,base,yes
4026,0,1,0.8807970732843035,-0.2390625923871994,-2.239062547683716,base,yes
4027,0,1,0.679178699175393,-0.5936487913131714,-1.3436487913131714,base,yes
4028,0,0,0.4073333856566001,-1.0241546630859375,-0.6491546034812927,base,no
4029,0,1,0.7057850278370112,-0.4707580804824829,-1.345758080482483,base,yes
4030,0,0,0.37754066879814546,-1.2120935916900635,-0.7120935916900635,base,no
4031,0,1,0.8933094145755219,-0.2938357889652252,-2.4188358783721924,base,yes
4032,0,0,0.10669058826486906,-2.312735080718994,-0.18773502111434937,base,no
4033,0,1,0.952574129515172,-0.2131316065788269,-3.2131316661834717,base,yes
4034,0,1,0.731058584489497,-0.43294283747673035,-1.4329428672790527,base,yes
4035,0,0,0.4378234991142019,-0.9499781131744385,-0.6999781131744385,base,no
4036,0,0,0.20181322226037882,-1.7453213930130005,-0.3703213930130005,base,no
4037,0,1,0.7310585786300049,-0.39838290214538574,-1.3983829021453857,base,yes
4038,0,1,0.9579122750881832,-0.15937916934490204,-3.284379243850708,base,yes
4039,0,0,0.09534945590170514,-2.495175838470459,-0.24517573416233063,base,no
4040,0,0,0.1480472055495773,-1.9800770282745361,-0.2300770878791809,base,no
4041,0,1,0.679178699175393,-0.5199598073959351,-1.269959807395935,base,yes
4042,0,0,0.2942149597859341,-1.3540735244750977,-0.4790734648704529,base,no
4043,0,0,0.13296423676207594,-2.1098520755767822,-0.23485204577445984,base,no
4044,0,1,0.679178699175393,-0.5225496292114258,-1.2725496292114258,base,yes
4045,0,1,0.8354835411997897,-0.34100577235221863,-1.966005802154541,base,yes
4046,0,1,0.5621765008857981,-0.686702311038971,-0.936702311038971,base,yes
4047,0,1,0.8807970842359877,-0.3085591197013855,-2.3085591793060303,base,yes
4048,0,0,0.2942149845400438,-1.3537673950195312,-0.478767454624176,base,no
4049,0,0,0.009708477305236761,-4.663123607635498,-0.03812369331717491,base,no
4050,0,1,0.8670357460591569,-0.3047581911087036,-2.179758071899414,base,yes
4051,0,0,0.014063626216776943,-4.297586917877197,-0.04758685827255249,base,no
4052,0,1,0.7772998663336157,-0.33969733119010925,-1.5896973609924316,base,yes
4053,0,0,0.29421497216298875,-1.2911309003829956,-0.4161309003829956,base,no
4054,0,1,0.5312093733737563,-0.7725507020950317,-0.8975507020950317,base,yes
4055,0,1,0.6224593312018546,-0.5576848983764648,-1.0576848983764648,base,yes
4056,0,0,0.46879062662624377,-0.9032653570175171,-0.7782653570175171,base,no
4057,0,1,0.9770226317625857,-0.18534009158611298,-3.935340166091919,base,yes
4058,0,1,0.9324533032291502,-0.2740572392940521,-2.899057149887085,base,yes
4059,0,0,0.20181321265898594,-1.6908531188964844,-0.3158530592918396,base,no
4060,0,1,0.9579122678790578,-0.22478137910366058,-3.3497812747955322,base,yes
4061,0,1,0.7549149923816048,-0.43523356318473816,-1.5602335929870605,base,yes
4062,0,1,0.8933094174159129,-0.31812751293182373,-2.4431276321411133,base,yes
4063,0,1,0.817574471748733,-0.38585641980171204,-1.8858563899993896,base,yes
4064,0,0,0.042087730919421175,-3.2449169158935547,-0.11991699039936066,base,no
4065,0,0,0.04742587115801275,-3.0995724201202393,-0.09957237541675568,base,no
4066,0,1,0.5312093733737563,-0.7856873273849487,-0.9106873273849487,base,yes
4067,0,1,0.5312093733737563,-0.7498390078544617,-0.8748390078544617,base,yes
4068,0,1,0.7772998560157665,-0.4265839159488678,-1.6765838861465454,base,yes
4069,0,1,0.5621765008857981,-0.6993430256843567,-0.9493430256843567,base,yes
4070,0,1,0.7549149868676283,-0.43850159645080566,-1.5635015964508057,base,yes
4071,0,1,0.6513548782017746,-0.47665828466415405,-1.1016583442687988,base,yes
4072,0,1,0.7772998611746911,-0.36147868633270264,-1.6114786863327026,base,yes
4073,0,0,0.05340333130637379,-3.052321672439575,-0.17732170224189758,base,no
4074,0,1,0.880797081106935,-0.3083746135234833,-2.3083746433258057,base,yes
4075,0,0,0.03308598053388778,-3.469702959060669,-0.09470302611589432,base,no
4076,0,0,0.09534947132582737,-2.406618118286133,-0.15661819279193878,base,no
4077,0,1,0.8519527906914787,-0.3198636472225189,-2.0698635578155518,base,yes
4078,0,0,0.02297736740110863,-3.8210794925689697,-0.07107938081026077,base,no
4079,0,0,0.10669058684467357,-2.3200342655181885,-0.1950341910123825,base,no
4080,0,0,0.0021827165427072332,-6.171125888824463,-0.04612593352794647,base,no
4081,0,0,0.22270014398423357,-1.55588960647583,-0.30588963627815247,base,no
4082,0,0,0.05340333431947304,-3.0006847381591797,-0.12568482756614685,base,no
4083,0,1,0.9820137913538827,-0.18070261180400848,-4.1807026863098145,base,yes
4084,0,0,0.04208772371029592,-3.3061435222625732,-0.18114341795444489,base,no
4085,0,1,0.9579122678790578,-0.24775968492031097,-3.3727595806121826,base,yes
4086,0,1,0.8519528019683106,-0.391024112701416,-2.141024112701416,base,yes
4087,0,1,0.9525741241296944,-0.2111867070198059,-3.211186647415161,base,yes
4088,0,1,0.6513548782017746,-0.5966112017631531,-1.2216112613677979,base,yes
4089,0,1,0.7772998663336157,-0.4722939431667328,-1.7222939729690552,base,yes
4090,0,1,0.9399133456181842,-0.2442200928926468,-2.994220018386841,base,yes
4091,0,1,0.5312093733737563,-0.7780715227127075,-0.9030715227127075,base,yes
4092,0,0,0.08509904558710156,-2.4977917671203613,-0.12279177457094193,base,no
4093,0,1,0.9241418189341297,-0.24187280237674713,-2.741872787475586,base,yes
4094,0,1,0.817574471748733,-0.3463483154773712,-1.8463482856750488,base,yes
4095,0,0,0.022977370411809046,-3.833544969558716,-0.08354499191045761,base,no
4096,0,0,0.03308597958047282,-3.4868266582489014,-0.11182669550180435,base,no
4097,0,0,0.020332353342658753,-4.001536846160889,-0.12653684616088867,base,no
4098,0,0,0.3775406828054583,-1.079479455947876,-0.5794795155525208,base,no
4099,0,0,0.1480471829959148,-2.032308578491211,-0.2823084592819214,base,no
4100,0,1,0.6513548511303336,-0.5300236344337463,-1.1550235748291016,base,yes
4101,0,1,0.7549149923816048,-0.437864750623703,-1.5628647804260254,base,yes
4102,0,1,0.9046505248181417,-0.26305925846099854,-2.513059139251709,base,yes
4103,0,1,0.9241418158002492,-0.30570393800735474,-2.80570387840271,base,yes
4104,0,1,0.8933094032139576,-0.2934103310108185,-2.418410301208496,base,yes
4105,0,0,0.2689414272294874,-1.4147385358810425,-0.41473856568336487,base,no
4106,0,0,0.24508502416032488,-1.474400520324707,-0.3494005799293518,base,no
4107,0,0,0.13296425394084313,-2.0668177604675293,-0.19181787967681885,base,no
4108,0,1,0.8807970779778823,-0.35065507888793945,-2.3506550788879395,base,yes
4109,0,1,0.914900950352329,-0.23441439867019653,-2.6094143390655518,base,yes
4110,0,0,0.46879062662624377,-0.873583197593689,-0.748583197593689,base,no
4111,0,0,0.46879062662624377,-0.9683645963668823,-0.8433645963668823,base,no
4112,0,0,0.014063629935885703,-4.368724822998047,-0.11872503161430359,base,no
4113,0,1,0.6513548782017746,-0.5222730040550232,-1.147273063659668,base,yes
4114,0,0,0.008577483766375987,-4.804666042327881,-0.05466584861278534,base,no
4115,0,1,0.8354835411997897,-0.30717751383781433,-1.9321775436401367,base,yes
4116,0,0,0.08509905312815914,-2.546734094619751,-0.17173419892787933,base,no
4117,0,1,0.9579122708828604,-0.2059197723865509,-3.3309197425842285,base,yes
4118,0,1,0.939913354875362,-0.22489657998085022,-2.9748966693878174,base,yes
4119,0,1,0.867035752930664,-0.3234596848487854,-2.1984596252441406,base,yes
4120,0,1,0.6224593312018546,-0.5901616811752319,-1.090161681175232,base,yes
4121,0,0,0.2942149597859341,-1.3805522918701172,-0.5055522322654724,base,no
4122,0,0,0.46879062662624377,-0.8902148008346558,-0.7652148008346558,base,no
4123,0,0,0.025957359081569886,-3.696359395980835,-0.07135947048664093,base,no
4124,0,0,0.02033235556877487,-3.9329991340637207,-0.05799924582242966,base,no
4125,0,0,0.09534946361376598,-2.433772325515747,-0.18377231061458588,base,no
4126,0,0,0.010986941416197443,-4.616045951843262,-0.11604584008455276,base,no
4127,0,0,0.5,-0.8073439002037048,-0.8073439002037048,base,no
4128,0,1,0.8519527944504226,-0.30457764863967896,-2.054577589035034,base,yes
4129,0,0,0.006692850973816738,-5.087831497192383,-0.08783150464296341,base,no
4130,0,1,0.8354835411997897,-0.31934961676597595,-1.9443496465682983,base,yes
4131,0,1,0.7549149923816048,-0.438678115606308,-1.5636781454086304,base,yes
4132,0,1,0.8519527982093668,-0.2602129280567169,-2.0102128982543945,base,yes
4133,0,0,0.24508501864634827,-1.5119966268539429,-0.38699665665626526,base,no
4134,0,1,0.6513548646660542,-0.5593944787979126,-1.1843944787979126,base,yes
4135,0,1,0.6224593171945417,-0.6310544610023499,-1.131054401397705,base,yes
4136,0,0,0.20181322226037882,-1.7071475982666016,-0.33214759826660156,base,no
4137,0,1,0.9324533032291502,-0.2527559697628021,-2.877755880355835,base,yes
4138,0,1,0.957912274487423,-0.18836873769760132,-3.313368797302246,base,yes
4139,0,1,0.6791786926816161,-0.4616372883319855,-1.211637258529663,base,yes
4140,0,0,0.017986208251325228,-4.111650466918945,-0.11165037006139755,base,no
4141,0,0,0.0600866476493228,-2.9165327548980713,-0.1665327101945877,base,no
4142,0,1,0.9399133447766225,-0.16508373618125916,-2.915083646774292,base,yes
4143,0,0,0.34864513533394575,-1.1614612340927124,-0.5364612340927124,base,no
4144,0,0,0.11920293453832885,-2.218188762664795,-0.21818888187408447,base,no
4145,0,1,0.9579122708828604,-0.20604589581489563,-3.3310458660125732,base,yes
4146,0,1,0.8933094032139576,-0.313588410615921,-2.4385883808135986,base,yes
4147,0,0,0.005220126312597491,-5.30567741394043,-0.05567753314971924,base,no
4148,0,1,0.8519528132451416,-0.3630944788455963,-2.1130945682525635,base,yes
4149,0,0,0.4378234991142019,-0.9115438461303711,-0.6615438461303711,base,no
4150,0,0,0.0953494648991095,-2.4436378479003906,-0.19363784790039062,base,no
4151,0,1,0.7772998663336157,-0.34861811995506287,-1.5986181497573853,base,yes
4152,0,0,0.14804719051380197,-2.0100154876708984,-0.26001542806625366,base,no
4153,0,0,0.18242552825126704,-1.7999017238616943,-0.2999017536640167,base,no
4154,0,1,0.867035752930664,-0.3256085515022278,-2.200608491897583,base,yes
4155,0,1,0.6224593312018546,-0.5902981758117676,-1.0902981758117676,base,yes
4156,0,0,0.34864513533394575,-1.1366676092147827,-0.5116676092147827,base,no
4157,0,0,0.46879062662624377,-0.8513667583465576,-0.7263667583465576,base,no
4158,0,1,0.9241418137109955,-0.3073826730251312,-2.807382583618164,base,yes
4159,0,1,0.8933094145755219,-0.2942465841770172,-2.4192466735839844,base,yes
4160,0,0,0.4073334000459302,-0.9985360503196716,-0.6235360503196716,base,no
4161,0,0,0.46879062662624377,-0.8507618308067322,-0.7257618308067322,base,no
4162,0,0,0.34864513533394575,-1.1845030784606934,-0.5595030784606934,base,no
4163,0,0,0.11920292045759123,-2.2174370288848877,-0.2174370139837265,base,no
4164,0,1,0.7057850216484838,-0.42241039872169495,-1.2974103689193726,base,yes
4165,0,0,0.2018132270610754,-1.755853533744812,-0.3808535635471344,base,no
4166,0,1,0.5621765008857981,-0.7182406783103943,-0.9682406783103943,base,yes
4167,0,1,0.6791787121629466,-0.5532147288322449,-1.3032147884368896,base,yes
4168,0,0,0.03308597934211908,-3.530736207962036,-0.15573623776435852,base,no
4169,0,0,0.014063628489565516,-4.306637287139893,-0.056637391448020935,base,no
4170,0,0,0.5,-0.7872444987297058,-0.7872444987297058,base,no
4171,0,1,0.9465966694469009,-0.20124031603336334,-3.076240301132202,base,yes
4172,0,0,0.020332354381512912,-3.9702653884887695,-0.09526544064283371,base,no
4173,0,1,0.5621765008857981,-0.6753596663475037,-0.9253596663475037,base,yes
4174,0,1,0.679178699175393,-0.5246102809906006,-1.2746102809906006,base,yes
4175,0,0,0.05340332603345051,-3.0026633739471436,-0.12766329944133759,base,no
4176,0,0,0.005220124494170363,-5.295082092285156,-0.045081861317157745,base,no
4177,0,0,0.16451646699291617,-1.9082103967666626,-0.283210426568985,base,no
4178,0,0,0.5,-0.8421070575714111,-0.8421070575714111,base,no
4179,0,0,0.16451645880021026,-1.9344526529312134,-0.309452623128891,base,no
4180,0,0,0.053403329423186846,-2.9871108531951904,-0.11211084574460983,base,no
4181,0,1,0.817574471748733,-0.3111019432544708,-1.8111019134521484,base,yes
4182,0,1,0.8933094145755219,-0.2432519495487213,-2.3682520389556885,base,yes
4183,0,0,0.1645164628965632,-1.9150729179382324,-0.2900729179382324,base,no
4184,0,0,0.010986942549633462,-4.593039512634277,-0.09303950518369675,base,no
4185,0,1,0.7057850278370112,-0.5205187797546387,-1.3955187797546387,base,yes
4186,0,0,0.09534946875514017,-2.4451591968536377,-0.19515924155712128,base,no
4187,0,1,0.8670357494949105,-0.32164034247398376,-2.1966402530670166,base,yes
4188,0,0,0.05340332377362639,-3.0181899070739746,-0.14318978786468506,base,no
4189,0,0,0.1480472055495773,-1.9846525192260742,-0.234652578830719,base,no
4190,0,1,0.7772998560157665,-0.40678659081459045,-1.656786561012268,base,yes
4191,0,0,0.34864513533394575,-1.1683611869812012,-0.5433611869812012,base,no
4192,0,0,0.16451646699291617,-1.948172688484192,-0.3231727182865143,base,no
4193,0,0,0.4073334000459302,-0.9810526371002197,-0.6060526371002197,base,no
4194,0,1,0.6513548646660542,-0.5584203004837036,-1.1834203004837036,base,yes
4195,0,1,0.8670357701094303,-0.28688302636146545,-2.1618831157684326,base,yes
4196,0,0,0.047425871831197425,-3.1738691329956055,-0.17386910319328308,base,no
4197,0,1,0.6513548646660542,-0.5114206075668335,-1.1364206075668335,base,yes
4198,0,1,0.679178699175393,-0.4733623266220093,-1.2233623266220093,base,yes
4199,0,0,0.3208212878370535,-1.1989593505859375,-0.4489592909812927,base,no
4200,0,1,0.7981867825403176,-0.3255384862422943,-1.7005385160446167,base,yes
4201,0,0,0.22270013882530884,-1.593815565109253,-0.34381556510925293,base,no
4202,0,1,0.9579122684798184,-0.18789348006248474,-3.3128933906555176,base,yes
4203,0,1,0.8519528038477825,-0.23255537450313568,-1.9825553894042969,base,yes
4204,0,0,0.3775406547908327,-1.0804917812347412,-0.5804917216300964,base,no
4205,0,1,0.9859363733699887,-0.1768488585948944,-4.426848888397217,base,yes
4206,0,1,0.8354835330070839,-0.3414672911167145,-1.966467261314392,base,yes
4207,0,0,0.022977369240981062,-3.806856155395508,-0.056856125593185425,base,no
4208,0,0,0.2689414096510108,-1.3876111507415771,-0.3876110911369324,base,no
4209,0,0,0.025957357951306048,-3.7052440643310547,-0.08024409413337708,base,no
4210,0,1,0.8670357563664174,-0.3059978783130646,-2.180997848510742,base,yes
4211,0,0,0.010986941051878748,-4.562211990356445,-0.06221184507012367,base,no
4212,0,1,0.8807970858005139,-0.2167622298002243,-2.2167623043060303,base,yes
4213,0,0,0.06754668879328725,-2.743981122970581,-0.11898108571767807,base,no
4214,0,0,0.09534947132582737,-2.4065654277801514,-0.15656550228595734,base,no
4215,0,1,0.9669140225647107,-0.17932197451591492,-3.5543220043182373,base,yes
4216,0,0,0.4378234991142019,-0.9703136086463928,-0.7203136086463928,base,no
4217,0,0,0.20181323186177208,-1.7035021781921387,-0.32850223779678345,base,no
4218,0,0,0.01243165204231615,-4.433861255645752,-0.05886135250329971,base,no
4219,0,1,0.8933094032139576,-0.33692553639411926,-2.461925506591797,base,yes
4220,0,1,0.5312093733737563,-0.7393746376037598,-0.8643746376037598,base,yes
4221,0,1,0.9770226320971079,-0.18656912446022034,-3.9365692138671875,base,yes
4222,0,1,0.5926665999540697,-0.6131511926651001,-0.9881511926651001,base,yes
4223,0,0,0.2942149783515162,-1.3492798805236816,-0.47427991032600403,base,no
4224,0,0,0.020332354678328394,-3.92246413230896,-0.04746419936418533,base,no
4225,0,1,0.9046505351008906,-0.3524477481842041,-2.602447748184204,base,yes
4226,0,0,0.060086652698692546,-2.893148422241211,-0.14314846694469452,base,no
4227,0,1,0.8519528132451416,-0.30270591378211975,-2.052706003189087,base,yes
4228,0,0,0.037326884399142314,-3.3171560764312744,-0.06715599447488785,base,no
4229,0,1,0.6513548511303336,-0.5499206185340881,-1.1749205589294434,base,yes
4230,0,1,0.6513548782017746,-0.5968913435935974,-1.2218914031982422,base,yes
4231,0,1,0.9324533022906132,-0.21510754525661469,-2.8401074409484863,base,yes
4232,0,0,0.4073334000459302,-0.9806268215179443,-0.6056268215179443,base,no
4233,0,1,0.9465966747198243,-0.28418293595314026,-3.1591830253601074,base,yes
4234,0,0,0.14804720179063335,-2.051339626312256,-0.30133965611457825,base,no
4235,0,0,0.06008665438181589,-2.9115772247314453,-0.16157729923725128,base,no
4236,0,1,0.7772998611746911,-0.37493646144866943,-1.6249364614486694,base,yes
4237,0,1,0.9046505428129514,-0.23026791214942932,-2.4802680015563965,base,yes
4238,0,0,0.22270013366638422,-1.6290934085845947,-0.37909337878227234,base,no
4239,0,1,0.9669140201811735,-0.16282300651073456,-3.537822961807251,base,yes
4240,0,0,0.0953494674697966,-2.446514368057251,-0.19651439785957336,base,no
4241,0,1,0.9525741268224334,-0.19433164596557617,-3.194331645965576,base,yes
4242,0,0,0.008577484083171345,-4.83198881149292,-0.08198865503072739,base,no
4243,0,0,0.10669058684467357,-2.314539909362793,-0.189539834856987,base,no
4244,0,1,0.7549149868676283,-0.45788538455963135,-1.5828853845596313,base,yes
4245,0,1,0.6224593312018546,-0.5461735725402832,-1.0461735725402832,base,yes
4246,0,1,0.9820137910906878,-0.16284793615341187,-4.162847995758057,base,yes
4247,0,1,0.9706877692486436,-0.2343902587890625,-3.7343902587890625,base,yes
4248,0,0,0.09534945590170514,-2.469189167022705,-0.21918906271457672,base,no
4249,0,1,0.914900950352329,-0.2736547589302063,-2.6486546993255615,base,yes
4250,0,0,0.0600866476493228,-2.9339473247528076,-0.18394728004932404,base,no
4251,0,0,0.14804718675485834,-2.0228841304779053,-0.2728840410709381,base,no
4252,0,0,0.03308597481339833,-3.4768435955047607,-0.10184348374605179,base,no
4253,0,0,0.29421496597446145,-1.309928297996521,-0.4349282681941986,base,no
4254,0,0,0.34864513533394575,-1.132670283317566,-0.5076702833175659,base,no
4255,0,0,0.32082129433083023,-1.214942455291748,-0.46494242548942566,base,no
4256,0,0,0.017986211278065763,-4.051934719085693,-0.05193479359149933,base,no
4257,0,1,0.7310585786300049,-0.489180326461792,-1.489180326461792,base,yes
4258,0,1,0.9399133498259924,-0.20784521102905273,-2.9578452110290527,base,yes
4259,0,0,0.4378234991142019,-0.9143043756484985,-0.6643043756484985,base,no
4260,0,0,0.01798621219924777,-4.123368740081787,-0.12336886674165726,base,no
4261,0,0,0.4378234991142019,-0.9770708084106445,-0.7270708084106445,base,no
4262,0,1,0.9399133515091156,-0.26570484042167664,-3.015704870223999,base,yes
4263,0,1,0.6791786926816161,-0.4953707754611969,-1.2453707456588745,base,yes
4264,0,1,0.7310585903489892,-0.45381301641464233,-1.453813076019287,base,yes
4265,0,0,0.03308597552845946,-3.471053123474121,-0.09605303406715393,base,no
4266,0,0,0.02931222841944938,-3.5853495597839355,-0.08534947782754898,base,no
4267,0,0,0.010986942387714022,-4.543050289154053,-0.043050266802310944,base,no
4268,0,0,0.04742587856304458,-3.104856491088867,-0.10485661029815674,base,no
4269,0,1,0.8354835330070839,-0.3387393057346344,-1.963739275932312,base,yes
4270,0,0,0.20181322226037882,-1.6760395765304565,-0.30103957653045654,base,no
4271,0,0,0.4378234991142019,-0.9944472908973694,-0.7444472908973694,base,no
4272,0,0,0.18242552380635632,-1.7749451398849487,-0.27494513988494873,base,no
4273,0,0,0.05340332678672523,-3.0681498050689697,-0.19314974546432495,base,no
4274,0,1,0.5312093733737563,-0.7409161329269409,-0.8659161329269409,base,yes
4275,0,1,0.7772998560157665,-0.3496944010257721,-1.5996943712234497,base,yes
4276,0,0,0.20181323186177208,-1.7932522296905518,-0.41825228929519653,base,no
4277,0,0,0.1645164628965632,-1.9266005754470825,-0.3016005754470825,base,no
4278,0,1,0.8175744761936437,-0.3607628345489502,-1.8607628345489502,base,yes
4279,0,1,0.7310585727705126,-0.38309696316719055,-1.3830969333648682,base,yes
4280,0,1,0.9399133540338004,-0.2049810141324997,-2.9549810886383057,base,yes
4281,0,1,0.5621765008857981,-0.6822007894515991,-0.9322007894515991,base,yes
4282,0,0,0.2689414272294874,-1.4097012281417847,-0.40970125794410706,base,no
4283,0,0,0.025957356444287677,-3.6983578205108643,-0.07335779070854187,base,no
4284,0,0,0.2942149783515162,-1.2750625610351562,-0.40006259083747864,base,no
4285,0,0,0.01798620858031874,-4.050873279571533,-0.050873201340436935,base,no
4286,0,0,0.1329642384799526,-2.0977368354797363,-0.22273682057857513,base,no
4287,0,0,0.2942149597859341,-1.2905373573303223,-0.4155372977256775,base,no
4288,0,1,0.5621765008857981,-0.6676584482192993,-0.9176584482192993,base,yes
4289,0,1,0.6513548511303336,-0.5365105271339417,-1.1615104675292969,base,yes
4290,0,0,0.2018132270610754,-1.7457340955734253,-0.3707341253757477,base,no
4291,0,0,0.2018132174596823,-1.7007280588150024,-0.32572802901268005,base,no
4292,0,0,0.3486451217982255,-1.2444019317626953,-0.6194018721580505,base,no
4293,0,1,0.8933094032139576,-0.2732067406177521,-2.3982067108154297,base,yes
4294,0,0,0.4378234991142019,-0.9782446026802063,-0.7282446026802063,base,no
4295,0,0,0.13296423504419938,-2.1242902278900146,-0.24929018318653107,base,no
4296,0,1,0.8933094003735664,-0.2742958664894104,-2.3992958068847656,base,yes
4297,0,0,0.042087728215999064,-3.224898099899292,-0.09989810734987259,base,no
4298,0,0,0.1480471961522176,-1.9781932830810547,-0.2281932681798935,base,no
4299,0,1,0.8354835330070839,-0.29517391324043274,-1.9201738834381104,base,yes
4300,0,0,0.18242552825126704,-1.7636189460754395,-0.26361897587776184,base,no
4301,0,0,0.20181322226037882,-1.676357626914978,-0.301357626914978,base,no
4302,0,0,0.03308598029553404,-3.528895616531372,-0.15389567613601685,base,no
4303,0,1,0.9149009526726544,-0.2706585228443146,-2.645658493041992,base,yes
4304,0,0,0.06754668738548215,-2.7970974445343018,-0.17209738492965698,base,no
4305,0,0,0.26894141551050293,-1.423012614250183,-0.4230125844478607,base,no
4306,0,0,0.4378234991142019,-0.9395208358764648,-0.6895208358764648,base,no
4307,0,0,0.060086648911665194,-2.853452682495117,-0.1034526601433754,base,no
4308,0,1,0.7549149868676283,-0.38865864276885986,-1.5136586427688599,base,yes
4309,0,1,0.893309401793762,-0.24041657149791718,-2.3654165267944336,base,yes
4310,0,1,0.6513548646660542,-0.5633479356765747,-1.1883479356765747,base,yes
4311,0,0,0.04742587721667508,-3.1038477420806885,-0.10384783148765564,base,no
4312,0,0,0.014063627766405476,-4.3226704597473145,-0.07267051190137863,base,no
4313,0,1,0.7057850340255386,-0.48157498240470886,-1.3565750122070312,base,yes
4314,0,0,0.2942149783515162,-1.2999465465545654,-0.4249465763568878,base,no
4315,0,0,0.008577487409523327,-4.790489673614502,-0.040489908307790756,base,no
4316,0,1,0.9149009596336303,-0.29167312383651733,-2.666673183441162,base,yes
4317,0,1,0.9149009549929797,-0.21793889999389648,-2.5929388999938965,base,yes
4318,0,1,0.9149009491921662,-0.23307116329669952,-2.6080710887908936,base,yes
4319,0,0,0.2018132174596823,-1.7146387100219727,-0.33963868021965027,base,no
4320,0,0,0.014063628127985492,-4.2825422286987305,-0.032542306929826736,base,no
4321,0,0,0.3775406828054583,-1.1046350002288818,-0.6046350598335266,base,no
4322,0,1,0.9579122738866624,-0.17266125977039337,-3.297661304473877,base,yes
4323,0,1,0.798186768138228,-0.3833842873573303,-1.7583842277526855,base,yes
4324,0,0,0.5,-0.7966669201850891,-0.7966669201850891,base,no
4325,0,0,0.18242551936144574,-1.7569934129714966,-0.2569933831691742,base,no
4326,0,0,0.5,-0.7700190544128418,-0.7700190544128418,base,no
4327,0,0,0.017986208646117444,-4.059552192687988,-0.05955211818218231,base,no
4328,0,0,0.24508500761839525,-1.5460052490234375,-0.4210052192211151,base,no
4329,0,0,0.14804719427274565,-2.018756151199341,-0.26875612139701843,base,no
4330,0,1,0.9525741227833249,-0.17834123969078064,-3.1783411502838135,base,yes
4331,0,0,0.017986207330143424,-4.136540412902832,-0.1365402638912201,base,no
4332,0,0,0.0758581763650499,-2.6169965267181396,-0.11699647456407547,base,no
4333,0,1,0.9399133540338004,-0.20702950656414032,-2.9570295810699463,base,yes
4334,0,0,0.025957356444287677,-3.693912982940674,-0.06891295313835144,base,no
4335,0,0,0.009708477842473338,-4.692234992980957,-0.06723513454198837,base,no
4336,0,0,0.1480472036701053,-1.9718496799468994,-0.221849724650383,base,no
4337,0,0,0.022977369575503337,-3.827620506286621,-0.0776204913854599,base,no
4338,0,1,0.924141817889503,-0.28558114171028137,-2.785581111907959,base,yes
4339,0,1,0.914900950352329,-0.20499926805496216,-2.5799992084503174,base,yes
4340,0,1,0.89330940889474,-0.3160500228404999,-2.4410500526428223,base,yes
4341,0,1,0.5312093733737563,-0.7308893799781799,-0.8558893799781799,base,yes
4342,0,0,0.1066905911052601,-2.314115285873413,-0.1891152560710907,base,no
4343,0,1,0.8807970842359877,-0.2577335238456726,-2.2577335834503174,base,yes
4344,0,0,0.053403324150263734,-2.9682531356811523,-0.09325302392244339,base,no
4345,0,1,0.679178699175393,-0.6048660278320312,-1.3548660278320312,base,yes
4346,0,0,0.10669060246682488,-2.2924749851226807,-0.16747507452964783,base,no
4347,0,0,0.09534947004048376,-2.4048383235931396,-0.15483838319778442,base,no
4348,0,1,0.7549149868676283,-0.47784674167633057,-1.6028467416763306,base,yes
4349,0,0,0.01406362446053148,-4.34672212600708,-0.09672193974256516,base,no
4350,0,1,0.7549149923816048,-0.39071783423423767,-1.51571786403656,base,yes
4351,0,1,0.8807970873650403,-0.38268962502479553,-2.3826897144317627,base,yes
4352,0,0,0.40733341443526055,-1.0120587348937988,-0.6370587944984436,base,no
4353,0,0,0.012431651859373016,-4.480487823486328,-0.10548790544271469,base,no
4354,0,1,0.5926665855647394,-0.6362739205360413,-1.0112738609313965,base,yes
4355,0,0,0.005911069928867763,-5.175778865814209,-0.05077904835343361,base,no
4356,0,1,0.8354835493924953,-0.4321519434452057,-2.057152032852173,base,yes
4357,0,0,0.0850990519679964,-2.5323474407196045,-0.15734753012657166,base,no
4358,0,1,0.9840936084048121,-0.11818742007017136,-4.243187427520752,base,yes
4359,0,0,0.004070137368579322,-5.56094217300415,-0.060942087322473526,base,no
4360,0,1,0.7772998714925403,-0.3270725607872009,-1.5770726203918457,base,yes
4361,0,0,0.20181322226037882,-1.703279972076416,-0.328279972076416,base,no
4362,0,0,0.022977371582637088,-3.922656774520874,-0.17265684902668,base,no
4363,0,0,0.2942149597859341,-1.3793275356292725,-0.5043274760246277,base,no
4364,0,1,0.8933094159957173,-0.2154776006937027,-2.340477705001831,base,yes
4365,0,0,0.022977370077286757,-3.815563201904297,-0.06556320935487747,base,no
4366,0,1,0.851952809486198,-0.3657943606376648,-2.1157944202423096,base,yes
4367,0,0,0.16451645880021026,-1.911558985710144,-0.28655895590782166,base,no
4368,0,1,0.9626731153331315,-0.2018834799528122,-3.451883554458618,base,yes
4369,0,0,0.01590638990410007,-4.156008720397949,-0.031008604913949966,base,no
4370,0,0,0.2689414272294874,-1.4836419820785522,-0.48364201188087463,base,no
4371,0,0,0.18242551936144574,-1.778061866760254,-0.2780618369579315,base,no
4372,0,0,0.0109869404851608,-4.54353141784668,-0.04353122040629387,base,no
4373,0,0,0.0534033328129234,-3.028872013092041,-0.1538720726966858,base,no
4374,0,1,0.9465966747198243,-0.260615736246109,-3.135615825653076,base,yes
4375,0,1,0.9525741288419872,-0.1401969939470291,-3.1401970386505127,base,yes
4376,0,1,0.9324533144915912,-0.25106802582740784,-2.876068115234375,base,yes
4377,0,0,0.1066905825840872,-2.3139920234680176,-0.18899190425872803,base,no
4378,0,0,0.46879062662624377,-0.8941906094551086,-0.7691906094551086,base,no
4379,0,1,0.8519528132451416,-0.34137406945228577,-2.091374158859253,base,yes
4380,0,0,0.22270013882530884,-1.6666128635406494,-0.4166128635406494,base,no
4381,0,1,0.5926665999540697,-0.6836163997650146,-1.0586163997650146,base,yes
4382,0,1,0.9525741241296944,-0.19373232126235962,-3.193732261657715,base,yes
4383,0,0,0.009708476445658299,-4.666683673858643,-0.04168367013335228,base,no
4384,0,0,0.18242552380635632,-1.7845672369003296,-0.2845672369003296,base,no
4385,0,0,0.014063624357222927,-4.338430404663086,-0.08843021094799042,base,no
4386,0,0,0.07585817897661679,-2.7195851802825928,-0.21958516538143158,base,no
4387,0,1,0.8670357701094303,-0.3686951696872711,-2.2436952590942383,base,yes
4388,0,0,0.18242553269617778,-1.7771632671356201,-0.2771633267402649,base,no
4389,0,0,0.3775406828054583,-1.0685524940490723,-0.568552553653717,base,no
4390,0,0,0.11920292045759123,-2.245028257369995,-0.24502824246883392,base,no
4391,0,0,0.3208213138121609,-1.2573680877685547,-0.5073681473731995,base,no
4392,0,1,0.6224593171945417,-0.6039701104164124,-1.1039700508117676,base,yes
4393,0,1,0.9840936066554105,-0.2440725415945053,-4.369072437286377,base,yes
4394,0,1,0.7057850154599563,-0.501033365726471,-1.3760333061218262,base,yes
4395,0,0,0.1329642333263228,-2.157409906387329,-0.2824098467826843,base,no
4396,0,0,0.022977370913592487,-3.8682923316955566,-0.11829237639904022,base,no
4397,0,0,0.24508501313237172,-1.5542247295379639,-0.42922472953796387,base,no
4398,0,0,0.3208212878370535,-1.2140610218048096,-0.4640609622001648,base,no
4399,0,1,0.5621765008857981,-0.6746110916137695,-0.9246110916137695,base,yes
4400,0,1,0.6513548646660542,-0.5005142688751221,-1.125514268875122,base,yes
4401,0,1,0.817574471748733,-0.3239302933216095,-1.823930263519287,base,yes
4402,0,0,0.18242551936144574,-1.7792056798934937,-0.27920565009117126,base,no
4403,0,0,0.46879062662624377,-0.8382502198219299,-0.7132502198219299,base,no
4404,0,1,0.5312093733737563,-0.7901226282119751,-0.9151226282119751,base,yes
4405,0,1,0.7772998560157665,-0.3938300907611847,-1.6438300609588623,base,yes
4406,0,1,0.7772998560157665,-0.35094669461250305,-1.6009466648101807,base,yes
4407,0,1,0.6224593452091672,-0.6260003447532654,-1.1260004043579102,base,yes
4408,0,0,0.46879062662624377,-0.8745658993721008,-0.7495658993721008,base,no
4409,0,0,0.022977368404675395,-3.816279888153076,-0.0662798210978508,base,no
4410,0,1,0.6791787121629466,-0.5918111205101013,-1.341811180114746,base,yes
4411,0,0,0.5,-0.7616056203842163,-0.7616056203842163,base,no
4412,0,0,0.04208772611333754,-3.3387644290924072,-0.21376438438892365,base,no
4413,0,1,0.9149009526726544,-0.25193098187446594,-2.6269309520721436,base,yes
4414,0,0,0.1645164628965632,-1.9034076929092407,-0.2784076929092407,base,no
4415,0,0,0.46879062662624377,-0.8535640239715576,-0.7285640239715576,base,no
4416,0,0,0.022977371248114782,-3.921894073486328,-0.1718941330909729,base,no
4417,0,0,0.037326887611855576,-3.3380558490753174,-0.08805585652589798,base,no
4418,0,1,0.6513548646660542,-0.5793870687484741,-1.2043870687484741,base,yes
4419,0,1,0.9241418189341297,-0.2096123844385147,-2.7096123695373535,base,yes
4420,0,1,0.977022627413796,-0.1525975465774536,-3.902597427368164,base,yes
4421,0,0,0.46879062662624377,-0.9479764699935913,-0.8229764699935913,base,no
4422,0,0,0.40733341443526055,-1.0256106853485107,-0.6506107449531555,base,no
4423,0,0,0.29421497216298875,-1.2867788076400757,-0.4117788076400757,base,no
4424,0,0,0.4378234991142019,-0.9965277910232544,-0.7465277910232544,base,no
4425,0,1,0.8175744761936437,-0.3258260488510132,-1.8258260488510132,base,yes
4426,0,1,0.7981867825403176,-0.32267555594444275,-1.6976755857467651,base,yes
4427,0,1,0.924141816844876,-0.22418813407421112,-2.7241880893707275,base,yes
4428,0,0,0.03732688573777281,-3.477609395980835,-0.22760935127735138,base,no
4429,0,0,0.02297736857193652,-3.833510398864746,-0.08351033926010132,base,no
4430,0,0,0.009708475765158738,-4.685463905334473,-0.06046383082866669,base,no
4431,0,1,0.8175744761936437,-0.32647645473480225,-1.8264764547348022,base,yes
4432,0,1,0.8354835411997897,-0.2897462546825409,-1.9147462844848633,base,yes
4433,0,1,0.8354835452961425,-0.30824822187423706,-1.9332482814788818,base,yes
4434,0,1,0.7981867825403176,-0.3249022662639618,-1.6999022960662842,base,yes
4435,0,0,0.11920291419948606,-2.222594738006592,-0.22259466350078583,base,no
4436,0,1,0.8807970858005139,-0.24051038920879364,-2.2405104637145996,base,yes
4437,0,0,0.14804719991116141,-1.983424425125122,-0.23342444002628326,base,no
4438,0,0,0.08509904036636974,-2.557567596435547,-0.1825675368309021,base,no
4439,0,0,0.11920292828022305,-2.2043657302856445,-0.2043657898902893,base,no
4440,0,0,0.01798620759333822,-4.077372074127197,-0.07737194001674652,base,no
4441,0,0,0.010986944654586371,-4.575893402099609,-0.0758935883641243,base,no
4442,0,0,0.0600866476493228,-2.9864585399627686,-0.23645849525928497,base,no
4443,0,0,0.08509904616718289,-2.5371129512786865,-0.16211296617984772,base,no
4444,0,1,0.9046505325302034,-0.285615473985672,-2.5356154441833496,base,yes
4445,0,1,0.9465966641739773,-0.21757090091705322,-3.0925707817077637,base,yes
4446,0,0,0.1480471961522176,-1.9852406978607178,-0.23524068295955658,base,no
4447,0,1,0.9740426431789577,-0.188460573554039,-3.8134605884552,base,yes
4448,0,0,0.20181323186177208,-1.715275526046753,-0.3402755856513977,base,no
4449,0,1,0.6224593312018546,-0.6046736240386963,-1.1046736240386963,base,yes
4450,0,0,0.022977367652000317,-3.807429075241089,-0.05742897465825081,base,no
4451,0,1,0.7772998611746911,-0.45423078536987305,-1.704230785369873,base,yes
4452,0,1,0.8519528170040853,-0.30471503734588623,-2.054715156555176,base,yes
4453,0,1,0.9324533107374443,-0.2521466910839081,-2.8771467208862305,base,yes
4454,0,1,0.9525741268224334,-0.2777848243713379,-3.277784824371338,base,yes
4455,0,1,0.8670357615200474,-0.2315206378698349,-2.106520652770996,base,yes
4456,0,1,0.817574471748733,-0.34367361664772034,-1.843673586845398,base,yes
4457,0,0,0.042087727615238615,-3.2388479709625244,-0.11384796351194382,base,no
4458,0,1,0.7310585727705126,-0.4032588303089142,-1.4032588005065918,base,yes
4459,0,1,0.9902915213695798,-0.15443538129329681,-4.779435157775879,base,yes
4460,0,1,0.9740426428022031,-0.1562638282775879,-3.781263828277588,base,yes
4461,0,0,0.18242551936144574,-1.8338958024978638,-0.3338957726955414,base,no
4462,0,0,0.24508501313237172,-1.5212044715881348,-0.39620447158813477,base,no
4463,0,0,0.46879062662624377,-0.9382930994033813,-0.8132930994033813,base,no
4464,0,0,0.022977369491872766,-3.7953813076019287,-0.04538128897547722,base,no
4465,0,1,0.7310585727705126,-0.40049079060554504,-1.4004907608032227,base,yes
4466,0,0,0.5,-0.8069716691970825,-0.8069716691970825,base,no
4467,0,1,0.5312093733737563,-0.7968926429748535,-0.9218926429748535,base,yes
4468,0,0,0.1480472055495773,-2.000582456588745,-0.2505825161933899,base,no
4469,0,1,0.9820137892483239,-0.1806226223707199,-4.180622577667236,base,yes
4470,0,0,0.13296423504419938,-2.116239070892334,-0.2412390261888504,base,no
4471,0,0,0.009708475407001092,-4.707768440246582,-0.08276832848787308,base,no
4472,0,0,0.11920293140927592,-2.1836464405059814,-0.1836465299129486,base,no
4473,0,1,0.5312093733737563,-0.719049870967865,-0.844049870967865,base,yes
4474,0,0,0.32082130082460697,-1.288163661956787,-0.5381636619567871,base,no
4475,0,1,0.880797081106935,-0.32962271571159363,-2.329622745513916,base,yes
4476,0,1,0.679178699175393,-0.4957951307296753,-1.2457951307296753,base,yes
4477,0,1,0.8933093975331751,-0.27824506163597107,-2.403244972229004,base,yes
4478,0,0,0.34864513533394575,-1.1914180517196655,-0.5664180517196655,base,no
4479,0,0,0.029312233083263427,-3.6078755855560303,-0.10787566751241684,base,no
4480,0,1,0.7310585903489892,-0.5323194861412048,-1.5323195457458496,base,yes
4481,0,1,0.880797071719777,-0.3085201382637024,-2.3085200786590576,base,yes
4482,0,1,0.817574471748733,-0.32597020268440247,-1.82597017288208,base,yes
4483,0,0,0.02297736991002561,-3.8926303386688232,-0.14263033866882324,base,no
4484,0,0,0.4378234991142019,-0.9553488492965698,-0.7053488492965698,base,no
4485,0,1,0.7057850402140659,-0.5235757231712341,-1.398575782775879,base,yes
4486,0,0,0.029312231387330967,-3.5642528533935547,-0.06425287574529648,base,no
4487,0,0,0.05340333582602272,-3.069568157196045,-0.19456827640533447,base,no
4488,0,0,0.022977372000789975,-3.8043222427368164,-0.05432233586907387,base,no
4489,0,0,0.4073334000459302,-0.9725928902626038,-0.5975928902626038,base,no
4490,0,0,0.015906394044350028,-4.199692726135254,-0.07469287514686584,base,no
4491,0,0,0.00460957306820192,-5.407325267791748,-0.03232546150684357,base,no
4492,0,1,0.952574129515172,-0.25229138135910034,-3.252291440963745,base,yes
4493,0,1,0.8175744806385543,-0.3038036525249481,-1.8038036823272705,base,yes
4494,0,1,0.8354835411997897,-0.2903718650341034,-1.9153718948364258,base,yes
4495,0,0,0.13296422989056964,-2.1061348915100098,-0.2311348021030426,base,no
4496,0,0,0.04208772851637929,-3.290485382080078,-0.16548539698123932,base,no
4497,0,1,0.9525741308615412,-0.27740588784217834,-3.2774059772491455,base,yes
4498,0,1,0.7549149868676283,-0.5011700391769409,-1.626170039176941,base,yes
4499,0,1,0.8933094103149354,-0.22858686745166779,-2.3535869121551514,base,yes
4500,0,0,0.2689414096510108,-1.4115400314331055,-0.4115399718284607,base,no
4501,0,1,0.8175744806385543,-0.3794027268886566,-1.879402756690979,base,yes
4502,0,0,0.020332353936289693,-3.9547646045684814,-0.07976463437080383,base,no
4503,0,0,0.34864513533394575,-1.126217246055603,-0.501217246055603,base,no
4504,0,1,0.8933093946927838,-0.2748023271560669,-2.3998022079467773,base,yes
4505,0,1,0.6513548646660542,-0.5127047300338745,-1.1377047300338745,base,yes
4506,0,0,0.025957357762928745,-3.7263617515563965,-0.10136177390813828,base,no
4507,0,1,0.9324533022906132,-0.23273788392543793,-2.8577377796173096,base,yes
4508,0,1,0.9626731126558706,-0.1410989761352539,-3.391098976135254,base,yes
4509,0,0,0.18242551491653522,-1.7851996421813965,-0.2851995825767517,base,no
4510,0,0,0.015906395210617815,-4.188048839569092,-0.0630490630865097,base,no
4511,0,0,0.02595735606753309,-3.7706081867218018,-0.14560814201831818,base,no
4512,0,0,0.1480472055495773,-2.0073182582855225,-0.25731831789016724,base,no
4513,0,0,0.02931222947940706,-3.652013063430786,-0.15201301872730255,base,no
4514,0,1,0.9465966754730989,-0.2187444120645523,-3.0937445163726807,base,yes
4515,0,0,0.007577240175332931,-4.927966117858887,-0.05296597257256508,base,no
4516,0,0,0.37754066879814546,-1.058242678642273,-0.558242678642273,base,no
4517,0,1,0.7057850340255386,-0.4336739480495453,-1.3086739778518677,base,yes
4518,0,1,0.8807970779778823,-0.2418828010559082,-2.241882801055908,base,yes
4519,0,0,0.29421496597446145,-1.3346831798553467,-0.4596831500530243,base,no
4520,0,0,0.012431651219072064,-4.461589813232422,-0.08658984303474426,base,no
4521,0,0,0.4378234991142019,-0.9979687929153442,-0.7479687929153442,base,no
4522,0,1,0.8519528057272543,-0.36340948939323425,-2.1134095191955566,base,yes
4523,0,1,0.9399133481428692,-0.20821622014045715,-2.9582161903381348,base,yes
4524,0,1,0.5312093733737563,-0.71901535987854,-0.84401535987854,base,yes
4525,0,0,0.00669285137007181,-5.035033226013184,-0.035033293068408966,base,no
4526,0,1,0.9770226300899744,-0.13827037811279297,-3.888270378112793,base,yes
4527,0,1,0.8354835411997897,-0.2928301990032196,-1.917830228805542,base,yes
4528,0,0,0.11920293140927592,-2.2597806453704834,-0.25978073477745056,base,no
4529,0,0,0.009708478379709945,-4.675500869750977,-0.05050106719136238,base,no
4530,0,0,0.025957355125646668,-3.735105037689209,-0.11010495573282242,base,no
4531,0,1,0.977022627413796,-0.20571434497833252,-3.955714225769043,base,yes
4532,0,0,0.06754669489377622,-2.822126865386963,-0.19712692499160767,base,no
4533,0,1,0.7981867777396212,-0.4027217626571655,-1.7777217626571655,base,yes
4534,0,0,0.009708474619054318,-4.692704677581787,-0.06770448386669159,base,no
4535,0,1,0.9399133473013074,-0.2083464115858078,-2.958346366882324,base,yes
4536,0,0,0.4378235137849365,-1.0356686115264893,-0.785668671131134,base,no
4537,0,1,0.880797081106935,-0.25749441981315613,-2.2574944496154785,base,yes
4538,0,0,0.060086652698692546,-2.9515223503112793,-0.20152239501476288,base,no
4539,0,1,0.754914997895581,-0.3899962306022644,-1.5149962902069092,base,yes
4540,0,1,0.9820137913538827,-0.16319744288921356,-4.1631975173950195,base,yes
4541,0,1,0.7057850340255386,-0.43261048197746277,-1.3076105117797852,base,yes
4542,0,0,0.022977369575503337,-3.86830997467041,-0.11830995976924896,base,no
4543,0,0,0.02931223202330563,-3.6254899501800537,-0.1254899948835373,base,no
4544,0,0,0.46879062662624377,-0.8623381853103638,-0.7373381853103638,base,no
4545,0,0,0.1329642333263228,-2.200314521789551,-0.325314462184906,base,no
4546,0,0,0.04208772371029592,-3.2667760848999023,-0.141775980591774,base,no
4547,0,1,0.9579122672782973,-0.15850889682769775,-3.283508777618408,base,yes
4548,0,1,0.7310585903489892,-0.42418140172958374,-1.4241814613342285,base,yes
4549,0,1,0.7772998611746911,-0.3775975704193115,-1.6275975704193115,base,yes
4550,0,0,0.022977367233847502,-3.840590000152588,-0.09058988094329834,base,no
4551,0,1,0.5621765008857981,-0.7061507105827332,-0.9561507105827332,base,yes
4552,0,0,0.04208772836618918,-3.183650016784668,-0.058650027960538864,base,no
4553,0,1,0.8519528019683106,-0.38672471046447754,-2.1367247104644775,base,yes
4554,0,0,0.5,-0.8124263882637024,-0.8124263882637024,base,no
4555,0,1,0.8933094074745443,-0.24150703847408295,-2.366507053375244,base,yes
4556,0,0,0.18242551491653522,-1.7773606777191162,-0.27736061811447144,base,no
4557,0,1,0.8175744850834649,-0.4495243430137634,-1.9495244026184082,base,yes
4558,0,1,0.9046505402422645,-0.2813815474510193,-2.531381607055664,base,yes
4559,0,1,0.835483553488848,-0.40960872173309326,-2.034608840942383,base,yes
4560,0,0,0.1645164628965632,-1.9076353311538696,-0.28263533115386963,base,no
4561,0,1,0.9796676502191265,-0.16545802354812622,-4.0404582023620605,base,yes
4562,0,1,0.7772998663336157,-0.40924689173698425,-1.6592469215393066,base,yes
4563,0,0,0.18242553269617778,-1.7845101356506348,-0.28451019525527954,base,no
4564,0,0,0.07585818106587033,-2.737544536590576,-0.23754455149173737,base,no
4565,0,1,0.754914997895581,-0.4068235754966736,-1.5318236351013184,base,yes
4566,0,1,0.9796676508127574,-0.18311670422554016,-4.058116912841797,base,yes
4567,0,0,0.3775406547908327,-1.1158571243286133,-0.6158570647239685,base,no
4568,0,0,0.11920292671569666,-2.198951482772827,-0.19895152747631073,base,no
4569,0,1,0.9241418158002492,-0.3118517994880676,-2.811851739883423,base,yes
4570,0,0,0.4378234991142019,-0.9860211610794067,-0.7360211610794067,base,no
4571,0,0,0.2942149783515162,-1.3221514225006104,-0.44715145230293274,base,no
4572,0,1,0.8670357598021706,-0.3044753074645996,-2.1794753074645996,base,yes
4573,0,0,0.06754669395523943,-2.8366429805755615,-0.2116430252790451,base,no
4574,0,0,0.04208773031866069,-3.2455198764801025,-0.12051993608474731,base,no
4575,0,1,0.9740426431789577,-0.18950413167476654,-3.8145041465759277,base,yes
4576,0,0,0.11920292515117029,-2.2043001651763916,-0.204300194978714,base,no
4577,0,1,0.8807970748488297,-0.2734968960285187,-2.2734968662261963,base,yes
4578,0,1,0.8933093975331751,-0.2745860517024994,-2.3995859622955322,base,yes
4579,0,1,0.9046505376715775,-0.4174163043498993,-2.6674163341522217,base,yes
4580,0,1,0.7310585669110203,-0.42086130380630493,-1.4208612442016602,base,yes
4581,0,1,0.5312093733737563,-0.7686591744422913,-0.8936591744422913,base,yes
4582,0,1,0.6513548511303336,-0.5449073910713196,-1.1699073314666748,base,yes
4583,0,1,0.5621765008857981,-0.7340877056121826,-0.9840877056121826,base,yes
4584,0,0,0.014063623737371644,-4.396062850952148,-0.14606261253356934,base,no
4585,0,1,0.6791786861878392,-0.5568249821662903,-1.3068249225616455,base,yes
4586,0,1,0.6513548646660542,-0.5649087429046631,-1.189908742904663,base,yes
4587,0,1,0.6513548782017746,-0.5051912665367126,-1.1301913261413574,base,yes
4588,0,1,0.6224593312018546,-0.5896024703979492,-1.0896024703979492,base,yes
4589,0,0,0.012431651584958318,-4.48088264465332,-0.10588270425796509,base,no
4590,0,1,0.5926665999540697,-0.7538633346557617,-1.1288633346557617,base,yes
4591,0,0,0.025957358045494698,-3.6811866760253906,-0.05618670955300331,base,no
4592,0,1,0.6791786926816161,-0.478969007730484,-1.2289689779281616,base,yes
4593,0,0,0.4378234844434674,-1.0142600536346436,-0.7642599940299988,base,no
4594,0,1,0.880797068590724,-0.3085814416408539,-2.3085813522338867,base,yes
4595,0,1,0.6224593452091672,-0.5868546366691589,-1.0868546962738037,base,yes
4596,0,1,0.970687766704745,-0.15941199660301208,-3.659411907196045,base,yes
4597,0,0,0.01243165277408872,-4.438845157623291,-0.06384531408548355,base,no
4598,0,0,0.01798621154126062,-4.085134506225586,-0.0851345956325531,base,no
4599,0,0,0.05340333431947304,-3.0000178813934326,-0.12501797080039978,base,no
4600,0,1,0.7772998560157665,-0.38111165165901184,-1.6311116218566895,base,yes
4601,0,0,0.18242552602881168,-1.742793083190918,-0.24279309809207916,base,no
4602,0,1,0.904650527388829,-0.35433873534202576,-2.6043386459350586,base,yes
4603,0,1,0.9046505325302034,-0.32471516728401184,-2.5747151374816895,base,yes
4604,0,1,0.8175744673038221,-0.31377536058425903,-1.8137753009796143,base,yes
4605,0,0,0.0850990438468576,-2.5253026485443115,-0.15030263364315033,base,no
4606,0,0,0.04208773061904093,-3.2236030101776123,-0.09860307723283768,base,no
4607,0,1,0.880797068590724,-0.27128490805625916,-2.271284818649292,base,yes
4608,0,0,0.006692851939688515,-5.05165958404541,-0.05165973678231239,base,no
4609,0,1,0.7310585786300049,-0.4575313329696655,-1.4575313329696655,base,yes
4610,0,0,0.09534945975773548,-2.4206972122192383,-0.1706971526145935,base,no
4611,0,1,0.880797081106935,-0.27205631136894226,-2.2720563411712646,base,yes
4612,0,0,0.09534947518185825,-2.581165313720703,-0.3311654329299927,base,no
4613,0,1,0.8175744673038221,-0.3279295563697815,-1.8279294967651367,base,yes
4614,0,1,0.9046505376715775,-0.2859630286693573,-2.5359630584716797,base,yes
4615,0,1,0.7772998508568416,-0.39362674951553345,-1.6436266899108887,base,yes
4616,0,1,0.6513548646660542,-0.5437130928039551,-1.168713092803955,base,yes
4617,0,1,0.7057850340255386,-0.4705277383327484,-1.3455277681350708,base,yes
4618,0,0,0.1645164628965632,-1.8722306489944458,-0.2472306489944458,base,no
4619,0,0,0.18242552380635632,-1.7539832592010498,-0.2539832592010498,base,no
4620,0,0,0.5,-0.8306470513343811,-0.8306470513343811,base,no
4621,0,1,0.9770226324316302,-0.13854016363620758,-3.888540267944336,base,yes
4622,0,0,0.1480471980316895,-2.0324275493621826,-0.2824275493621826,base,no
4623,0,1,0.8519528057272543,-0.2887279689311981,-2.0387279987335205,base,yes
4624,0,1,0.9046505453836383,-0.21506869792938232,-2.465068817138672,base,yes
4625,0,0,0.4073334000459302,-0.9951699376106262,-0.6201699376106262,base,no
4626,0,0,0.18242552825126704,-1.819575548171997,-0.31957557797431946,base,no
4627,0,0,0.11920292984474948,-2.1890997886657715,-0.18909986317157745,base,no
4628,0,1,0.7549149923816048,-0.4356834590435028,-1.5606834888458252,base,yes
4629,0,0,0.02595735719779685,-3.7360188961029053,-0.11101889610290527,base,no
4630,0,0,0.3775406547908327,-1.0735926628112793,-0.5735926032066345,base,no
4631,0,0,0.04208772491181671,-3.2662622928619385,-0.1412622183561325,base,no
4632,0,0,0.4073334000459302,-1.014888048171997,-0.6398880481719971,base,no
4633,0,1,0.7057850402140659,-0.5740942358970642,-1.449094295501709,base,yes
4634,0,0,0.13296424019782924,-2.206413745880127,-0.33141374588012695,base,no
4635,0,0,0.02297736823741426,-3.8577399253845215,-0.10773985087871552,base,no
4636,0,0,0.006692850701391389,-5.046361923217773,-0.04636188969016075,base,no
4637,0,0,0.24508502416032488,-1.4661986827850342,-0.34119874238967896,base,no
4638,0,0,0.16451646699291617,-1.8808492422103882,-0.25584927201271057,base,no
4639,0,1,0.7981867777396212,-0.35279929637908936,-1.7277992963790894,base,yes
4640,0,0,0.46879062662624377,-0.8743525147438049,-0.7493525147438049,base,no
4641,0,1,0.5926665855647394,-0.6867902874946594,-1.0617902278900146,base,yes
4642,0,1,0.5926666143433998,-0.6544155478477478,-1.0294156074523926,base,yes
4643,0,1,0.8354835330070839,-0.29412975907325745,-1.919129729270935,base,yes
4644,0,1,0.9796676496254957,-0.14968618750572205,-4.024686336517334,base,yes
4645,0,1,0.5312093733737563,-0.7158259749412537,-0.8408259749412537,base,yes
4646,0,0,0.3775406547908327,-1.0997498035430908,-0.599749743938446,base,no
4647,0,0,0.07585818106587033,-2.6958775520324707,-0.1958775669336319,base,no
4648,0,0,0.08509903688588204,-2.5391502380371094,-0.16415013372898102,base,no
4649,0,1,0.9149009596336303,-0.2512449622154236,-2.6262450218200684,base,yes
4650,0,0,0.18242551936144574,-1.7613774538040161,-0.2613774240016937,base,no
4651,0,1,0.6224593312018546,-0.6029098033905029,-1.102909803390503,base,yes
4652,0,0,0.13296424019782924,-2.0822927951812744,-0.20729279518127441,base,no
4653,0,1,0.731058584489497,-0.43989357352256775,-1.4398936033248901,base,yes
4654,0,0,0.008577486997689203,-4.830724239349365,-0.08072442561388016,base,no
4655,0,0,0.11920290950590741,-2.25968074798584,-0.2596806287765503,base,no
4656,0,0,0.4378234991142019,-1.0049617290496826,-0.7549617290496826,base,no
4657,0,1,0.893309411735131,-0.2965688109397888,-2.4215688705444336,base,yes
4658,0,1,0.9740426401649208,-0.17105065286159515,-3.796050548553467,base,yes
4659,0,0,0.004070137353478592,-5.5757927894592285,-0.07579270005226135,base,no
4660,0,0,0.008577485952264208,-4.798932075500488,-0.048932138830423355,base,no
4661,0,1,0.798186768138228,-0.3363106846809387,-1.711310625076294,base,yes
4662,0,0,0.03308597934211908,-3.469796895980835,-0.09479692578315735,base,no
4663,0,0,0.06008664596619963,-2.97039794921875,-0.22039787471294403,base,no
4664,0,1,0.8519527906914787,-0.2748759686946869,-2.0248758792877197,base,yes
4665,0,0,0.009708475084659223,-4.686247825622559,-0.061247680336236954,base,no
4666,0,0,0.04742587082142043,-3.1056690216064453,-0.10566896945238113,base,no
4667,0,1,0.9626731121204184,-0.1843738704919815,-3.4343738555908203,base,yes
4668,0,1,0.9241418241572634,-0.24072378873825073,-2.7407238483428955,base,yes
4669,0,1,0.9046505402422645,-0.26227492094039917,-2.512274980545044,base,yes
4670,0,0,0.4073333856566001,-1.040661096572876,-0.6656610369682312,base,no
4671,0,1,0.7981867873410141,-0.38156765699386597,-1.7565677165985107,base,yes
4672,0,1,0.9706877696726267,-0.17527149617671967,-3.675271511077881,base,yes
4673,0,1,0.9796676422051088,-0.1830742210149765,-4.058073997497559,base,yes
4674,0,0,0.26894141551050293,-1.410766839981079,-0.4107668101787567,base,no
4675,0,1,0.7981867777396212,-0.33768391609191895,-1.712683916091919,base,yes
4676,0,0,0.2689414330889798,-1.385317087173462,-0.3853171467781067,base,no
4677,0,1,0.5926665855647394,-0.7295413613319397,-1.104541301727295,base,yes
4678,0,1,0.9669140192277585,-0.19805558025836945,-3.5730555057525635,base,yes
4679,0,1,0.8933094174159129,-0.2764214277267456,-2.401421546936035,base,yes
4680,0,1,0.5621765008857981,-0.7412517666816711,-0.9912517666816711,base,yes
4681,0,0,0.0028009266549697777,-5.96826171875,-0.09326160699129105,base,no
4682,0,0,0.4378234991142019,-0.946179211139679,-0.696179211139679,base,no
4683,0,0,0.020332355123551627,-3.9710428714752197,-0.09604296088218689,base,no
4684,0,1,0.7310585786300049,-0.5324779748916626,-1.5324779748916626,base,yes
4685,0,0,0.01590639066217393,-4.215442180633545,-0.09044211357831955,base,no
4686,0,0,0.22270012850745968,-1.6057610511779785,-0.35576099157333374,base,no
4687,0,1,0.8670357563664174,-0.27123239636421204,-2.1462323665618896,base,yes
4688,0,0,0.11920291419948606,-2.1611554622650146,-0.16115538775920868,base,no
4689,0,1,0.8354835411997897,-0.2935328185558319,-1.9185328483581543,base,yes
4690,0,1,0.6513548646660542,-0.5456162691116333,-1.1706162691116333,base,yes
4691,0,1,0.9399133498259924,-0.24536490440368652,-2.9953649044036865,base,yes
4692,0,0,0.46879062662624377,-0.9105339050292969,-0.7855339050292969,base,no
4693,0,0,0.11920293453832885,-2.2737956047058105,-0.2737957239151001,base,no
4694,0,0,0.24508500761839525,-1.4735862016677856,-0.34858617186546326,base,no
4695,0,1,0.9399133557169234,-0.22460760176181793,-2.9746077060699463,base,yes
4696,0,0,0.13296422989056964,-2.118140697479248,-0.24314060807228088,base,no
4697,0,0,0.11920291107043361,-2.244094133377075,-0.24409402906894684,base,no
4698,0,0,0.03308597958047282,-3.468684673309326,-0.09368471056222916,base,no
4699,0,1,0.8354835411997897,-0.36504456400871277,-1.9900445938110352,base,yes
4700,0,1,0.754914975839675,-0.43915992975234985,-1.564159870147705,base,yes
4701,0,0,0.32082130082460697,-1.22735595703125,-0.47735595703125,base,no
4702,0,0,0.053403324903538434,-2.9706051349639893,-0.0956050381064415,base,no
4703,0,0,0.03308597910376534,-3.462620735168457,-0.08762075752019882,base,no
4704,0,1,0.8354835289107309,-0.3616953492164612,-1.9866952896118164,base,yes
4705,0,0,0.03732688332823794,-3.3560006618499756,-0.10600055009126663,base,no
4706,0,1,0.9706877684006775,-0.14493969082832336,-3.644939661026001,base,yes
4707,0,0,0.012431648566397039,-4.4912614822387695,-0.11626129597425461,base,no
4708,0,1,0.9770226297554521,-0.13849999010562897,-3.8884999752044678,base,yes
4709,0,0,0.02595735682104226,-3.711517810821533,-0.08651779592037201,base,no
4710,0,1,0.9149009480320036,-0.254312127828598,-2.629312038421631,base,yes
4711,0,0,0.014063629832577114,-4.347210884094238,-0.0972110852599144,base,no
4712,0,1,0.9525741234565097,-0.21188552677631378,-3.211885452270508,base,yes
4713,0,1,0.7981867825403176,-0.4467993676662445,-1.821799397468567,base,yes
4714,0,1,0.5621765008857981,-0.6542018055915833,-0.9042018055915833,base,yes
4715,0,1,0.5312093733737563,-0.7457830905914307,-0.8707830905914307,base,yes
4716,0,0,0.10669059962643358,-2.425053596496582,-0.3000536561012268,base,no
4717,0,0,0.053403329046549465,-3.040356397628784,-0.16535638272762299,base,no
4718,0,0,0.46879062662624377,-0.8712128400802612,-0.7462128400802612,base,no
4719,0,0,0.04208773212094217,-3.2307262420654297,-0.10572634637355804,base,no
4720,0,1,0.5926665999540697,-0.6414568424224854,-1.0164568424224854,base,yes
4721,0,0,0.022977371248114782,-3.880568504333496,-0.13056856393814087,base,no
4722,0,1,0.9324533126145177,-0.2983247637748718,-2.9233248233795166,base,yes
4723,0,0,0.08509903920620716,-2.5247507095336914,-0.14975063502788544,base,no
4724,0,1,0.9399133557169234,-0.2070850282907486,-2.957085132598877,base,yes
4725,0,1,0.9626731169394882,-0.24252355098724365,-3.492523670196533,base,yes
4726,0,1,0.7310585669110203,-0.47156888246536255,-1.4715688228607178,base,yes
4727,0,0,0.14804718675485834,-2.0474982261657715,-0.2974981367588043,base,no
4728,0,0,0.022977369240981062,-3.796980619430542,-0.046980589628219604,base,no
4729,0,1,0.679178699175393,-0.4901372194290161,-1.2401372194290161,base,yes
4730,0,0,0.05340332603345051,-3.019460439682007,-0.14446036517620087,base,no
4731,0,0,0.014063624357222927,-4.33828592300415,-0.08828572928905487,base,no
4732,0,0,0.22270013882530884,-1.583988904953003,-0.33398890495300293,base,no
4733,0,0,0.34864513533394575,-1.1334360837936401,-0.5084360837936401,base,no
4734,0,0,0.1066905825840872,-2.3164749145507812,-0.1914747953414917,base,no
4735,0,0,0.4073334000459302,-1.0113399028778076,-0.6363399028778076,base,no
4736,0,0,0.07585818524437762,-2.661937713623047,-0.16193778812885284,base,no
4737,0,0,0.14804719427274565,-2.063624858856201,-0.3136248290538788,base,no
4738,0,0,0.015906392761455564,-4.199838161468506,-0.07483822852373123,base,no
4739,0,1,0.8519527944504226,-0.285267174243927,-2.0352671146392822,base,yes
4740,0,1,0.8933093975331751,-0.2560606896877289,-2.3810606002807617,base,yes
4741,0,1,0.8670357666736773,-0.2463492751121521,-2.121349334716797,base,yes
4742,0,1,0.8807970748488297,-0.35645654797554016,-2.3564565181732178,base,yes
4743,0,0,0.08509904616718289,-2.551325798034668,-0.17632581293582916,base,no
4744,0,0,0.22270014914315833,-1.6658668518066406,-0.4158669114112854,base,no
4745,0,0,0.10669059962643358,-2.4056131839752197,-0.2806132435798645,base,no
4746,0,1,0.8519528057272543,-0.30243203043937683,-2.052432060241699,base,yes
4747,0,0,0.033085981248949035,-3.4937126636505127,-0.11871275305747986,base,no
4748,0,0,0.29421497216298875,-1.3621115684509277,-0.48711156845092773,base,no
4749,0,0,0.08509903920620716,-2.508349895477295,-0.13334982097148895,base,no
4750,0,1,0.5312093733737563,-0.7798712849617004,-0.9048712849617004,base,yes
4751,0,0,0.2689414213699951,-1.361891269683838,-0.3618912696838379,base,no
4752,0,1,0.817574471748733,-0.34565654397010803,-1.8456565141677856,base,yes
4753,0,1,0.9465966732132748,-0.20084184408187866,-3.0758419036865234,base,yes
4754,0,1,0.5926665999540697,-0.6509766578674316,-1.0259766578674316,base,yes
4755,0,0,0.3486451217982255,-1.205491542816162,-0.5804914832115173,base,no
4756,0,1,0.8354835371034369,-0.3443012237548828,-1.9693012237548828,base,yes
4757,0,1,0.904650536386234,-0.19241784512996674,-2.442417860031128,base,yes
4758,0,0,0.012431650212884917,-4.453774452209473,-0.07877440005540848,base,no
4759,0,1,0.9465966679403514,-0.20085100829601288,-3.0758509635925293,base,yes
4760,0,1,0.9525741322079105,-0.25230729579925537,-3.252307415008545,base,yes
4761,0,1,0.8354835411997897,-0.32423076033592224,-1.9492307901382446,base,yes
4762,0,0,0.03732688627322502,-3.3862645626068115,-0.13626453280448914,base,no
4763,0,1,0.9046505325302034,-0.22897151112556458,-2.478971481323242,base,yes
4764,0,0,0.006692852261645802,-5.070948600769043,-0.07094880193471909,base,no
4765,0,1,0.952574129515172,-0.23169869184494019,-3.231698751449585,base,yes
4766,0,0,0.2018132270610754,-1.680801272392273,-0.30580130219459534,base,no
4767,0,0,0.18242552825126704,-1.8598368167877197,-0.3598368465900421,base,no
4768,0,1,0.5926666143433998,-0.7900845408439636,-1.1650846004486084,base,yes
4769,0,0,0.037326884131416216,-3.357762098312378,-0.10776200890541077,base,no
4770,0,1,0.5312093733737563,-0.8506380319595337,-0.9756380319595337,base,yes
4771,0,0,0.005911070038319199,-5.212003231048584,-0.0870034322142601,base,no
4772,0,0,0.02595735682104226,-3.7054896354675293,-0.0804896205663681,base,no
4773,0,1,0.798186768138228,-0.3515651822090149,-1.7265651226043701,base,yes
4774,0,0,0.11920291576401235,-2.2067203521728516,-0.2067202925682068,base,no
4775,0,1,0.7310585903489892,-0.41058844327926636,-1.4105885028839111,base,yes
4776,0,1,0.9525741241296944,-0.25367242097854614,-3.2536723613739014,base,yes
4777,0,1,0.6513548646660542,-0.5731616020202637,-1.1981616020202637,base,yes
4778,0,0,0.002472623248519407,-6.073845386505127,-0.07384542375802994,base,no
4779,0,0,0.5,-0.8317463994026184,-0.8317463994026184,base,no
4780,0,1,0.5312093733737563,-0.7462643980979919,-0.8712643980979919,base,yes
4781,0,0,0.11920292202211755,-2.211395740509033,-0.2113957405090332,base,no
4782,0,1,0.9669140235181256,-0.1978415846824646,-3.5728416442871094,base,yes
4783,0,1,0.5312093733737563,-0.790863037109375,-0.915863037109375,base,yes
4784,0,1,0.9046505376715775,-0.24593445658683777,-2.49593448638916,base,yes
4785,0,0,0.05340333130637379,-3.069758892059326,-0.19475892186164856,base,no
4786,0,1,0.8807970779778823,-0.30851078033447266,-2.3085107803344727,base,yes
4787,0,0,0.037326887344129464,-3.3844351768493652,-0.13443517684936523,base,no
4788,0,0,0.2689414213699951,-1.465337872505188,-0.465337872505188,base,no
4789,0,0,0.06754668644694548,-2.7616326808929443,-0.13663260638713837,base,no
4790,0,1,0.8354835411997897,-0.3240090310573578,-1.9490090608596802,base,yes
4791,0,0,0.1480471980316895,-2.051468849182129,-0.3014688491821289,base,no
4792,0,0,0.1645164628965632,-1.9076199531555176,-0.2826199531555176,base,no
4793,0,0,0.2018132174596823,-1.6738266944885254,-0.298826664686203,base,no
4794,0,1,0.7772998663336157,-0.4325741231441498,-1.6825741529464722,base,yes
4795,0,0,0.022977369240981062,-3.8399441242218018,-0.08994409441947937,base,no
4796,0,0,0.00522012615783771,-5.283010482788086,-0.0330105721950531,base,no
4797,0,1,0.5312093733737563,-0.7723832130432129,-0.8973832130432129,base,yes
4798,0,0,0.04742587654349034,-3.1357343196868896,-0.13573439419269562,base,no
4799,0,0,0.04742587216778976,-3.119497776031494,-0.11949775367975235,base,no
4800,0,0,0.020332351116542875,-3.9802215099334717,-0.10522139817476273,base,no
4801,0,1,0.817574471748733,-0.3628048002719879,-1.8628047704696655,base,yes
4802,0,1,0.8354835371034369,-0.29459869861602783,-1.9195986986160278,base,yes
4803,0,0,0.060086652698692546,-2.8815009593963623,-0.1315010040998459,base,no
4804,0,0,0.053403329799824234,-3.0306217670440674,-0.15562176704406738,base,no
4805,0,1,0.6513548646660542,-0.5463962554931641,-1.171396255493164,base,yes
4806,0,0,0.4073334000459302,-1.0248761177062988,-0.6498761177062988,base,no
4807,0,0,0.0075772430607274135,-4.998934745788574,-0.12393498420715332,base,no
4808,0,0,0.0059110692064883365,-5.246648788452148,-0.12164884805679321,base,no
4809,0,1,0.9859363713038174,-0.1767808198928833,-4.426780700683594,base,yes
4810,0,0,0.014063627456479755,-4.38153076171875,-0.1315307915210724,base,no
4811,0,1,0.8807970654616711,-0.3322845697402954,-2.332284450531006,base,yes
4812,0,1,0.9046505402422645,-0.3029875159263611,-2.552987575531006,base,yes
4813,0,1,0.9324533135530545,-0.2340034693479538,-2.8590035438537598,base,yes
4814,0,0,0.017986206277364275,-4.070078372955322,-0.07007816433906555,base,no
4815,0,1,0.7310585727705126,-0.42714861035346985,-1.4271485805511475,base,yes
4816,0,0,0.08509904732734556,-2.5462872982025146,-0.17128732800483704,base,no
4817,0,1,0.880797068590724,-0.21608862280845642,-2.2160885334014893,base,yes
4818,0,0,0.029312230751356316,-3.626305103302002,-0.12630510330200195,base,no
4819,0,0,0.05340332603345051,-3.029846429824829,-0.15484635531902313,base,no
4820,0,0,0.05340332678672523,-3.0099539756774902,-0.13495391607284546,base,no
4821,0,1,0.9241418272911436,-0.24348773062229156,-2.74348783493042,base,yes
4822,0,1,0.880797068590724,-0.3061893880367279,-2.3061892986297607,base,yes
4823,0,0,0.07585817897661679,-2.6620447635650635,-0.16204474866390228,base,no
4824,0,0,0.04208773031866069,-3.29060959815979,-0.16560965776443481,base,no
4825,0,1,0.5621765008857981,-0.8588837385177612,-1.1088837385177612,base,yes
4826,0,1,0.8807970779778823,-0.24169063568115234,-2.2416906356811523,base,yes
4827,0,1,0.7310585786300049,-0.46717655658721924,-1.4671765565872192,base,yes
4828,0,1,0.9241418137109955,-0.2076025903224945,-2.7076025009155273,base,yes
4829,0,0,0.020332355717182622,-4.084437370300293,-0.20943748950958252,base,no
4830,0,1,0.8933094003735664,-0.33695846796035767,-2.461958408355713,base,yes
4831,0,0,0.09534945975773548,-2.5083417892456055,-0.2583417296409607,base,no
4832,0,0,0.22270013882530884,-1.6178011894226074,-0.3678011894226074,base,no
4833,0,1,0.7981867873410141,-0.4509372115135193,-1.825937271118164,base,yes
4834,0,1,0.9770226290864076,-0.22745971381664276,-3.977459669113159,base,yes
4835,0,1,0.5621765008857981,-0.7223420143127441,-0.9723420143127441,base,yes
4836,0,0,0.46879062662624377,-1.0324469804763794,-0.9074469804763794,base,no
4837,0,0,0.0758581737534831,-2.632108688354492,-0.13210859894752502,base,no
4838,0,0,0.46879062662624377,-0.8242981433868408,-0.6992981433868408,base,no
4839,0,1,0.9770226287518852,-0.16834121942520142,-3.9183411598205566,base,yes
4840,0,1,0.5926665999540697,-0.647061824798584,-1.022061824798584,base,yes
4841,0,0,0.10669059820623795,-2.3104629516601562,-0.18546299636363983,base,no
4842,0,0,0.2942149845400438,-1.339874267578125,-0.4648743271827698,base,no
4843,0,0,0.047425875197120895,-3.2220022678375244,-0.222002312541008,base,no
4844,0,1,0.9465966717067252,-0.21642586588859558,-3.091425895690918,base,yes
4845,0,0,0.04742586913845881,-3.113304615020752,-0.11330452561378479,base,no
4846,0,0,0.37754066879814546,-1.1052439212799072,-0.6052439212799072,base,no
4847,0,1,0.6791787121629466,-0.4537281394004822,-1.203728199005127,base,yes
4848,0,0,0.04742587351415913,-3.1064207553863525,-0.10642076283693314,base,no
4849,0,0,0.10669059536584675,-2.3252644538879395,-0.20026446878910065,base,no
4850,0,1,0.7981867729389246,-0.3157799541950226,-1.6907799243927002,base,yes
4851,0,0,0.40733341443526055,-1.0193734169006348,-0.6443734765052795,base,no
4852,0,0,0.2689414330889798,-1.3915765285491943,-0.3915765881538391,base,no
4853,0,1,0.6513548646660542,-0.5631054639816284,-1.1881054639816284,base,yes
4854,0,1,0.880797068590724,-0.30775246024131775,-2.3077523708343506,base,yes
4855,0,0,0.02931223287127187,-3.5681145191192627,-0.06811459362506866,base,no
4856,0,1,0.7057850216484838,-0.45994749665260315,-1.3349474668502808,base,yes
4857,0,1,0.9820137858267906,-0.18048787117004395,-4.180487632751465,base,yes
4858,0,1,0.8807970779778823,-0.2883415222167969,-2.288341522216797,base,yes
4859,0,1,0.754914975839675,-0.3590617775917053,-1.4840617179870605,base,yes
4860,0,1,0.9579122750881832,-0.20501606166362762,-3.3300161361694336,base,yes
4861,0,1,0.9465966717067252,-0.21790620684623718,-3.0929062366485596,base,yes
4862,0,1,0.5621765008857981,-0.7025715708732605,-0.9525715708732605,base,yes
4863,0,0,0.014063624667148581,-4.329653739929199,-0.07965356856584549,base,no
4864,0,1,0.8519528057272543,-0.2764222323894501,-2.0264222621917725,base,yes
4865,0,0,0.4378234991142019,-0.9420576095581055,-0.6920576095581055,base,no
4866,0,1,0.5312093733737563,-0.8150591254234314,-0.9400591254234314,base,yes
4867,0,0,0.22270014398423357,-1.7159970998764038,-0.4659971296787262,base,no
4868,0,1,0.89330940889474,-0.29402992129325867,-2.419029951095581,base,yes
4869,0,0,0.04208772701447818,-3.2234485149383545,-0.0984484925866127,base,no
4870,0,0,0.24508501313237172,-1.5205754041671753,-0.3955754041671753,base,no
4871,0,1,0.9740426416719393,-0.1901288479566574,-3.815128803253174,base,yes
4872,0,0,0.02931222841944938,-3.564356803894043,-0.0643567219376564,base,no
4873,0,0,0.04208772791561884,-3.223489761352539,-0.09848976135253906,base,no
4874,0,0,0.07585818524437762,-2.626957893371582,-0.126957967877388,base,no
4875,0,0,0.4378234991142019,-0.9057336449623108,-0.6557336449623108,base,no
4876,0,1,0.8175744850834649,-0.36338943243026733,-1.863389492034912,base,yes
4877,0,0,0.1480471980316895,-2.0233559608459473,-0.27335596084594727,base,no
4878,0,1,0.6224593312018546,-0.6012226343154907,-1.1012226343154907,base,yes
4879,0,0,0.5,-0.7999677062034607,-0.7999677062034607,base,no
4880,0,1,0.8519527869325346,-0.3623100519180298,-2.1123099327087402,base,yes
4881,0,1,0.679178699175393,-0.5622919797897339,-1.3122919797897339,base,yes
4882,0,0,0.2689414213699951,-1.3906135559082031,-0.3906135559082031,base,no
4883,0,1,0.6791787121629466,-0.5218328833580017,-1.2718329429626465,base,yes
4884,0,1,0.8933094060543487,-0.2257697582244873,-2.3507697582244873,base,yes
4885,0,0,0.03308598172565655,-3.452976942062378,-0.07797704637050629,base,no
4886,0,1,0.7772998611746911,-0.3753340244293213,-1.6253340244293213,base,yes
4887,0,1,0.6224593452091672,-0.6081084609031677,-1.1081085205078125,base,yes
4888,0,1,0.9669140201811735,-0.19807200133800507,-3.5730719566345215,base,yes
4889,0,0,0.02931223159932252,-3.664889335632324,-0.1648893654346466,base,no
4890,0,0,0.4073334000459302,-1.0149155855178833,-0.6399155855178833,base,no
4891,0,1,0.851952809486198,-0.3245841860771179,-2.0745842456817627,base,yes
4892,0,1,0.5621765008857981,-0.6943182945251465,-0.9443182945251465,base,yes
4893,0,1,0.9465966671870767,-0.26039010286331177,-3.135390043258667,base,yes
4894,0,0,0.05340332377362639,-3.1242589950561523,-0.2492588758468628,base,no
4895,0,0,0.0031726821591486257,-5.816575527191162,-0.0665753111243248,base,no
4896,0,0,0.07585817479810981,-2.6397998332977295,-0.13979975879192352,base,no
4897,0,1,0.8933094145755219,-0.2420007288455963,-2.3670008182525635,base,yes
4898,0,0,0.009708474977211935,-4.707576751708984,-0.08257659524679184,base,no
4899,0,0,0.07585817897661679,-2.6699483394622803,-0.16994832456111908,base,no
4900,0,1,0.7772998611746911,-0.4094732999801636,-1.6594732999801636,base,yes
4901,0,0,0.37754066879814546,-1.067787766456604,-0.567787766456604,base,no
4902,0,0,0.0675466845698721,-2.8015143871307373,-0.17651428282260895,base,no
4903,0,0,0.07585818524437762,-2.627878189086914,-0.12787826359272003,base,no
4904,0,1,0.5312093733737563,-0.7434332370758057,-0.8684332370758057,base,yes
4905,0,0,0.05340333507274787,-3.0029730796813965,-0.12797318398952484,base,no
4906,0,1,0.798186768138228,-0.4058759808540344,-1.7808759212493896,base,yes
4907,0,1,0.679178699175393,-0.5263701677322388,-1.2763701677322388,base,yes
4908,0,1,0.9324533022906132,-0.2180529683828354,-2.843052864074707,base,yes
4909,0,0,0.4378234991142019,-0.9344595074653625,-0.6844595074653625,base,no
4910,0,0,0.09534946361376598,-2.4045281410217285,-0.15452812612056732,base,no
4911,0,1,0.9890130588266818,-0.19275127351284027,-4.692751407623291,base,yes
4912,0,0,0.22270014398423357,-1.6425186395645142,-0.39251866936683655,base,no
4913,0,0,0.0031726828307035233,-5.797597885131836,-0.04759788140654564,base,no
4914,0,1,0.6513548646660542,-0.5369348526000977,-1.1619348526000977,base,yes
4915,0,0,0.34864513533394575,-1.1247138977050781,-0.4997138977050781,base,no
4916,0,1,0.7057850340255386,-0.4039094150066376,-1.27890944480896,base,yes
4917,0,1,0.6513548646660542,-0.5330185890197754,-1.1580185890197754,base,yes
4918,0,0,0.0021827160518402638,-6.146077632904053,-0.02107745222747326,base,no
4919,0,1,0.6513548782017746,-0.5470804572105408,-1.1720805168151855,base,yes
4920,0,1,0.9324533013520764,-0.3000684976577759,-2.9250683784484863,base,yes
4921,0,0,0.005911067805510302,-5.20324182510376,-0.07824164628982544,base,no
4922,0,1,0.8354835330070839,-0.2942163050174713,-1.919216275215149,base,yes
4923,0,1,0.5926665999540697,-0.7466729879379272,-1.1216729879379272,base,yes
4924,0,1,0.914900945711678,-0.2958718538284302,-2.6708717346191406,base,yes
4925,0,1,0.7772998611746911,-0.3647063970565796,-1.6147063970565796,base,yes
4926,0,1,0.5312093733737563,-0.7094417214393616,-0.8344417214393616,base,yes
4927,0,0,0.29421497216298875,-1.3893563747406006,-0.5143563747406006,base,no
4928,0,0,0.09534945847239201,-2.4263083934783936,-0.17630831897258759,base,no
4929,0,0,0.3486451488696663,-1.2326476573944092,-0.607647716999054,base,no
4930,0,0,0.04742587788985982,-3.160750150680542,-0.16075025498867035,base,no
4931,0,0,0.2689414096510108,-1.3861076831817627,-0.3861076235771179,base,no
4932,0,1,0.9241418210233833,-0.24051760137081146,-2.7405176162719727,base,yes
4933,0,0,0.18242551491653522,-1.8333125114440918,-0.333312451839447,base,no
4934,0,0,0.10669059820623795,-2.299715757369995,-0.1747158020734787,base,no
4935,0,0,0.03732688921821231,-3.3746254444122314,-0.12462549656629562,base,no
4936,0,0,0.0850990519679964,-2.5558972358703613,-0.1808973252773285,base,no
4937,0,1,0.9820137874059599,-0.13286510109901428,-4.132864952087402,base,yes
4938,0,1,0.9706877709445761,-0.15992039442062378,-3.6599204540252686,base,yes
4939,0,0,0.014063628799491258,-4.310199737548828,-0.06019986420869827,base,no
4940,0,1,0.966914019704466,-0.19632035493850708,-3.5713202953338623,base,yes
4941,0,1,0.893309411735131,-0.2541348338127136,-2.3791348934173584,base,yes
4942,0,1,0.6224593312018546,-0.6406581401824951,-1.1406581401824951,base,yes
4943,0,0,0.02931222905542399,-3.6365299224853516,-0.1365298628807068,base,no
4944,0,1,0.9046505453836383,-0.35959184169769287,-2.6095919609069824,base,yes
4945,0,1,0.9579122690805788,-0.20684058964252472,-3.3318405151367188,base,yes
4946,0,0,0.060086646807761206,-2.9025754928588867,-0.15257543325424194,base,no
4947,0,0,0.05340333055309901,-3.0025084018707275,-0.12750841677188873,base,no
4948,0,0,0.015906389729159958,-4.199662685394287,-0.07466255873441696,base,no
4949,0,1,0.9706877705205931,-0.14469929039478302,-3.6446993350982666,base,yes
4950,0,1,0.9241418231126367,-0.24142594635486603,-2.7414259910583496,base,yes
4951,0,1,0.7549149868676283,-0.3910670280456543,-1.5160670280456543,base,yes
4952,0,0,0.02931223159932252,-3.765552282333374,-0.2655523121356964,base,no
4953,0,0,0.07585817897661679,-2.72694730758667,-0.22694729268550873,base,no
4954,0,1,0.7549149923816048,-0.40638110041618347,-1.5313811302185059,base,yes
4955,0,1,0.9796676469541566,-0.13594721257686615,-4.010947227478027,base,yes
4956,0,0,0.02297737174989824,-3.8566691875457764,-0.10666926950216293,base,no
4957,0,1,0.9046505402422645,-0.2452039122581482,-2.495203971862793,base,yes
4958,0,0,0.18242552380635632,-1.8108288049697876,-0.3108288049697876,base,no
4959,0,1,0.7981867729389246,-0.35171547532081604,-1.7267154455184937,base,yes
4960,0,0,0.11920291732853862,-2.2321627140045166,-0.23216266930103302,base,no
4961,0,0,0.22270014914315833,-1.5890438556671143,-0.33904391527175903,base,no
4962,0,1,0.7057850402140659,-0.6582724452018738,-1.5332725048065186,base,yes
4963,0,1,0.798186768138228,-0.38470059633255005,-1.7597005367279053,base,yes
4964,0,1,0.9796676463605257,-0.16499711573123932,-4.039997100830078,base,yes
4965,0,1,0.7772998508568416,-0.3929317593574524,-1.6429316997528076,base,yes
4966,0,0,0.46879062662624377,-0.832724392414093,-0.707724392414093,base,no
4967,0,1,0.8933094131553264,-0.24029938876628876,-2.3652994632720947,base,yes
4968,0,1,0.5312093733737563,-0.767739474773407,-0.892739474773407,base,yes
4969,0,0,0.13296425050508953,-2.127718210220337,-0.2527182996273041,base,no
4970,0,0,0.03732688306051187,-3.439365863800049,-0.18936574459075928,base,no
4971,0,0,0.16451645880021026,-1.9070738554000854,-0.28207382559776306,base,no
4972,0,0,0.08509904500702024,-2.558558225631714,-0.18355822563171387,base,no
4973,0,1,0.8933094159957173,-0.20121683180332184,-2.32621693611145,base,yes
4974,0,0,0.004609571461475027,-5.419643878936768,-0.04464372247457504,base,no
4975,0,0,0.029312230327373224,-3.577878475189209,-0.07787846028804779,base,no
4976,0,0,0.18242552380635632,-1.8275692462921143,-0.32756924629211426,base,no
4977,0,0,0.13296425222296632,-2.1096320152282715,-0.23463211953639984,base,no
4978,0,0,0.020332352749027827,-3.9382376670837402,-0.06323763728141785,base,no
4979,0,1,0.8519527982093668,-0.2868058979511261,-2.0368058681488037,base,yes
4980,0,0,0.07585817166422973,-2.6304707527160645,-0.1304706335067749,base,no
4981,0,0,0.16451647108926923,-1.8541357517242432,-0.22913581132888794,base,no
4982,0,1,0.7772998560157665,-0.37557879090309143,-1.625578761100769,base,yes
4983,0,1,0.6791786861878392,-0.539553701877594,-1.2895536422729492,base,yes
4984,0,1,0.9149009526726544,-0.29374292492866516,-2.6687428951263428,base,yes
4985,0,1,0.9241418199787566,-0.2835071086883545,-2.7835071086883545,base,yes
4986,0,0,0.10669058968506456,-2.369154214859009,-0.2441541701555252,base,no
4987,0,1,0.9149009480320036,-0.2688771188259125,-2.6438770294189453,base,yes
4988,0,0,0.03308597719693549,-3.470071792602539,-0.09507175534963608,base,no
4989,0,0,0.09534945461636171,-2.5164666175842285,-0.26646649837493896,base,no
4990,0,1,0.7981867777396212,-0.33833134174346924,-1.7133313417434692,base,yes
4991,0,0,0.18242552380635632,-1.8659396171569824,-0.3659396171569824,base,no
4992,0,0,0.1645164628965632,-1.8951210975646973,-0.27012109756469727,base,no
4993,0,0,0.5,-0.8618894815444946,-0.8618894815444946,base,no
4994,0,0,0.053403329799824234,-3.00878643989563,-0.13378643989562988,base,no
4995,0,1,0.7549149923816048,-0.3495806157588959,-1.4745806455612183,base,yes
4996,0,1,0.9579122696813394,-0.24654465913772583,-3.371544599533081,base,yes
4997,0,1,0.8933093975331751,-0.34193071722984314,-2.466930627822876,base,yes
4998,0,0,0.06008664512463808,-2.951270341873169,-0.20127025246620178,base,no
4999,0,1,0.5621765008857981,-0.6981819272041321,-0.9481819272041321,base,yes
5000,0,0,0.4378234844434674,-1.0191044807434082,-0.7691044211387634,base,no
5001,0,0,0.01243165222525929,-4.433379173278809,-0.05837928503751755,base,no
5002,0,0,0.1480471961522176,-1.984886646270752,-0.23488663136959076,base,no
5003,0,0,0.18242552380635632,-1.8178157806396484,-0.31781578063964844,base,no
5004,0,1,0.9465966747198243,-0.16994228959083557,-3.0449423789978027,base,yes
5005,0,0,0.26894141551050293,-1.4414218664169312,-0.44142183661460876,base,no
5006,0,0,0.04208772340991573,-3.238901376724243,-0.11390126496553421,base,no
5007,0,1,0.9465966702001757,-0.17003965377807617,-3.045039653778076,base,yes
5008,0,1,0.9241418147556224,-0.242039754986763,-2.742039680480957,base,yes
5009,0,1,0.9579122750881832,-0.1885625571012497,-3.3135626316070557,base,yes
5010,0,1,0.7057850154599563,-0.484565794467926,-1.3595657348632812,base,yes
5011,0,0,0.32082130082460697,-1.2230056524276733,-0.47300565242767334,base,no
5012,0,0,0.4378234991142019,-0.9247831106185913,-0.6747831106185913,base,no
5013,0,1,0.731058584489497,-0.43530330061912537,-1.4353033304214478,base,yes
5014,0,1,0.8354835371034369,-0.35845696926116943,-1.9834569692611694,base,yes
5015,0,0,0.022977368070153135,-3.8679959774017334,-0.11799589544534683,base,no
5016,0,0,0.014063626836628337,-4.322843551635742,-0.072843536734581,base,no
5017,0,1,0.9399133456181842,-0.20639236271381378,-2.956392288208008,base,yes
5018,0,1,0.6224593452091672,-0.5779711604118347,-1.0779712200164795,base,yes
5019,0,0,0.0059110687030118165,-5.175746440887451,-0.05074641481041908,base,no
5020,0,0,0.2018132270610754,-1.7212181091308594,-0.34621813893318176,base,no
5021,0,0,0.46879062662624377,-0.8888687491416931,-0.7638687491416931,base,no
5022,0,0,0.2942149845400438,-1.3618593215942383,-0.48685938119888306,base,no
5023,0,0,0.34864513533394575,-1.1320031881332397,-0.5070031881332397,base,no
5024,0,1,0.5926665999540697,-0.6897611618041992,-1.0647611618041992,base,yes
5025,0,0,0.00857748414653042,-4.8167405128479,-0.06674036383628845,base,no
5026,0,0,0.02931223202330563,-3.616326093673706,-0.11632613837718964,base,no
5027,0,1,0.5312093733737563,-0.8024941682815552,-0.9274941682815552,base,yes
5028,0,0,0.18242553269617778,-1.7815821170806885,-0.28158217668533325,base,no
5029,0,1,0.5926665999540697,-0.6881160736083984,-1.0631160736083984,base,yes
5030,0,1,0.9241418199787566,-0.22597908973693848,-2.7259790897369385,base,yes
5031,0,1,0.9149009526726544,-0.2932439148426056,-2.668243885040283,base,yes
5032,0,0,0.2689414330889798,-1.405404806137085,-0.40540486574172974,base,no
5033,0,1,0.9241418220680101,-0.2244558036327362,-2.7244558334350586,base,yes
5034,0,1,0.9465966754730989,-0.18417061865329742,-3.059170722961426,base,yes
5035,0,1,0.880797081106935,-0.2729198634624481,-2.2729198932647705,base,yes
5036,0,0,0.07585817584273653,-2.6630849838256836,-0.16308492422103882,base,no
5037,0,1,0.7549149813536518,-0.39077630639076233,-1.51577627658844,base,yes
5038,0,0,0.006692852435007427,-5.03798770904541,-0.03798793628811836,base,no
5039,0,0,0.017986209172507078,-4.091586589813232,-0.09158654510974884,base,no
5040,0,1,0.5621765008857981,-0.6718093156814575,-0.9218093156814575,base,yes
5041,0,0,0.11920292202211755,-2.2683141231536865,-0.2683141231536865,base,no
5042,0,1,0.9399133464597458,-0.31695395708084106,-3.0669538974761963,base,yes
5043,0,1,0.9706877705205931,-0.17478246986865997,-3.6747825145721436,base,yes
5044,0,1,0.6791786861878392,-0.5382388234138489,-1.288238763809204,base,yes
5045,0,0,0.18242551491653522,-1.78509521484375,-0.2850951552391052,base,no
5046,0,0,0.0675466845698721,-2.789816379547119,-0.16481627523899078,base,no
5047,0,1,0.9840936064221572,-0.17910921573638916,-4.3041090965271,base,yes
5048,0,1,0.5621765008857981,-0.6622399687767029,-0.9122399687767029,base,yes
5049,0,0,0.24508501864634827,-1.5087971687316895,-0.38379719853401184,base,no
5050,0,0,0.13296423160844623,-2.1098198890686035,-0.23481981456279755,base,no
5051,0,0,0.08509904036636974,-2.5438528060913086,-0.16885274648666382,base,no
5052,0,0,0.004609572692159406,-5.451272964477539,-0.07627307623624802,base,no
5053,0,1,0.8670357460591569,-0.23372900485992432,-2.1087288856506348,base,yes
5054,0,0,0.060086652698692546,-2.894911289215088,-0.14491133391857147,base,no
5055,0,1,0.8354835330070839,-0.2935655415058136,-1.9185655117034912,base,yes
5056,0,0,0.34864513533394575,-1.1161261796951294,-0.4911261796951294,base,no
5057,0,0,0.29421497216298875,-1.3562003374099731,-0.48120033740997314,base,no
5058,0,1,0.5926666143433998,-0.6662937998771667,-1.0412938594818115,base,yes
5059,0,1,0.94659667246,-0.18345661461353302,-3.0584566593170166,base,yes
5060,0,1,0.9465966694469009,-0.237168088555336,-3.112168073654175,base,yes
5061,0,1,0.5926665999540697,-0.6006946563720703,-0.9756946563720703,base,yes
5062,0,1,0.966914017797636,-0.19787895679473877,-3.572878837585449,base,yes
5063,0,0,0.3208213138121609,-1.256772518157959,-0.5067725777626038,base,no
5064,0,0,0.29421497216298875,-1.307129979133606,-0.43212997913360596,base,no
5065,0,1,0.7549149868676283,-0.45312297344207764,-1.5781229734420776,base,yes
5066,0,0,0.24508502416032488,-1.501824140548706,-0.37682420015335083,base,no
5067,0,1,0.5621765008857981,-0.7341566681861877,-0.9841566681861877,base,yes
5068,0,1,0.8519527982093668,-0.290972501039505,-2.0409724712371826,base,yes
5069,0,1,0.966914024948248,-0.17943157255649567,-3.554431676864624,base,yes
5070,0,0,0.0203323520069892,-3.9803295135498047,-0.10532944649457932,base,no
5071,0,1,0.5926665999540697,-0.6659812927246094,-1.0409812927246094,base,yes
5072,0,1,0.9399133439350607,-0.20828233659267426,-2.958282232284546,base,yes
5073,0,0,0.3775406828054583,-1.1002936363220215,-0.6002936959266663,base,no
5074,0,0,0.005911068681121534,-5.188129901885986,-0.06312987208366394,base,no
5075,0,1,0.8519528132451416,-0.3413600027561188,-2.091360092163086,base,yes
5076,0,1,0.9525741254760638,-0.17804697155952454,-3.178046941757202,base,yes
5077,0,1,0.817574471748733,-0.3433188498020172,-1.8433188199996948,base,yes
5078,0,0,0.053403325280175794,-3.0210351943969727,-0.1460351049900055,base,no
5079,0,1,0.8175744673038221,-0.37900835275650024,-1.8790082931518555,base,yes
5080,0,1,0.7981867729389246,-0.38314393162727356,-1.7581439018249512,base,yes
5081,0,0,0.4378234991142019,-0.9929869174957275,-0.7429869174957275,base,no
5082,0,0,0.32082130082460697,-1.2859230041503906,-0.5359230041503906,base,no
5083,0,1,0.9770226297554521,-0.16815926134586334,-3.918159246444702,base,yes
5084,0,0,0.008577485160275657,-4.8097124099731445,-0.059712380170822144,base,no
5085,0,1,0.8175744761936437,-0.3285008668899536,-1.8285008668899536,base,yes
5086,0,1,0.798186768138228,-0.4772570729255676,-1.8522570133209229,base,yes
5087,0,1,0.5621765008857981,-0.7391064167022705,-0.9891064167022705,base,yes
5088,0,0,0.0534033331895608,-2.975074291229248,-0.10007435828447342,base,no
5089,0,1,0.5621765008857981,-0.7124141454696655,-0.9624141454696655,base,yes
5090,0,0,0.46879062662624377,-0.9278645515441895,-0.8028645515441895,base,no
5091,0,1,0.9046505402422645,-0.3548211455345154,-2.60482120513916,base,yes
5092,0,0,0.07585818733363135,-2.6973299980163574,-0.19733010232448578,base,no
5093,0,1,0.9796676436891864,-0.13481870293617249,-4.0098185539245605,base,yes
5094,0,0,0.46879062662624377,-0.993404746055603,-0.868404746055603,base,no
5095,0,0,0.37754066879814546,-1.01069974899292,-0.5106997489929199,base,no
5096,0,1,0.6224593171945417,-0.6468508839607239,-1.146850824356079,base,yes
5097,0,0,0.04742587721667508,-3.099745035171509,-0.09974512457847595,base,no
5098,0,1,0.9579122708828604,-0.1715557873249054,-3.296555757522583,base,yes
5099,0,1,0.7057850216484838,-0.4328111708164215,-1.3078111410140991,base,yes
5100,0,1,0.7772998508568416,-0.3779376149177551,-1.6279375553131104,base,yes
5101,0,0,0.06754668926255561,-2.777205228805542,-0.1522051990032196,base,no
5102,0,1,0.5312093733737563,-0.7674237489700317,-0.8924237489700317,base,yes
5103,0,0,0.4378234991142019,-0.9432084560394287,-0.6932084560394287,base,no
5104,0,0,0.29421497216298875,-1.2941886186599731,-0.41918861865997314,base,no
5105,0,1,0.5621765008857981,-0.6786389946937561,-0.9286389946937561,base,yes
5106,0,0,0.46879062662624377,-0.9538474082946777,-0.8288474082946777,base,no
5107,0,0,0.3775406828054583,-1.1294989585876465,-0.6294990181922913,base,no
5108,0,0,0.017986213778417023,-4.0841965675354,-0.0841967836022377,base,no
5109,0,0,0.16451645880021026,-1.8902308940887451,-0.26523086428642273,base,no
5110,0,1,0.8933093961129795,-0.24171291291713715,-2.366712808609009,base,yes
5111,0,1,0.9465966686936261,-0.2176060974597931,-3.0926060676574707,base,yes
5112,0,1,0.9324533163686646,-0.2525414228439331,-2.8775415420532227,base,yes
5113,0,1,0.8354835289107309,-0.3237469792366028,-1.948746919631958,base,yes
5114,0,0,0.012431653231446594,-4.51854944229126,-0.14354963600635529,base,no
5115,0,1,0.679178699175393,-0.4981973171234131,-1.248197317123413,base,yes
5116,0,1,0.8175744806385543,-0.3433469235897064,-1.8433469533920288,base,yes
5117,0,1,0.7310585786300049,-0.42284905910491943,-1.4228490591049194,base,yes
5118,0,0,0.03308597910376534,-3.4709181785583496,-0.0959182009100914,base,no
5119,0,1,0.5312093733737563,-0.7403910160064697,-0.8653910160064697,base,yes
5120,0,0,0.37754066879814546,-1.080797791481018,-0.5807977914810181,base,no
5121,0,0,0.0953494674697966,-2.4127819538116455,-0.1627819836139679,base,no
5122,0,1,0.8519528170040853,-0.3048518896102905,-2.05485200881958,base,yes
5123,0,1,0.7981867729389246,-0.4023264944553375,-1.7773264646530151,base,yes
5124,0,1,0.9740426416719393,-0.20818524062633514,-3.8331851959228516,base,yes
5125,0,0,0.033085978627057866,-3.469878673553467,-0.0948786810040474,base,no
5126,0,0,0.042087729717900216,-3.2378902435302734,-0.11289028823375702,base,no
5127,0,1,0.9324533097989077,-0.23290656507015228,-2.8579065799713135,base,yes
5128,0,0,0.2689414330889798,-1.4263334274291992,-0.426333487033844,base,no
5129,0,1,0.8670357666736773,-0.30702537298202515,-2.18202543258667,base,yes
5130,0,0,0.037326890021390696,-3.4110159873962402,-0.1610160619020462,base,no
5131,0,1,0.8670357666736773,-0.27136343717575073,-2.1463634967803955,base,yes
5132,0,0,0.1645164628965632,-1.8842705488204956,-0.2592705488204956,base,no
5133,0,0,0.46879062662624377,-0.9103114604949951,-0.7853114604949951,base,no
5134,0,1,0.8175744761936437,-0.3607504367828369,-1.860750436782837,base,yes
5135,0,0,0.02033235408469743,-3.9796133041381836,-0.10461334139108658,base,no
5136,0,0,0.08509904964767095,-2.6101558208465576,-0.2351558804512024,base,no
5137,0,0,0.3208212878370535,-1.2205297946929932,-0.4705297350883484,base,no
5138,0,0,0.02931223265928031,-3.6158387660980225,-0.11583883315324783,base,no
5139,0,1,0.6513548646660542,-0.5365755558013916,-1.1615755558013916,base,yes
5140,0,0,0.16451645470385742,-1.9206292629241943,-0.29562920331954956,base,no
5141,0,1,0.8670357494949105,-0.3435889184474945,-2.2185888290405273,base,yes
5142,0,0,0.09534945590170514,-2.425246000289917,-0.17524589598178864,base,no
5143,0,1,0.9046505428129514,-0.35834160447120667,-2.608341693878174,base,yes
5144,0,0,0.06008665606493926,-2.910806179046631,-0.16080628335475922,base,no
5145,0,0,0.020332355271959375,-3.9370219707489014,-0.06202206760644913,base,no
5146,0,1,0.7772998663336157,-0.4289493262767792,-1.6789493560791016,base,yes
5147,0,1,0.7057850402140659,-0.4712817072868347,-1.3462817668914795,base,yes
5148,0,0,0.042087731520181665,-3.2937915325164795,-0.16879162192344666,base,no
5149,0,0,0.03732688306051187,-3.4247961044311523,-0.1747959852218628,base,no
5150,0,0,0.04742587587030561,-3.158442497253418,-0.15844255685806274,base,no
5151,0,0,0.18242551936144574,-1.7756577730178833,-0.2756577432155609,base,no
5152,0,1,0.966914017797636,-0.19681179523468018,-3.5718116760253906,base,yes
5153,0,1,0.8175744806385543,-0.3120999038219452,-1.8120999336242676,base,yes
5154,0,0,0.02033235141335831,-3.9893882274627686,-0.1143881306052208,base,no
5155,0,0,0.46879062662624377,-0.9147177934646606,-0.7897177934646606,base,no
5156,0,0,0.11920291732853862,-2.185901641845703,-0.18590159714221954,base,no
5157,0,0,0.06008665101556925,-2.8643341064453125,-0.1143341213464737,base,no
5158,0,1,0.9149009480320036,-0.2504626214504242,-2.625462532043457,base,yes
5159,0,0,0.04742587250438209,-3.1042401790618896,-0.10424016416072845,base,no
5160,0,1,0.9740426397881662,-0.18952572345733643,-3.814525604248047,base,yes
5161,0,0,0.4378234991142019,-0.9174811840057373,-0.6674811840057373,base,no
5162,0,0,0.18242551936144574,-1.7795411348342896,-0.27954110503196716,base,no
5163,0,0,0.22270013882530884,-1.566117286682129,-0.3161172866821289,base,no
5164,0,1,0.5621765008857981,-0.7185561656951904,-0.9685561656951904,base,yes
5165,0,0,0.46879062662624377,-0.888382077217102,-0.763382077217102,base,no
5166,0,0,0.46879062662624377,-0.8793333172798157,-0.7543333172798157,base,no
5167,0,0,0.4378234991142019,-0.9415948390960693,-0.6915948390960693,base,no
5168,0,1,0.9579122672782973,-0.1884380578994751,-3.3134379386901855,base,yes
5169,0,1,0.5926665999540697,-0.6225419044494629,-0.9975419044494629,base,yes
5170,0,0,0.0066928505527957495,-5.057266712188721,-0.057266656309366226,base,no
5171,0,0,0.34864513533394575,-1.1986517906188965,-0.5736517906188965,base,no
5172,0,1,0.6224593312018546,-0.6191723346710205,-1.1191723346710205,base,yes
5173,0,1,0.9241418262465169,-0.2839736044406891,-2.7839736938476562,base,yes
5174,0,0,0.2018132174596823,-1.6861759424209595,-0.3111759126186371,base,no
5175,0,0,0.32082130082460697,-1.3035880327224731,-0.5535880327224731,base,no
5176,0,0,0.34864513533394575,-1.1559921503067017,-0.5309921503067017,base,no
5177,0,0,0.46879062662624377,-0.9207793474197388,-0.7957793474197388,base,no
5178,0,1,0.9740426435557125,-0.20980927348136902,-3.8348093032836914,base,yes
5179,0,0,0.03308597791199666,-3.463428258895874,-0.08842824399471283,base,no
5180,0,0,0.22270013366638422,-1.6770912408828735,-0.42709121108055115,base,no
5181,0,1,0.8670357701094303,-0.34302011132240295,-2.21802020072937,base,yes
5182,0,1,0.7057850216484838,-0.48443737626075745,-1.359437346458435,base,yes
5183,0,0,0.053403324903538434,-2.9664242267608643,-0.0914241299033165,base,no
5184,0,0,0.06754668550840877,-2.8084640502929688,-0.1834639608860016,base,no
5185,0,1,0.7549149868676283,-0.3933917284011841,-1.518391728401184,base,yes
5186,0,1,0.5926665855647394,-0.7019734978675842,-1.0769734382629395,base,yes
5187,0,1,0.9740426431789577,-0.17164896428585052,-3.7966489791870117,base,yes
5188,0,0,0.022977370077286757,-3.840627431869507,-0.09062743932008743,base,no
5189,0,1,0.7549149923816048,-0.4757656753063202,-1.6007657051086426,base,yes
5190,0,0,0.07585818628900447,-2.6806800365448,-0.18068012595176697,base,no
5191,0,0,0.14804721306746543,-2.037510395050049,-0.2875105142593384,base,no
5192,0,0,0.4073334000459302,-0.9995319247245789,-0.6245319247245789,base,no
5193,0,0,0.09534945847239201,-2.4567697048187256,-0.20676963031291962,base,no
5194,0,1,0.679178699175393,-0.49403083324432373,-1.2440308332443237,base,yes
5195,0,1,0.867035763237924,-0.28694912791252136,-2.1619491577148438,base,yes
5196,0,0,0.11920293297380237,-2.192016124725342,-0.19201622903347015,base,no
5197,0,0,0.22270012850745968,-1.5989727973937988,-0.34897273778915405,base,no
5198,0,1,0.914900945711678,-0.25424492359161377,-2.629244804382324,base,yes
5199,0,1,0.7981867777396212,-0.3801002502441406,-1.7551002502441406,base,yes
5200,0,0,0.004070137036363275,-5.5608296394348145,-0.06082947179675102,base,no
5201,0,1,0.5312093733737563,-0.7409379482269287,-0.8659379482269287,base,yes
5202,0,1,0.8175744850834649,-0.288169801235199,-1.7881698608398438,base,yes
5203,0,0,0.00591106881246323,-5.162479400634766,-0.03747939318418503,base,no
5204,0,0,0.1645164608483867,-1.8700990676879883,-0.2450990527868271,base,no
5205,0,0,0.46879062662624377,-0.8823500871658325,-0.7573500871658325,base,no
5206,0,0,0.06008664428307651,-2.9020838737487793,-0.15208376944065094,base,no
5207,0,1,0.7981867777396212,-0.44624972343444824,-1.8212497234344482,base,yes
5208,0,1,0.6513548782017746,-0.5373741984367371,-1.1623742580413818,base,yes
5209,0,0,0.5,-0.8020458817481995,-0.8020458817481995,base,no
5210,0,1,0.5621765008857981,-0.6894758343696594,-0.9394758343696594,base,yes
5211,0,0,0.008577483924773664,-4.803926467895508,-0.053926292806863785,base,no
5212,0,0,0.18242551491653522,-1.7579224109649658,-0.25792235136032104,base,no
5213,0,0,0.053403329799824234,-3.053471088409424,-0.17847108840942383,base,no
5214,0,1,0.7772998560157665,-0.4327123463153839,-1.6827123165130615,base,yes
5215,0,1,0.5926665999540697,-0.7031829357147217,-1.0781829357147217,base,yes
5216,0,1,0.7772998560157665,-0.3758597671985626,-1.6258597373962402,base,yes
5217,0,1,0.7981867777396212,-0.34932827949523926,-1.7243282794952393,base,yes
5218,0,1,0.5312093733737563,-0.706641435623169,-0.831641435623169,base,yes
5219,0,1,0.9324533022906132,-0.21641097962856293,-2.8414108753204346,base,yes
5220,0,0,0.4073334000459302,-1.0465344190597534,-0.6715344190597534,base,no
5221,0,0,0.1329642436335826,-2.2718253135681152,-0.3968253433704376,base,no
5222,0,0,0.06754668644694548,-2.822014331817627,-0.19701425731182098,base,no
5223,0,0,0.00669285154343341,-5.038049697875977,-0.038049791008234024,base,no
5224,0,0,0.10669059394565118,-2.3362503051757812,-0.21125030517578125,base,no
5225,0,0,0.03732689082456911,-3.357409715652466,-0.10740981251001358,base,no
5226,0,0,0.0031726832784068674,-5.777493953704834,-0.027494091540575027,base,no
5227,0,0,0.18242552380635632,-1.8227925300598145,-0.32279253005981445,base,no
5228,0,0,0.22270013366638422,-1.5573465824127197,-0.30734655261039734,base,no
5229,0,1,0.9859363725435202,-0.1766968071460724,-4.42669677734375,base,yes
5230,0,1,0.8933094174159129,-0.21620357036590576,-2.3412036895751953,base,yes
5231,0,1,0.8519527982093668,-0.3071348965167999,-2.0571348667144775,base,yes
5232,0,0,0.0420877273148584,-3.267698049545288,-0.1426980346441269,base,no
5233,0,1,0.9525741261492485,-0.21179582178592682,-3.2117958068847656,base,yes
5234,0,0,0.1329642419157059,-2.0993452072143555,-0.22434522211551666,base,no
5235,0,0,0.1645164628965632,-1.8963521718978882,-0.2713521718978882,base,no
5236,0,0,0.09534946232842245,-2.394193649291992,-0.1441936194896698,base,no
5237,0,0,0.3775406828054583,-1.048532247543335,-0.5485323071479797,base,no
5238,0,1,0.9046505286741726,-0.24592120945453644,-2.4959211349487305,base,yes
5239,0,1,0.9149009549929797,-0.2522587776184082,-2.627258777618408,base,yes
5240,0,0,0.37754066879814546,-1.0680521726608276,-0.5680521726608276,base,no
5241,0,1,0.7310585669110203,-0.4382219910621643,-1.4382219314575195,base,yes
5242,0,1,0.7772998663336157,-0.3299541175365448,-1.5799541473388672,base,yes
5243,0,0,0.34864513533394575,-1.2068623304367065,-0.5818623304367065,base,no
5244,0,1,0.5621765008857981,-0.7025151252746582,-0.9525151252746582,base,yes
5245,0,1,0.9740426412951848,-0.17045742273330688,-3.795457363128662,base,yes
5246,0,0,0.46879062662624377,-0.8548266291618347,-0.7298266291618347,base,no
5247,0,1,0.851952809486198,-0.2871024012565613,-2.037102460861206,base,yes
5248,0,1,0.6791787056691698,-0.491947740316391,-1.2419477701187134,base,yes
5249,0,0,0.006692850329902297,-5.136867046356201,-0.136866956949234,base,no
5250,0,1,0.5621765008857981,-0.7182215452194214,-0.9682215452194214,base,yes
5251,0,1,0.679178699175393,-0.530653715133667,-1.280653715133667,base,yes
5252,0,0,0.025957355314023947,-3.7580854892730713,-0.13308541476726532,base,no
5253,0,1,0.8933094032139576,-0.2412300407886505,-2.366230010986328,base,yes
5254,0,0,0.46879062662624377,-0.8548855781555176,-0.7298855781555176,base,no
5255,0,1,0.7310585669110203,-0.433594286441803,-1.4335942268371582,base,yes
5256,0,1,0.9770226297554521,-0.13883663713932037,-3.888836622238159,base,yes
5257,0,0,0.18242552380635632,-1.8980083465576172,-0.3980083465576172,base,no
5258,0,1,0.9399133456181842,-0.20786602795124054,-2.9578659534454346,base,yes
5259,0,0,0.16451646699291617,-1.8874104022979736,-0.262410432100296,base,no
5260,0,0,0.11920293297380237,-2.2482106685638428,-0.24821077287197113,base,no
5261,0,1,0.5926665999540697,-0.5917190313339233,-0.9667190313339233,base,yes
5262,0,0,0.10669059962643358,-2.3475916385650635,-0.22259169816970825,base,no
5263,0,0,0.017986212857234944,-4.184890270233154,-0.18489043414592743,base,no
5264,0,1,0.9241418158002492,-0.22450095415115356,-2.724500894546509,base,yes
5265,0,0,0.2689414096510108,-1.4013655185699463,-0.4013654589653015,base,no
5266,0,0,0.08509904500702024,-2.6065118312835693,-0.23151183128356934,base,no
5267,0,1,0.7057850154599563,-0.5044768452644348,-1.37947678565979,base,yes
5268,0,1,0.679178699175393,-0.5266549587249756,-1.2766549587249756,base,yes
5269,0,0,0.06754668550840877,-2.777708053588867,-0.15270796418190002,base,no
5270,0,0,0.2689414213699951,-1.493528962135315,-0.49352896213531494,base,no
5271,0,1,0.7057850278370112,-0.5014665126800537,-1.3764665126800537,base,yes
5272,0,0,0.037326888415033926,-3.3380918502807617,-0.0880918800830841,base,no
5273,0,0,0.10669059962643358,-2.3143465518951416,-0.18934661149978638,base,no
5274,0,0,0.26894141551050293,-1.4341524839401245,-0.4341524541378021,base,no
5275,0,0,0.4073334000459302,-1.0246639251708984,-0.6496639251708984,base,no
5276,0,0,0.02931223287127187,-3.5895721912384033,-0.08957226574420929,base,no
5277,0,0,0.46879062662624377,-0.8663036823272705,-0.7413036823272705,base,no
5278,0,0,0.053403329799824234,-3.0693838596343994,-0.19438385963439941,base,no
5279,0,1,0.5621765008857981,-0.6993271708488464,-0.9493271708488464,base,yes
5280,0,0,0.04208772851637929,-3.245656967163086,-0.12065698206424713,base,no
5281,0,0,0.5,-0.8097713589668274,-0.8097713589668274,base,no
5282,0,0,0.4378234991142019,-0.9868414998054504,-0.7368414998054504,base,no
5283,0,0,0.017986206145766886,-4.047570705413818,-0.04757048934698105,base,no
5284,0,1,0.9770226320971079,-0.16782227158546448,-3.9178223609924316,base,yes
5285,0,0,0.22270012850745968,-1.599313735961914,-0.3493136763572693,base,no
5286,0,0,0.5,-0.7989367246627808,-0.7989367246627808,base,no
5287,0,1,0.7057850278370112,-0.5218863487243652,-1.3968863487243652,base,yes
5288,0,1,0.8933093975331751,-0.2766800820827484,-2.4016799926757812,base,yes
5289,0,0,0.060086652698692546,-2.8832151889801025,-0.13321523368358612,base,no
5290,0,1,0.9669140187510509,-0.16275128722190857,-3.5377511978149414,base,yes
5291,0,0,0.2018132174596823,-1.6846901178359985,-0.30969008803367615,base,no
5292,0,0,0.0031726830309918535,-5.792579650878906,-0.042579710483551025,base,no
5293,0,0,0.24508501313237172,-1.485517144203186,-0.36051714420318604,base,no
5294,0,1,0.8519527944504226,-0.2749374508857727,-2.024937391281128,base,yes
5295,0,1,0.9149009526726544,-0.2521655857563019,-2.6271655559539795,base,yes
5296,0,1,0.817574471748733,-0.34121933579444885,-1.8412193059921265,base,yes
5297,0,0,0.06008664344151498,-2.901782512664795,-0.15178239345550537,base,no
5298,0,1,0.7310585786300049,-0.4213169813156128,-1.4213169813156128,base,yes
5299,0,0,0.005911070038319199,-5.194675445556641,-0.06967564672231674,base,no
5300,0,1,0.7310585727705126,-0.46635058522224426,-1.4663505554199219,base,yes
5301,0,1,0.9579122708828604,-0.18757227063179016,-3.3125722408294678,base,yes
5302,0,1,0.679178699175393,-0.4920384883880615,-1.2420384883880615,base,yes
5303,0,1,0.6224593452091672,-0.5683717131614685,-1.0683717727661133,base,yes
5304,0,0,0.34864513533394575,-1.2064646482467651,-0.5814646482467651,base,no
5305,0,1,0.6791786861878392,-0.5356727242469788,-1.285672664642334,base,yes
5306,0,0,0.017986206145766886,-4.059823989868164,-0.05982377380132675,base,no
5307,0,0,0.07585818106587033,-2.6680550575256348,-0.16805507242679596,base,no
5308,0,1,0.679178699175393,-0.46147680282592773,-1.2114768028259277,base,yes
5309,0,1,0.6224593312018546,-0.5485390424728394,-1.0485390424728394,base,yes
5310,0,1,0.8933094032139576,-0.2440491020679474,-2.369049072265625,base,yes
5311,0,0,0.37754066879814546,-1.0741409063339233,-0.5741409063339233,base,no
5312,0,0,0.05340333205964859,-3.0188729763031006,-0.14387302100658417,base,no
5313,0,1,0.8354835411997897,-0.27901527285575867,-1.904015302658081,base,yes
5314,0,0,0.29421497216298875,-1.2908390760421753,-0.4158390760421753,base,no
5315,0,0,0.07585817793199003,-2.8006134033203125,-0.3006133735179901,base,no
5316,0,0,0.05340332377362639,-3.000582218170166,-0.12558209896087646,base,no
5317,0,0,0.06008665311947337,-2.855384111404419,-0.10538416355848312,base,no
5318,0,0,0.22270013882530884,-1.57368004322052,-0.32368004322052,base,no
5319,0,1,0.9465966709534505,-0.18481968343257904,-3.0598196983337402,base,yes
5320,0,0,0.2689414213699951,-1.3873820304870605,-0.38738203048706055,base,no
5321,0,0,0.46879062662624377,-0.9027706980705261,-0.7777706980705261,base,no
5322,0,0,0.3486451488696663,-1.1756782531738281,-0.5506783127784729,base,no
5323,0,1,0.8519528019683106,-0.2884178161621094,-2.0384178161621094,base,yes
5324,0,0,0.025957355314023947,-3.705847978591919,-0.08084790408611298,base,no
5325,0,0,0.34864513533394575,-1.1373014450073242,-0.5123014450073242,base,no
5326,0,1,0.8519527944504226,-0.33846622705459595,-2.088466167449951,base,yes
5327,0,0,0.06754668644694548,-2.7616212368011475,-0.1366211622953415,base,no
5328,0,0,0.04208772941751998,-3.203994035720825,-0.07899407297372818,base,no
5329,0,0,0.014063628799491258,-4.329497337341309,-0.07949746400117874,base,no
5330,0,0,0.22270013366638422,-1.6254842281341553,-0.3754841983318329,base,no
5331,0,1,0.914900957313305,-0.2535352408885956,-2.628535270690918,base,yes
5332,0,1,0.9579122714836206,-0.14510633051395416,-3.270106315612793,base,yes
5333,0,1,0.6224593452091672,-0.5457088351249695,-1.0457088947296143,base,yes
5334,0,0,0.015906388679519302,-4.207099437713623,-0.08209924399852753,base,no
5335,0,1,0.7772998611746911,-0.4099975824356079,-1.659997582435608,base,yes
5336,0,0,0.13296424706933604,-2.1058428287506104,-0.23084288835525513,base,no
5337,0,1,0.880797068590724,-0.30825075507164,-2.308250665664673,base,yes
5338,0,0,0.09534946618445303,-2.4186389446258545,-0.16863895952701569,base,no
5339,0,1,0.6791786861878392,-0.4870651364326477,-1.237065076828003,base,yes
5340,0,0,0.07585817688736327,-2.7235119342803955,-0.22351188957691193,base,no
5341,0,1,0.9241418210233833,-0.24217890202999115,-2.7421789169311523,base,yes
5342,0,1,0.9820137918802723,-0.1469954401254654,-4.146995544433594,base,yes
5343,0,0,0.007577239811157005,-4.9225335121154785,-0.047533318400382996,base,no
5344,0,1,0.7981867825403176,-0.3476531207561493,-1.7226531505584717,base,yes
5345,0,0,0.00970847719778945,-4.699399471282959,-0.07439954578876495,base,no
5346,0,0,0.04208773001828046,-3.2084076404571533,-0.0834076926112175,base,no
5347,0,0,0.05340333205964859,-3.0106303691864014,-0.13563041388988495,base,no
5348,0,1,0.9465966747198243,-0.23699918389320374,-3.111999273300171,base,yes
5349,0,0,0.025957360023456458,-3.705418348312378,-0.08041846007108688,base,no
5350,0,1,0.7310585669110203,-0.4741442799568176,-1.4741442203521729,base,yes
5351,0,1,0.8519527869325346,-0.2874847650527954,-2.037484645843506,base,yes
5352,0,0,0.020332358091706755,-4.01423454284668,-0.1392347812652588,base,no
5353,0,0,0.025957357762928745,-3.6988487243652344,-0.07384874671697617,base,no
5354,0,1,0.9579122768904644,-0.1731775999069214,-3.298177719116211,base,yes
5355,0,0,0.008577484019812273,-4.874338626861572,-0.12433846294879913,base,no
5356,0,1,0.8175744761936437,-0.3277859687805176,-1.8277859687805176,base,yes
5357,0,1,0.7981867729389246,-0.3542845547199249,-1.7292845249176025,base,yes
5358,0,0,0.1480471980316895,-1.970759391784668,-0.22075939178466797,base,no
5359,0,0,0.5,-0.8591601848602295,-0.8591601848602295,base,no
5360,0,1,0.9579122678790578,-0.2061241716146469,-3.3311240673065186,base,yes
5361,0,0,0.014063629729268525,-4.380615234375,-0.13061542809009552,base,no
5362,0,0,0.04208773212094217,-3.24687123298645,-0.12187133729457855,base,no
5363,0,1,0.979667650515942,-0.18305616080760956,-4.058056354522705,base,yes
5364,0,1,0.7981867873410141,-0.3358113169670105,-1.7108113765716553,base,yes
5365,0,0,0.10669059678604234,-2.3879735469818115,-0.2629735767841339,base,no
5366,0,1,0.9579122702820998,-0.20587067306041718,-3.3308706283569336,base,yes
5367,0,1,0.7057850154599563,-0.46648675203323364,-1.3414866924285889,base,yes
5368,0,1,0.8807970654616711,-0.28700077533721924,-2.2870006561279297,base,yes
5369,0,0,0.18242552380635632,-1.7634167671203613,-0.26341676712036133,base,no
5370,0,0,0.5,-0.7671210169792175,-0.7671210169792175,base,no
5371,0,1,0.94659667246,-0.23811884224414825,-3.113118886947632,base,yes
5372,0,1,0.9149009480320036,-0.22004303336143494,-2.5950429439544678,base,yes
5373,0,1,0.8175744673038221,-0.32563668489456177,-1.825636625289917,base,yes
5374,0,1,0.8175744806385543,-0.30189248919487,-1.8018925189971924,base,yes
5375,0,1,0.7549149868676283,-0.42454993724823,-1.54954993724823,base,yes
5376,0,0,0.3775406828054583,-1.091855525970459,-0.5918555855751038,base,no
5377,0,1,0.7772998714925403,-0.4096373915672302,-1.659637451171875,base,yes
5378,0,1,0.754914975839675,-0.41622549295425415,-1.5412254333496094,base,yes
5379,0,0,0.0474258704848281,-3.1590869426727295,-0.15908688306808472,base,no
5380,0,0,0.08509903804604459,-2.639007329940796,-0.26400724053382874,base,no
5381,0,0,0.1329642333263228,-2.1517598628997803,-0.2767598032951355,base,no
5382,0,0,0.0600866518571309,-2.8918869495391846,-0.14188697934150696,base,no
5383,0,0,0.02033235497514388,-3.978532552719116,-0.10353263467550278,base,no
5384,0,1,0.8933093975331751,-0.22770437598228455,-2.3527042865753174,base,yes
5385,0,1,0.9525741234565097,-0.21085579693317413,-3.210855722427368,base,yes
5386,0,0,0.22270013366638422,-1.5646400451660156,-0.31464001536369324,base,no
5387,0,1,0.6224593312018546,-0.5637259483337402,-1.0637259483337402,base,yes
5388,0,0,0.5,-0.8260729312896729,-0.8260729312896729,base,no
5389,0,0,0.24508501864634827,-1.4784618616104126,-0.353461891412735,base,no
5390,0,1,0.7981867777396212,-0.35081398487091064,-1.7258139848709106,base,yes
5391,0,1,0.8354835411997897,-0.2925433814525604,-1.9175434112548828,base,yes
5392,0,0,0.020332351710173755,-3.955791473388672,-0.08079139143228531,base,no
5393,0,1,0.8933093961129795,-0.23016630113124847,-2.35516619682312,base,yes
5394,0,0,0.1480472055495773,-2.080946207046509,-0.33094626665115356,base,no
5395,0,1,0.679178699175393,-0.5154287815093994,-1.2654287815093994,base,yes
5396,0,0,0.09534946875514017,-2.4196619987487793,-0.16966204345226288,base,no
5397,0,1,0.5312093733737563,-0.707405686378479,-0.832405686378479,base,yes
5398,0,0,0.4073333856566001,-1.0404534339904785,-0.6654533743858337,base,no
5399,0,0,0.014063628489565516,-4.329858303070068,-0.07985840737819672,base,no
5400,0,1,0.5621765008857981,-0.6885038018226624,-0.9385038018226624,base,yes
5401,0,1,0.974042642048694,-0.1550150215625763,-3.780014991760254,base,yes
5402,0,0,0.16451645880021026,-1.9151921272277832,-0.2901920974254608,base,no
5403,0,1,0.9796676487350494,-0.165060892701149,-4.040060997009277,base,yes
5404,0,1,0.6224593171945417,-0.687892496585846,-1.1878924369812012,base,yes
5405,0,0,0.08509904732734556,-2.5401511192321777,-0.16515114903450012,base,no
5406,0,1,0.5926665999540697,-0.6146950721740723,-0.9896950721740723,base,yes
5407,0,0,0.037326887879581695,-3.3843281269073486,-0.13432814180850983,base,no
5408,0,0,0.11920293140927592,-2.2362120151519775,-0.2362121045589447,base,no
5409,0,0,0.11920291732853862,-2.197704792022705,-0.1977047473192215,base,no
5410,0,0,0.029312229903390143,-3.6646487712860107,-0.16464874148368835,base,no
5411,0,0,0.13296425050508953,-2.075307607650757,-0.200307697057724,base,no
5412,0,0,0.26894141551050293,-1.3868545293807983,-0.38685449957847595,base,no
5413,0,1,0.7310585727705126,-0.40241459012031555,-1.4024145603179932,base,yes
5414,0,0,0.32082130082460697,-1.2282274961471558,-0.47822749614715576,base,no
5415,0,1,0.9626731126558706,-0.18337178230285645,-3.4333717823028564,base,yes
5416,0,0,0.033085978388704126,-3.549315929412842,-0.1743159294128418,base,no
5417,0,1,0.7981867729389246,-0.45134463906288147,-1.826344609260559,base,yes
5418,0,1,0.6224593312018546,-0.5596715211868286,-1.0596715211868286,base,yes
5419,0,1,0.5926665999540697,-0.6334012746810913,-1.0084012746810913,base,yes
5420,0,1,0.7772998714925403,-0.35219329595565796,-1.6021933555603027,base,yes
5421,0,0,0.1066905854244781,-2.289654493331909,-0.16465440392494202,base,no
5422,0,1,0.9626731156008578,-0.11895505338907242,-3.368955135345459,base,yes
5423,0,1,0.9875683502444729,-0.15666905045509338,-4.5316691398620605,base,yes
5424,0,0,0.08509903688588204,-2.6234078407287598,-0.2484077364206314,base,no
5425,0,1,0.880797071719777,-0.29061347246170044,-2.2906134128570557,base,yes
5426,0,0,0.06754669489377622,-2.78499174118042,-0.1599918007850647,base,no
5427,0,0,0.18242551936144574,-1.7856614589691162,-0.2856614291667938,base,no
5428,0,0,0.006692852261645802,-5.122343063354492,-0.1223432645201683,base,no
5429,0,1,0.880797068590724,-0.3539148271083832,-2.353914737701416,base,yes
5430,0,0,0.22270013882530884,-1.605981707572937,-0.355981707572937,base,no
5431,0,1,0.924141817889503,-0.30576565861701965,-2.8057656288146973,base,yes
5432,0,1,0.867035763237924,-0.3261873424053192,-2.2011873722076416,base,yes
5433,0,0,0.34864513533394575,-1.1633471250534058,-0.5383471250534058,base,no
5434,0,0,0.4073334000459302,-1.0112658739089966,-0.6362658739089966,base,no
5435,0,0,0.18242553047372242,-1.7485098838806152,-0.24850992858409882,base,no
5436,0,0,0.01798620838292263,-4.112631797790527,-0.11263170838356018,base,no
5437,0,0,0.10669058826486906,-2.3251707553863525,-0.20017069578170776,base,no
5438,0,0,0.5,-0.8487541675567627,-0.8487541675567627,base,no
5439,0,1,0.8354835452961425,-0.3392006754875183,-1.964200735092163,base,yes
5440,0,1,0.9859363698574972,-0.14286349713802338,-4.3928632736206055,base,yes
5441,0,1,0.939913356558485,-0.19143235683441162,-2.941432476043701,base,yes
5442,0,1,0.9890130588266818,-0.19245944917201996,-4.692459583282471,base,yes
5443,0,1,0.7057850154599563,-0.5329118371009827,-1.407911777496338,base,yes
5444,0,1,0.8670357701094303,-0.3044063150882721,-2.1794064044952393,base,yes
5445,0,0,0.04742587082142043,-3.1049864292144775,-0.10498637706041336,base,no
5446,0,1,0.6224593452091672,-0.6280879378318787,-1.1280879974365234,base,yes
5447,0,0,0.16451646699291617,-1.8930492401123047,-0.2680492699146271,base,no
5448,0,0,0.2942149783515162,-1.335207223892212,-0.4602072536945343,base,no
5449,0,0,0.3486451285660856,-1.1213825941085815,-0.49638256430625916,base,no
5450,0,1,0.851952809486198,-0.31926435232162476,-2.0692644119262695,base,yes
5451,0,1,0.5312093733737563,-0.7723289132118225,-0.8973289132118225,base,yes
5452,0,1,0.5312093733737563,-0.7115674018859863,-0.8365674018859863,base,yes
5453,0,0,0.16451646699291617,-1.8963336944580078,-0.2713337242603302,base,no
5454,0,1,0.9796676448764484,-0.1353836953639984,-4.010383605957031,base,yes
5455,0,1,0.7549149868676283,-0.45898139476776123,-1.5839813947677612,base,yes
5456,0,0,0.18242553269617778,-1.818225622177124,-0.3182256817817688,base,no
5457,0,0,0.18242551936144574,-1.9311864376068115,-0.43118640780448914,base,no
5458,0,1,0.9149009584734678,-0.20436306297779083,-2.5793631076812744,base,yes
5459,0,1,0.9465966694469009,-0.24023105204105377,-3.1152310371398926,base,yes
5460,0,0,0.03308597529010575,-3.444323778152466,-0.06932368129491806,base,no
5461,0,0,0.010986941416197443,-4.547391891479492,-0.047391779720783234,base,no
5462,0,0,0.32082129433083023,-1.1891204118728638,-0.4391203820705414,base,no
5463,0,0,0.10669060104662924,-2.291360855102539,-0.16636092960834503,base,no
5464,0,0,0.5,-0.8661909103393555,-0.8661909103393555,base,no
5465,0,0,0.05340332603345051,-3.009610414505005,-0.1346103399991989,base,no
5466,0,0,0.32082130082460697,-1.250214695930481,-0.500214695930481,base,no
5467,0,0,0.09534947261117097,-2.4473235607147217,-0.19732365012168884,base,no
5468,0,0,0.09534945718704857,-2.424744129180908,-0.17474403977394104,base,no
5469,0,0,0.20181322226037882,-1.729114055633545,-0.3541140556335449,base,no
5470,0,1,0.9241418137109955,-0.2418406903743744,-2.7418406009674072,base,yes
5471,0,0,0.4378234991142019,-0.960436224937439,-0.710436224937439,base,no
5472,0,1,0.6513548782017746,-0.5244693160057068,-1.1494693756103516,base,yes
5473,0,0,0.46879062662624377,-0.861459493637085,-0.736459493637085,base,no
5474,0,1,0.9399133481428692,-0.24319389462471008,-2.9931938648223877,base,yes
5475,0,1,0.6513548646660542,-0.5333540439605713,-1.1583540439605713,base,yes
5476,0,0,0.10669058826486906,-2.3723435401916504,-0.24734348058700562,base,no
5477,0,0,0.017986209962091555,-4.092421054840088,-0.09242105484008789,base,no
5478,0,1,0.9399133456181842,-0.20707853138446808,-2.957078456878662,base,yes
5479,0,0,0.4378234991142019,-0.9144992232322693,-0.6644992232322693,base,no
5480,0,1,0.9626731094431571,-0.1537700593471527,-3.4037699699401855,base,yes
5481,0,0,0.4378234991142019,-0.8987147212028503,-0.6487147212028503,base,no
5482,0,0,0.07585818628900447,-2.6798224449157715,-0.17982253432273865,base,no
5483,0,1,0.6224593452091672,-0.5784828066825867,-1.0784828662872314,base,yes
5484,0,1,0.5926665999540697,-0.6707491874694824,-1.0457491874694824,base,yes
5485,0,1,0.5312093733737563,-0.7578899264335632,-0.8828899264335632,base,yes
5486,0,1,0.8354835452961425,-0.25151652097702026,-1.876516580581665,base,yes
5487,0,0,0.14804720179063335,-2.011090040206909,-0.26109007000923157,base,no
5488,0,1,0.9149009631141181,-0.2349032312631607,-2.609903335571289,base,yes
5489,0,1,0.7057850216484838,-0.45467081665992737,-1.329670786857605,base,yes
5490,0,0,0.22270014398423357,-1.6583800315856934,-0.40838006138801575,base,no
5491,0,0,0.01798620575097472,-4.112226486206055,-0.11222624778747559,base,no
5492,0,1,0.8670357494949105,-0.28493890166282654,-2.1599388122558594,base,yes
5493,0,0,0.20181321265898594,-1.6732723712921143,-0.2982723116874695,base,no
5494,0,1,0.5312093733737563,-0.6932748556137085,-0.8182748556137085,base,yes
5495,0,1,0.8354835371034369,-0.32170021533966064,-1.9467002153396606,base,yes
5496,0,1,0.6791786861878392,-0.4921730160713196,-1.2421729564666748,base,yes
5497,0,0,0.16451646699291617,-1.9216423034667969,-0.29664233326911926,base,no
5498,0,1,0.9525741241296944,-0.25371700525283813,-3.2537169456481934,base,yes
5499,0,0,0.46879062662624377,-0.8628844022750854,-0.7378844022750854,base,no
5500,0,0,0.4378234991142019,-0.9137080311775208,-0.6637080311775208,base,no
5501,0,0,0.16451647108926923,-1.9030425548553467,-0.27804261445999146,base,no
5502,0,0,0.1192029188930649,-2.2631235122680664,-0.263123482465744,base,no
5503,0,0,0.16451647518562237,-2.0577378273010254,-0.43273791670799255,base,no
5504,0,0,0.2942149597859341,-1.3340187072753906,-0.45901864767074585,base,no
5505,0,0,0.007577241099779587,-4.933155059814453,-0.058155037462711334,base,no
5506,0,0,0.11920293140927592,-2.191897392272949,-0.19189748167991638,base,no
5507,0,1,0.8175744761936437,-0.4004366397857666,-1.9004366397857666,base,yes
5508,0,0,0.11920293297380237,-2.249680757522583,-0.24968086183071136,base,no
5509,0,0,0.08509904732734556,-2.5773332118988037,-0.2023332417011261,base,no
5510,0,0,0.24508500210441886,-1.4682786464691162,-0.34327858686447144,base,no
5511,0,0,0.09534946875514017,-2.3934803009033203,-0.1434803456068039,base,no
5512,0,0,0.2942149597859341,-1.3132822513580322,-0.43828219175338745,base,no
5513,0,0,0.01243165304850344,-4.519496917724609,-0.1444970965385437,base,no
5514,0,0,0.08509905312815914,-2.5238492488861084,-0.14884935319423676,base,no
5515,0,1,0.8670357494949105,-0.26943907141685486,-2.1444389820098877,base,yes
5516,0,0,0.11920291419948606,-2.213700532913208,-0.21370045840740204,base,no
5517,0,1,0.9859363700641142,-0.15889379382133484,-4.408893585205078,base,yes
5518,0,0,0.40733341443526055,-1.0245001316070557,-0.6495001912117004,base,no
5519,0,1,0.8933094074745443,-0.24308060109615326,-2.3680806159973145,base,yes
5520,0,1,0.6513548646660542,-0.6016638278961182,-1.2266638278961182,base,yes
5521,0,0,0.2689414272294874,-1.3956570625305176,-0.39565709233283997,base,no
5522,0,1,0.7772998560157665,-0.3932478725910187,-1.6432478427886963,base,yes
5523,0,0,0.3208212878370535,-1.2278387546539307,-0.4778386950492859,base,no
5524,0,0,0.06008665606493926,-2.9526047706604004,-0.20260487496852875,base,no
5525,0,1,0.5621765008857981,-0.6612730622291565,-0.9112730622291565,base,yes
5526,0,0,0.0159063879797589,-4.224525451660156,-0.09952521324157715,base,no
5527,0,0,0.46879062662624377,-0.8114823698997498,-0.6864823698997498,base,no
5528,0,0,0.24508501313237172,-1.4822300672531128,-0.3572300672531128,base,no
5529,0,0,0.22270013366638422,-1.6120104789733887,-0.3620104491710663,base,no
5530,0,1,0.8519527906914787,-0.3202684819698334,-2.070268392562866,base,yes
5531,0,1,0.7772998663336157,-0.3779403865337372,-1.6279404163360596,base,yes
5532,0,1,0.7057850278370112,-0.4549194574356079,-1.329919457435608,base,yes
5533,0,0,0.14804720179063335,-2.010514736175537,-0.2605147659778595,base,no
5534,0,1,0.679178699175393,-0.50989830493927,-1.25989830493927,base,yes
5535,0,0,0.3486451421018059,-1.114025354385376,-0.48902538418769836,base,no
5536,0,0,0.2689414330889798,-1.4433069229125977,-0.44330698251724243,base,no
5537,0,1,0.9465966762263737,-0.21845710277557373,-3.0934572219848633,base,yes
5538,0,1,0.9465966656805269,-0.21937546133995056,-3.0943753719329834,base,yes
5539,0,1,0.6513548646660542,-0.5224255323410034,-1.1474255323410034,base,yes
5540,0,0,0.010986942509153599,-4.562198638916016,-0.06219862774014473,base,no
5541,0,0,0.0035936025814200896,-5.730563640594482,-0.10556364059448242,base,no
5542,0,0,0.02033235156176603,-3.9483413696289062,-0.07334128022193909,base,no
5543,0,0,0.26894141551050293,-1.377089500427246,-0.3770894706249237,base,no
5544,0,0,0.06008665522337757,-2.954470634460449,-0.20447072386741638,base,no
5545,0,0,0.5,-0.8110135793685913,-0.8110135793685913,base,no
5546,0,1,0.9626731094431571,-0.16748294234275818,-3.417482852935791,base,yes
5547,0,0,0.5,-0.7522557973861694,-0.7522557973861694,base,no
5548,0,0,0.06754669489377622,-2.7749791145324707,-0.14997917413711548,base,no
5549,0,1,0.7057850278370112,-0.5227291584014893,-1.3977291584014893,base,yes
5550,0,0,0.29421497216298875,-1.340943694114685,-0.46594369411468506,base,no
5551,0,1,0.9626731158685837,-0.1834663450717926,-3.4334664344787598,base,yes
5552,0,1,0.5312093733737563,-0.7449843883514404,-0.8699843883514404,base,yes
5553,0,0,0.033085978388704126,-3.5077645778656006,-0.13276457786560059,base,no
5554,0,1,0.8670357701094303,-0.2724520266056061,-2.1474521160125732,base,yes
5555,0,1,0.8670357701094303,-0.37243786454200745,-2.2474379539489746,base,yes
5556,0,1,0.914900957313305,-0.2536182105541229,-2.6286182403564453,base,yes
5557,0,1,0.5926666143433998,-0.6652864813804626,-1.0402865409851074,base,yes
5558,0,0,0.10669058826486906,-2.305018663406372,-0.1800186038017273,base,no
5559,0,1,0.9669140182743434,-0.17938314378261566,-3.5543830394744873,base,yes
5560,0,0,0.46879062662624377,-0.8742233514785767,-0.7492233514785767,base,no
5561,0,0,0.4073334000459302,-1.0484782457351685,-0.6734782457351685,base,no
5562,0,1,0.89330940889474,-0.27678701281547546,-2.401787042617798,base,yes
5563,0,1,0.7549149923816048,-0.43689021468162537,-1.5618902444839478,base,yes
5564,0,0,0.16451646699291617,-1.9192427396774292,-0.2942427694797516,base,no
5565,0,0,0.5,-0.7673993110656738,-0.7673993110656738,base,no
5566,0,1,0.9626731169394882,-0.22091758251190186,-3.4709177017211914,base,yes
5567,0,1,0.939913343093499,-0.1915684938430786,-2.941568374633789,base,yes
5568,0,0,0.1192029188930649,-2.235653877258301,-0.2356538474559784,base,no
5569,0,1,0.8354835289107309,-0.378052294254303,-2.003052234649658,base,yes
5570,0,0,0.03308598077224154,-3.4360077381134033,-0.06100781261920929,base,no
5571,0,0,0.10669060104662924,-2.3244240283966064,-0.19942410290241241,base,no
5572,0,0,0.00970847719778945,-4.670986175537109,-0.045986250042915344,base,no
5573,0,1,0.9740426405416754,-0.15636906027793884,-3.7813689708709717,base,yes
5574,0,0,0.32082130731838393,-1.2139246463775635,-0.46392467617988586,base,no
5575,0,0,0.08509904152653235,-2.5098671913146973,-0.13486714661121368,base,no
5576,0,1,0.7772998611746911,-0.37834107875823975,-1.6283410787582397,base,yes
5577,0,1,0.8670357701094303,-0.3695477545261383,-2.2445478439331055,base,yes
5578,0,1,0.9579122672782973,-0.20710527896881104,-3.3321051597595215,base,yes
5579,0,1,0.6224593452091672,-0.5549914240837097,-1.0549914836883545,base,yes
5580,0,1,0.5621765008857981,-0.6859517693519592,-0.9359517693519592,base,yes
5581,0,0,0.5,-0.7975395321846008,-0.7975395321846008,base,no
5582,0,0,0.14804719239327382,-1.9842212200164795,-0.2342211753129959,base,no
5583,0,0,0.16451647108926923,-1.9156110286712646,-0.2906110882759094,base,no
5584,0,1,0.7772998714925403,-0.37776440382003784,-1.6277644634246826,base,yes
5585,0,1,0.9706877717925421,-0.21185436844825745,-3.7118544578552246,base,yes
5586,0,1,0.9046505453836383,-0.3287695646286011,-2.5787696838378906,base,yes
5587,0,1,0.8354835411997897,-0.3106254041194916,-1.935625433921814,base,yes
5588,0,1,0.679178699175393,-0.49548256397247314,-1.2454825639724731,base,yes
5589,0,0,0.13296424706933604,-2.117555856704712,-0.2425559163093567,base,no
5590,0,0,0.022977367233847502,-3.8786463737487793,-0.12864625453948975,base,no
5591,0,1,0.9525741308615412,-0.25241151452064514,-3.2524116039276123,base,yes
5592,0,1,0.6791787121629466,-0.4919053912162781,-1.2419054508209229,base,yes
5593,0,0,0.3775406547908327,-1.0965311527252197,-0.596531093120575,base,no
5594,0,1,0.9046505440982949,-0.23010815680027008,-2.4801082611083984,base,yes
5595,0,0,0.4378234991142019,-0.9289951324462891,-0.6789951324462891,base,no
5596,0,0,0.11920292202211755,-2.2356600761413574,-0.23566007614135742,base,no
5597,0,1,0.7549149813536518,-0.40750792622566223,-1.5325078964233398,base,yes
5598,0,0,0.10669059394565118,-2.3759353160858154,-0.25093531608581543,base,no
5599,0,1,0.5621765008857981,-0.6732649803161621,-0.9232649803161621,base,yes
5600,0,0,0.005911069184598052,-5.181274890899658,-0.05627494677901268,base,no
5601,0,1,0.7549149868676283,-0.3584638833999634,-1.4834638833999634,base,yes
5602,0,0,0.14804719427274565,-1.962831735610962,-0.21283170580863953,base,no
5603,0,1,0.9241418231126367,-0.22562356293201447,-2.725623607635498,base,yes
5604,0,0,0.1329642436335826,-2.1343839168548584,-0.2593839466571808,base,no
5605,0,0,0.012431651722165666,-4.433385848999023,-0.05838591977953911,base,no
5606,0,0,0.24508500210441886,-1.4509224891662598,-0.325922429561615,base,no
5607,0,0,0.34864513533394575,-1.2448114156723022,-0.6198114156723022,base,no
5608,0,1,0.9902915225156844,-0.19162951409816742,-4.816629409790039,base,yes
5609,0,1,0.9324533107374443,-0.23423239588737488,-2.8592324256896973,base,yes
5610,0,0,0.34864513533394575,-1.2144322395324707,-0.5894322395324707,base,no
5611,0,1,0.7981867777396212,-0.3513052463531494,-1.7263052463531494,base,yes
5612,0,1,0.9579122690805788,-0.24908335506916046,-3.3740832805633545,base,yes
5613,0,0,0.2018132270610754,-1.7924340963363647,-0.41743412613868713,base,no
5614,0,1,0.9046505376715775,-0.2638222873210907,-2.513822317123413,base,yes
5615,0,1,0.5621765008857981,-0.7529518604278564,-1.0029518604278564,base,yes
5616,0,0,0.017986207330143424,-4.064442157745361,-0.06444200873374939,base,no
5617,0,1,0.5312093733737563,-0.7892961502075195,-0.9142961502075195,base,yes
5618,0,0,0.2942149597859341,-1.3562681674957275,-0.48126810789108276,base,no
5619,0,1,0.6224593312018546,-0.5393575429916382,-1.0393575429916382,base,yes
5620,0,1,0.9324533088603709,-0.276322603225708,-2.901322603225708,base,yes
5621,0,0,0.29421496597446145,-1.293264627456665,-0.41826459765434265,base,no
5622,0,0,0.0850990519679964,-2.594339370727539,-0.21933946013450623,base,no
5623,0,0,0.02033235423310517,-4.001131057739258,-0.1261311024427414,base,no
5624,0,0,0.07585818628900447,-2.6439473628997803,-0.14394745230674744,base,no
5625,0,0,0.34864513533394575,-1.1625332832336426,-0.5375332832336426,base,no
5626,0,0,0.46879062662624377,-0.9091615080833435,-0.7841615080833435,base,no
5627,0,1,0.9399133540338004,-0.2258543223142624,-2.9758543968200684,base,yes
5628,0,1,0.8670357563664174,-0.2873134911060333,-2.162313461303711,base,yes
5629,0,0,0.16451646699291617,-1.8961542844772339,-0.2711543142795563,base,no
5630,0,0,0.2689414272294874,-1.3956438302993774,-0.39564386010169983,base,no
5631,0,1,0.9525741248028792,-0.17815880477428436,-3.178158760070801,base,yes
5632,0,1,0.679178699175393,-0.48129546642303467,-1.2312954664230347,base,yes
5633,0,1,0.7549149868676283,-0.3959299325942993,-1.5209299325942993,base,yes
5634,0,0,0.010986941740036291,-4.56260347366333,-0.06260339170694351,base,no
5635,0,1,0.754914975839675,-0.39381104707717896,-1.5188109874725342,base,yes
5636,0,1,0.9046505299595163,-0.2620735764503479,-2.512073516845703,base,yes
5637,0,0,0.0474258782264522,-3.0894432067871094,-0.08944331854581833,base,no
5638,0,0,0.5,-0.8118988871574402,-0.8118988871574402,base,no
5639,0,1,0.9046505261034853,-0.2020031064748764,-2.452003002166748,base,yes
5640,0,1,0.798186768138228,-0.4523544907569885,-1.8273544311523438,base,yes
5641,0,0,0.3486451488696663,-1.1204133033752441,-0.4954133629798889,base,no
5642,0,0,0.29421497216298875,-1.3340656757354736,-0.45906567573547363,base,no
5643,0,1,0.6513548511303336,-0.5059126019477844,-1.1309125423431396,base,yes
5644,0,1,0.9669140201811735,-0.17873363196849823,-3.5537335872650146,base,yes
5645,0,0,0.16451646699291617,-1.924587607383728,-0.2995876371860504,base,no
5646,0,1,0.9525741241296944,-0.17945319414138794,-3.179453134536743,base,yes
5647,0,1,0.7981867825403176,-0.3539527356624603,-1.7289527654647827,base,yes
5648,0,0,0.11920291263495983,-2.213047504425049,-0.21304741501808167,base,no
5649,0,0,0.3775406828054583,-1.0864076614379883,-0.5864077210426331,base,no
5650,0,0,0.009708474547422796,-4.70806884765625,-0.08306864649057388,base,no
5651,0,1,0.9046505248181417,-0.2832127809524536,-2.533212661743164,base,yes
5652,0,1,0.6513548646660542,-0.5216155052185059,-1.1466155052185059,base,yes
5653,0,0,0.24508501313237172,-1.4523026943206787,-0.3273026943206787,base,no
5654,0,1,0.8807970654616711,-0.27084457874298096,-2.2708444595336914,base,yes
5655,0,1,0.9241418262465169,-0.22530975937843323,-2.7253098487854004,base,yes
5656,0,0,0.11920291263495983,-2.1684916019439697,-0.16849151253700256,base,no
5657,0,0,0.29421497216298875,-1.3278169631958008,-0.4528169631958008,base,no
5658,0,0,0.1066905911052601,-2.3573222160339355,-0.23232218623161316,base,no
5659,0,1,0.7057850340255386,-0.48810335993766785,-1.3631033897399902,base,yes
5660,0,1,0.9046505428129514,-0.2817324697971344,-2.5317325592041016,base,yes
5661,0,1,0.8933094032139576,-0.2746122181415558,-2.3996121883392334,base,yes
5662,0,1,0.6224593312018546,-0.6007739305496216,-1.1007739305496216,base,yes
5663,0,1,0.8670357666736773,-0.25789517164230347,-2.1328952312469482,base,yes
5664,0,0,0.4073334000459302,-0.9839844107627869,-0.6089844107627869,base,no
5665,0,0,0.2689414213699951,-1.386290431022644,-0.38629043102264404,base,no
5666,0,1,0.6224593171945417,-0.6069660782814026,-1.1069660186767578,base,yes
5667,0,1,0.9740426439324669,-0.15588445961475372,-3.7808845043182373,base,yes
5668,0,0,0.3775406547908327,-1.1068897247314453,-0.6068896651268005,base,no
5669,0,0,0.20181322226037882,-1.6741918325424194,-0.29919183254241943,base,no
5670,0,1,0.5621765008857981,-0.7036236524581909,-0.9536236524581909,base,yes
5671,0,1,0.9241418283357702,-0.279988169670105,-2.7799882888793945,base,yes
5672,0,1,0.5926665999540697,-0.6654335260391235,-1.0404335260391235,base,yes
5673,0,0,0.4073334000459302,-0.9455385804176331,-0.5705385804176331,base,no
5674,0,0,0.015906388213012365,-4.24564790725708,-0.12064768373966217,base,no
5675,0,1,0.9890130589886011,-0.15576204657554626,-4.655762195587158,base,yes
5676,0,1,0.7772998611746911,-0.3935079574584961,-1.643507957458496,base,yes
5677,0,0,0.09534945718704857,-2.4645497798919678,-0.2145496904850006,base,no
5678,0,1,0.9324533088603709,-0.2325584888458252,-2.857558488845825,base,yes
5679,0,1,0.5926665999540697,-0.6211361289024353,-0.9961361289024353,base,yes
5680,0,1,0.7549149868676283,-0.3438408374786377,-1.4688408374786377,base,yes
5681,0,0,0.007577242612510723,-4.940117359161377,-0.06511753797531128,base,no
5682,0,0,0.46879062662624377,-0.8094634413719177,-0.6844634413719177,base,no
5683,0,0,0.03308598101059528,-3.439756393432617,-0.06475647538900375,base,no
5684,0,1,0.7310585786300049,-0.458601713180542,-1.458601713180542,base,yes
5685,0,0,0.13296425394084313,-2.1066956520080566,-0.2316957712173462,base,no
5686,0,0,0.37754066879814546,-1.0801968574523926,-0.5801968574523926,base,no
5687,0,0,0.18242553269617778,-1.7921273708343506,-0.29212743043899536,base,no
5688,0,0,0.3775406828054583,-1.0697927474975586,-0.5697928071022034,base,no
5689,0,0,0.4378234991142019,-0.9279798865318298,-0.6779798865318298,base,no
5690,0,0,0.2018132174596823,-1.6925420761108398,-0.31754204630851746,base,no
5691,0,0,0.22270013882530884,-1.6056288480758667,-0.3556288480758667,base,no
5692,0,1,0.7310585786300049,-0.4114023447036743,-1.4114023447036743,base,yes
5693,0,0,0.10669059394565118,-2.330263376235962,-0.20526337623596191,base,no
5694,0,1,0.8175744806385543,-0.312443345785141,-1.8124433755874634,base,yes
5695,0,1,0.9399133515091156,-0.2441553771495819,-2.9941554069519043,base,yes
5696,0,0,0.20181322226037882,-1.695798397064209,-0.320798397064209,base,no
5697,0,1,0.5621765008857981,-0.6537657380104065,-0.9037657380104065,base,yes
5698,0,1,0.8354835330070839,-0.36071303486824036,-1.985713005065918,base,yes
5699,0,1,0.8354835330070839,-0.356069952249527,-1.9810699224472046,base,yes
5700,0,1,0.9046505351008906,-0.20226216316223145,-2.4522621631622314,base,yes
5701,0,0,0.03308597648187432,-3.5451557636260986,-0.17015570402145386,base,no
5702,0,1,0.8933094060543487,-0.2942383289337158,-2.419238328933716,base,yes
5703,0,1,0.679178699175393,-0.5516946315765381,-1.301694631576538,base,yes
5704,0,1,0.9399133557169234,-0.16577662527561188,-2.9157767295837402,base,yes
5705,0,1,0.6224593171945417,-0.5780196785926819,-1.078019618988037,base,yes
5706,0,0,0.4378234991142019,-0.9484749436378479,-0.6984749436378479,base,no
5707,0,1,0.6224593312018546,-0.5541411638259888,-1.0541411638259888,base,yes
5708,0,1,0.8933093975331751,-0.29603537917137146,-2.4210352897644043,base,yes
5709,0,1,0.8670357701094303,-0.3027915060520172,-2.1777915954589844,base,yes
5710,0,0,0.08509904964767095,-2.531583070755005,-0.15658313035964966,base,no
5711,0,0,0.16451646699291617,-1.9729206562042236,-0.347920686006546,base,no
5712,0,1,0.7981867777396212,-0.31650233268737793,-1.691502332687378,base,yes
5713,0,0,0.1329642333263228,-2.1417527198791504,-0.2667526602745056,base,no
5714,0,1,0.9324533126145177,-0.23303264379501343,-2.858032703399658,base,yes
5715,0,1,0.8807970873650403,-0.3330182135105133,-2.3330183029174805,base,yes
5716,0,0,0.14804719239327382,-1.9903528690338135,-0.2403528243303299,base,no
5717,0,0,0.0024726225869501255,-6.023968696594238,-0.023968465626239777,base,no
5718,0,0,0.3208213138121609,-1.228402853012085,-0.47840291261672974,base,no
5719,0,1,0.5312093733737563,-0.711713433265686,-0.836713433265686,base,yes
5720,0,1,0.6513548782017746,-0.5198811888694763,-1.144881248474121,base,yes
5721,0,0,0.010986944087868242,-4.547506809234619,-0.047506943345069885,base,no
5722,0,0,0.03308598077224154,-3.4483296871185303,-0.07332976162433624,base,no
5723,0,1,0.8354835411997897,-0.32431885600090027,-1.9493188858032227,base,yes
5724,0,1,0.8354835330070839,-0.34465423226356506,-1.9696542024612427,base,yes
5725,0,1,0.5621765008857981,-0.7056786417961121,-0.9556786417961121,base,yes
5726,0,0,0.10669059536584675,-2.3499755859375,-0.2249756008386612,base,no
5727,0,1,0.914900950352329,-0.29131561517715454,-2.6663155555725098,base,yes
5728,0,1,0.6224593312018546,-0.5941251516342163,-1.0941251516342163,base,yes
5729,0,1,0.880797081106935,-0.3320471942424774,-2.3320472240448,base,yes
5730,0,1,0.6224593171945417,-0.6404059529304504,-1.1404058933258057,base,yes
5731,0,1,0.9525741288419872,-0.1936168223619461,-3.1936168670654297,base,yes
5732,0,1,0.7981867825403176,-0.35150739550590515,-1.7265074253082275,base,yes
5733,0,0,0.13296424535145931,-2.098998785018921,-0.22399882972240448,base,no
5734,0,0,0.11920292671569666,-2.210860013961792,-0.21086005866527557,base,no
5735,0,1,0.851952809486198,-0.3029174208641052,-2.05291748046875,base,yes
5736,0,0,0.02595735569077852,-3.771106243133545,-0.14610618352890015,base,no
5737,0,0,0.2689414272294874,-1.4826265573501587,-0.4826265871524811,base,no
5738,0,1,0.5312093733737563,-0.8505542874336243,-0.9755542874336243,base,yes
5739,0,0,0.20181323186177208,-1.6732733249664307,-0.29827338457107544,base,no
5740,0,0,0.29421497216298875,-1.4075134992599487,-0.5325134992599487,base,no
5741,0,0,0.18242551491653522,-1.7614829540252686,-0.2614828944206238,base,no
5742,0,1,0.8354835330070839,-0.3105640709400177,-1.9355640411376953,base,yes
5743,0,0,0.11920292828022305,-2.2352426052093506,-0.23524266481399536,base,no
5744,0,0,0.04208772491181671,-3.2916224002838135,-0.1666223257780075,base,no
5745,0,1,0.7772998714925403,-0.4680418372154236,-1.7180418968200684,base,yes
5746,0,0,0.5,-0.8119683265686035,-0.8119683265686035,base,no
5747,0,0,0.1192029188930649,-2.185950517654419,-0.18595048785209656,base,no
5748,0,0,0.26894141551050293,-1.415745496749878,-0.41574546694755554,base,no
5749,0,0,0.29421497216298875,-1.3496612310409546,-0.4746612310409546,base,no
5750,0,1,0.880797068590724,-0.25721296668052673,-2.2572128772735596,base,yes
5751,0,1,0.7057850340255386,-0.4505997598171234,-1.3255997896194458,base,yes
5752,0,1,0.9579122684798184,-0.18871340155601501,-3.313713312149048,base,yes
5753,0,1,0.5312093733737563,-0.7535547018051147,-0.8785547018051147,base,yes
5754,0,0,0.20181322226037882,-1.6898880004882812,-0.31488800048828125,base,no
5755,0,0,0.05340332753999997,-3.0669240951538086,-0.191924050450325,base,no
5756,0,1,0.5312093733737563,-0.7737553715705872,-0.8987553715705872,base,yes
5757,0,0,0.01798621193605291,-4.101386547088623,-0.101386658847332,base,no
5758,0,0,0.047425871831197425,-3.2010843753814697,-0.20108434557914734,base,no
5759,0,1,0.7310585786300049,-0.44644618034362793,-1.446446180343628,base,yes
5760,0,0,0.04208772791561884,-3.2007975578308105,-0.07579755783081055,base,no
5761,0,1,0.939913350667554,-0.20845983922481537,-2.9584598541259766,base,yes
5762,0,1,0.8519527944504226,-0.3223467469215393,-2.0723466873168945,base,yes
5763,0,1,0.7981867729389246,-0.3673236668109894,-1.742323637008667,base,yes
5764,0,1,0.7981867777396212,-0.42733514308929443,-1.8023351430892944,base,yes
5765,0,1,0.9579122750881832,-0.17278973758220673,-3.2977898120880127,base,yes
5766,0,0,0.37754066879814546,-1.1225183010101318,-0.6225183010101318,base,no
5767,0,0,0.1329642419157059,-2.0827527046203613,-0.20775271952152252,base,no
5768,0,0,0.033085978627057866,-3.4856150150299072,-0.11061502248048782,base,no
5769,0,0,0.3486451488696663,-1.214904546737671,-0.5899046063423157,base,no
5770,0,1,0.7057850216484838,-0.4434463083744049,-1.3184462785720825,base,yes
5771,0,1,0.6224593452091672,-0.6037582755088806,-1.1037583351135254,base,yes
5772,0,0,0.2689414272294874,-1.3771312236785889,-0.37713125348091125,base,no
5773,0,0,0.1066905911052601,-2.356689453125,-0.2316894233226776,base,no
5774,0,0,0.14804719991116141,-1.9551738500595093,-0.20517386496067047,base,no
5775,0,0,0.4073334000459302,-0.9877143502235413,-0.6127143502235413,base,no
5776,0,1,0.8519527982093668,-0.2594054043292999,-2.0094053745269775,base,yes
5777,0,0,0.022977370077286757,-3.810389757156372,-0.06038976460695267,base,no
5778,0,1,0.6791786926816161,-0.48095622658729553,-1.2309561967849731,base,yes
5779,0,1,0.9149009561531425,-0.21730493009090424,-2.5923049449920654,base,yes
5780,0,0,0.008577486047302837,-4.824100971221924,-0.0741010457277298,base,no
5781,0,0,0.07585818211049715,-2.6516454219818115,-0.1516454517841339,base,no
5782,0,1,0.9770226290864076,-0.16817669570446014,-3.9181766510009766,base,yes
5783,0,1,0.9579122684798184,-0.18846353888511658,-3.3134634494781494,base,yes
5784,0,0,0.46879062662624377,-0.8683350682258606,-0.7433350682258606,base,no
5785,0,1,0.8175744761936437,-0.3141552209854126,-1.8141552209854126,base,yes
5786,0,1,0.9241418210233833,-0.20990417897701263,-2.709904193878174,base,yes
5787,0,0,0.40733341443526055,-1.0785248279571533,-0.7035248875617981,base,no
5788,0,1,0.6224593312018546,-0.6045182943344116,-1.1045182943344116,base,yes
5789,0,1,0.679178699175393,-0.4983276128768921,-1.248327612876892,base,yes
5790,0,1,0.9241418220680101,-0.28188464045524597,-2.7818846702575684,base,yes
5791,0,1,0.9046505248181417,-0.24604761600494385,-2.4960474967956543,base,yes
5792,0,0,0.04742587452393617,-3.1375882625579834,-0.1375882923603058,base,no
5793,0,0,0.4073334000459302,-0.9986972212791443,-0.6236972212791443,base,no
5794,0,1,0.9241418241572634,-0.2849263548851013,-2.784926414489746,base,yes
5795,0,1,0.9525741308615412,-0.25393906235694885,-3.253939151763916,base,yes
5796,0,1,0.5926666143433998,-0.6655921339988708,-1.0405921936035156,base,yes
5797,0,1,0.8670357494949105,-0.2857681214809418,-2.1607680320739746,base,yes
5798,0,1,0.966914017797636,-0.19688904285430908,-3.5718889236450195,base,yes
5799,0,0,0.004070138682343046,-5.595060348510742,-0.09506058692932129,base,no
5800,0,1,0.952574129515172,-0.21073955297470093,-3.2107396125793457,base,yes
5801,0,0,0.16451647108926923,-1.9003713130950928,-0.27537137269973755,base,no
5802,0,0,0.46879062662624377,-0.8474621772766113,-0.7224621772766113,base,no
5803,0,1,0.5621765008857981,-0.7085686326026917,-0.9585686326026917,base,yes
5804,0,0,0.13296424019782924,-2.1250126361846924,-0.2500126361846924,base,no
5805,0,0,0.14804720179063335,-2.0319206714630127,-0.2819207012653351,base,no
5806,0,0,0.014063623737371644,-4.293387413024902,-0.04338717460632324,base,no
5807,0,0,0.020332357794891228,-4.001619815826416,-0.12662003934383392,base,no
5808,0,0,0.37754066879814546,-1.1299206018447876,-0.6299206018447876,base,no
5809,0,1,0.7057850278370112,-0.5492291450500488,-1.4242291450500488,base,yes
5810,0,0,0.13296422989056964,-2.18021559715271,-0.3052155077457428,base,no
5811,0,1,0.6513548646660542,-0.5970181226730347,-1.2220181226730347,base,yes
5812,0,0,0.3486451488696663,-1.1829016208648682,-0.5579016804695129,base,no
5813,0,0,0.4378234991142019,-0.9554567337036133,-0.7054567337036133,base,no
5814,0,1,0.5621765008857981,-0.6893981695175171,-0.9393981695175171,base,yes
5815,0,1,0.9465966649272521,-0.18493829667568207,-3.0599381923675537,base,yes
5816,0,0,0.02931222799546632,-3.5975823402404785,-0.09758224338293076,base,no
5817,0,1,0.8519527869325346,-0.3005462884902954,-2.050546169281006,base,yes
5818,0,0,0.07585817688736327,-2.6642727851867676,-0.164272740483284,base,no
5819,0,1,0.8670357666736773,-0.2917885184288025,-2.1667885780334473,base,yes
5820,0,0,0.37754066879814546,-1.0692955255508423,-0.5692955255508423,base,no
5821,0,1,0.6224593171945417,-0.6362364888191223,-1.1362364292144775,base,yes
5822,0,0,0.02033235304584329,-3.942046880722046,-0.0670468658208847,base,no
5823,0,0,0.32082130082460697,-1.2504111528396606,-0.5004111528396606,base,no
5824,0,1,0.9579122726851417,-0.2062215656042099,-3.331221580505371,base,yes
5825,0,1,0.8670357666736773,-0.32127946615219116,-2.196279525756836,base,yes
5826,0,0,0.1645164628965632,-1.9290982484817505,-0.3040982484817505,base,no
5827,0,1,0.8175744673038221,-0.3306887745857239,-1.830688714981079,base,yes
5828,0,0,0.03308597981882656,-3.5177931785583496,-0.1427932232618332,base,no
5829,0,1,0.9149009619539553,-0.18072977662086487,-2.555729866027832,base,yes
5830,0,1,0.8519527944504226,-0.3204823136329651,-2.0704822540283203,base,yes
5831,0,0,0.04208773212094217,-3.2013497352600098,-0.07634983956813812,base,no
5832,0,0,0.37754066879814546,-1.0872893333435059,-0.5872893333435059,base,no
5833,0,1,0.7772998663336157,-0.3294040858745575,-1.5794041156768799,base,yes
5834,0,1,0.9324533069832973,-0.2726624310016632,-2.897662401199341,base,yes
5835,0,0,0.4073334000459302,-0.9787569046020508,-0.6037569046020508,base,no
5836,0,0,0.03308597672022805,-3.4787631034851074,-0.10376305133104324,base,no
5837,0,0,0.24508500761839525,-1.5270663499832153,-0.40206632018089294,base,no
5838,0,1,0.9740426428022031,-0.1556401252746582,-3.780640125274658,base,yes
5839,0,0,0.005220125190589188,-5.3472514152526855,-0.09725131839513779,base,no
5840,0,0,0.02297736857193652,-3.815753936767578,-0.06575387716293335,base,no
5841,0,1,0.9770226314280634,-0.1383792757987976,-3.8883793354034424,base,yes
5842,0,0,0.029312230751356316,-3.6064908504486084,-0.1064908504486084,base,no
5843,0,1,0.7057850402140659,-0.518948495388031,-1.3939485549926758,base,yes
5844,0,0,0.11920292515117029,-2.1704800128936768,-0.17048004269599915,base,no
5845,0,1,0.9706877671287282,-0.17532213032245636,-3.6753220558166504,base,yes
5846,0,0,0.3486451217982255,-1.1534595489501953,-0.5284594893455505,base,no
5847,0,1,0.5621765008857981,-0.6623380780220032,-0.9123380780220032,base,yes
5848,0,0,0.24508501864634827,-1.5242301225662231,-0.39923015236854553,base,no
5849,0,0,0.022977371248114782,-3.8398289680480957,-0.08982902765274048,base,no
5850,0,0,0.04742586846527418,-3.1735050678253174,-0.17350496351718903,base,no
5851,0,1,0.7981867777396212,-0.30566835403442383,-1.6806683540344238,base,yes
5852,0,0,0.0953494738965146,-2.457871437072754,-0.20787154138088226,base,no
5853,0,0,0.2018132270610754,-1.6772403717041016,-0.30224040150642395,base,no
5854,0,0,0.14804720179063335,-2.136782646179199,-0.3867826759815216,base,no
5855,0,1,0.8354835411997897,-0.30658742785453796,-1.9315874576568604,base,yes
5856,0,1,0.9525741254760638,-0.253846675157547,-3.2538466453552246,base,yes
5857,0,1,0.679178699175393,-0.5106970071792603,-1.2606970071792603,base,yes
5858,0,1,0.8670357598021706,-0.3038053512573242,-2.178805351257324,base,yes
5859,0,1,0.7310585786300049,-0.38196372985839844,-1.3819637298583984,base,yes
5860,0,0,0.46879062662624377,-0.8895184397697449,-0.7645184397697449,base,no
5861,0,0,0.060086648490884395,-3.0034444332122803,-0.2534444034099579,base,no
5862,0,0,0.0953494674697966,-2.455219268798828,-0.2052192986011505,base,no
5863,0,0,0.29421497216298875,-1.4198600053787231,-0.5448600053787231,base,no
5864,0,0,0.37754066879814546,-1.0628838539123535,-0.5628838539123535,base,no
5865,0,0,0.06754668363133542,-2.7868833541870117,-0.16188323497772217,base,no
5866,0,1,0.867035763237924,-0.25738927721977234,-2.1323893070220947,base,yes
5867,0,1,0.9324533013520764,-0.2524925470352173,-2.8774924278259277,base,yes
5868,0,0,0.02033235141335831,-3.979257345199585,-0.1042572483420372,base,no
5869,0,1,0.9525741281688026,-0.1784791648387909,-3.1784791946411133,base,yes
5870,0,0,0.025957357762928745,-3.6985275745391846,-0.07352759689092636,base,no
5871,0,0,0.46879062662624377,-0.8833596706390381,-0.7583596706390381,base,no
5872,0,0,0.022977370913592487,-3.8942015171051025,-0.14420156180858612,base,no
5873,0,1,0.8354835330070839,-0.2612147629261017,-1.8862147331237793,base,yes
5874,0,0,0.1329642264548166,-2.1025071144104004,-0.22750699520111084,base,no
5875,0,0,0.029312233295254994,-3.6374244689941406,-0.1374245584011078,base,no
5876,0,0,0.22270014398423357,-1.5862146615982056,-0.33621469140052795,base,no
5877,0,0,0.4378234991142019,-0.9541977643966675,-0.7041977643966675,base,no
5878,0,1,0.7057850278370112,-0.49699926376342773,-1.3719992637634277,base,yes
5879,0,0,0.04208772851637929,-3.2387518882751465,-0.11375190317630768,base,no
5880,0,1,0.6224593452091672,-0.6408070921897888,-1.1408071517944336,base,yes
5881,0,1,0.798186768138228,-0.4199534058570862,-1.7949533462524414,base,yes
5882,0,0,0.037326884131416216,-3.313455581665039,-0.0634554922580719,base,no
5883,0,0,0.04208773212094217,-3.2817416191101074,-0.15674172341823578,base,no
5884,0,1,0.9579122708828604,-0.1886022388935089,-3.3136022090911865,base,yes
5885,0,1,0.8519527944504226,-0.3445184826850891,-2.0945184230804443,base,yes
5886,0,1,0.731058584489497,-0.4298965632915497,-1.429896593093872,base,yes
5887,0,1,0.8519527944504226,-0.2624714970588684,-2.0124714374542236,base,yes
5888,0,1,0.7772998663336157,-0.4538097083568573,-1.7038097381591797,base,yes
5889,0,0,0.18242552825126704,-1.7646163702011108,-0.2646164000034332,base,no
5890,0,0,0.1329642264548166,-2.1232781410217285,-0.24827802181243896,base,no
5891,0,1,0.5926666143433998,-0.6832839846611023,-1.058284044265747,base,yes
5892,0,0,0.5,-0.8082382678985596,-0.8082382678985596,base,no
5893,0,1,0.9324533032291502,-0.19955524802207947,-2.8245551586151123,base,yes
5894,0,0,0.18242553269617778,-1.7558262348175049,-0.25582629442214966,base,no
5895,0,1,0.6791787121629466,-0.4957882761955261,-1.245788335800171,base,yes
5896,0,0,0.24508501864634827,-1.5122292041778564,-0.38722923398017883,base,no
5897,0,0,0.025957356255910384,-3.694993734359741,-0.06999369710683823,base,no
5898,0,0,0.07585818524437762,-2.637864828109741,-0.13786490261554718,base,no
5899,0,1,0.9046505325302034,-0.26319649815559387,-2.5131964683532715,base,yes
5900,0,0,0.24508500761839525,-1.5253735780715942,-0.40037354826927185,base,no
5901,0,0,0.0953494648991095,-2.396564245223999,-0.14656424522399902,base,no
5902,0,1,0.8354835371034369,-0.34162020683288574,-1.9666202068328857,base,yes
5903,0,0,0.2942149597859341,-1.418388843536377,-0.5433887839317322,base,no
5904,0,0,0.033085981248949035,-3.4781689643859863,-0.10316905379295349,base,no
5905,0,1,0.9149009619539553,-0.2718764841556549,-2.646876573562622,base,yes
5906,0,1,0.94659667246,-0.23850293457508087,-3.1135029792785645,base,yes
5907,0,1,0.6791787121629466,-0.48305457830429077,-1.2330546379089355,base,yes
5908,0,1,0.5621765008857981,-0.7060925960540771,-0.9560925960540771,base,yes
5909,0,1,0.6224593312018546,-0.6189489364624023,-1.1189489364624023,base,yes
5910,0,1,0.5312093733737563,-0.7370132207870483,-0.8620132207870483,base,yes
5911,0,1,0.7057850278370112,-0.5009973049163818,-1.3759973049163818,base,yes
5912,0,0,0.004609573273316032,-5.46091365814209,-0.08591389656066895,base,no
5913,0,1,0.5621765008857981,-0.6765688061714172,-0.9265688061714172,base,yes
5914,0,0,0.02297736756836975,-3.8801589012145996,-0.13015879690647125,base,no
5915,0,1,0.9324533135530545,-0.23461882770061493,-2.859618902206421,base,yes
5916,0,1,0.9046505453836383,-0.2164696455001831,-2.4664697647094727,base,yes
5917,0,0,0.025957355502401233,-3.726236343383789,-0.10123627632856369,base,no
5918,0,1,0.9579122702820998,-0.1876080483198166,-3.312608003616333,base,yes
5919,0,0,0.3486451488696663,-1.1664626598358154,-0.5414627194404602,base,no
5920,0,0,0.005220126080457822,-5.346308708190918,-0.09630878269672394,base,no
5921,0,1,0.7981867777396212,-0.34040510654449463,-1.7154051065444946,base,yes
5922,0,1,0.8175744850834649,-0.31358927488327026,-1.813589334487915,base,yes
5923,0,1,0.9465966754730989,-0.20198215544223785,-3.076982259750366,base,yes
5924,0,0,0.04742587486052853,-3.0752058029174805,-0.07520584017038345,base,no
5925,0,1,0.7549149868676283,-0.4572782516479492,-1.5822782516479492,base,yes
5926,0,1,0.9525741248028792,-0.2304850071668625,-3.230484962463379,base,yes
5927,0,1,0.8519528132451416,-0.27493372559547424,-2.0249338150024414,base,yes
5928,0,0,0.46879062662624377,-0.8873471617698669,-0.7623471617698669,base,no
5929,0,0,0.1645164628965632,-1.8904343843460083,-0.2654343843460083,base,no
5930,0,1,0.5621765008857981,-0.6739118099212646,-0.9239118099212646,base,yes
5931,0,1,0.9241418147556224,-0.2417348176240921,-2.741734743118286,base,yes
5932,0,0,0.46879062662624377,-0.8617828488349915,-0.7367828488349915,base,no
5933,0,0,0.05340333205964859,-3.029763698577881,-0.15476374328136444,base,no
5934,0,0,0.03308598077224154,-3.4571642875671387,-0.08216436207294464,base,no
5935,0,1,0.754914997895581,-0.3910970091819763,-1.516097068786621,base,yes
5936,0,0,0.053403325280175794,-2.9730207920074463,-0.09802070260047913,base,no
5937,0,1,0.5621765008857981,-0.6447817087173462,-0.8947817087173462,base,yes
5938,0,0,0.4073334000459302,-0.9911664128303528,-0.6161664128303528,base,no
5939,0,0,0.03308597648187432,-3.5054240226745605,-0.13042396306991577,base,no
5940,0,0,0.4378234991142019,-0.9099186658859253,-0.6599186658859253,base,no
5941,0,0,0.0035936027281502424,-5.663421154022217,-0.03842119500041008,base,no
5942,0,1,0.9399133456181842,-0.24446256458759308,-2.994462490081787,base,yes
5943,0,0,0.13296424019782924,-2.1083433628082275,-0.23334336280822754,base,no
5944,0,1,0.8519527906914787,-0.26084765791893005,-2.010847568511963,base,yes
5945,0,1,0.9046505325302034,-0.2814183533191681,-2.5314183235168457,base,yes
5946,0,0,0.015906394510857135,-4.187595367431641,-0.06259554624557495,base,no
5947,0,1,0.9399133481428692,-0.2902417480945587,-3.0402417182922363,base,yes
5948,0,0,0.16451647108926923,-1.9038968086242676,-0.27889686822891235,base,no
5949,0,0,0.2689414213699951,-1.5046790838241577,-0.5046790838241577,base,no
5950,0,0,0.01098694400690851,-4.568811893463135,-0.06881202012300491,base,no
5951,0,1,0.5312093733737563,-0.778283417224884,-0.903283417224884,base,yes
5952,0,1,0.9046505261034853,-0.24308668076992035,-2.493086576461792,base,yes
5953,0,0,0.29421497216298875,-1.3027206659317017,-0.42772066593170166,base,no
5954,0,1,0.9399133447766225,-0.24585875868797302,-2.995858669281006,base,yes
5955,0,1,0.9241418116217418,-0.19348490238189697,-2.6934847831726074,base,yes
5956,0,1,0.9626731110495138,-0.16752438247203827,-3.4175243377685547,base,yes
5957,0,1,0.9669140244715405,-0.21576634049415588,-3.590766429901123,base,yes
5958,0,1,0.5621765008857981,-0.6854479312896729,-0.9354479312896729,base,yes
5959,0,0,0.4378234991142019,-0.9354362487792969,-0.6854362487792969,base,no
5960,0,0,0.5,-0.8646461963653564,-0.8646461963653564,base,no
5961,0,0,0.11920293140927592,-2.2697086334228516,-0.2697087228298187,base,no
5962,0,1,0.9241418272911436,-0.22273673117160797,-2.7227368354797363,base,yes
5963,0,0,0.10669060104662924,-2.2991714477539062,-0.17417152225971222,base,no
5964,0,1,0.9626731083722525,-0.22166359424591064,-3.471663475036621,base,yes
5965,0,1,0.8933094103149354,-0.22793789207935333,-2.352937936782837,base,yes
5966,0,0,0.022977370077286757,-3.8571200370788574,-0.10712004452943802,base,no
5967,0,0,0.0035936021545687705,-5.719206809997559,-0.09420669078826904,base,no
5968,0,0,0.1329642436335826,-2.1681249141693115,-0.2931249439716339,base,no
5969,0,0,0.07585817897661679,-2.6456291675567627,-0.1456291526556015,base,no
5970,0,0,0.22270014398423357,-1.6192219257354736,-0.369221955537796,base,no
5971,0,1,0.6224593171945417,-0.6466224789619446,-1.1466224193572998,base,yes
5972,0,0,0.4378234991142019,-0.9121333360671997,-0.6621333360671997,base,no
5973,0,0,0.08509904268669496,-2.6429901123046875,-0.2679900825023651,base,no
5974,0,0,0.4378234991142019,-0.9929494857788086,-0.7429494857788086,base,no
5975,0,0,0.06754668738548215,-2.7689154148101807,-0.1439153552055359,base,no
5976,0,1,0.679178699175393,-0.48350512981414795,-1.233505129814148,base,yes
5977,0,0,0.0052201254614187564,-5.327231407165527,-0.07723136246204376,base,no
5978,0,0,0.4378234844434674,-1.0139760971069336,-0.7639760375022888,base,no
5979,0,0,0.32082130082460697,-1.3047125339508057,-0.5547125339508057,base,no
5980,0,0,0.022977369240981062,-3.8395047187805176,-0.08950468897819519,base,no
5981,0,1,0.957912274487423,-0.2050725817680359,-3.3300726413726807,base,yes
5982,0,1,0.5312093733737563,-0.7094783782958984,-0.8344783782958984,base,yes
5983,0,0,0.06754669301670263,-2.78570818901062,-0.1607082188129425,base,no
5984,0,0,0.26894141551050293,-1.435760498046875,-0.4357604682445526,base,no
5985,0,0,0.07585818628900447,-2.65118408203125,-0.15118417143821716,base,no
5986,0,0,0.46879062662624377,-0.8805651068687439,-0.7555651068687439,base,no
5987,0,0,0.2018132174596823,-1.6795729398727417,-0.3045729100704193,base,no
5988,0,0,0.10669059962643358,-2.358253240585327,-0.23325330018997192,base,no
5989,0,0,0.18242551936144574,-1.7895926237106323,-0.28959259390830994,base,no
5990,0,1,0.8807970826714613,-0.24000592529773712,-2.2400059700012207,base,yes
5991,0,1,0.6224593171945417,-0.7850266098976135,-1.2850265502929688,base,yes
5992,0,0,0.08509905080783367,-2.5468697547912598,-0.17186982929706573,base,no
5993,0,0,0.0373268852023206,-3.3972787857055664,-0.14727872610092163,base,no
5994,0,1,0.8519527982093668,-0.3044646084308624,-2.05446457862854,base,yes
5995,0,0,0.4378234991142019,-1.0264084339141846,-0.7764084339141846,base,no
5996,0,1,0.6224593312018546,-0.6710237264633179,-1.1710237264633179,base,yes
5997,0,1,0.9579122696813394,-0.2065332531929016,-3.331533193588257,base,yes
5998,0,0,0.05340333205964859,-3.0327041149139404,-0.157704159617424,base,no
5999,0,1,0.8670357512127872,-0.2444027215242386,-2.1194026470184326,base,yes
