idx,y_true,y_pred,p_yes,lp_yes,lp_no,mode,raw_text
0,1,0,0.34864513533394575,-1.6547629833221436,-1.0297629833221436,assist,No
1,1,0,0.0953494648991095,-2.9347832202911377,-0.6847832202911377,assist,no
2,1,0,0.32082130082460697,-1.6234625577926636,-0.8734625577926636,assist,No
3,1,0,0.46879062662624377,-1.364477515220642,-1.239477515220642,assist,no
4,1,0,0.32082130082460697,-1.7000370025634766,-0.9500370025634766,assist,no
5,1,0,0.09534945461636171,-2.65853214263916,-0.4085320234298706,assist,No
6,1,0,0.3486451217982255,-1.4441566467285156,-0.8191565871238708,assist,No
7,1,0,0.3208213138121609,-1.7377142906188965,-0.9877143502235413,assist,no
8,1,0,0.24508501313237172,-1.8296606540679932,-0.7046606540679932,assist,No
9,1,0,0.5,-1.225846529006958,-1.225846529006958,assist,No
10,1,0,0.37754066879814546,-1.6110643148422241,-1.1110643148422241,assist,no
11,1,1,0.7057850402140659,-0.8144926428794861,-1.6894927024841309,assist,yes
12,1,0,0.20181323186177208,-2.1519293785095215,-0.7769294381141663,assist,no
13,1,0,0.3208212878370535,-1.6218502521514893,-0.8718501925468445,assist,no
14,1,0,0.32082130082460697,-1.775752067565918,-1.025752067565918,assist,no
15,1,1,0.7772998611746911,-0.8889980316162109,-2.138998031616211,assist,yes
16,1,1,0.5621765008857981,-0.9625154733657837,-1.2125154733657837,assist,yes
17,1,1,0.5926665999540697,-1.0853157043457031,-1.4603157043457031,assist,yes
18,1,0,0.46879062662624377,-1.235774278640747,-1.110774278640747,assist,No
19,1,0,0.46879062662624377,-1.3152315616607666,-1.1902315616607666,assist,no
20,1,1,0.7549149868676283,-0.8380764722824097,-1.9630764722824097,assist,yes
21,1,1,0.7549149868676283,-0.6180682182312012,-1.7430682182312012,assist,yes
22,1,1,0.6513548646660542,-1.0298293828964233,-1.6548293828964233,assist,yes
23,1,1,0.7772998611746911,-0.635647177696228,-1.885647177696228,assist,yes
24,1,1,0.9149009596336303,-0.5208918452262878,-2.8958919048309326,assist,yes
25,1,0,0.1480471980316895,-2.4537832736968994,-0.7037832736968994,assist,no
26,1,0,0.4378234991142019,-1.4752812385559082,-1.2252812385559082,assist,no
27,1,0,0.3208212878370535,-1.7241418361663818,-0.9741417765617371,assist,no
28,1,1,0.5621765008857981,-1.1690561771392822,-1.4190561771392822,assist,yes
29,1,1,0.6513548646660542,-0.9921685457229614,-1.6171685457229614,assist,yes
30,1,0,0.5,-1.1128265857696533,-1.1128265857696533,assist,no
31,1,0,0.37754066879814546,-1.6108591556549072,-1.1108591556549072,assist,no
32,1,0,0.29421497216298875,-1.4652880430221558,-0.5902880430221558,assist,No
33,1,0,0.060086656906500974,-3.382258892059326,-0.6322590112686157,assist,No
34,1,0,0.13296425394084313,-2.6471052169799805,-0.77210533618927,assist,no
35,1,1,0.7772998611746911,-0.6274586915969849,-1.8774586915969849,assist,yes
36,1,0,0.20181321265898594,-2.054318428039551,-0.679318368434906,assist,No
37,1,1,0.8519528019683106,-0.6458237171173096,-2.3958237171173096,assist,Yes
38,1,0,0.46879062662624377,-1.1973549127578735,-1.0723549127578735,assist,no
39,1,0,0.4378234991142019,-1.418298602104187,-1.168298602104187,assist,No
40,1,1,0.7981867777396212,-0.4998050928115845,-1.8748050928115845,assist,yes
41,1,0,0.11920293453832885,-2.624940872192383,-0.6249409914016724,assist,no
42,1,0,0.5,-1.3038246631622314,-1.3038246631622314,assist,no
43,1,1,0.5312093733737563,-1.2002209424972534,-1.3252209424972534,assist,yes
44,1,0,0.37754066879814546,-1.5770386457443237,-1.0770386457443237,assist,no
45,1,0,0.5,-1.3054465055465698,-1.3054465055465698,assist,no
46,1,1,0.5312093733737563,-1.1901556253433228,-1.3151556253433228,assist,Yes
47,1,0,0.4378234991142019,-1.3333749771118164,-1.0833749771118164,assist,No
48,1,0,0.5,-1.0010887384414673,-1.0010887384414673,assist,no
49,1,0,0.34864513533394575,-1.7122339010238647,-1.0872339010238647,assist,no
50,1,1,0.8670357563664174,-0.3981983959674835,-2.273198366165161,assist,yes
51,1,0,0.18242551491653522,-2.3198063373565674,-0.8198062777519226,assist,no
52,1,1,0.6224593312018546,-1.1324522495269775,-1.6324522495269775,assist,Yes
53,1,0,0.2689414213699951,-1.8065037727355957,-0.8065037727355957,assist,No
54,1,1,0.679178699175393,-0.838982105255127,-1.588982105255127,assist,yes
55,1,1,0.8519528019683106,-0.4410250186920166,-2.1910250186920166,assist,yes
56,1,1,0.5621765008857981,-0.8886466026306152,-1.1386466026306152,assist,yes
57,1,1,0.7549149868676283,-0.7487450838088989,-1.873745083808899,assist,yes
58,1,0,0.4378234991142019,-1.329483151435852,-1.079483151435852,assist,no
59,1,1,0.6224593312018546,-1.0770601034164429,-1.5770601034164429,assist,Yes
60,1,1,0.7310585786300049,-0.7258254289627075,-1.7258254289627075,assist,yes
61,1,0,0.16451647108926923,-2.275980234146118,-0.6509802937507629,assist,no
62,1,0,0.20181324146316565,-2.0802512168884277,-0.7052513360977173,assist,no
63,1,1,0.7772998508568416,-0.47191697359085083,-1.721916913986206,assist,yes
64,1,0,0.5,-1.1571367979049683,-1.1571367979049683,assist,No
65,1,0,0.2942149845400438,-1.772495985031128,-0.8974960446357727,assist,no
66,1,1,0.6513548646660542,-0.8786087036132812,-1.5036087036132812,assist,yes
67,1,0,0.04742587317756679,-3.5191667079925537,-0.5191667079925537,assist,No
68,1,1,0.8175744673038221,-0.6651514172554016,-2.165151357650757,assist,yes
69,1,1,0.5312093733737563,-1.1608834266662598,-1.2858834266662598,assist,Yes
70,1,1,0.9525741308615412,-0.23135796189308167,-3.231358051300049,assist,yes
71,1,0,0.4073334000459302,-1.5055691003799438,-1.1305691003799438,assist,no
72,1,1,0.851952809486198,-0.546010434627533,-2.2960104942321777,assist,yes
73,1,1,0.5926665999540697,-1.0154080390930176,-1.3904080390930176,assist,yes
74,1,1,0.9399133447766225,-0.45419391989707947,-3.2041938304901123,assist,yes
75,1,1,0.5621765008857981,-1.018819808959961,-1.268819808959961,assist,yes
76,1,1,0.7057850278370112,-0.9144299030303955,-1.7894299030303955,assist,yes
77,1,1,0.7057850154599563,-0.720100462436676,-1.5951004028320312,assist,yes
78,1,1,0.6513548646660542,-0.797040581703186,-1.422040581703186,assist,yes
79,1,1,0.679178699175393,-1.0670760869979858,-1.8170760869979858,assist,Yes
80,1,0,0.4073334000459302,-1.4454257488250732,-1.0704257488250732,assist,no
81,1,0,0.34864513533394575,-1.6975926160812378,-1.0725926160812378,assist,no
82,1,0,0.34864513533394575,-1.6570148468017578,-1.0320148468017578,assist,no
83,1,1,0.6513548646660542,-0.8360956907272339,-1.4610956907272339,assist,yes
84,1,0,0.06008665354025422,-3.383193016052246,-0.6331930756568909,assist,No
85,1,0,0.20181320305759334,-2.160862445831299,-0.7858623266220093,assist,No
86,1,1,0.904650527388829,-0.3551810681819916,-2.6051809787750244,assist,yes
87,1,1,0.7057850278370112,-0.9017125368118286,-1.7767125368118286,assist,yes
88,1,1,0.7981867777396212,-0.5718299150466919,-1.946829915046692,assist,yes
89,1,1,0.5926665999540697,-1.0652531385421753,-1.4402531385421753,assist,yes
90,1,1,0.7057850154599563,-0.86256343126297,-1.7375633716583252,assist,yes
91,1,1,0.6224593312018546,-0.9692450761795044,-1.4692450761795044,assist,yes
92,1,1,0.5621765008857981,-1.0839471817016602,-1.3339471817016602,assist,yes
93,1,0,0.5,-1.3120429515838623,-1.3120429515838623,assist,no
94,1,1,0.7057850278370112,-0.649725079536438,-1.524725079536438,assist,yes
95,1,1,0.754914997895581,-0.6553818583488464,-1.7803819179534912,assist,yes
96,1,1,0.8519528019683106,-0.5402531623840332,-2.290253162384033,assist,yes
97,1,0,0.46879062662624377,-1.3154919147491455,-1.1904919147491455,assist,no
98,1,0,0.29421497216298875,-1.8450331687927246,-0.9700331687927246,assist,no
99,1,1,0.9046505402422645,-0.4205107092857361,-2.670510768890381,assist,yes
100,1,1,0.8519527869325346,-0.5863696336746216,-2.336369514465332,assist,yes
101,1,0,0.34864513533394575,-1.5043795108795166,-0.8793795108795166,assist,No
102,1,1,0.9324533144915912,-0.29759135842323303,-2.9225914478302,assist,yes
103,1,1,0.5312093585306514,-0.9313161969184875,-1.0563161373138428,assist,yes
104,1,1,0.8175744673038221,-0.5143349766731262,-2.0143349170684814,assist,yes
105,1,1,0.5312093733737563,-1.0027470588684082,-1.1277470588684082,assist,yes
106,1,1,0.8933093975331751,-0.3198259770870209,-2.4448258876800537,assist,yes
107,1,0,0.20181322226037882,-2.19498610496521,-0.81998610496521,assist,no
108,1,1,0.9241418199787566,-0.26195764541625977,-2.7619576454162598,assist,yes
109,1,1,0.7310585786300049,-0.6160787343978882,-1.6160787343978882,assist,yes
110,1,1,0.8519527944504226,-0.741133987903595,-2.49113392829895,assist,yes
111,1,1,0.7310585786300049,-0.7268396615982056,-1.7268396615982056,assist,yes
112,1,1,0.5312093733737563,-1.2219927310943604,-1.3469927310943604,assist,yes
113,1,0,0.34864513533394575,-1.4145640134811401,-0.7895640134811401,assist,no
114,1,1,0.8354835207180245,-0.8171993494033813,-2.442199230194092,assist,yes
115,1,1,0.6224593171945417,-0.866983950138092,-1.3669838905334473,assist,yes
116,1,0,0.4378234991142019,-1.3783936500549316,-1.1283936500549316,assist,no
117,1,1,0.8933094003735664,-0.7481978535652161,-2.8731977939605713,assist,Yes
118,1,1,0.5926665999540697,-0.840280294418335,-1.215280294418335,assist,yes
119,1,1,0.7057850402140659,-0.6426581740379333,-1.5176582336425781,assist,yes
120,1,0,0.22270012850745968,-1.824110746383667,-0.5741106867790222,assist,no
121,1,1,0.9324533069832973,-0.42330196499824524,-3.048301935195923,assist,yes
122,1,1,0.6513548646660542,-1.0891143083572388,-1.7141143083572388,assist,Yes
123,1,1,0.7310585786300049,-0.6234320402145386,-1.6234320402145386,assist,yes
124,1,1,0.5621765008857981,-1.0968008041381836,-1.3468008041381836,assist,yes
125,1,1,0.7772998714925403,-0.5626620650291443,-1.812662124633789,assist,yes
126,1,1,0.9465966732132748,-0.28279536962509155,-3.1577954292297363,assist,yes
127,1,1,0.867035752930664,-0.4602888226509094,-2.3352887630462646,assist,yes
128,1,1,0.5621765008857981,-1.1834490299224854,-1.4334490299224854,assist,Yes
129,1,1,0.7981867825403176,-0.47131654620170593,-1.8463165760040283,assist,yes
130,1,1,0.8519527944504226,-0.5866261124610901,-2.3366260528564453,assist,yes
131,1,1,0.7981867777396212,-0.7958705425262451,-2.170870542526245,assist,yes
132,1,0,0.34864513533394575,-1.4744110107421875,-0.8494110107421875,assist,no
133,1,1,0.9046505428129514,-0.4167696535587311,-2.6667697429656982,assist,yes
134,1,1,0.5926665999540697,-1.1296751499176025,-1.5046751499176025,assist,Yes
135,1,1,0.8933094145755219,-0.4648706018924713,-2.5898706912994385,assist,yes
136,1,0,0.4073334000459302,-1.2877238988876343,-0.9127238988876343,assist,no
137,1,1,0.8670357735451834,-0.5644606351852417,-2.4394607543945312,assist,yes
138,1,0,0.22270014914315833,-1.9403183460235596,-0.6903184056282043,assist,no
139,1,1,0.835483553488848,-0.48823249340057373,-2.1132326126098633,assist,yes
140,1,1,0.7772998611746911,-0.6350961923599243,-1.8850961923599243,assist,yes
141,1,1,0.5621765008857981,-1.0470072031021118,-1.2970072031021118,assist,yes
142,1,1,0.9046505299595163,-0.3528631329536438,-2.602863073348999,assist,yes
143,1,1,0.914900957313305,-0.3758492171764374,-2.7508492469787598,assist,yes
144,1,1,0.7772998611746911,-0.6680247783660889,-1.9180247783660889,assist,yes
145,1,1,0.9046505428129514,-0.44859781861305237,-2.6985979080200195,assist,yes
146,1,1,0.6513548511303336,-0.7860501408576965,-1.4110500812530518,assist,yes
147,1,1,0.8354835493924953,-0.4929787218570709,-2.117978811264038,assist,yes
148,1,1,0.7772998663336157,-0.49763724207878113,-1.7476372718811035,assist,yes
149,1,1,0.9241418262465169,-0.3623272478580475,-2.8623273372650146,assist,yes
150,1,1,0.893309411735131,-0.5030102133750916,-2.6280102729797363,assist,yes
151,1,1,0.8175744761936437,-0.7644205093383789,-2.264420509338379,assist,yes
152,1,1,0.5621765008857981,-1.2141695022583008,-1.4641695022583008,assist,Yes
153,1,1,0.7549149868676283,-0.6195838451385498,-1.7445838451385498,assist,yes
154,1,1,0.679178699175393,-0.6557884216308594,-1.4057884216308594,assist,yes
155,1,1,0.8354835371034369,-0.4313192367553711,-2.056319236755371,assist,yes
156,1,1,0.9241418199787566,-0.3066747188568115,-2.8066747188568115,assist,yes
157,1,1,0.9149009549929797,-0.520704984664917,-2.895704984664917,assist,yes
158,1,1,0.8354835371034369,-0.49306392669677734,-2.1180639266967773,assist,yes
159,1,1,0.5312093733737563,-1.148818850517273,-1.273818850517273,assist,yes
160,1,1,0.939913343093499,-0.3147526979446411,-3.0647525787353516,assist,yes
161,1,1,0.7310585786300049,-0.8280915021896362,-1.8280915021896362,assist,yes
162,1,0,0.18242552380635632,-2.2824552059173584,-0.7824552059173584,assist,no
163,1,1,0.9149009642742806,-0.4823063611984253,-2.857306480407715,assist,yes
164,1,0,0.46879061178313897,-1.0811975002288818,-0.9561974406242371,assist,no
165,1,1,0.7981867873410141,-0.6426207423210144,-2.017620801925659,assist,yes
166,1,1,0.6513548646660542,-0.8360671997070312,-1.4610671997070312,assist,yes
167,1,1,0.6513548782017746,-0.7607097029685974,-1.3857097625732422,assist,yes
168,1,1,0.7981867873410141,-0.446333110332489,-1.8213331699371338,assist,yes
169,1,0,0.4073334000459302,-1.4210398197174072,-1.0460398197174072,assist,no
170,1,1,0.9149009631141181,-0.23471535742282867,-2.609715461730957,assist,yes
171,1,1,0.6224593312018546,-0.8672487735748291,-1.367248773574829,assist,yes
172,1,0,0.09534945461636171,-2.8682656288146973,-0.6182655096054077,assist,No
173,1,1,0.8519527982093668,-0.4404444992542267,-2.1904444694519043,assist,yes
174,1,1,0.880797068590724,-0.41196927428245544,-2.4119691848754883,assist,yes
175,1,1,0.8807970904940926,-0.3504594564437866,-2.350459575653076,assist,yes
176,1,1,0.6513548511303336,-0.7279961705207825,-1.3529961109161377,assist,yes
177,1,0,0.08509904964767095,-2.795764684677124,-0.4207647442817688,assist,no
178,1,1,0.6224593171945417,-0.6347575783729553,-1.1347575187683105,assist,yes
179,1,1,0.8933094060543487,-0.5859954357147217,-2.7109954357147217,assist,yes
180,1,1,0.9399133498259924,-0.4127516746520996,-3.1627516746520996,assist,yes
181,1,1,0.6224593171945417,-0.8395205140113831,-1.3395204544067383,assist,yes
182,1,0,0.2689414096510108,-1.7905523777008057,-0.7905523180961609,assist,no
183,1,1,0.6224593312018546,-1.0027438402175903,-1.5027438402175903,assist,yes
184,1,1,0.9324533144915912,-0.3559857904911041,-2.9809858798980713,assist,yes
185,1,1,0.8807970654616711,-0.28803884983062744,-2.288038730621338,assist,yes
186,1,1,0.6791786861878392,-0.7580567002296448,-1.508056640625,assist,yes
187,1,1,0.8354835452961425,-0.599698007106781,-2.224698066711426,assist,yes
188,1,1,0.8354835371034369,-0.526097297668457,-2.151097297668457,assist,yes
189,1,1,0.6513548646660542,-1.0895164012908936,-1.7145164012908936,assist,Yes
190,1,0,0.46879062662624377,-1.064294457435608,-0.9392944574356079,assist,no
191,1,0,0.4073334000459302,-1.2871776819229126,-0.9121776819229126,assist,no
192,1,1,0.679178699175393,-0.9919649362564087,-1.7419649362564087,assist,yes
193,1,0,0.46879062662624377,-1.0492229461669922,-0.9242229461669922,assist,no
194,1,1,0.7981867777396212,-0.5363401174545288,-1.9113401174545288,assist,yes
195,1,1,0.5312093733737563,-1.241012454032898,-1.366012454032898,assist,Yes
196,1,1,0.8670357460591569,-0.3943444490432739,-2.2693443298339844,assist,yes
197,1,1,0.7772998611746911,-0.7120730876922607,-1.9620730876922607,assist,yes
198,1,0,0.46879062662624377,-1.2936499118804932,-1.1686499118804932,assist,no
199,1,1,0.8519528057272543,-0.38309475779533386,-2.1330947875976562,assist,yes
200,1,1,0.8519527869325346,-0.5455905199050903,-2.295590400695801,assist,yes
201,1,1,0.9149009619539553,-0.40544191002845764,-2.780441999435425,assist,yes
202,1,1,0.8670357563664174,-0.33974459767341614,-2.2147445678710938,assist,yes
203,1,1,0.7772998611746911,-0.5904585123062134,-1.8404585123062134,assist,yes
204,1,1,0.8519528132451416,-0.44160690903663635,-2.1916069984436035,assist,yes
205,1,1,0.9324533126145177,-0.29979532957077026,-2.924795389175415,assist,yes
206,1,1,0.6224593312018546,-1.1127878427505493,-1.6127878427505493,assist,Yes
207,1,1,0.880797071719777,-0.6110659241676331,-2.6110658645629883,assist,yes
208,1,1,0.9149009619539553,-0.43750205636024475,-2.812502145767212,assist,yes
209,1,1,0.7057850402140659,-0.8636001944541931,-1.738600254058838,assist,yes
210,1,1,0.7057850154599563,-0.6822581887245178,-1.557258129119873,assist,yes
211,1,1,0.6224593312018546,-1.1321189403533936,-1.6321189403533936,assist,Yes
212,1,1,0.7981867777396212,-0.5002195835113525,-1.8752195835113525,assist,yes
213,1,1,0.6224593312018546,-1.0554354190826416,-1.5554354190826416,assist,yes
214,1,1,0.7981867873410141,-0.6091999411582947,-1.9842000007629395,assist,yes
215,1,1,0.9149009642742806,-0.5205878019332886,-2.895587921142578,assist,yes
216,1,1,0.914900945711678,-0.5661698579788208,-2.9411697387695312,assist,yes
217,1,1,0.9399133481428692,-0.2911858856678009,-3.0411858558654785,assist,yes
218,1,1,0.8670357598021706,-0.45918798446655273,-2.3341879844665527,assist,yes
219,1,1,0.8519528019683106,-0.3867676258087158,-2.136767625808716,assist,yes
220,1,1,0.7057850278370112,-0.8629254102706909,-1.737925410270691,assist,yes
221,1,1,0.9046505402422645,-0.3027583956718445,-2.5527584552764893,assist,yes
222,1,1,0.8670357460591569,-0.45500147342681885,-2.3300013542175293,assist,yes
223,1,1,0.9241418199787566,-0.46816372871398926,-2.9681637287139893,assist,yes
224,1,1,0.6224593312018546,-1.0730162858963013,-1.5730162858963013,assist,yes
225,1,1,0.7057850278370112,-0.8027482032775879,-1.677748203277588,assist,yes
226,1,1,0.7549149648117217,-0.9182678461074829,-2.0432677268981934,assist,yes
227,1,1,0.5312093733737563,-1.1010431051254272,-1.2260431051254272,assist,yes
228,1,1,0.7981867777396212,-0.5311827659606934,-1.9061827659606934,assist,yes
229,1,1,0.8933093975331751,-0.2958155572414398,-2.4208154678344727,assist,yes
230,1,1,0.754914997895581,-0.6953055262565613,-1.820305585861206,assist,yes
231,1,1,0.6791786861878392,-0.8278666138648987,-1.577866554260254,assist,yes
232,1,1,0.754914997895581,-0.6960501074790955,-1.8210501670837402,assist,yes
233,1,1,0.9324533088603709,-0.272022008895874,-2.897022008895874,assist,yes
234,1,1,0.8807970654616711,-0.5593420267105103,-2.5593419075012207,assist,yes
235,1,1,0.8933093975331751,-0.3678940236568451,-2.492893934249878,assist,yes
236,1,1,0.9465966762263737,-0.36816108226776123,-3.243161201477051,assist,yes
237,1,1,0.8354835452961425,-0.6128606200218201,-2.237860679626465,assist,yes
238,1,1,0.7057850278370112,-0.7196489572525024,-1.5946489572525024,assist,yes
239,1,1,0.7981867777396212,-0.5057089328765869,-1.880708932876587,assist,yes
240,1,1,0.8519528132451416,-0.43713369965553284,-2.1871337890625,assist,yes
241,1,1,0.7981867777396212,-0.5057249069213867,-1.8807249069213867,assist,yes
242,1,1,0.7057850278370112,-0.6491990089416504,-1.5241990089416504,assist,yes
243,1,1,0.9324533163686646,-0.2541712522506714,-2.879171371459961,assist,yes
244,1,1,0.5621765008857981,-1.0029351711273193,-1.2529351711273193,assist,yes
245,1,1,0.8933094174159129,-0.31579768657684326,-2.440797805786133,assist,yes
246,1,1,0.7310585786300049,-0.8809810876846313,-1.8809810876846313,assist,yes
247,1,1,0.7549149868676283,-0.6631858348846436,-1.7881858348846436,assist,yes
248,1,1,0.89330940889474,-0.338560551404953,-2.4635605812072754,assist,yes
249,1,1,0.8354835493924953,-0.4014562666416168,-2.026456356048584,assist,yes
250,1,1,0.8354835371034369,-0.5274875164031982,-2.1524875164031982,assist,yes
251,1,1,0.904650527388829,-0.416170209646225,-2.666170120239258,assist,yes
252,1,0,0.09534945975773548,-2.9680354595184326,-0.7180353999137878,assist,No
253,1,1,0.7772998611746911,-0.7801432609558105,-2.0301432609558105,assist,yes
254,1,1,0.8354835452961425,-0.6505944132804871,-2.275594472885132,assist,yes
255,1,1,0.8354835411997897,-0.46059104800224304,-2.0855910778045654,assist,yes
256,1,1,0.5926665999540697,-0.9278407096862793,-1.3028407096862793,assist,yes
257,1,1,0.5312093733737563,-1.2225078344345093,-1.3475078344345093,assist,yes
258,1,0,0.5,-0.9712811708450317,-0.9712811708450317,assist,no
259,1,0,0.5,-1.2499321699142456,-1.2499321699142456,assist,No
260,1,1,0.9149009526726544,-0.4023940861225128,-2.7773940563201904,assist,yes
261,1,1,0.5621765155565327,-0.7654165625572205,-1.0154166221618652,assist,yes
262,1,1,0.679178699175393,-0.7564573287963867,-1.5064573287963867,assist,yes
263,1,0,0.46879062662624377,-1.096279263496399,-0.9712792634963989,assist,no
264,1,1,0.7549149868676283,-0.7407817840576172,-1.8657817840576172,assist,yes
265,1,1,0.8670357666736773,-0.4199604392051697,-2.2949604988098145,assist,yes
266,1,1,0.9324533126145177,-0.3834227919578552,-3.0084228515625,assist,yes
267,1,1,0.9046505428129514,-0.3000577986240387,-2.550057888031006,assist,yes
268,1,1,0.8670357598021706,-0.4513204097747803,-2.3263204097747803,assist,yes
269,1,1,0.9046505453836383,-0.5326069593429565,-2.782607078552246,assist,yes
270,1,0,0.4073333856566001,-1.3742928504943848,-0.99929279088974,assist,no
271,1,1,0.8807970842359877,-0.29063576459884644,-2.290635824203491,assist,yes
272,1,1,0.9241418199787566,-0.5137381553649902,-3.0137381553649902,assist,yes
273,1,0,0.24508500210441886,-1.744765043258667,-0.6197649836540222,assist,no
274,1,1,0.8354835371034369,-0.5649116039276123,-2.1899116039276123,assist,yes
275,1,1,0.9241418283357702,-0.33425843715667725,-2.834258556365967,assist,yes
276,1,1,0.7310585669110203,-0.9230459332466125,-1.9230458736419678,assist,yes
277,1,1,0.8354835371034369,-0.5261292457580566,-2.1511292457580566,assist,yes
278,1,1,0.7981867873410141,-0.8752085566520691,-2.250208616256714,assist,yes
279,1,0,0.1329642264548166,-2.4464597702026367,-0.5714596509933472,assist,no
280,1,0,0.34864513533394575,-1.5927373170852661,-0.9677373170852661,assist,no
281,1,0,0.37754066879814546,-1.572295069694519,-1.072295069694519,assist,no
282,1,1,0.7057850154599563,-0.6261404156684875,-1.5011403560638428,assist,yes
283,1,1,0.8807970748488297,-0.4743669331073761,-2.4743669033050537,assist,yes
284,1,1,0.798186768138228,-0.3990688920021057,-1.774068832397461,assist,yes
285,1,1,0.9046505299595163,-0.4869862198829651,-2.7369861602783203,assist,yes
286,1,1,0.6791786861878392,-0.8743966221809387,-1.624396562576294,assist,yes
287,1,1,0.880797068590724,-0.383277028799057,-2.38327693939209,assist,yes
288,1,1,0.8670357666736773,-0.49001258611679077,-2.3650126457214355,assist,yes
289,1,1,0.5621765008857981,-1.2058024406433105,-1.4558024406433105,assist,Yes
290,1,1,0.9399133515091156,-0.28986856341362,-3.0398685932159424,assist,yes
291,1,1,0.8933093975331751,-0.31608137488365173,-2.4410812854766846,assist,yes
292,1,1,0.7981867873410141,-0.4716584086418152,-1.84665846824646,assist,yes
293,1,0,0.22270012850745968,-2.0823633670806885,-0.8323633074760437,assist,no
294,1,1,0.8354835289107309,-0.42762333154678345,-2.0526232719421387,assist,yes
295,1,1,0.9241418116217418,-0.4654909372329712,-2.9654908180236816,assist,yes
296,1,1,0.7310585786300049,-0.6489717960357666,-1.6489717960357666,assist,yes
297,1,1,0.8933094174159129,-0.6919125318527222,-2.8169126510620117,assist,yes
298,1,1,0.5621765008857981,-1.0972034931182861,-1.3472034931182861,assist,yes
299,1,1,0.5312093733737563,-1.272931456565857,-1.397931456565857,assist,Yes
300,1,0,0.29421497216298875,-1.8451188802719116,-0.9701188802719116,assist,no
301,1,1,0.8519528170040853,-0.34097278118133545,-2.090972900390625,assist,yes
302,1,1,0.6513548646660542,-0.7962251901626587,-1.4212251901626587,assist,yes
303,1,1,0.6224593452091672,-0.9377755522727966,-1.4377756118774414,assist,yes
304,1,1,0.8519527944504226,-0.5461781620979309,-2.296178102493286,assist,yes
305,1,1,0.867035752930664,-0.5283825993537903,-2.4033825397491455,assist,yes
306,1,1,0.5312093733737563,-1.1194767951965332,-1.2444767951965332,assist,yes
307,1,0,0.34864513533394575,-1.5933417081832886,-0.9683417081832886,assist,no
308,1,1,0.5926665999540697,-0.9429717063903809,-1.3179717063903809,assist,yes
309,1,1,0.5312093733737563,-1.2733259201049805,-1.3983259201049805,assist,Yes
310,1,0,0.29421497216298875,-1.888523817062378,-1.013523817062378,assist,no
311,1,1,0.679178699175393,-1.0663152933120728,-1.8163152933120728,assist,Yes
312,1,1,0.7772998714925403,-0.6856932044029236,-1.9356932640075684,assist,yes
313,1,1,0.7772998611746911,-0.557013988494873,-1.807013988494873,assist,yes
314,1,1,0.8670357598021706,-0.45554542541503906,-2.330545425415039,assist,yes
315,1,0,0.32082130082460697,-1.759960412979126,-1.009960412979126,assist,no
316,1,0,0.4073334000459302,-1.5302369594573975,-1.1552369594573975,assist,no
317,1,1,0.7981867873410141,-0.6088811755180359,-1.9838812351226807,assist,yes
318,1,0,0.0953494648991095,-2.8160719871520996,-0.5660719871520996,assist,No
319,1,0,0.20181322226037882,-2.2095539569854736,-0.8345539569854736,assist,No
320,1,0,0.20181322226037882,-2.128131628036499,-0.753131628036499,assist,no
321,1,1,0.7981867777396212,-0.6948373317718506,-2.0698373317718506,assist,yes
322,1,1,0.8519527906914787,-0.44115862250328064,-2.1911585330963135,assist,yes
323,1,1,0.7057850278370112,-0.7189375162124634,-1.5939375162124634,assist,yes
324,1,1,0.5312093733737563,-1.2795510292053223,-1.4045510292053223,assist,Yes
325,1,1,0.7310585786300049,-0.6499269008636475,-1.6499269008636475,assist,yes
326,1,0,0.46879062662624377,-1.1730890274047852,-1.0480890274047852,assist,no
327,1,1,0.7310585786300049,-0.7691696882247925,-1.7691696882247925,assist,yes
328,1,1,0.9796676472509721,-0.274598091840744,-4.149598121643066,assist,yes
329,1,0,0.37754066879814546,-1.4903075695037842,-0.9903075695037842,assist,no
330,1,0,0.0474258704848281,-3.678593397140503,-0.6785933375358582,assist,no
331,1,1,0.9046505402422645,-0.38191384077072144,-2.631913900375366,assist,yes
332,1,0,0.11920291576401235,-2.5920045375823975,-0.5920044779777527,assist,No
333,1,1,0.6224593312018546,-1.129763126373291,-1.629763126373291,assist,Yes
334,1,1,0.7057850154599563,-0.6434021592140198,-1.518402099609375,assist,yes
335,1,0,0.2689414096510108,-1.80849289894104,-0.8084928393363953,assist,no
336,1,1,0.6224593312018546,-0.9543737173080444,-1.4543737173080444,assist,yes
337,1,1,0.7772998611746911,-0.5254838466644287,-1.7754838466644287,assist,yes
338,1,1,0.851952809486198,-0.3894621729850769,-2.1394622325897217,assist,yes
339,1,1,0.8354835207180245,-0.43621695041656494,-2.0612168312072754,assist,yes
340,1,0,0.2942149845400438,-1.7867693901062012,-0.911769449710846,assist,no
341,1,1,0.880797081106935,-0.41144296526908875,-2.411442995071411,assist,yes
342,1,0,0.32082130082460697,-1.4570534229278564,-0.7070534229278564,assist,no
343,1,1,0.893309411735131,-0.5409464240074158,-2.6659464836120605,assist,yes
344,1,0,0.037326887344129464,-3.7599639892578125,-0.5099639892578125,assist,No
345,1,1,0.7310585786300049,-0.6571110486984253,-1.6571110486984253,assist,yes
346,1,1,0.679178699175393,-1.0065139532089233,-1.7565139532089233,assist,yes
347,1,1,0.8175744673038221,-0.5433729290962219,-2.043372869491577,assist,yes
348,1,1,0.9324533032291502,-0.2737947404384613,-2.898794651031494,assist,yes
349,1,1,0.7057850278370112,-1.0458858013153076,-1.9208858013153076,assist,Yes
350,1,1,0.8807970873650403,-0.3792811930179596,-2.3792812824249268,assist,yes
351,1,1,0.5621765008857981,-1.0201339721679688,-1.2701339721679688,assist,yes
352,1,1,0.8670357666736773,-0.5693206191062927,-2.4443206787109375,assist,yes
353,1,1,0.5926665999540697,-0.8754196166992188,-1.2504196166992188,assist,yes
354,1,0,0.46879062662624377,-1.2941139936447144,-1.1691139936447144,assist,no
355,1,1,0.5312093733737563,-1.2788782119750977,-1.4038782119750977,assist,Yes
356,1,1,0.5926666143433998,-0.8637740015983582,-1.238774061203003,assist,yes
357,1,1,0.9324533032291502,-0.3540731370449066,-2.9790730476379395,assist,yes
358,1,1,0.7057850278370112,-0.81480872631073,-1.68980872631073,assist,yes
359,1,1,0.9149009549929797,-0.29386067390441895,-2.668860673904419,assist,yes
360,1,1,0.7057850402140659,-0.7600721716880798,-1.6350722312927246,assist,yes
361,1,1,0.8354835371034369,-0.4315659999847412,-2.056565999984741,assist,yes
362,1,1,0.9046505325302034,-0.45226696133613586,-2.7022669315338135,assist,yes
363,1,1,0.9465966671870767,-0.4887712597846985,-3.3637712001800537,assist,yes
364,1,0,0.13296424706933604,-2.484651803970337,-0.6096518635749817,assist,No
365,1,0,0.1824255415859996,-2.206294536590576,-0.7062946557998657,assist,No
366,1,1,0.7057850278370112,-0.8035978078842163,-1.6785978078842163,assist,yes
367,1,1,0.8175744850834649,-0.838134229183197,-2.338134288787842,assist,yes
368,1,1,0.5926665999540697,-1.1184206008911133,-1.4934206008911133,assist,yes
369,1,1,0.8933094060543487,-0.5362329483032227,-2.6612329483032227,assist,yes
370,1,1,0.8354835207180245,-0.6053334474563599,-2.2303333282470703,assist,yes
371,1,1,0.8519528019683106,-0.5875740051269531,-2.337574005126953,assist,yes
372,1,1,0.5312093733737563,-1.189763069152832,-1.314763069152832,assist,yes
373,1,1,0.9046505325302034,-0.3821258842945099,-2.6321258544921875,assist,yes
374,1,1,0.880797071719777,-0.47578078508377075,-2.475780725479126,assist,yes
375,1,1,0.9241418158002492,-0.305061399936676,-2.8050613403320312,assist,yes
376,1,0,0.4073334000459302,-1.4740140438079834,-1.0990140438079834,assist,no
377,1,0,0.13296424706933604,-2.5289504528045654,-0.6539505124092102,assist,no
378,1,1,0.8933093975331751,-0.4263392388820648,-2.5513391494750977,assist,yes
379,1,1,0.9241418241572634,-0.3921007513999939,-2.8921008110046387,assist,yes
380,1,0,0.3486451217982255,-1.5512688159942627,-0.9262687563896179,assist,No
381,1,1,0.7981867777396212,-0.4711031913757324,-1.8461031913757324,assist,yes
382,1,0,0.13296424706933604,-2.6406102180480957,-0.7656102776527405,assist,no
383,1,0,0.22270013882530884,-2.1278076171875,-0.8778076171875,assist,no
384,1,1,0.7772998405389918,-0.8775583505630493,-2.1275582313537598,assist,Yes
385,1,1,0.7057850402140659,-0.6420840620994568,-1.5170841217041016,assist,yes
386,1,1,0.7057850278370112,-0.86338210105896,-1.73838210105896,assist,yes
387,1,0,0.5,-1.335231065750122,-1.335231065750122,assist,no
388,1,0,0.46879062662624377,-1.4033461809158325,-1.2783461809158325,assist,no
389,1,1,0.798186768138228,-0.531715452671051,-1.9067153930664062,assist,yes
390,1,1,0.8933094174159129,-0.39723336696624756,-2.522233486175537,assist,yes
391,1,1,0.7549149868676283,-0.7873718738555908,-1.9123718738555908,assist,yes
392,1,1,0.880797071719777,-0.3763352036476135,-2.3763351440429688,assist,yes
393,1,1,0.867035752930664,-0.36841660737991333,-2.2434165477752686,assist,yes
394,1,1,0.5621765008857981,-1.047782301902771,-1.297782301902771,assist,yes
395,1,1,0.5312093733737563,-1.2224338054656982,-1.3474338054656982,assist,Yes
396,1,1,0.8354835371034369,-0.6990048885345459,-2.324004888534546,assist,yes
397,1,1,0.8807970779778823,-0.4437899589538574,-2.4437899589538574,assist,yes
398,1,1,0.6513548511303336,-0.9768570065498352,-1.6018569469451904,assist,yes
399,1,1,0.6224593312018546,-0.9535702466964722,-1.4535702466964722,assist,yes
400,1,1,0.6513548782017746,-0.7267083525657654,-1.3517084121704102,assist,yes
401,1,1,0.7772998611746911,-0.5914796590805054,-1.8414796590805054,assist,yes
402,1,0,0.10669059394565118,-2.8068323135375977,-0.6818323135375977,assist,No
403,1,1,0.9399133481428692,-0.2934418022632599,-3.0434417724609375,assist,yes
404,1,0,0.46879062662624377,-1.2436094284057617,-1.1186094284057617,assist,no
405,1,1,0.7981867777396212,-0.5718432664871216,-1.9468432664871216,assist,yes
406,1,1,0.8807970748488297,-0.47509172558784485,-2.4750916957855225,assist,yes
407,1,1,0.8354835289107309,-0.6930182576179504,-2.3180181980133057,assist,yes
408,1,1,0.8354835330070839,-0.43189361691474915,-2.0568935871124268,assist,yes
409,1,0,0.5,-1.2570044994354248,-1.2570044994354248,assist,no
410,1,1,0.754914997895581,-0.704896867275238,-1.8298969268798828,assist,yes
411,1,1,0.8175744673038221,-0.8787298798561096,-2.378729820251465,assist,Yes
412,1,1,0.9399133531922388,-0.3188437819480896,-3.0688438415527344,assist,yes
413,1,1,0.679178699175393,-0.9521802663803101,-1.70218026638031,assist,yes
414,1,1,0.7549149868676283,-0.919572114944458,-2.044572114944458,assist,yes
415,1,1,0.8933094003735664,-0.3939219117164612,-2.5189218521118164,assist,yes
416,1,0,0.3208213138121609,-1.6714768409729004,-0.9214769005775452,assist,no
417,1,0,0.16451645470385742,-2.4238460063934326,-0.7988459467887878,assist,No
418,1,0,0.32082130082460697,-1.7010166645050049,-0.9510166645050049,assist,No
419,1,1,0.5621765008857981,-1.0195484161376953,-1.2695484161376953,assist,yes
420,1,1,0.5312093733737563,-0.9777315855026245,-1.1027315855026245,assist,yes
421,1,0,0.4073334000459302,-1.4595425128936768,-1.0845425128936768,assist,No
422,1,0,0.06008665354025422,-3.299863338470459,-0.5498633980751038,assist,no
423,1,1,0.880797071719777,-0.47408491373062134,-2.4740848541259766,assist,yes
424,1,1,0.5621765008857981,-1.0793192386627197,-1.3293192386627197,assist,Yes
425,1,0,0.32082130082460697,-1.6423726081848145,-0.8923726081848145,assist,no
426,1,1,0.8519527982093668,-0.4120016396045685,-2.162001609802246,assist,yes
427,1,1,0.8175744584140004,-0.6280189752578735,-2.128018856048584,assist,yes
428,1,0,0.5,-1.279416561126709,-1.279416561126709,assist,no
429,1,0,0.37754066879814546,-1.377936840057373,-0.877936840057373,assist,no
430,1,1,0.7981867777396212,-0.4641760587692261,-1.839176058769226,assist,yes
431,1,1,0.7310585786300049,-0.585037350654602,-1.585037350654602,assist,yes
432,1,1,0.9149009549929797,-0.3175320625305176,-2.6925320625305176,assist,yes
433,1,0,0.0675466911396291,-3.0996787548065186,-0.47467875480651855,assist,no
434,1,0,0.14804719051380197,-2.4909443855285645,-0.7409443259239197,assist,no
435,1,0,0.5,-1.1765846014022827,-1.1765846014022827,assist,no
436,1,1,0.798186768138228,-0.560124933719635,-1.9351248741149902,assist,yes
437,1,0,0.18242550602671442,-2.2057881355285645,-0.7057880163192749,assist,No
438,1,1,0.7057850154599563,-0.6563568711280823,-1.5313568115234375,assist,Yes
439,1,0,0.34864513533394575,-1.4972206354141235,-0.8722206354141235,assist,no
440,1,1,0.7057850278370112,-1.0144691467285156,-1.8894691467285156,assist,Yes
441,1,1,0.8933094060543487,-0.4253356456756592,-2.550335645675659,assist,yes
442,1,0,0.2942149597859341,-1.7866754531860352,-0.9116753935813904,assist,no
443,1,1,0.8670357735451834,-0.6138256788253784,-2.488825798034668,assist,yes
444,1,0,0.37754066879814546,-1.4943305253982544,-0.9943305253982544,assist,no
445,1,1,0.679178699175393,-0.9868605136871338,-1.7368605136871338,assist,Yes
446,1,0,0.5,-1.022944688796997,-1.022944688796997,assist,no
447,1,1,0.8670357494949105,-0.455270379781723,-2.330270290374756,assist,yes
448,1,0,0.08509904500702024,-2.91630482673645,-0.5413048267364502,assist,no
449,1,0,0.20181322226037882,-2.2258615493774414,-0.8508615493774414,assist,no
450,1,0,0.34864513533394575,-1.3846116065979004,-0.7596116065979004,assist,No
451,1,0,0.37754066879814546,-1.5547503232955933,-1.0547503232955933,assist,No
452,1,1,0.8354835330070839,-0.3810911476612091,-2.0060911178588867,assist,yes
453,1,1,0.6513548646660542,-0.823583722114563,-1.448583722114563,assist,yes
454,1,1,0.754914975839675,-0.6557253003120422,-1.7807252407073975,assist,yes
455,1,1,0.7981867729389246,-0.49470117688179016,-1.8697011470794678,assist,yes
456,1,1,0.754914997895581,-0.6643339991569519,-1.7893340587615967,assist,yes
457,1,1,0.8175744761936437,-0.5126655101776123,-2.0126655101776123,assist,yes
458,1,1,0.8933093946927838,-0.6340614557266235,-2.759061336517334,assist,yes
459,1,1,0.8519528170040853,-0.5865520238876343,-2.336552143096924,assist,yes
460,1,1,0.8670357666736773,-0.365670382976532,-2.2406704425811768,assist,yes
461,1,1,0.5621765008857981,-1.1277121305465698,-1.3777121305465698,assist,Yes
462,1,1,0.7772998611746911,-0.5969909429550171,-1.846990942955017,assist,yes
463,1,1,0.9241418199787566,-0.5104658603668213,-3.0104658603668213,assist,yes
464,1,0,0.3208212878370535,-1.4909322261810303,-0.7409321665763855,assist,no
465,1,1,0.7981867873410141,-0.501166045665741,-1.8761661052703857,assist,yes
466,1,1,0.9465966686936261,-0.4062054455280304,-3.281205415725708,assist,yes
467,1,0,0.22270013882530884,-1.754334568977356,-0.504334568977356,assist,no
468,1,1,0.880797071719777,-0.44459158182144165,-2.444591522216797,assist,yes
469,1,1,0.867035752930664,-0.39155369997024536,-2.2665536403656006,assist,yes
470,1,1,0.904650527388829,-0.38212499022483826,-2.632124900817871,assist,yes
471,1,1,0.8175744761936437,-0.5957701206207275,-2.0957701206207275,assist,yes
472,1,1,0.8175744584140004,-0.5857292413711548,-2.0857291221618652,assist,yes
473,1,1,0.9579122672782973,-0.43004143238067627,-3.5550413131713867,assist,yes
474,1,1,0.9241418137109955,-0.28447970747947693,-2.7844796180725098,assist,yes
475,1,1,0.8670357598021706,-0.5285394191741943,-2.4035394191741943,assist,yes
476,1,1,0.754914997895581,-0.6547994017601013,-1.779799461364746,assist,yes
477,1,1,0.8933094003735664,-0.29557234048843384,-2.420572280883789,assist,yes
478,1,0,0.4378234991142019,-1.4403414726257324,-1.1903414726257324,assist,no
479,1,1,0.8933094060543487,-0.5456874370574951,-2.670687437057495,assist,yes
480,1,1,0.9046505351008906,-0.5279197692871094,-2.7779197692871094,assist,yes
481,1,0,0.042087723109535534,-3.795011520385742,-0.6700114011764526,assist,No
482,1,1,0.8519527906914787,-0.3619738519191742,-2.111973762512207,assist,yes
483,1,1,0.679178699175393,-0.7960546016693115,-1.5460546016693115,assist,yes
484,1,1,0.798186768138228,-0.7276316285133362,-2.1026315689086914,assist,yes
485,1,1,0.835483553488848,-0.3783019781112671,-2.0033020973205566,assist,yes
486,1,1,0.851952809486198,-0.5810813307762146,-2.3310813903808594,assist,yes
487,1,0,0.46879062662624377,-1.3678548336029053,-1.2428548336029053,assist,no
488,1,1,0.7549149868676283,-0.7044203281402588,-1.8294203281402588,assist,yes
489,1,1,0.8670357494949105,-0.3921843469142914,-2.267184257507324,assist,yes
490,1,1,0.9046505325302034,-0.385511189699173,-2.6355111598968506,assist,yes
491,1,1,0.8175744939732856,-0.507710337638855,-2.0077104568481445,assist,yes
492,1,1,0.9241418158002492,-0.3070138096809387,-2.807013750076294,assist,yes
493,1,1,0.7772998714925403,-0.6291808485984802,-1.879180908203125,assist,yes
494,1,1,0.7981867777396212,-0.5368021726608276,-1.9118021726608276,assist,yes
495,1,1,0.8807970904940926,-0.5091737508773804,-2.50917387008667,assist,yes
496,1,1,0.9149009526726544,-0.27431824803352356,-2.649318218231201,assist,yes
497,1,0,0.32082130082460697,-1.620417833328247,-0.8704178333282471,assist,no
498,1,0,0.32082130082460697,-1.7567286491394043,-1.0067286491394043,assist,No
499,1,0,0.4378234844434674,-1.2386534214019775,-0.9886533617973328,assist,no
500,1,1,0.679178699175393,-1.0245085954666138,-1.7745085954666138,assist,Yes
501,1,0,0.20181322226037882,-2.0342659950256348,-0.6592659950256348,assist,no
502,1,0,0.24508502416032488,-1.8496122360229492,-0.724612295627594,assist,no
503,1,1,0.5926665999540697,-1.046706199645996,-1.421706199645996,assist,Yes
504,1,0,0.20181322226037882,-1.8958429098129272,-0.5208429098129272,assist,no
505,1,0,0.22270012850745968,-2.0355539321899414,-0.7855538725852966,assist,no
506,1,0,0.24508501313237172,-2.0070934295654297,-0.8820934295654297,assist,No
507,1,0,0.46879061178313897,-1.1110734939575195,-0.9860734343528748,assist,No
508,1,1,0.9241418158002492,-0.33343297243118286,-2.833432912826538,assist,yes
509,1,1,0.754914997895581,-0.7058591246604919,-1.8308591842651367,assist,yes
510,1,0,0.29421497216298875,-1.8635454177856445,-0.9885454177856445,assist,no
511,1,0,0.20181321265898594,-2.1023621559143066,-0.7273620963096619,assist,No
512,1,1,0.5312093733737563,-1.3007234334945679,-1.4257234334945679,assist,Yes
513,1,1,0.893309411735131,-0.46400541067123413,-2.589005470275879,assist,yes
514,1,1,0.9399133531922388,-0.7011496424674988,-3.4511497020721436,assist,yes
515,1,1,0.7772998611746911,-0.6206508874893188,-1.8706508874893188,assist,yes
516,1,0,0.2942149845400438,-1.5084834098815918,-0.6334834694862366,assist,No
517,1,1,0.7981867777396212,-0.6880433559417725,-2.0630433559417725,assist,yes
518,1,1,0.6513548646660542,-1.0304100513458252,-1.6554100513458252,assist,yes
519,1,1,0.8670357598021706,-0.34432554244995117,-2.219325542449951,assist,yes
520,1,0,0.46879062662624377,-1.2266680002212524,-1.1016680002212524,assist,No
521,1,1,0.7981867777396212,-0.39857304096221924,-1.7735730409622192,assist,yes
522,1,1,0.5312093585306514,-0.9787841439247131,-1.1037840843200684,assist,yes
523,1,1,0.7057850278370112,-0.7597336769104004,-1.6347336769104004,assist,yes
524,1,1,0.6224593312018546,-1.0724550485610962,-1.5724550485610962,assist,yes
525,1,1,0.7772998508568416,-0.7201834321022034,-1.9701833724975586,assist,yes
526,1,0,0.0850990542883219,-3.0342931747436523,-0.6592932939529419,assist,No
527,1,0,0.20181322226037882,-2.2080914974212646,-0.8330914974212646,assist,No
528,1,1,0.7981867777396212,-0.6952211856842041,-2.070221185684204,assist,yes
529,1,1,0.8670357494949105,-0.49015650153160095,-2.365156412124634,assist,yes
530,1,0,0.24508501313237172,-1.8952133655548096,-0.7702133655548096,assist,no
531,1,1,0.9046505453836383,-0.5318115949630737,-2.7818117141723633,assist,yes
532,1,0,0.22270013882530884,-2.106701612472534,-0.8567016124725342,assist,No
533,1,1,0.914900950352329,-0.370185911655426,-2.7451858520507812,assist,yes
534,1,0,0.32082130082460697,-1.5957577228546143,-0.8457577228546143,assist,no
535,1,1,0.7981867777396212,-0.5055547952651978,-1.8805547952651978,assist,yes
536,1,1,0.7310585786300049,-0.7356867790222168,-1.7356867790222168,assist,yes
537,1,1,0.8670357460591569,-0.4242011308670044,-2.299201011657715,assist,yes
538,1,1,0.8807970779778823,-0.5123064517974854,-2.5123064517974854,assist,yes
539,1,0,0.22270011818961086,-2.0049304962158203,-0.7549303770065308,assist,no
540,1,1,0.6513548646660542,-1.0688588619232178,-1.6938588619232178,assist,Yes
541,1,0,0.5,-1.3353111743927002,-1.3353111743927002,assist,no
542,1,1,0.9399133464597458,-0.3776605725288391,-3.1276605129241943,assist,yes
543,1,1,0.8933094003735664,-0.42553478479385376,-2.550534725189209,assist,yes
544,1,1,0.9241418116217418,-0.6052042245864868,-3.1052041053771973,assist,yes
545,1,0,0.1192029188930649,-2.467829465866089,-0.4678294360637665,assist,No
546,1,1,0.6513548646660542,-0.7384686470031738,-1.3634686470031738,assist,Yes
547,1,0,0.5,-1.2791005373001099,-1.2791005373001099,assist,No
548,1,1,0.7772998714925403,-0.6765655875205994,-1.9265656471252441,assist,yes
549,1,1,0.8933094032139576,-0.4995734989643097,-2.6245734691619873,assist,yes
550,1,0,0.2942149845400438,-1.8052446842193604,-0.9302447438240051,assist,no
551,1,1,0.5312093733737563,-1.3008058071136475,-1.4258058071136475,assist,Yes
552,1,1,0.9241418137109955,-0.30547937750816345,-2.8054792881011963,assist,yes
553,1,1,0.5621765008857981,-1.205485224723816,-1.455485224723816,assist,Yes
554,1,1,0.7057850278370112,-0.8155405521392822,-1.6905405521392822,assist,yes
555,1,1,0.7772998611746911,-0.621163010597229,-1.871163010597229,assist,yes
556,1,1,0.835483553488848,-0.5232566595077515,-2.148256778717041,assist,yes
557,1,1,0.6224593312018546,-0.8791825771331787,-1.3791825771331787,assist,yes
558,1,0,0.32082130082460697,-1.758331298828125,-1.008331298828125,assist,no
559,1,0,0.18242551491653522,-2.320500135421753,-0.8205000758171082,assist,no
560,1,0,0.3486451217982255,-1.59346342086792,-0.9684633612632751,assist,no
561,1,1,0.5926665999540697,-1.1767791509628296,-1.5517791509628296,assist,Yes
562,1,0,0.1645164792819756,-2.385932445526123,-0.7609325647354126,assist,no
563,1,1,0.7981867873410141,-0.5368372797966003,-1.9118373394012451,assist,yes
564,1,1,0.9626731126558706,-0.3913154602050781,-3.641315460205078,assist,yes
565,1,1,0.5312093585306514,-0.9321802258491516,-1.0571801662445068,assist,yes
566,1,1,0.9241418199787566,-0.3634684085845947,-2.8634684085845947,assist,yes
567,1,0,0.4073334000459302,-1.5290992259979248,-1.1540992259979248,assist,no
568,1,0,0.5,-1.1562886238098145,-1.1562886238098145,assist,no
569,1,0,0.5,-1.2785563468933105,-1.2785563468933105,assist,no
570,1,1,0.880797071719777,-0.3555789589881897,-2.355578899383545,assist,yes
571,1,1,0.5312093733737563,-1.2723060846328735,-1.3973060846328735,assist,Yes
572,1,1,0.914900957313305,-0.4749700725078583,-2.8499701023101807,assist,yes
573,1,0,0.32082130082460697,-1.7206156253814697,-0.9706156253814697,assist,no
574,1,0,0.16451645470385742,-2.4692184925079346,-0.8442184329032898,assist,no
575,1,1,0.798186768138228,-0.6091006398200989,-1.984100580215454,assist,yes
576,1,1,0.6224593312018546,-0.8797950744628906,-1.3797950744628906,assist,yes
577,1,1,0.8354835371034369,-0.7079041004180908,-2.332904100418091,assist,yes
578,1,1,0.835483553488848,-0.4871138334274292,-2.1121139526367188,assist,yes
579,1,1,0.7772998611746911,-0.6348786354064941,-1.8848786354064941,assist,yes
580,1,1,0.8670357460591569,-0.5287295579910278,-2.4037294387817383,assist,yes
581,1,0,0.34864513533394575,-1.6237410306930542,-0.9987410306930542,assist,no
582,1,1,0.8807970873650403,-0.37896624207496643,-2.3789663314819336,assist,yes
583,1,0,0.4378234991142019,-1.351458191871643,-1.101458191871643,assist,no
584,1,1,0.798186768138228,-0.4993653893470764,-1.8743653297424316,assist,yes
585,1,0,0.3208213138121609,-1.474346399307251,-0.7243464589118958,assist,no
586,1,1,0.9324533051062237,-0.6492207646369934,-3.2742207050323486,assist,yes
587,1,1,0.8670357460591569,-0.48644697666168213,-2.3614468574523926,assist,yes
588,1,1,0.8519527944504226,-0.4117885231971741,-2.1617884635925293,assist,yes
589,1,1,0.7772998611746911,-0.5250520706176758,-1.7750520706176758,assist,yes
590,1,1,0.7057850278370112,-0.6751914024353027,-1.5501914024353027,assist,yes
591,1,0,0.08509904964767095,-2.8781449794769287,-0.5031450390815735,assist,no
592,1,1,0.5926665999540697,-0.8873381614685059,-1.2623381614685059,assist,yes
593,1,1,0.6224593452091672,-0.6804384589195251,-1.18043851852417,assist,yes
594,1,1,0.6791786861878392,-0.746117889881134,-1.4961178302764893,assist,yes
595,1,1,0.9241418241572634,-0.3622362017631531,-2.862236261367798,assist,yes
596,1,1,0.8933093946927838,-0.31747496128082275,-2.442474842071533,assist,yes
597,1,1,0.8933094060543487,-0.39783191680908203,-2.522831916809082,assist,yes
598,1,1,0.9241418199787566,-0.4722321033477783,-2.9722321033477783,assist,yes
599,1,1,0.8519528019683106,-0.6803035736083984,-2.4303035736083984,assist,yes
600,1,0,0.37754066879814546,-1.613930583000183,-1.113930583000183,assist,no
601,1,0,0.5,-1.2564892768859863,-1.2564892768859863,assist,no
602,1,0,0.2689414213699951,-1.8161134719848633,-0.8161134719848633,assist,No
603,1,1,0.8670357598021706,-0.5389115810394287,-2.4139115810394287,assist,yes
604,1,1,0.7549149868676283,-0.5606358051300049,-1.6856358051300049,assist,yes
605,1,0,0.5,-1.2797950506210327,-1.2797950506210327,assist,no
606,1,1,0.8175744939732856,-0.6206172704696655,-2.120617389678955,assist,yes
607,1,1,0.7310585786300049,-0.7698714733123779,-1.769871473312378,assist,yes
608,1,0,0.20181323186177208,-2.161890983581543,-0.7868910431861877,assist,No
609,1,1,0.851952809486198,-0.4452480673789978,-2.1952481269836426,assist,yes
610,1,1,0.8670357666736773,-0.523486316204071,-2.398486375808716,assist,yes
611,1,1,0.8807970904940926,-0.44372785091400146,-2.443727970123291,assist,yes
612,1,1,0.8519527869325346,-0.544716477394104,-2.2947163581848145,assist,yes
613,1,0,0.1645164628965632,-2.4049506187438965,-0.7799506187438965,assist,No
614,1,1,0.5926665999540697,-1.0003477334976196,-1.3753477334976196,assist,yes
615,1,1,0.5621765008857981,-0.962033748626709,-1.212033748626709,assist,yes
616,1,1,0.8519527944504226,-0.34005051851272583,-2.090050458908081,assist,yes
617,1,1,0.5621765008857981,-1.1850544214248657,-1.4350544214248657,assist,Yes
618,1,0,0.11920292828022305,-2.76332688331604,-0.7633269429206848,assist,no
619,1,1,0.5621765008857981,-1.1838066577911377,-1.4338066577911377,assist,Yes
620,1,1,0.7772998714925403,-0.6271337866783142,-1.877133846282959,assist,yes
621,1,1,0.679178699175393,-0.9910824298858643,-1.7410824298858643,assist,yes
622,1,1,0.7310585903489892,-0.8699375987052917,-1.8699376583099365,assist,yes
623,1,1,0.8807970842359877,-0.3318607211112976,-2.3318607807159424,assist,yes
624,1,1,0.8175744761936437,-0.45220422744750977,-1.9522042274475098,assist,yes
625,1,1,0.8354835371034369,-0.42339015007019043,-2.0483901500701904,assist,yes
626,1,0,0.37754066879814546,-1.4672437906265259,-0.9672437906265259,assist,no
627,1,0,0.37754066879814546,-1.555416226387024,-1.055416226387024,assist,no
628,1,1,0.5621765008857981,-1.0177078247070312,-1.2677078247070312,assist,yes
629,1,1,0.7310585786300049,-0.7814794778823853,-1.7814794778823853,assist,yes
630,1,1,0.6224593312018546,-1.1012290716171265,-1.6012290716171265,assist,Yes
631,1,1,0.8175744761936437,-0.5136876106262207,-2.0136876106262207,assist,yes
632,1,1,0.9149009596336303,-0.443429172039032,-2.8184292316436768,assist,yes
633,1,0,0.4378234991142019,-1.4086302518844604,-1.1586302518844604,assist,no
634,1,0,0.2689414213699951,-1.7347297668457031,-0.7347297668457031,assist,no
635,1,1,0.9046505376715775,-0.3550977408885956,-2.605097770690918,assist,yes
636,1,0,0.18242552380635632,-2.210463762283325,-0.7104637622833252,assist,no
637,1,0,0.24508501313237172,-2.0451500415802,-0.9201500415802002,assist,no
638,1,1,0.798186768138228,-0.5368784070014954,-1.9118783473968506,assist,yes
639,1,1,0.7057850278370112,-0.5903228521347046,-1.4653228521347046,assist,yes
640,1,1,0.8175744761936437,-0.4529191255569458,-1.9529191255569458,assist,yes
641,1,1,0.8354835289107309,-0.5331979393959045,-2.1581978797912598,assist,yes
642,1,1,0.851952809486198,-0.4364563822746277,-2.1864564418792725,assist,yes
643,1,0,0.18242552380635632,-2.062100410461426,-0.5621004104614258,assist,no
644,1,1,0.7057850278370112,-0.8505183458328247,-1.7255183458328247,assist,yes
645,1,1,0.9046505351008906,-0.4490635395050049,-2.699063539505005,assist,yes
646,1,1,0.9324533051062237,-0.45690685510635376,-3.081906795501709,assist,yes
647,1,1,0.9046505402422645,-0.4951419234275818,-2.7451419830322266,assist,yes
648,1,1,0.8519527869325346,-0.5024758577346802,-2.2524757385253906,assist,yes
649,1,1,0.893309411735131,-0.5961393713951111,-2.721139430999756,assist,yes
650,1,0,0.46879062662624377,-1.3405957221984863,-1.2155957221984863,assist,no
651,1,1,0.9149009619539553,-0.4078148901462555,-2.7828149795532227,assist,yes
652,1,0,0.5,-1.0721231698989868,-1.0721231698989868,assist,no
653,1,1,0.8175744806385543,-0.42308029532432556,-1.923080325126648,assist,yes
654,1,1,0.8933093946927838,-0.4300576448440552,-2.5550575256347656,assist,yes
655,1,1,0.679178699175393,-0.9365369081497192,-1.6865369081497192,assist,yes
656,1,1,0.679178699175393,-0.9887868165969849,-1.7387868165969849,assist,Yes
657,1,0,0.4073334000459302,-1.4213804006576538,-1.0463804006576538,assist,no
658,1,0,0.32082130082460697,-1.757460355758667,-1.007460355758667,assist,No
659,1,1,0.6513548782017746,-0.9135004878044128,-1.5385005474090576,assist,yes
660,1,0,0.22270014914315833,-2.072028160095215,-0.8220282196998596,assist,no
661,1,0,0.2689414213699951,-1.7038915157318115,-0.7038915157318115,assist,no
662,1,0,0.34864513533394575,-1.288670539855957,-0.663670539855957,assist,no
663,1,1,0.9465966679403514,-0.23676185309886932,-3.1117618083953857,assist,yes
664,1,1,0.8175744673038221,-0.6725257039070129,-2.172525644302368,assist,yes
665,1,1,0.6224593171945417,-0.9684794545173645,-1.4684793949127197,assist,yes
666,1,1,0.5312093733737563,-0.9781066179275513,-1.1031066179275513,assist,yes
667,1,1,0.6224593312018546,-0.908972978591919,-1.408972978591919,assist,yes
668,1,1,0.6224593452091672,-0.7708553671836853,-1.27085542678833,assist,yes
669,1,0,0.5,-1.0148183107376099,-1.0148183107376099,assist,no
670,1,1,0.880797071719777,-0.37929898500442505,-2.3792989253997803,assist,yes
671,1,0,0.46879062662624377,-1.4245280027389526,-1.2995280027389526,assist,no
672,1,0,0.32082130082460697,-1.6488624811172485,-0.8988624811172485,assist,no
673,1,1,0.5312093733737563,-1.0562633275985718,-1.1812633275985718,assist,yes
674,1,1,0.7310585903489892,-0.6572367548942566,-1.6572368144989014,assist,yes
675,1,1,0.9324533013520764,-0.3557635545730591,-2.9807634353637695,assist,yes
676,1,1,0.8807970904940926,-0.4081491231918335,-2.408149242401123,assist,yes
677,1,1,0.7549149868676283,-0.6552927494049072,-1.7802927494049072,assist,yes
678,1,1,0.8807970842359877,-0.4790474772453308,-2.4790475368499756,assist,yes
679,1,1,0.851952809486198,-0.4660910964012146,-2.2160911560058594,assist,yes
680,1,1,0.9046505428129514,-0.3538605272769928,-2.60386061668396,assist,yes
681,1,1,0.817574471748733,-0.44946160912513733,-1.949461579322815,assist,yes
682,1,1,0.8807970904940926,-0.32958781719207764,-2.329587936401367,assist,yes
683,1,1,0.867035752930664,-0.7712493538856506,-2.646249294281006,assist,yes
684,1,1,0.6513548646660542,-0.9254237413406372,-1.5504237413406372,assist,yes
685,1,0,0.22270014914315833,-1.9405388832092285,-0.6905389428138733,assist,no
686,1,1,0.9465966732132748,-0.33883827924728394,-3.2138383388519287,assist,yes
687,1,0,0.4073334000459302,-1.537943720817566,-1.162943720817566,assist,no
688,1,1,0.7981867585368343,-0.7346678972244263,-2.1096677780151367,assist,yes
689,1,1,0.9046505376715775,-0.3558370769023895,-2.605837106704712,assist,yes
690,1,1,0.7057850278370112,-0.8155422210693359,-1.690542221069336,assist,yes
691,1,1,0.9241418241572634,-0.363447368144989,-2.863447427749634,assist,yes
692,1,1,0.7549149868676283,-0.6642069816589355,-1.7892069816589355,assist,yes
693,1,1,0.8175744939732856,-0.5869563817977905,-2.08695650100708,assist,yes
694,1,0,0.3208213138121609,-1.58994722366333,-0.8399472832679749,assist,No
695,1,0,0.1824255415859996,-2.263765811920166,-0.7637659311294556,assist,no
696,1,0,0.5,-1.0966453552246094,-1.0966453552246094,assist,no
697,1,0,0.34864513533394575,-1.4530850648880005,-0.8280850648880005,assist,no
698,1,1,0.5926665999540697,-1.1204490661621094,-1.4954490661621094,assist,yes
699,1,1,0.6513548782017746,-0.8087589144706726,-1.4337589740753174,assist,yes
700,1,1,0.754914997895581,-0.6546308398246765,-1.7796308994293213,assist,yes
701,1,1,0.8519527944504226,-0.5511708855628967,-2.301170825958252,assist,yes
702,1,1,0.7981867777396212,-0.5310425758361816,-1.9060425758361816,assist,yes
703,1,1,0.8807970873650403,-0.4392341673374176,-2.4392342567443848,assist,yes
704,1,1,0.7772998611746911,-0.5568010807037354,-1.8068010807037354,assist,yes
705,1,0,0.37754066879814546,-1.5033118724822998,-1.0033118724822998,assist,No
706,1,1,0.7981867777396212,-0.5661948919296265,-1.9411948919296265,assist,yes
707,1,0,0.37754066879814546,-1.37871253490448,-0.87871253490448,assist,no
708,1,0,0.4073334000459302,-1.4479930400848389,-1.0729930400848389,assist,no
709,1,1,0.9324533032291502,-0.2741721570491791,-2.899172067642212,assist,yes
710,1,1,0.7057850278370112,-0.770483136177063,-1.645483136177063,assist,yes
711,1,1,0.7549149868676283,-0.5915347337722778,-1.7165347337722778,assist,yes
712,1,1,0.9465966747198243,-0.37016811966896057,-3.2451682090759277,assist,yes
713,1,1,0.880797071719777,-0.44024425745010376,-2.440244197845459,assist,yes
714,1,1,0.8670357494949105,-0.3949917256832123,-2.269991636276245,assist,yes
715,1,0,0.24508503518827837,-2.001946449279785,-0.8769465684890747,assist,no
716,1,0,0.37754066879814546,-1.572479009628296,-1.072479009628296,assist,no
717,1,1,0.8175744761936437,-0.54184889793396,-2.04184889793396,assist,yes
718,1,1,0.7772998611746911,-0.596697211265564,-1.846697211265564,assist,yes
719,1,1,0.7057850154599563,-0.7302039265632629,-1.6052038669586182,assist,yes
720,1,1,0.5926665999540697,-1.1181647777557373,-1.4931647777557373,assist,yes
721,1,1,0.7310585903489892,-0.6429473757743835,-1.6429474353790283,assist,yes
722,1,1,0.8670357735451834,-0.49962079524993896,-2.3746209144592285,assist,yes
723,1,1,0.5312093733737563,-1.2223169803619385,-1.3473169803619385,assist,yes
724,1,1,0.5621765008857981,-1.1145925521850586,-1.3645925521850586,assist,yes
725,1,1,0.8933094003735664,-0.36515718698501587,-2.490157127380371,assist,yes
726,1,1,0.9579122672782973,-0.43385231494903564,-3.558852195739746,assist,yes
727,1,1,0.8933094145755219,-0.3176492750644684,-2.4426493644714355,assist,yes
728,1,1,0.8933093975331751,-0.3685859143733978,-2.4935858249664307,assist,yes
729,1,1,0.8519527869325346,-0.3829261064529419,-2.1329259872436523,assist,yes
730,1,0,0.20181324146316565,-2.227107048034668,-0.8521071672439575,assist,no
731,1,1,0.9241418116217418,-0.36525070667266846,-2.865250587463379,assist,yes
732,1,0,0.3486451217982255,-1.5935912132263184,-0.9685911536216736,assist,no
733,1,0,0.46879062662624377,-1.199314832687378,-1.074314832687378,assist,no
734,1,1,0.679178699175393,-0.9921537637710571,-1.7421537637710571,assist,yes
735,1,1,0.8354835371034369,-0.6507062911987305,-2.2757062911987305,assist,yes
736,1,1,0.7981867585368343,-0.734317421913147,-2.1093173027038574,assist,yes
737,1,1,0.6224593171945417,-0.7945418953895569,-1.294541835784912,assist,yes
738,1,1,0.679178699175393,-0.625876784324646,-1.375876784324646,assist,Yes
739,1,0,0.46879062662624377,-0.9913128614425659,-0.8663128614425659,assist,no
740,1,0,0.14804721306746543,-2.425363063812256,-0.6753631830215454,assist,no
741,1,1,0.7549149868676283,-0.7395889759063721,-1.864588975906372,assist,yes
742,1,1,0.7772998714925403,-0.7594110369682312,-2.009411096572876,assist,yes
743,1,1,0.679178699175393,-0.7969563007354736,-1.5469563007354736,assist,yes
744,1,1,0.7772998611746911,-0.7037150859832764,-1.9537150859832764,assist,yes
745,1,1,0.754914975839675,-0.6122868657112122,-1.7372868061065674,assist,yes
746,1,0,0.34864513533394575,-1.6782244443893433,-1.0532244443893433,assist,no
747,1,0,0.37754066879814546,-1.5770161151885986,-1.0770161151885986,assist,no
748,1,1,0.9046505402422645,-0.5319988131523132,-2.781998872756958,assist,yes
749,1,1,0.8175744850834649,-0.5737530589103699,-2.0737531185150146,assist,yes
750,1,0,0.24508502416032488,-1.96199631690979,-0.8369963765144348,assist,no
751,1,1,0.8670357460591569,-0.45126068592071533,-2.326260566711426,assist,yes
752,1,0,0.5,-1.096737027168274,-1.096737027168274,assist,no
753,1,1,0.5926665999540697,-1.1398377418518066,-1.5148377418518066,assist,yes
754,1,1,0.679178699175393,-0.7194472551345825,-1.4694472551345825,assist,yes
755,1,0,0.1480471980316895,-2.454637289047241,-0.7046372890472412,assist,no
756,1,1,0.8354835207180245,-0.6990443468093872,-2.3240442276000977,assist,yes
757,1,0,0.13296424019782924,-2.4758970737457275,-0.6008970737457275,assist,No
758,1,1,0.6513548646660542,-0.7861388921737671,-1.411138892173767,assist,yes
759,1,0,0.22270013882530884,-2.0438666343688965,-0.7938666343688965,assist,no
760,1,0,0.1480471829959148,-2.5476388931274414,-0.7976387739181519,assist,no
761,1,1,0.7981867777396212,-0.5371402502059937,-1.9121402502059937,assist,yes
762,1,1,0.7057850278370112,-0.770698070526123,-1.645698070526123,assist,yes
763,1,0,0.46879062662624377,-1.3707797527313232,-1.2457797527313232,assist,no
764,1,1,0.9149009596336303,-0.343789279460907,-2.7187893390655518,assist,yes
765,1,1,0.8519528170040853,-0.5454896688461304,-2.29548978805542,assist,yes
766,1,1,0.8933093975331751,-0.4578932225704193,-2.582893133163452,assist,yes
767,1,1,0.5312093733737563,-1.242250919342041,-1.367250919342041,assist,Yes
768,1,1,0.7549149868676283,-0.850253701210022,-1.975253701210022,assist,yes
769,1,1,0.8175744673038221,-0.38373619318008423,-1.8837361335754395,assist,yes
770,1,1,0.8175744850834649,-0.5428029894828796,-2.0428030490875244,assist,yes
771,1,1,0.6224593452091672,-0.7802793383598328,-1.2802793979644775,assist,yes
772,1,1,0.8354835207180245,-0.46029865741729736,-2.085298538208008,assist,yes
773,1,0,0.24508501313237172,-1.9804130792617798,-0.8554130792617798,assist,no
774,1,1,0.9525741241296944,-0.6303389668464661,-3.6303389072418213,assist,yes
775,1,1,0.9046505351008906,-0.5734925270080566,-2.8234925270080566,assist,yes
776,1,0,0.07585817166422973,-3.2593564987182617,-0.7593563795089722,assist,no
777,1,1,0.6224593312018546,-0.9687302112579346,-1.4687302112579346,assist,yes
778,1,1,0.5621765008857981,-0.9767748117446899,-1.22677481174469,assist,yes
779,1,1,0.9149009549929797,-0.40262675285339355,-2.7776267528533936,assist,yes
780,1,0,0.32082130082460697,-1.757379174232483,-1.007379174232483,assist,no
781,1,1,0.6224593312018546,-0.8395437002182007,-1.3395437002182007,assist,yes
782,1,1,0.8807970748488297,-0.4164319336414337,-2.4164319038391113,assist,yes
783,1,1,0.5621765008857981,-1.065688967704773,-1.315688967704773,assist,yes
784,1,1,0.5926665999540697,-1.013864278793335,-1.388864278793335,assist,yes
785,1,1,0.754914997895581,-0.5844566226005554,-1.7094566822052002,assist,yes
786,1,1,0.9046505453836383,-0.3045095205307007,-2.5545096397399902,assist,yes
787,1,1,0.6513548646660542,-0.893822431564331,-1.518822431564331,assist,yes
788,1,1,0.7310585786300049,-0.7696737051010132,-1.7696737051010132,assist,yes
789,1,1,0.7549149868676283,-0.5543874502182007,-1.6793874502182007,assist,yes
790,1,1,0.7981867777396212,-0.6513876914978027,-2.0263876914978027,assist,yes
791,1,1,0.6791787121629466,-0.627971351146698,-1.3779714107513428,assist,yes
792,1,1,0.8175744673038221,-0.7133787274360657,-2.213378667831421,assist,yes
793,1,1,0.9525741322079105,-0.30305469036102295,-3.3030548095703125,assist,yes
794,1,0,0.24508501313237172,-2.0192253589630127,-0.8942253589630127,assist,no
795,1,1,0.9399133498259924,-0.3167564868927002,-3.0667564868927,assist,yes
796,1,1,0.8519528019683106,-0.47206735610961914,-2.222067356109619,assist,yes
797,1,1,0.9324533097989077,-0.23287294805049896,-2.85787296295166,assist,yes
798,1,1,0.9046505299595163,-0.26194506883621216,-2.5119450092315674,assist,yes
799,1,0,0.29421497216298875,-1.7911499738693237,-0.9161499738693237,assist,No
800,1,1,0.5621765008857981,-1.0035645961761475,-1.2535645961761475,assist,yes
801,1,1,0.89330940889474,-0.33962008357048035,-2.4646201133728027,assist,yes
802,1,1,0.7981867825403176,-0.4226864278316498,-1.7976864576339722,assist,yes
803,1,0,0.4073334000459302,-1.182250738143921,-0.8072507381439209,assist,no
804,1,1,0.9399133464597458,-0.49345046281814575,-3.243450403213501,assist,yes
805,1,0,0.3486451488696663,-1.5228197574615479,-0.8978198170661926,assist,no
806,1,1,0.9399133531922388,-0.2865731120109558,-3.0365731716156006,assist,yes
807,1,1,0.9324533088603709,-0.3542969226837158,-2.979296922683716,assist,yes
808,1,1,0.6224593171945417,-0.7934985756874084,-1.2934985160827637,assist,yes
809,1,1,0.6224593171945417,-0.8926966786384583,-1.3926966190338135,assist,yes
810,1,1,0.893309411735131,-0.31266921758651733,-2.437669277191162,assist,yes
811,1,0,0.24508500210441886,-1.9125089645385742,-0.7875089049339294,assist,No
812,1,0,0.46879062662624377,-1.1559903621673584,-1.0309903621673584,assist,no
813,1,1,0.914900957313305,-0.44052645564079285,-2.8155264854431152,assist,yes
814,1,0,0.34864513533394575,-1.517637848854065,-0.8926378488540649,assist,no
815,1,1,0.7310585786300049,-0.5787644386291504,-1.5787644386291504,assist,yes
816,1,1,0.6513548511303336,-0.689042866230011,-1.3140428066253662,assist,yes
817,1,0,0.37754066879814546,-1.468213438987732,-0.9682134389877319,assist,no
818,1,1,0.9399133515091156,-0.26958009600639343,-3.019580125808716,assist,yes
819,1,0,0.32082130082460697,-1.7759699821472168,-1.0259699821472168,assist,no
820,1,1,0.9324533107374443,-0.29788777232170105,-2.9228878021240234,assist,yes
821,1,1,0.867035763237924,-0.4557788074016571,-2.3307788372039795,assist,yes
822,1,1,0.8354835371034369,-0.46500182151794434,-2.0900018215179443,assist,yes
823,1,0,0.4073334000459302,-1.3292194604873657,-0.9542194604873657,assist,no
824,1,1,0.6791787121629466,-0.883567750453949,-1.6335678100585938,assist,Yes
825,1,0,0.5,-1.3616775274276733,-1.3616775274276733,assist,no
826,1,0,0.37754066879814546,-1.613774299621582,-1.113774299621582,assist,no
827,1,1,0.8670357701094303,-0.3913363516330719,-2.266336441040039,assist,yes
828,1,0,0.0953494648991095,-2.8516743183135986,-0.6016743183135986,assist,no
829,1,0,0.34864513533394575,-1.395432472229004,-0.7704324722290039,assist,no
830,1,1,0.880797068590724,-0.35338863730430603,-2.353388547897339,assist,yes
831,1,1,0.9149009480320036,-0.40794381499290466,-2.7829437255859375,assist,yes
832,1,1,0.6224593171945417,-0.9086542725563049,-1.4086542129516602,assist,yes
833,1,0,0.4073334000459302,-1.5015954971313477,-1.1265954971313477,assist,no
834,1,1,0.8670357735451834,-0.3687361478805542,-2.2437362670898438,assist,yes
835,1,1,0.6513548646660542,-0.8794163465499878,-1.5044163465499878,assist,yes
836,1,0,0.34864513533394575,-1.254416823387146,-0.629416823387146,assist,no
837,1,1,0.8670357598021706,-0.6214144229888916,-2.4964144229888916,assist,yes
838,1,1,0.8670357494949105,-0.4238980710506439,-2.2988979816436768,assist,yes
839,1,0,0.4073334000459302,-1.5318795442581177,-1.1568795442581177,assist,no
840,1,1,0.7981867777396212,-0.6368885040283203,-2.0118885040283203,assist,yes
841,1,1,0.8519527869325346,-0.5458723306655884,-2.295872211456299,assist,yes
842,1,1,0.8519527944504226,-0.4745636582374573,-2.2245635986328125,assist,yes
843,1,0,0.34864513533394575,-1.6555120944976807,-1.0305120944976807,assist,no
844,1,1,0.8807970748488297,-0.3823998272418976,-2.382399797439575,assist,yes
845,1,1,0.8933093946927838,-0.29687368869781494,-2.4218735694885254,assist,yes
846,1,1,0.7981867777396212,-0.5645833015441895,-1.9395833015441895,assist,yes
847,1,0,0.0675466911396291,-3.323377847671509,-0.6983778476715088,assist,no
848,1,0,0.1480471980316895,-2.419382095336914,-0.6693820953369141,assist,No
849,1,0,0.29421497216298875,-1.7141088247299194,-0.8391088247299194,assist,No
850,1,1,0.9046505325302034,-0.41639450192451477,-2.6663944721221924,assist,Yes
851,1,0,0.24508501313237172,-1.9808417558670044,-0.8558417558670044,assist,no
852,1,0,0.2689414096510108,-1.8588104248046875,-0.8588103652000427,assist,no
853,1,1,0.8519528170040853,-0.4723900556564331,-2.2223901748657227,assist,yes
854,1,1,0.8933094003735664,-0.6392422318458557,-2.764242172241211,assist,yes
855,1,1,0.880797071719777,-0.3818712830543518,-2.381871223449707,assist,yes
856,1,1,0.5926665999540697,-1.0466421842575073,-1.4216421842575073,assist,Yes
857,1,0,0.09534945461636171,-2.864339828491211,-0.6143397092819214,assist,No
858,1,1,0.835483553488848,-0.46058833599090576,-2.0855884552001953,assist,yes
859,1,1,0.7772998611746911,-0.6760351657867432,-1.9260351657867432,assist,yes
860,1,0,0.4073334000459302,-1.51435124874115,-1.13935124874115,assist,no
861,1,1,0.8519527869325346,-0.4686990976333618,-2.2186989784240723,assist,yes
862,1,1,0.7310585903489892,-0.7365331053733826,-1.7365331649780273,assist,yes
863,1,1,0.798186768138228,-0.5647860169410706,-1.9397859573364258,assist,yes
864,1,1,0.5926665999540697,-0.8749620914459229,-1.2499620914459229,assist,yes
865,1,1,0.6513548646660542,-0.8360974788665771,-1.4610974788665771,assist,yes
866,1,0,0.5,-1.278208613395691,-1.278208613395691,assist,no
867,1,1,0.5312093733737563,-1.2786049842834473,-1.4036049842834473,assist,Yes
868,1,1,0.7310585786300049,-0.922558069229126,-1.922558069229126,assist,yes
869,1,0,0.4378234991142019,-1.3813631534576416,-1.1313631534576416,assist,no
870,1,1,0.5621765008857981,-1.2496837377548218,-1.4996837377548218,assist,Yes
871,1,1,0.8807970873650403,-0.40811124444007874,-2.408111333847046,assist,yes
872,1,1,0.8933094003735664,-0.3153837323188782,-2.4403836727142334,assist,yes
873,1,0,0.4378234991142019,-1.3791066408157349,-1.1291066408157349,assist,no
874,1,1,0.6224593452091672,-0.9540800452232361,-1.4540801048278809,assist,yes
875,1,1,0.6791786861878392,-0.8392351269721985,-1.5892350673675537,assist,yes
876,1,1,0.880797071719777,-0.5172417759895325,-2.5172417163848877,assist,yes
877,1,0,0.29421497216298875,-1.7530043125152588,-0.8780043125152588,assist,no
878,1,1,0.6224593171945417,-0.9674316048622131,-1.4674315452575684,assist,Yes
879,1,0,0.20181321265898594,-2.021958112716675,-0.64695805311203,assist,no
880,1,1,0.6513548646660542,-0.8206133842468262,-1.4456133842468262,assist,Yes
881,1,1,0.8670357460591569,-0.5285526514053345,-2.403552532196045,assist,yes
882,1,1,0.893309411735131,-0.36255067586898804,-2.487550735473633,assist,yes
883,1,1,0.8354835371034369,-0.5708878040313721,-2.195887804031372,assist,yes
884,1,0,0.29421497216298875,-1.8231737613677979,-0.9481737613677979,assist,no
885,1,1,0.9046505248181417,-0.35556185245513916,-2.6055617332458496,assist,yes
886,1,1,0.7549149868676283,-0.6248792409896851,-1.749879240989685,assist,yes
887,1,1,0.7772998508568416,-0.525485098361969,-1.7754850387573242,assist,yes
888,1,1,0.9149009619539553,-0.4436918795108795,-2.8186919689178467,assist,yes
889,1,1,0.8519528132451416,-0.4724353849887848,-2.222435474395752,assist,yes
890,1,0,0.37754066879814546,-1.5715101957321167,-1.0715101957321167,assist,no
891,1,1,0.8933094145755219,-0.4616338312625885,-2.5866339206695557,assist,yes
892,1,0,0.2689414213699951,-1.7264788150787354,-0.7264788150787354,assist,No
893,1,1,0.7310585669110203,-0.6090071797370911,-1.6090071201324463,assist,yes
894,1,0,0.02595735719779685,-4.131961822509766,-0.5069618225097656,assist,no
895,1,1,0.8519527906914787,-0.3855670392513275,-2.1355669498443604,assist,yes
896,1,0,0.22270013882530884,-1.9111300706863403,-0.6611300706863403,assist,No
897,1,1,0.8354835207180245,-0.6495739221572876,-2.274573802947998,assist,yes
898,1,1,0.754914997895581,-0.7404324412345886,-1.8654325008392334,assist,yes
899,1,1,0.8175744673038221,-0.5086789727210999,-2.008678913116455,assist,yes
900,1,0,0.37754066879814546,-1.602831482887268,-1.102831482887268,assist,no
901,1,1,0.9465966702001757,-0.25920653343200684,-3.134206533432007,assist,yes
902,1,0,0.46879062662624377,-1.2394697666168213,-1.1144697666168213,assist,no
903,1,1,0.9046505428129514,-0.4136623442173004,-2.6636624336242676,assist,yes
904,1,1,0.8670357701094303,-0.4908095896244049,-2.365809679031372,assist,yes
905,1,1,0.7772998611746911,-0.9035549163818359,-2.153554916381836,assist,Yes
906,1,1,0.7981867873410141,-0.6508459448814392,-2.025846004486084,assist,yes
907,1,0,0.4378234991142019,-1.463964819908142,-1.213964819908142,assist,no
908,1,1,0.851952809486198,-0.7965945601463318,-2.5465946197509766,assist,yes
909,1,1,0.798186768138228,-0.6949945092201233,-2.0699944496154785,assist,yes
910,1,1,0.7310585903489892,-0.8810846209526062,-1.881084680557251,assist,yes
911,1,1,0.7981867873410141,-0.7438229918479919,-2.1188230514526367,assist,yes
912,1,0,0.18242553269617778,-2.304004192352295,-0.8040042519569397,assist,No
913,1,0,0.37754066879814546,-1.5172325372695923,-1.0172325372695923,assist,no
914,1,1,0.6224593171945417,-0.9235115647315979,-1.4235115051269531,assist,yes
915,1,1,0.8175744761936437,-0.5865054130554199,-2.08650541305542,assist,yes
916,1,1,0.9241418262465169,-0.47195759415626526,-2.9719576835632324,assist,yes
917,1,1,0.679178699175393,-0.8404796123504639,-1.5904796123504639,assist,yes
918,1,1,0.5621765008857981,-1.1680102348327637,-1.4180102348327637,assist,yes
919,1,1,0.6791787121629466,-0.7112621665000916,-1.4612622261047363,assist,yes
920,1,1,0.9465966656805269,-0.30929121375083923,-3.184291124343872,assist,yes
921,1,0,0.5,-1.2788795232772827,-1.2788795232772827,assist,no
922,1,0,0.5,-1.2051492929458618,-1.2051492929458618,assist,no
923,1,0,0.2689414213699951,-1.968888282775879,-0.9688882827758789,assist,no
924,1,0,0.13296424019782924,-2.569539785385132,-0.6945397853851318,assist,no
925,1,1,0.8175744850834649,-0.8197481036186218,-2.3197481632232666,assist,yes
926,1,1,0.6513548646660542,-0.9770767688751221,-1.602076768875122,assist,yes
927,1,0,0.20181324146316565,-2.03403377532959,-0.6590338945388794,assist,no
928,1,1,0.679178699175393,-0.8395835161209106,-1.5895835161209106,assist,yes
929,1,1,0.9324533126145177,-0.4625188708305359,-3.0875189304351807,assist,yes
930,1,1,0.7549149868676283,-0.6481518745422363,-1.7731518745422363,assist,yes
931,1,0,0.3208212878370535,-1.642235517501831,-0.8922354578971863,assist,no
932,1,1,0.6791787121629466,-0.7163180708885193,-1.466318130493164,assist,Yes
933,1,1,0.9324533088603709,-0.27595973014831543,-2.9009597301483154,assist,yes
934,1,0,0.46879062662624377,-1.1733124256134033,-1.0483124256134033,assist,no
935,1,0,0.22270014914315833,-2.0832958221435547,-0.8332958817481995,assist,no
936,1,1,0.880797081106935,-0.3824469745159149,-2.3824470043182373,assist,yes
937,1,1,0.8933094060543487,-0.42998170852661133,-2.5549817085266113,assist,yes
938,1,0,0.37754066879814546,-1.6135873794555664,-1.1135873794555664,assist,no
939,1,0,0.46879062662624377,-1.3656777143478394,-1.2406777143478394,assist,no
940,1,0,0.3486451488696663,-1.5421359539031982,-0.917136013507843,assist,no
941,1,0,0.5,-0.9573631286621094,-0.9573631286621094,assist,no
942,1,1,0.6791787121629466,-0.6866371035575867,-1.4366371631622314,assist,yes
943,1,0,0.14804719051380197,-2.4249813556671143,-0.6749812960624695,assist,no
944,1,1,0.7772998611746911,-0.7211791276931763,-1.9711791276931763,assist,yes
945,1,0,0.46879062662624377,-1.3395195007324219,-1.2145195007324219,assist,no
946,1,0,0.16451644651115205,-2.112710475921631,-0.4877103567123413,assist,No
947,1,0,0.11920291576401235,-2.7571730613708496,-0.7571730017662048,assist,no
948,1,1,0.9241418126663687,-0.24304161965847015,-2.743041515350342,assist,yes
949,1,1,0.9046505351008906,-0.45205163955688477,-2.7020516395568848,assist,yes
950,1,1,0.9324533051062237,-0.274524986743927,-2.8995249271392822,assist,yes
951,1,1,0.8807970779778823,-0.468019962310791,-2.468019962310791,assist,yes
952,1,1,0.7981867777396212,-0.5713443756103516,-1.9463443756103516,assist,yes
953,1,1,0.8354835330070839,-0.3995409309864044,-2.024540901184082,assist,yes
954,1,1,0.817574471748733,-0.4034614861011505,-1.9034614562988281,assist,yes
955,1,0,0.34864513533394575,-1.67836594581604,-1.05336594581604,assist,no
956,1,1,0.5312093733737563,-1.2221959829330444,-1.3471959829330444,assist,yes
957,1,0,0.22270012850745968,-1.8242688179016113,-0.5742687582969666,assist,no
958,1,1,0.5926665999540697,-1.127859354019165,-1.502859354019165,assist,Yes
959,1,1,0.6224593312018546,-0.8290437459945679,-1.3290437459945679,assist,yes
960,1,0,0.2942149845400438,-1.8617041110992432,-0.9867041707038879,assist,no
961,1,0,0.3486451217982255,-1.5916273593902588,-0.966627299785614,assist,no
962,1,1,0.7310585903489892,-0.641988217830658,-1.6419882774353027,assist,yes
963,1,1,0.5926665999540697,-1.1553006172180176,-1.5303006172180176,assist,Yes
964,1,1,0.6791786861878392,-0.7466633915901184,-1.4966633319854736,assist,yes
965,1,1,0.7981867777396212,-0.8422636985778809,-2.217263698577881,assist,yes
966,1,1,0.867035763237924,-0.34520861506462097,-2.2202086448669434,assist,yes
967,1,1,0.7981867777396212,-0.5361791849136353,-1.9111791849136353,assist,yes
968,1,0,0.37754066879814546,-1.602416753768921,-1.102416753768921,assist,no
969,1,0,0.29421497216298875,-1.8295022249221802,-0.9545022249221802,assist,No
970,1,0,0.37754066879814546,-1.5571894645690918,-1.0571894645690918,assist,No
971,1,1,0.835483553488848,-0.45670831203460693,-2.0817084312438965,assist,yes
972,1,1,0.5621765008857981,-1.2117888927459717,-1.4617888927459717,assist,Yes
973,1,1,0.867035752930664,-0.5337706208229065,-2.4087705612182617,assist,yes
974,1,1,0.679178699175393,-0.7463397979736328,-1.4963397979736328,assist,yes
975,1,1,0.9149009526726544,-0.440187007188797,-2.8151869773864746,assist,yes
976,1,1,0.7772998508568416,-0.5965712666511536,-1.8465712070465088,assist,yes
977,1,0,0.3486451488696663,-1.3470332622528076,-0.7220333218574524,assist,no
978,1,1,0.9579122690805788,-0.22572477161884308,-3.350724697113037,assist,yes
979,1,1,0.6513548646660542,-0.7609134912490845,-1.3859134912490845,assist,yes
980,1,1,0.9046505402422645,-0.4902932047843933,-2.740293264389038,assist,yes
981,1,1,0.798186768138228,-0.6089087128639221,-1.9839086532592773,assist,yes
982,1,0,0.1645164628965632,-2.3253328800201416,-0.7003328800201416,assist,no
983,1,1,0.8670357735451834,-0.3915914297103882,-2.2665915489196777,assist,yes
984,1,1,0.867035763237924,-0.32656046748161316,-2.2015604972839355,assist,yes
985,1,1,0.8175744761936437,-0.48127055168151855,-1.9812705516815186,assist,yes
986,1,1,0.9324533069832973,-0.2978048622608185,-2.922804832458496,assist,yes
987,1,1,0.7981867777396212,-0.5310758352279663,-1.9060758352279663,assist,yes
988,1,1,0.9324533032291502,-0.27439650893211365,-2.8993964195251465,assist,yes
989,1,0,0.24508501313237172,-2.0769267082214355,-0.9519267082214355,assist,no
990,1,0,0.24508501313237172,-2.0775740146636963,-0.9525740146636963,assist,no
991,1,1,0.7772998508568416,-0.6283827424049377,-1.878382682800293,assist,yes
992,1,1,0.914900950352329,-0.3709908127784729,-2.745990753173828,assist,yes
993,1,1,0.5926665999540697,-1.0833492279052734,-1.4583492279052734,assist,yes
994,1,1,0.8670357598021706,-0.490525484085083,-2.365525484085083,assist,yes
995,1,1,0.5926665999540697,-1.176653265953064,-1.551653265953064,assist,Yes
996,1,0,0.4378235137849365,-1.0571041107177734,-0.8071041703224182,assist,no
997,1,1,0.8354835371034369,-0.5216391086578369,-2.146639108657837,assist,yes
998,1,0,0.5,-1.2906382083892822,-1.2906382083892822,assist,no
999,1,0,0.5,-1.0719581842422485,-1.0719581842422485,assist,no
1000,1,1,0.7981867777396212,-0.5596945285797119,-1.934694528579712,assist,yes
1001,1,1,0.7057850154599563,-0.8039737343788147,-1.67897367477417,assist,yes
1002,1,0,0.5,-1.2557120323181152,-1.2557120323181152,assist,no
1003,1,1,0.6513548782017746,-0.7961201071739197,-1.4211201667785645,assist,yes
1004,1,1,0.9149009596336303,-0.3713933825492859,-2.7463934421539307,assist,yes
1005,1,1,0.6224593312018546,-0.8666872978210449,-1.366687297821045,assist,yes
1006,1,1,0.9046505402422645,-0.28268736600875854,-2.5326874256134033,assist,yes
1007,1,0,0.20181324146316565,-2.1613025665283203,-0.7863026857376099,assist,No
1008,1,1,0.7310585903489892,-0.7267012000083923,-1.726701259613037,assist,yes
1009,1,0,0.29421497216298875,-1.806443691253662,-0.9314436912536621,assist,no
1010,1,1,0.7772998611746911,-0.7212848663330078,-1.9712848663330078,assist,yes
1011,1,1,0.8807970779778823,-0.5171148777008057,-2.5171148777008057,assist,yes
1012,1,0,0.4073334000459302,-1.457968831062317,-1.082968831062317,assist,No
1013,1,1,0.6224593312018546,-0.7126520872116089,-1.2126520872116089,assist,yes
1014,1,1,0.5926665999540697,-0.9988914728164673,-1.3738914728164673,assist,yes
1015,1,1,0.5312093733737563,-1.2221100330352783,-1.3471100330352783,assist,yes
1016,1,1,0.5926665999540697,-0.7796064615249634,-1.1546064615249634,assist,yes
1017,1,1,0.6791787121629466,-0.6214494109153748,-1.3714494705200195,assist,yes
1018,1,0,0.32082130082460697,-1.770507574081421,-1.020507574081421,assist,no
1019,1,0,0.24508500210441886,-1.8745172023773193,-0.7495171427726746,assist,No
1020,1,1,0.9046505402422645,-0.3265148997306824,-2.576514959335327,assist,yes
1021,1,1,0.8807970779778823,-0.4445645809173584,-2.4445645809173584,assist,yes
1022,1,1,0.8354835371034369,-0.816321611404419,-2.441321611404419,assist,Yes
1023,1,1,0.798186768138228,-0.6034072041511536,-1.9784071445465088,assist,yes
1024,1,1,0.8354835330070839,-0.436008483171463,-2.0610084533691406,assist,yes
1025,1,1,0.7981867825403176,-0.4421437680721283,-1.8171437978744507,assist,yes
1026,1,1,0.8354835411997897,-0.4310731589794159,-2.0560731887817383,assist,yes
1027,1,0,0.3486451488696663,-1.454674482345581,-0.8296745419502258,assist,no
1028,1,0,0.053403329799824234,-3.258949041366577,-0.38394904136657715,assist,no
1029,1,1,0.8175744761936437,-0.5481493473052979,-2.048149347305298,assist,yes
1030,1,1,0.8933093946927838,-0.5401383638381958,-2.6651382446289062,assist,yes
1031,1,1,0.7057850278370112,-0.9014849662780762,-1.7764849662780762,assist,yes
1032,1,0,0.18242553269617778,-2.263596296310425,-0.7635963559150696,assist,no
1033,1,1,0.7310585903489892,-0.7694482207298279,-1.7694482803344727,assist,yes
1034,1,1,0.6224593312018546,-1.1125192642211914,-1.6125192642211914,assist,Yes
1035,1,1,0.754914997895581,-0.5911218523979187,-1.7161219120025635,assist,yes
1036,1,1,0.8354835452961425,-0.49211376905441284,-2.1171138286590576,assist,yes
1037,1,1,0.6513548646660542,-1.0530602931976318,-1.6780602931976318,assist,Yes
1038,1,0,0.2689414213699951,-1.656758427619934,-0.6567584276199341,assist,no
1039,1,1,0.5621765008857981,-0.9486016035079956,-1.1986016035079956,assist,yes
1040,1,0,0.16451645470385742,-2.395819664001465,-0.7708196043968201,assist,no
1041,1,1,0.8519528019683106,-0.4064188003540039,-2.156418800354004,assist,yes
1042,1,0,0.18242553269617778,-2.2129969596862793,-0.7129970192909241,assist,no
1043,1,1,0.679178699175393,-0.796428918838501,-1.546428918838501,assist,yes
1044,1,1,0.8807970873650403,-0.4125641882419586,-2.412564277648926,assist,yes
1045,1,1,0.8670357598021706,-0.4993777275085449,-2.374377727508545,assist,yes
1046,1,1,0.7057850278370112,-0.6116595268249512,-1.4866595268249512,assist,yes
1047,1,0,0.34864513533394575,-1.64105224609375,-1.01605224609375,assist,No
1048,1,1,0.8807970748488297,-0.3756742775440216,-2.375674247741699,assist,yes
1049,1,0,0.46879062662624377,-1.3981517553329468,-1.2731517553329468,assist,no
1050,1,1,0.9324533107374443,-0.32483550906181335,-2.9498355388641357,assist,yes
1051,1,1,0.5312093733737563,-1.1873809099197388,-1.3123809099197388,assist,Yes
1052,1,1,0.8175744761936437,-0.5138285160064697,-2.0138285160064697,assist,yes
1053,1,0,0.2689414330889798,-1.8079502582550049,-0.8079503178596497,assist,no
1054,1,1,0.6513548511303336,-0.8360691666603088,-1.461069107055664,assist,yes
1055,1,1,0.9149009526726544,-0.44042614102363586,-2.8154261112213135,assist,yes
1056,1,0,0.1645164792819756,-2.3113770484924316,-0.6863771677017212,assist,no
1057,1,1,0.6513548646660542,-1.0529828071594238,-1.6779828071594238,assist,Yes
1058,1,1,0.8519527982093668,-0.4720976650714874,-2.222097635269165,assist,yes
1059,1,1,0.5312093733737563,-1.245019793510437,-1.370019793510437,assist,Yes
1060,1,0,0.5,-1.3119299411773682,-1.3119299411773682,assist,no
1061,1,1,0.7772998611746911,-0.5568267107009888,-1.8068267107009888,assist,yes
1062,1,1,0.8519527944504226,-0.5455079674720764,-2.2955079078674316,assist,yes
1063,1,1,0.9149009549929797,-0.47872066497802734,-2.8537206649780273,assist,yes
1064,1,0,0.3486451217982255,-1.5644774436950684,-0.9394773840904236,assist,no
1065,1,0,0.29421497216298875,-1.8306158781051636,-0.9556158781051636,assist,No
1066,1,1,0.754914975839675,-0.8929415345191956,-2.017941474914551,assist,yes
1067,1,1,0.9149009619539553,-0.27111950516700745,-2.6461195945739746,assist,yes
1068,1,1,0.754914975839675,-0.6963241696357727,-1.821324110031128,assist,yes
1069,1,1,0.7057850402140659,-0.9870917201042175,-1.8620917797088623,assist,Yes
1070,1,0,0.34864513533394575,-1.570435643196106,-0.945435643196106,assist,no
1071,1,1,0.8807970779778823,-0.5174210071563721,-2.517421007156372,assist,yes
1072,1,1,0.8354835207180245,-0.4870191812515259,-2.1120190620422363,assist,yes
1073,1,1,0.5312093733737563,-1.0838295221328735,-1.2088295221328735,assist,yes
1074,1,1,0.7772998508568416,-0.7601569294929504,-2.0101568698883057,assist,yes
1075,1,0,0.46879062662624377,-1.1339175701141357,-1.0089175701141357,assist,no
1076,1,1,0.8175744673038221,-0.7213905453681946,-2.22139048576355,assist,yes
1077,1,1,0.7772998714925403,-0.5565881133079529,-1.8065881729125977,assist,yes
1078,1,1,0.5621765008857981,-0.9615108966827393,-1.2115108966827393,assist,yes
1079,1,1,0.8807970904940926,-0.3792461156845093,-2.379246234893799,assist,yes
1080,1,1,0.914900950352329,-0.31508976221084595,-2.690089702606201,assist,yes
1081,1,1,0.7981867585368343,-0.7955342531204224,-2.170534133911133,assist,yes
1082,1,1,0.7981867873410141,-0.7346183657646179,-2.1096184253692627,assist,yes
1083,1,1,0.9046505299595163,-0.48621541261672974,-2.736215353012085,assist,yes
1084,1,1,0.867035752930664,-0.45594650506973267,-2.330946445465088,assist,yes
1085,1,1,0.5926665999540697,-1.1573740243911743,-1.5323740243911743,assist,Yes
1086,1,1,0.5312093733737563,-1.0073907375335693,-1.1323907375335693,assist,Yes
1087,1,1,0.8670357598021706,-0.39423203468322754,-2.2692320346832275,assist,yes
1088,1,0,0.37754066879814546,-1.2865809202194214,-0.7865809202194214,assist,no
1089,1,1,0.9241418116217418,-0.4653993844985962,-2.9653992652893066,assist,yes
1090,1,0,0.5,-1.312509536743164,-1.312509536743164,assist,no
1091,1,1,0.867035752930664,-0.6143692135810852,-2.4893691539764404,assist,yes
1092,1,0,0.5,-1.3622982501983643,-1.3622982501983643,assist,no
1093,1,1,0.924141817889503,-0.28513792157173157,-2.785137891769409,assist,yes
1094,1,1,0.89330940889474,-0.3947908580303192,-2.5197908878326416,assist,yes
1095,1,1,0.679178699175393,-0.9534341096878052,-1.7034341096878052,assist,yes
1096,1,0,0.2689414096510108,-1.8582046031951904,-0.8582045435905457,assist,no
1097,1,1,0.7310585786300049,-0.6578104496002197,-1.6578104496002197,assist,yes
1098,1,1,0.9324533051062237,-0.4183819890022278,-3.043381929397583,assist,yes
1099,1,1,0.8670357460591569,-0.36824142932891846,-2.243241310119629,assist,yes
1100,1,1,0.8807970779778823,-0.5128827095031738,-2.512882709503174,assist,yes
1101,1,1,0.8933094003735664,-0.5401356816291809,-2.665135622024536,assist,yes
1102,1,1,0.9046505453836383,-0.4553755521774292,-2.7053756713867188,assist,yes
1103,1,1,0.7310585903489892,-0.6163999438285828,-1.6164000034332275,assist,yes
1104,1,1,0.7310585669110203,-0.6866522431373596,-1.6866521835327148,assist,yes
1105,1,1,0.6513548782017746,-0.7704007029533386,-1.3954007625579834,assist,yes
1106,1,1,0.924141817889503,-0.2834055721759796,-2.7834055423736572,assist,yes
1107,1,0,0.4378234991142019,-1.4341752529144287,-1.1841752529144287,assist,no
1108,1,0,0.29421497216298875,-1.822953462600708,-0.947953462600708,assist,no
1109,1,1,0.8807970654616711,-0.6100093126296997,-2.61000919342041,assist,yes
1110,1,1,0.5312093882168609,-0.9924294352531433,-1.117429494857788,assist,yes
1111,1,0,0.29421497216298875,-1.7245995998382568,-0.8495995998382568,assist,No
1112,1,1,0.9241418283357702,-0.6044691801071167,-3.1044692993164062,assist,yes
1113,1,1,0.6224593452091672,-0.9377660155296326,-1.4377660751342773,assist,yes
1114,1,1,0.8175744673038221,-0.4774022698402405,-1.9774022102355957,assist,yes
1115,1,1,0.679178699175393,-1.0446237325668335,-1.7946237325668335,assist,Yes
1116,1,0,0.22270011818961086,-2.1398048400878906,-0.8898047208786011,assist,no
1117,1,0,0.29421497216298875,-1.8458138704299927,-0.9708138704299927,assist,no
1118,1,1,0.7549149868676283,-0.787346363067627,-1.912346363067627,assist,yes
1119,1,1,0.89330940889474,-0.25908538699150085,-2.3840854167938232,assist,yes
1120,1,1,0.8354835493924953,-0.4055134356021881,-2.0305135250091553,assist,yes
1121,1,1,0.8354835371034369,-0.46024155616760254,-2.0852415561676025,assist,yes
1122,1,0,0.4073333856566001,-1.3724277019500732,-0.9974276423454285,assist,no
1123,1,1,0.904650527388829,-0.28169164061546326,-2.531691551208496,assist,yes
1124,1,0,0.1480471980316895,-2.3675968647003174,-0.6175968647003174,assist,no
1125,1,1,0.679178699175393,-0.7107683420181274,-1.4607683420181274,assist,yes
1126,1,0,0.46879062662624377,-1.3955695629119873,-1.2705695629119873,assist,no
1127,1,1,0.867035752930664,-0.8393533825874329,-2.714353322982788,assist,Yes
1128,1,1,0.8354835452961425,-0.46610063314437866,-2.0911006927490234,assist,yes
1129,1,1,0.880797081106935,-0.40504714846611023,-2.4050471782684326,assist,yes
1130,1,1,0.6791786861878392,-0.7117238640785217,-1.461723804473877,assist,yes
1131,1,1,0.6224593312018546,-1.0744547843933105,-1.5744547843933105,assist,yes
1132,1,0,0.5,-1.2562693357467651,-1.2562693357467651,assist,no
1133,1,1,0.679178699175393,-1.0071195363998413,-1.7571195363998413,assist,Yes
1134,1,1,0.8175744850834649,-0.5419773459434509,-2.0419774055480957,assist,yes
1135,1,0,0.37754066879814546,-1.4369689226150513,-0.9369689226150513,assist,No
1136,1,1,0.7057850278370112,-1.016753077507019,-1.891753077507019,assist,Yes
1137,1,1,0.8519527869325346,-0.5451847314834595,-2.29518461227417,assist,yes
1138,1,1,0.6513548646660542,-0.8792306184768677,-1.5042306184768677,assist,yes
1139,1,0,0.2689414213699951,-1.7607808113098145,-0.7607808113098145,assist,no
1140,1,1,0.8519527982093668,-0.43822506070137024,-2.188225030899048,assist,yes
1141,1,1,0.8933094145755219,-0.3942808210849762,-2.5192809104919434,assist,yes
1142,1,1,0.9149009642742806,-0.4763883352279663,-2.851388454437256,assist,yes
1143,1,0,0.37754066879814546,-1.6307178735733032,-1.1307178735733032,assist,no
1144,1,0,0.2689414213699951,-1.9686346054077148,-0.9686346054077148,assist,no
1145,1,1,0.8670357701094303,-0.39497533440589905,-2.269975423812866,assist,yes
1146,1,1,0.8519528170040853,-0.5870221853256226,-2.337022304534912,assist,yes
1147,1,1,0.8807970748488297,-0.4085672199726105,-2.408567190170288,assist,yes
1148,1,1,0.8175744850834649,-0.8385545611381531,-2.338554620742798,assist,Yes
1149,1,1,0.9241418137109955,-0.3076406419277191,-2.807640552520752,assist,yes
1150,1,1,0.9525741227833249,-0.3990362584590912,-3.399036169052124,assist,yes
1151,1,0,0.053403329799824234,-3.356975793838501,-0.481975793838501,assist,No
1152,1,1,0.8670357598021706,-0.6630344390869141,-2.538034439086914,assist,yes
1153,1,1,0.893309411735131,-0.3415808081626892,-2.466580867767334,assist,yes
1154,1,0,0.5,-1.113405704498291,-1.113405704498291,assist,no
1155,1,1,0.5621765008857981,-1.2120028734207153,-1.4620028734207153,assist,Yes
1156,1,1,0.7057850278370112,-0.8500341176986694,-1.7250341176986694,assist,yes
1157,1,1,0.7772998611746911,-0.5567560195922852,-1.8067560195922852,assist,yes
1158,1,0,0.4073334000459302,-1.5361993312835693,-1.1611993312835693,assist,no
1159,1,0,0.4378234991142019,-1.4408124685287476,-1.1908124685287476,assist,no
1160,1,1,0.5621765008857981,-1.2049601078033447,-1.4549601078033447,assist,Yes
1161,1,1,0.7057850278370112,-0.6500838994979858,-1.5250838994979858,assist,yes
1162,1,1,0.914900950352329,-0.7196517586708069,-3.094651699066162,assist,yes
1163,1,1,0.9241418199787566,-0.3946826457977295,-2.8946826457977295,assist,yes
1164,1,1,0.851952809486198,-0.6326448321342468,-2.3826448917388916,assist,yes
1165,1,1,0.8354835289107309,-0.817486584186554,-2.442486524581909,assist,yes
1166,1,1,0.5312093733737563,-0.9001332521438599,-1.0251332521438599,assist,yes
1167,1,1,0.8175744761936437,-0.5856258869171143,-2.0856258869171143,assist,yes
1168,1,1,0.8933093975331751,-0.3943837583065033,-2.519383668899536,assist,yes
1169,1,1,0.679178699175393,-0.9364705085754395,-1.6864705085754395,assist,yes
1170,1,1,0.679178699175393,-0.9234915971755981,-1.6734915971755981,assist,yes
1171,1,1,0.5621765008857981,-1.114494800567627,-1.364494800567627,assist,yes
1172,1,1,0.9046505428129514,-0.32928410172462463,-2.579284191131592,assist,yes
1173,1,1,0.6224593312018546,-1.135918378829956,-1.635918378829956,assist,Yes
1174,1,0,0.1645164628965632,-2.270673990249634,-0.6456739902496338,assist,No
1175,1,1,0.9149009480320036,-0.3435226380825043,-2.718522548675537,assist,yes
1176,1,1,0.8670357735451834,-0.6149510145187378,-2.4899511337280273,assist,yes
1177,1,1,0.8354835371034369,-0.5645854473114014,-2.1895854473114014,assist,yes
1178,1,1,0.8807970904940926,-0.37887418270111084,-2.3788743019104004,assist,yes
1179,1,1,0.8670357563664174,-0.42397239804267883,-2.2989723682403564,assist,yes
1180,1,0,0.4073334000459302,-1.5380244255065918,-1.1630244255065918,assist,no
1181,1,1,0.9149009596336303,-0.37033241987228394,-2.7453324794769287,assist,yes
1182,1,0,0.08509904500702024,-3.0487473011016846,-0.6737473011016846,assist,no
1183,1,1,0.679178699175393,-0.7565889358520508,-1.5065889358520508,assist,yes
1184,1,1,0.7057850278370112,-0.7593638896942139,-1.6343638896942139,assist,yes
1185,1,1,0.6791787121629466,-0.7194773554801941,-1.4694774150848389,assist,yes
1186,1,0,0.37754066879814546,-1.4209235906600952,-0.9209235906600952,assist,no
1187,1,1,0.754914997895581,-0.6187722086906433,-1.743772268295288,assist,yes
1188,1,0,0.4378234991142019,-1.3532748222351074,-1.1032748222351074,assist,No
1189,1,0,0.22270012850745968,-2.1104438304901123,-0.8604437708854675,assist,no
1190,1,1,0.9399133481428692,-0.41255834698677063,-3.1625583171844482,assist,yes
1191,1,0,0.1480472055495773,-2.4179983139038086,-0.6679983735084534,assist,No
1192,1,1,0.7981867873410141,-0.47786086797714233,-1.852860927581787,assist,yes
1193,1,1,0.8807970842359877,-0.47966235876083374,-2.4796624183654785,assist,yes
1194,1,1,0.8175744806385543,-0.40343984961509705,-1.9034398794174194,assist,yes
1195,1,1,0.7310585669110203,-0.9372573494911194,-1.9372572898864746,assist,Yes
1196,1,1,0.9149009526726544,-0.3466356098651886,-2.721635580062866,assist,yes
1197,1,0,0.16451647518562237,-2.0844993591308594,-0.45949944853782654,assist,no
1198,1,1,0.817574471748733,-0.48266175389289856,-1.9826617240905762,assist,yes
1199,1,0,0.09534945975773548,-2.8043875694274902,-0.5543875098228455,assist,no
1200,1,1,0.754914975839675,-0.6644063591957092,-1.7894062995910645,assist,yes
1201,1,0,0.14804721306746543,-2.52579402923584,-0.7757941484451294,assist,No
1202,1,0,0.24508501313237172,-2.0313260555267334,-0.9063260555267334,assist,no
1203,1,1,0.7549149868676283,-0.6639477014541626,-1.7889477014541626,assist,yes
1204,1,1,0.5312093733737563,-1.2559722661972046,-1.3809722661972046,assist,Yes
1205,1,1,0.8807970873650403,-0.37625065445899963,-2.376250743865967,assist,yes
1206,1,1,0.893309411735131,-0.46531766653060913,-2.590317726135254,assist,yes
1207,1,1,0.8175744761936437,-0.7307143211364746,-2.2307143211364746,assist,Yes
1208,1,0,0.46879062662624377,-0.9341762661933899,-0.8091762661933899,assist,no
1209,1,1,0.8670357666736773,-0.3952569365501404,-2.270256996154785,assist,yes
1210,1,1,0.754914997895581,-0.6480371356010437,-1.7730371952056885,assist,yes
1211,1,1,0.8933094145755219,-0.33697643876075745,-2.4619765281677246,assist,yes
1212,1,1,0.7772998508568416,-0.6271811127662659,-1.877181053161621,assist,yes
1213,1,1,0.5312093733737563,-1.1622027158737183,-1.2872027158737183,assist,Yes
1214,1,1,0.8933094003735664,-0.4263480305671692,-2.5513479709625244,assist,yes
1215,1,1,0.5621765008857981,-0.9778323173522949,-1.227832317352295,assist,yes
1216,1,1,0.9465966671870767,-0.3404431939125061,-3.2154431343078613,assist,yes
1217,1,1,0.7772998714925403,-0.6760596632957458,-1.9260597229003906,assist,yes
1218,1,1,0.8670357666736773,-0.427365243434906,-2.302365303039551,assist,yes
1219,1,1,0.9324533163686646,-0.3878706693649292,-3.0128707885742188,assist,yes
1220,1,1,0.8933094032139576,-0.4289131462574005,-2.553913116455078,assist,yes
1221,1,0,0.34864513533394575,-1.6783219575881958,-1.0533219575881958,assist,no
1222,1,1,0.7981867777396212,-0.6093741655349731,-1.9843741655349731,assist,yes
1223,1,1,0.798186768138228,-0.6505253911018372,-2.0255253314971924,assist,yes
1224,1,1,0.8354835289107309,-0.4923446774482727,-2.117344617843628,assist,yes
1225,1,1,0.914900950352329,-0.47564107179641724,-2.8506410121917725,assist,yes
1226,1,1,0.880797081106935,-0.4414691627025604,-2.441469192504883,assist,yes
1227,1,0,0.11920293453832885,-2.6346912384033203,-0.6346913576126099,assist,no
1228,1,0,0.37754066879814546,-1.5929690599441528,-1.0929690599441528,assist,no
1229,1,1,0.7057850278370112,-0.612040638923645,-1.487040638923645,assist,yes
1230,1,1,0.8519527906914787,-0.44036445021629333,-2.190364360809326,assist,yes
1231,1,1,0.9149009549929797,-0.4757881164550781,-2.850788116455078,assist,yes
1232,1,0,0.24508501313237172,-1.7323944568634033,-0.6073944568634033,assist,no
1233,1,1,0.9324533126145177,-0.3854460120201111,-3.010446071624756,assist,yes
1234,1,1,0.9241418137109955,-0.42985066771507263,-2.9298505783081055,assist,yes
1235,1,1,0.880797071719777,-0.43969398736953735,-2.4396939277648926,assist,yes
1236,1,1,0.9046505402422645,-0.5828880667686462,-2.832888126373291,assist,yes
1237,1,1,0.9046505453836383,-0.5273536443710327,-2.7773537635803223,assist,yes
1238,1,1,0.8354835452961425,-0.8663527369499207,-2.4913527965545654,assist,Yes
1239,1,1,0.7057850154599563,-0.5388777852058411,-1.4138777256011963,assist,yes
1240,1,1,0.5312093733737563,-1.255812644958496,-1.380812644958496,assist,Yes
1241,1,0,0.32082130082460697,-1.694737434387207,-0.944737434387207,assist,no
1242,1,1,0.5621765008857981,-1.1304492950439453,-1.3804492950439453,assist,Yes
1243,1,0,0.1480472055495773,-2.414842367172241,-0.664842426776886,assist,no
1244,1,1,0.5312093733737563,-1.301882028579712,-1.426882028579712,assist,Yes
1245,1,1,0.679178699175393,-0.7469643354415894,-1.4969643354415894,assist,yes
1246,1,0,0.29421497216298875,-1.8328111171722412,-0.9578111171722412,assist,no
1247,1,1,0.5312093733737563,-1.1189299821853638,-1.2439299821853638,assist,yes
1248,1,1,0.7057850154599563,-0.9432821869850159,-1.818282127380371,assist,yes
1249,1,1,0.7772998611746911,-0.5562328100204468,-1.8062328100204468,assist,yes
1250,1,0,0.16451645470385742,-2.3108904361724854,-0.6858903765678406,assist,no
1251,1,1,0.5312093733737563,-0.9317667484283447,-1.0567667484283447,assist,yes
1252,1,1,0.6513548646660542,-0.637542724609375,-1.262542724609375,assist,yes
1253,1,1,0.8354835289107309,-0.4058383107185364,-2.0308382511138916,assist,yes
1254,1,1,0.8354835371034369,-0.4289543628692627,-2.0539543628692627,assist,yes
1255,1,1,0.8175744761936437,-0.5476338863372803,-2.0476338863372803,assist,yes
1256,1,1,0.5926666143433998,-0.9680349230766296,-1.3430349826812744,assist,yes
1257,1,1,0.9669140225647107,-0.34990403056144714,-3.7249040603637695,assist,yes
1258,1,0,0.3775406828054583,-1.2023365497589111,-0.7023366093635559,assist,no
1259,1,1,0.9324533126145177,-0.32393115758895874,-2.9489312171936035,assist,yes
1260,1,0,0.46879062662624377,-1.3714556694030762,-1.2464556694030762,assist,no
1261,1,1,0.6224593312018546,-0.752773642539978,-1.252773642539978,assist,yes
1262,1,1,0.8354835207180245,-0.4922400712966919,-2.1172399520874023,assist,yes
1263,1,1,0.5621765008857981,-1.0655043125152588,-1.3155043125152588,assist,yes
1264,1,1,0.7772998714925403,-0.6679849028587341,-1.917984962463379,assist,yes
1265,1,1,0.5621765008857981,-1.0484968423843384,-1.2984968423843384,assist,yes
1266,1,0,0.37754066879814546,-1.5432993173599243,-1.0432993173599243,assist,no
1267,1,1,0.5926665855647394,-0.9129868149757385,-1.2879867553710938,assist,yes
1268,1,1,0.9046505402422645,-0.6742612719535828,-2.9242613315582275,assist,yes
1269,1,0,0.053403325280175794,-3.3173398971557617,-0.44233980774879456,assist,No
1270,1,0,0.5,-1.1761345863342285,-1.1761345863342285,assist,no
1271,1,1,0.8175744761936437,-0.5478615760803223,-2.0478615760803223,assist,yes
1272,1,1,0.914900950352329,-0.34254246950149536,-2.7175424098968506,assist,yes
1273,1,0,0.29421497216298875,-1.888443946838379,-1.013443946838379,assist,no
1274,1,1,0.5312093733737563,-1.055638074874878,-1.180638074874878,assist,yes
1275,1,0,0.0675466911396291,-3.278273582458496,-0.6532735824584961,assist,no
1276,1,1,0.9465966641739773,-0.3723951578140259,-3.2473950386047363,assist,yes
1277,1,0,0.32082130082460697,-1.7036136388778687,-0.9536136388778687,assist,no
1278,1,1,0.754914997895581,-0.6960489153862,-1.8210489749908447,assist,yes
1279,1,1,0.9241418137109955,-0.3949302136898041,-2.894930124282837,assist,yes
1280,1,1,0.9149009480320036,-0.3732229173183441,-2.748222827911377,assist,yes
1281,1,1,0.8519528132451416,-0.3894912302494049,-2.139491319656372,assist,yes
1282,1,1,0.5926665999540697,-0.9850704669952393,-1.3600704669952393,assist,yes
1283,1,0,0.29421497216298875,-1.8291372060775757,-0.9541372060775757,assist,No
1284,1,0,0.24508500210441886,-1.8950004577636719,-0.7700003981590271,assist,no
1285,1,1,0.8354835207180245,-0.4918328523635864,-2.116832733154297,assist,yes
1286,1,1,0.7981867777396212,-0.6446762084960938,-2.0196762084960938,assist,yes
1287,1,1,0.9579122684798184,-0.3263433873653412,-3.451343297958374,assist,yes
1288,1,1,0.5926665999540697,-1.1006710529327393,-1.4756710529327393,assist,yes
1289,1,1,0.7057850154599563,-0.6262808442115784,-1.5012807846069336,assist,yes
1290,1,0,0.20181323186177208,-2.1528921127319336,-0.7778921723365784,assist,no
1291,1,1,0.8354835248143776,-0.40142545104026794,-2.026425361633301,assist,yes
1292,1,1,0.9525741214369554,-0.2762213945388794,-3.27622127532959,assist,yes
1293,1,1,0.8670357701094303,-0.4903327524662018,-2.365332841873169,assist,yes
1294,1,1,0.7772998714925403,-0.6970705389976501,-1.947070598602295,assist,Yes
1295,1,1,0.8519528019683106,-0.552814245223999,-2.302814245223999,assist,yes
1296,1,1,0.7981867873410141,-0.49940818548202515,-1.87440824508667,assist,yes
1297,1,1,0.679178699175393,-0.8390127420425415,-1.5890127420425415,assist,yes
1298,1,1,0.7772998611746911,-0.5626280307769775,-1.8126280307769775,assist,yes
1299,1,0,0.3486451488696663,-1.5502581596374512,-0.925258219242096,assist,No
1300,1,0,0.10669059962643358,-2.8187451362609863,-0.6937451958656311,assist,no
1301,1,1,0.9324533126145177,-0.32456058263778687,-2.9495606422424316,assist,yes
1302,1,1,0.9324533107374443,-0.4214737117290497,-3.046473741531372,assist,yes
1303,1,1,0.9241418241572634,-0.43275851011276245,-2.9327585697174072,assist,yes
1304,1,1,0.7772998611746911,-0.5513793230056763,-1.8013793230056763,assist,yes
1305,1,0,0.22270014914315833,-1.9860973358154297,-0.7360973954200745,assist,no
1306,1,0,0.4073334000459302,-1.3489429950714111,-0.9739429950714111,assist,no
1307,1,0,0.3486451217982255,-1.5941038131713867,-0.9691037535667419,assist,no
1308,1,0,0.46879062662624377,-1.3441814184188843,-1.2191814184188843,assist,No
1309,1,1,0.6224593312018546,-0.6814172267913818,-1.1814172267913818,assist,yes
1310,1,0,0.2689414096510108,-1.6790754795074463,-0.6790754199028015,assist,no
1311,1,1,0.9241418199787566,-0.4682741165161133,-2.9682741165161133,assist,yes
1312,1,0,0.4073334000459302,-1.3961085081100464,-1.0211085081100464,assist,no
1313,1,1,0.8807970654616711,-0.517929196357727,-2.5179290771484375,assist,yes
1314,1,1,0.867035752930664,-0.4236147999763489,-2.298614740371704,assist,yes
1315,1,0,0.34864513533394575,-1.54271399974823,-0.91771399974823,assist,no
1316,1,1,0.8519527869325346,-0.5464993715286255,-2.296499252319336,assist,yes
1317,1,1,0.7310585786300049,-0.9359645843505859,-1.935964584350586,assist,yes
1318,1,0,0.5,-1.11277174949646,-1.11277174949646,assist,no
1319,1,1,0.8519527869325346,-0.3868175745010376,-2.136817455291748,assist,yes
1320,1,0,0.5,-1.0356509685516357,-1.0356509685516357,assist,no
1321,1,1,0.8519527982093668,-0.31873753666877747,-2.068737506866455,assist,yes
1322,1,1,0.8933094060543487,-0.39492321014404297,-2.519923210144043,assist,yes
1323,1,1,0.754914997895581,-0.7499875426292419,-1.8749876022338867,assist,yes
1324,1,1,0.8807970873650403,-0.353753000497818,-2.353753089904785,assist,yes
1325,1,0,0.1329642264548166,-2.585176467895508,-0.7101763486862183,assist,No
1326,1,1,0.8354835289107309,-0.49714261293411255,-2.1221425533294678,assist,yes
1327,1,1,0.7981867777396212,-0.5660308599472046,-1.9410308599472046,assist,yes
1328,1,1,0.8519528019683106,-0.4778461456298828,-2.227846145629883,assist,yes
1329,1,1,0.8519528057272543,-0.44808313250541687,-2.1980831623077393,assist,yes
1330,1,1,0.9046505299595163,-0.4938083291053772,-2.7438082695007324,assist,yes
1331,1,1,0.7772998611746911,-0.6685880422592163,-1.9185880422592163,assist,yes
1332,1,1,0.6224593452091672,-0.909465491771698,-1.4094655513763428,assist,yes
1333,1,0,0.037326887344129464,-3.817903995513916,-0.567903995513916,assist,no
1334,1,1,0.6513548646660542,-1.0313844680786133,-1.6563844680786133,assist,Yes
1335,1,1,0.8175744850834649,-0.4767746329307556,-1.9767746925354004,assist,yes
1336,1,1,0.7772998508568416,-0.7038102746009827,-1.953810214996338,assist,yes
1337,1,0,0.22270012850745968,-2.043126344680786,-0.7931262850761414,assist,no
1338,1,0,0.4073334000459302,-1.396833896636963,-1.021833896636963,assist,no
1339,1,1,0.5926666143433998,-0.9987444281578064,-1.3737444877624512,assist,Yes
1340,1,1,0.7772998611746911,-0.6351768970489502,-1.8851768970489502,assist,yes
1341,1,0,0.4378234991142019,-1.4538023471832275,-1.2038023471832275,assist,no
1342,1,1,0.6791787121629466,-0.9510926604270935,-1.7010927200317383,assist,yes
1343,1,1,0.8519527869325346,-0.6313244104385376,-2.381324291229248,assist,yes
1344,1,1,0.880797071719777,-0.38204532861709595,-2.382045269012451,assist,yes
1345,1,0,0.0953494648991095,-2.8826258182525635,-0.6326258182525635,assist,no
1346,1,1,0.9525741281688026,-0.27730318903923035,-3.2773032188415527,assist,yes
1347,1,0,0.5,-1.0722324848175049,-1.0722324848175049,assist,no
1348,1,0,0.3208213138121609,-1.4551568031311035,-0.7051568627357483,assist,no
1349,1,1,0.867035752930664,-0.3950880169868469,-2.270087957382202,assist,yes
1350,1,1,0.6513548646660542,-0.7271198034286499,-1.35211980342865,assist,yes
1351,1,0,0.1066905825840872,-2.65805721282959,-0.5330570936203003,assist,No
1352,1,1,0.9241418241572634,-0.26123183965682983,-2.7612318992614746,assist,yes
1353,1,0,0.4073334000459302,-1.5510770082473755,-1.1760770082473755,assist,no
1354,1,1,0.7057850402140659,-0.8888856768608093,-1.763885736465454,assist,yes
1355,1,0,0.03308597648187432,-3.578251600265503,-0.20325154066085815,assist,no
1356,1,0,0.1480471980316895,-2.4766581058502197,-0.7266581058502197,assist,No
1357,1,1,0.7057850402140659,-0.6755697131156921,-1.550569772720337,assist,yes
1358,1,1,0.7057850278370112,-0.8498632907867432,-1.7248632907867432,assist,yes
1359,1,1,0.5926665999540697,-0.9546170234680176,-1.3296170234680176,assist,yes
1360,1,1,0.8175744850834649,-0.7121264338493347,-2.2121264934539795,assist,yes
1361,1,0,0.34864513533394575,-1.616284966468811,-0.991284966468811,assist,no
1362,1,0,0.3486451217982255,-1.432535171508789,-0.8075351119041443,assist,no
1363,1,0,0.5,-1.205217719078064,-1.205217719078064,assist,no
1364,1,1,0.8175744806385543,-0.4533402621746063,-1.9533402919769287,assist,yes
1365,1,1,0.9149009619539553,-0.4031132757663727,-2.77811336517334,assist,yes
1366,1,1,0.9525741322079105,-0.2774718999862671,-3.2774720191955566,assist,yes
1367,1,1,0.7981867777396212,-0.4999241828918457,-1.8749241828918457,assist,yes
1368,1,1,0.7772998714925403,-0.6683856844902039,-1.9183857440948486,assist,yes
1369,1,1,0.914900950352329,-0.5660606026649475,-2.9410605430603027,assist,yes
1370,1,0,0.34864513533394575,-1.5424113273620605,-0.9174113273620605,assist,no
1371,1,0,0.18242553269617778,-2.1756768226623535,-0.6756768822669983,assist,no
1372,1,1,0.8807970904940926,-0.5602124929428101,-2.5602126121520996,assist,yes
1373,1,1,0.9579122720843811,-0.2992970943450928,-3.4242970943450928,assist,yes
1374,1,1,0.7981867777396212,-0.602454423904419,-1.977454423904419,assist,yes
1375,1,1,0.8807970842359877,-0.38234347105026245,-2.3823435306549072,assist,yes
1376,1,1,0.5312093733737563,-1.0566140413284302,-1.1816140413284302,assist,yes
1377,1,1,0.7549149868676283,-0.8501962423324585,-1.9751962423324585,assist,yes
1378,1,1,0.9324533126145177,-0.3242320418357849,-2.9492321014404297,assist,yes
1379,1,0,0.5,-1.1389005184173584,-1.1389005184173584,assist,no
1380,1,1,0.880797071719777,-0.44449979066848755,-2.4444997310638428,assist,yes
1381,1,1,0.8933094145755219,-0.36743536591529846,-2.4924354553222656,assist,yes
1382,1,0,0.1329642264548166,-2.6250553131103516,-0.750055193901062,assist,No
1383,1,0,0.2689414213699951,-1.565024971961975,-0.5650249719619751,assist,no
1384,1,1,0.7310585903489892,-0.9235038161277771,-1.9235038757324219,assist,yes
1385,1,1,0.9324533144915912,-0.32225313782691956,-2.9472532272338867,assist,yes
1386,1,1,0.893309411735131,-0.3979927897453308,-2.5229928493499756,assist,yes
1387,1,1,0.7057850278370112,-1.0144222974777222,-1.8894222974777222,assist,Yes
1388,1,1,0.835483553488848,-0.7515043020248413,-2.376504421234131,assist,yes
1389,1,1,0.9525741268224334,-0.3060765266418457,-3.3060765266418457,assist,yes
1390,1,1,0.867035752930664,-0.4516957402229309,-2.326695680618286,assist,yes
1391,1,1,0.8933094145755219,-0.42945852875709534,-2.5544586181640625,assist,yes
1392,1,1,0.7057850278370112,-0.7102789878845215,-1.5852789878845215,assist,yes
1393,1,1,0.8933094060543487,-0.42616963386535645,-2.5511696338653564,assist,yes
1394,1,1,0.7772998508568416,-0.8767021298408508,-2.126702070236206,assist,yes
1395,1,1,0.7057850154599563,-0.5913828015327454,-1.4663827419281006,assist,yes
1396,1,1,0.7772998714925403,-0.7689606547355652,-2.01896071434021,assist,yes
1397,1,1,0.5312093733737563,-1.2008944749832153,-1.3258944749832153,assist,yes
1398,1,1,0.8175744761936437,-0.7811498641967773,-2.2811498641967773,assist,Yes
1399,1,0,0.5,-1.2794044017791748,-1.2794044017791748,assist,no
1400,1,0,0.4073334000459302,-1.4780950546264648,-1.1030950546264648,assist,No
1401,1,1,0.9046505325302034,-0.3816995918750763,-2.631699562072754,assist,yes
1402,1,1,0.893309411735131,-0.29646652936935425,-2.421466588973999,assist,yes
1403,1,1,0.8807970654616711,-0.35293257236480713,-2.3529324531555176,assist,yes
1404,1,0,0.13296424706933604,-2.5984883308410645,-0.7234883904457092,assist,no
1405,1,1,0.8354835371034369,-0.6433899402618408,-2.268389940261841,assist,yes
1406,1,1,0.9399133531922388,-0.41533106565475464,-3.1653311252593994,assist,yes
1407,1,1,0.893309411735131,-0.6817373633384705,-2.8067374229431152,assist,yes
1408,1,1,0.8175744761936437,-0.5853147506713867,-2.0853147506713867,assist,yes
1409,1,0,0.37754066879814546,-1.340762972831726,-0.8407629728317261,assist,No
1410,1,0,0.3208212878370535,-1.381328821182251,-0.6313287615776062,assist,no
1411,1,1,0.9324533088603709,-0.35532212257385254,-2.9803221225738525,assist,yes
1412,1,0,0.07585818628900447,-2.879901647567749,-0.3799017369747162,assist,no
1413,1,1,0.8933094060543487,-0.3983170986175537,-2.5233170986175537,assist,yes
1414,1,0,0.2689414330889798,-1.8066530227661133,-0.8066530823707581,assist,No
1415,1,1,0.5312093733737563,-1.22202730178833,-1.34702730178833,assist,Yes
1416,1,1,0.8933094174159129,-0.4292062520980835,-2.554206371307373,assist,yes
1417,1,1,0.9046505351008906,-0.44898557662963867,-2.6989855766296387,assist,yes
1418,1,1,0.9241418137109955,-0.3085537850856781,-2.808553695678711,assist,yes
1419,1,1,0.8807970748488297,-0.4435417950153351,-2.4435417652130127,assist,yes
1420,1,1,0.8670357598021706,-0.528317928314209,-2.403317928314209,assist,yes
1421,1,1,0.9465966747198243,-0.30873027443885803,-3.183730363845825,assist,yes
1422,1,1,0.6224593312018546,-0.9540485143661499,-1.45404851436615,assist,yes
1423,1,1,0.798186768138228,-0.5310984253883362,-1.9060983657836914,assist,yes
1424,1,1,0.8519527982093668,-0.4081447422504425,-2.15814471244812,assist,yes
1425,1,1,0.754914997895581,-0.837857186794281,-1.9628572463989258,assist,Yes
1426,1,0,0.37754066879814546,-1.6119410991668701,-1.1119410991668701,assist,no
1427,1,0,0.2689414096510108,-1.9230015277862549,-0.9230014681816101,assist,no
1428,1,1,0.880797068590724,-0.37898001074790955,-2.3789799213409424,assist,yes
1429,1,1,0.5926665999540697,-0.9995323419570923,-1.3745323419570923,assist,yes
1430,1,1,0.8807970842359877,-0.3557891249656677,-2.3557891845703125,assist,yes
1431,1,1,0.8175744939732856,-0.6724599599838257,-2.1724600791931152,assist,yes
1432,1,1,0.9046505299595163,-0.26281481981277466,-2.51281476020813,assist,yes
1433,1,0,0.34864513533394575,-1.5432978868484497,-0.9182978868484497,assist,no
1434,1,1,0.8519528019683106,-0.437009334564209,-2.187009334564209,assist,yes
1435,1,1,0.5621765008857981,-1.0033286809921265,-1.2533286809921265,assist,yes
1436,1,1,0.9046505299595163,-0.38415008783340454,-2.6341500282287598,assist,yes
1437,1,1,0.8933094032139576,-0.3682089149951935,-2.493208885192871,assist,yes
1438,1,1,0.6224593171945417,-0.7405503392219543,-1.2405502796173096,assist,yes
1439,1,1,0.9241418158002492,-0.33147937059402466,-2.83147931098938,assist,yes
1440,1,1,0.9046505248181417,-0.49058735370635986,-2.7405872344970703,assist,yes
1441,1,0,0.46879062662624377,-1.1935442686080933,-1.0685442686080933,assist,no
1442,1,1,0.5621765008857981,-1.1894073486328125,-1.4394073486328125,assist,yes
1443,1,0,0.2942149597859341,-1.762873888015747,-0.8878738284111023,assist,No
1444,1,0,0.5,-0.9582042098045349,-0.9582042098045349,assist,no
1445,1,1,0.7057850278370112,-0.675065279006958,-1.550065279006958,assist,yes
1446,1,1,0.8670357460591569,-0.32395660877227783,-2.1989564895629883,assist,yes
1447,1,1,0.9399133481428692,-0.37746289372444153,-3.127462863922119,assist,yes
1448,1,0,0.34864513533394575,-1.6566157341003418,-1.0316157341003418,assist,No
1449,1,0,0.4378234991142019,-1.4188809394836426,-1.1688809394836426,assist,No
1450,1,1,0.8807970873650403,-0.3076609671115875,-2.3076610565185547,assist,yes
1451,1,0,0.37754066879814546,-1.6301130056381226,-1.1301130056381226,assist,no
1452,1,0,0.5,-1.2737778425216675,-1.2737778425216675,assist,No
1453,1,1,0.7057850278370112,-0.8626011610031128,-1.7376011610031128,assist,yes
1454,1,1,0.754914997895581,-0.6558834910392761,-1.780883550643921,assist,yes
1455,1,1,0.7981867777396212,-0.7038366794586182,-2.078836679458618,assist,yes
1456,1,1,0.6513548646660542,-1.047788143157959,-1.672788143157959,assist,yes
1457,1,1,0.7310585786300049,-0.6867567300796509,-1.6867567300796509,assist,yes
1458,1,1,0.5621765008857981,-0.9493926763534546,-1.1993926763534546,assist,yes
1459,1,0,0.2689414096510108,-1.8963956832885742,-0.8963956236839294,assist,no
1460,1,0,0.2942149845400438,-1.7045717239379883,-0.8295717835426331,assist,no
1461,1,0,0.24508502416032488,-1.9796960353851318,-0.8546960949897766,assist,no
1462,1,1,0.7310585903489892,-0.8176628947257996,-1.8176629543304443,assist,yes
1463,1,1,0.6224593312018546,-0.9227234125137329,-1.422723412513733,assist,yes
1464,1,1,0.893309411735131,-0.29373759031295776,-2.4187376499176025,assist,yes
1465,1,1,0.8354835452961425,-0.6058933138847351,-2.23089337348938,assist,yes
1466,1,1,0.7981867969424066,-0.7865489721298218,-2.1615490913391113,assist,yes
1467,1,0,0.5,-1.1394233703613281,-1.1394233703613281,assist,no
1468,1,1,0.5621765008857981,-0.9619520902633667,-1.2119520902633667,assist,yes
1469,1,1,0.8670357701094303,-0.304516464471817,-2.179516553878784,assist,yes
1470,1,1,0.8354835371034369,-0.48702263832092285,-2.112022638320923,assist,yes
1471,1,1,0.8933094060543487,-0.5029182434082031,-2.627918243408203,assist,yes
1472,1,1,0.5312093585306514,-0.9431007504463196,-1.0681006908416748,assist,yes
1473,1,1,0.880797071719777,-0.3504181504249573,-2.3504180908203125,assist,yes
1474,1,1,0.7772998714925403,-0.6348947882652283,-1.884894847869873,assist,yes
1475,1,1,0.7772998714925403,-0.5568403601646423,-1.806840419769287,assist,yes
1476,1,1,0.9149009549929797,-0.5206561088562012,-2.895656108856201,assist,yes
1477,1,0,0.0953494648991095,-2.6959376335144043,-0.4459376335144043,assist,No
1478,1,0,0.4073333856566001,-1.3729267120361328,-0.997926652431488,assist,no
1479,1,1,0.7772998611746911,-0.5562335252761841,-1.806233525276184,assist,yes
1480,1,0,0.32082130082460697,-1.693405032157898,-0.943405032157898,assist,no
1481,1,1,0.8175744673038221,-0.6210275292396545,-2.1210274696350098,assist,yes
1482,1,1,0.9525741227833249,-0.39719852805137634,-3.397198438644409,assist,yes
1483,1,1,0.7772998508568416,-0.5257766842842102,-1.7757766246795654,assist,yes
1484,1,1,0.754914997895581,-0.6255921721458435,-1.7505922317504883,assist,yes
1485,1,0,0.2942149845400438,-1.774317979812622,-0.8993180394172668,assist,no
1486,1,1,0.9241418116217418,-0.33575117588043213,-2.8357510566711426,assist,yes
1487,1,1,0.817574471748733,-0.4815652668476105,-1.981565237045288,assist,yes
1488,1,1,0.754914997895581,-0.578011691570282,-1.7030117511749268,assist,yes
1489,1,0,0.32082130082460697,-1.694521188735962,-0.9445211887359619,assist,no
1490,1,0,0.4378234991142019,-1.4628057479858398,-1.2128057479858398,assist,no
1491,1,1,0.7981867777396212,-0.842017412185669,-2.217017412185669,assist,yes
1492,1,1,0.8354835207180245,-0.49720585346221924,-2.1222057342529297,assist,yes
1493,1,1,0.7310585903489892,-0.6956126093864441,-1.6956126689910889,assist,yes
1494,1,1,0.7772998611746911,-0.723056435585022,-1.973056435585022,assist,yes
1495,1,0,0.37754066879814546,-1.546492338180542,-1.046492338180542,assist,no
1496,1,1,0.5926665855647394,-0.9130590558052063,-1.2880589962005615,assist,yes
1497,1,1,0.7310585669110203,-0.867274820804596,-1.8672747611999512,assist,yes
1498,1,1,0.880797071719777,-0.5992200970649719,-2.599220037460327,assist,yes
1499,1,0,0.3775406547908327,-1.3784773349761963,-0.8784772753715515,assist,no
1500,1,0,0.24508502416032488,-1.9880385398864746,-0.8630385994911194,assist,no
1501,1,0,0.24508503518827837,-2.0066332817077637,-0.8816334009170532,assist,No
1502,1,0,0.4073334000459302,-1.528786540031433,-1.153786540031433,assist,no
1503,1,1,0.5621765008857981,-1.1347792148590088,-1.3847792148590088,assist,yes
1504,1,1,0.6224593312018546,-0.9375505447387695,-1.4375505447387695,assist,yes
1505,1,1,0.5312093733737563,-1.0083789825439453,-1.1333789825439453,assist,Yes
1506,1,0,0.5,-1.2787970304489136,-1.2787970304489136,assist,no
1507,1,0,0.1480472055495773,-2.4237711429595947,-0.6737712025642395,assist,No
1508,1,1,0.8354835289107309,-0.4871893525123596,-2.112189292907715,assist,yes
1509,1,0,0.18242552380635632,-2.126983165740967,-0.6269831657409668,assist,No
1510,1,1,0.5926665999540697,-0.8511619567871094,-1.2261619567871094,assist,yes
1511,1,1,0.5312093733737563,-1.2420068979263306,-1.3670068979263306,assist,Yes
1512,1,0,0.10669058826486906,-2.750793695449829,-0.6257936358451843,assist,No
1513,1,1,0.7981867777396212,-0.8747227191925049,-2.249722719192505,assist,yes
1514,1,1,0.7310585786300049,-0.9678062200546265,-1.9678062200546265,assist,Yes
1515,1,0,0.5,-0.9328867793083191,-0.9328867793083191,assist,no
1516,1,1,0.6513548511303336,-0.9256630539894104,-1.5506629943847656,assist,yes
1517,1,0,0.4073334000459302,-1.4079946279525757,-1.0329946279525757,assist,No
1518,1,1,0.6513548646660542,-0.9766623973846436,-1.6016623973846436,assist,yes
1519,1,0,0.1645164628965632,-2.1828420162200928,-0.5578420162200928,assist,No
1520,1,1,0.5312093733737563,-1.201235055923462,-1.326235055923462,assist,yes
1521,1,1,0.6513548646660542,-1.0672235488891602,-1.6922235488891602,assist,Yes
1522,1,1,0.5926665999540697,-1.175390601158142,-1.550390601158142,assist,Yes
1523,1,0,0.1645164628965632,-2.1891660690307617,-0.5641660690307617,assist,no
1524,1,0,0.22270012850745968,-2.0020716190338135,-0.7520715594291687,assist,no
1525,1,1,0.8807970842359877,-0.48545926809310913,-2.485459327697754,assist,yes
1526,1,0,0.3486451217982255,-1.6006312370300293,-0.9756311774253845,assist,No
1527,1,0,0.18242552380635632,-2.2121543884277344,-0.7121543884277344,assist,No
1528,1,1,0.5926665999540697,-0.8518056869506836,-1.2268056869506836,assist,yes
1529,1,0,0.5,-1.3133004903793335,-1.3133004903793335,assist,no
1530,1,1,0.5926665999540697,-1.1770150661468506,-1.5520150661468506,assist,Yes
1531,1,1,0.6513548646660542,-0.7600938081741333,-1.3850938081741333,assist,yes
1532,1,1,0.5312093733737563,-1.277785062789917,-1.402785062789917,assist,Yes
1533,1,0,0.11920290950590741,-2.6341748237609863,-0.6341747045516968,assist,No
1534,1,1,0.851952809486198,-0.6315576434135437,-2.3815577030181885,assist,yes
1535,1,1,0.7981867777396212,-0.850924015045166,-2.225924015045166,assist,yes
1536,1,1,0.5312093733737563,-1.1120071411132812,-1.2370071411132812,assist,Yes
1537,1,1,0.7057850154599563,-0.8601208329200745,-1.7351207733154297,assist,Yes
1538,1,1,0.7057850278370112,-0.9874883890151978,-1.8624883890151978,assist,Yes
1539,1,1,0.754914997895581,-0.6740815043449402,-1.799081563949585,assist,yes
1540,1,1,0.754914997895581,-0.5838448405265808,-1.7088449001312256,assist,yes
1541,1,0,0.2689414330889798,-1.982038974761963,-0.9820390343666077,assist,no
1542,1,1,0.6224593312018546,-0.9693459272384644,-1.4693459272384644,assist,yes
1543,1,1,0.6513548646660542,-0.7971898317337036,-1.4221898317337036,assist,yes
1544,1,1,0.5621765155565327,-0.8476714491844177,-1.0976715087890625,assist,yes
1545,1,0,0.5,-1.1574962139129639,-1.1574962139129639,assist,no
1546,1,0,0.5,-1.3044618368148804,-1.3044618368148804,assist,no
1547,1,0,0.1645164628965632,-2.362546920776367,-0.7375469207763672,assist,No
1548,1,0,0.29421497216298875,-1.7852944135665894,-0.9102944135665894,assist,no
1549,1,0,0.24508501313237172,-2.0026540756225586,-0.8776540756225586,assist,no
1550,1,1,0.8354835330070839,-0.38132336735725403,-2.0063233375549316,assist,yes
1551,1,0,0.46879062662624377,-1.2441375255584717,-1.1191375255584717,assist,No
1552,1,1,0.7549149868676283,-0.6639062166213989,-1.788906216621399,assist,yes
1553,1,0,0.4378234991142019,-1.3279603719711304,-1.0779603719711304,assist,no
1554,1,0,0.20181324146316565,-2.034471035003662,-0.6594711542129517,assist,no
1555,1,0,0.34864513533394575,-1.6246281862258911,-0.9996281862258911,assist,no
1556,1,1,0.9149009642742806,-0.5171588659286499,-2.8921589851379395,assist,yes
1557,1,1,0.8175744673038221,-0.5790989995002747,-2.07909893989563,assist,yes
1558,1,1,0.8519528170040853,-0.5407112836837769,-2.2907114028930664,assist,yes
1559,1,0,0.22270013882530884,-2.138885021209717,-0.8888850212097168,assist,no
1560,1,0,0.37754066879814546,-1.5438673496246338,-1.0438673496246338,assist,no
1561,1,1,0.679178699175393,-0.8403835296630859,-1.590383529663086,assist,yes
1562,1,0,0.24508500210441886,-2.0033881664276123,-0.8783881068229675,assist,no
1563,1,1,0.7772998508568416,-0.7209916710853577,-1.970991611480713,assist,yes
1564,1,0,0.32082130082460697,-1.7034837007522583,-0.9534837007522583,assist,no
1565,1,1,0.679178699175393,-0.8986718654632568,-1.6486718654632568,assist,yes
1566,1,0,0.5,-1.0214625597000122,-1.0214625597000122,assist,no
1567,1,1,0.5926665999540697,-0.968805193901062,-1.343805193901062,assist,yes
1568,1,0,0.37754066879814546,-1.5782201290130615,-1.0782201290130615,assist,no
1569,1,0,0.5,-1.256706714630127,-1.256706714630127,assist,no
1570,1,1,0.5312093733737563,-1.2980873584747314,-1.4230873584747314,assist,Yes
1571,1,1,0.7772998611746911,-0.5325638055801392,-1.7825638055801392,assist,yes
1572,1,1,0.8354835493924953,-0.38104358315467834,-2.0060436725616455,assist,yes
1573,1,0,0.1480471980316895,-2.3881235122680664,-0.6381235122680664,assist,no
1574,1,1,0.5621765008857981,-1.0538324117660522,-1.3038324117660522,assist,Yes
1575,1,1,0.5312093733737563,-1.1313939094543457,-1.2563939094543457,assist,yes
1576,1,1,0.6513548511303336,-0.8796830773353577,-1.504683017730713,assist,yes
1577,1,0,0.4073334000459302,-1.3008527755737305,-0.9258527755737305,assist,No
1578,1,1,0.9046505453836383,-0.6271947622299194,-2.877194881439209,assist,yes
1579,1,0,0.020332349187242645,-4.291510581970215,-0.41651037335395813,assist,no
1580,1,0,0.2942149597859341,-1.7228367328643799,-0.8478366732597351,assist,no
1581,1,0,0.06754669489377622,-3.212944746017456,-0.5879448056221008,assist,No
1582,1,0,0.16451644651115205,-2.2313923835754395,-0.6063922643661499,assist,no
1583,1,0,0.2689414213699951,-1.936776876449585,-0.936776876449585,assist,no
1584,1,1,0.8519528019683106,-0.5813736915588379,-2.331373691558838,assist,yes
1585,1,1,0.8175744850834649,-0.41884082555770874,-1.9188408851623535,assist,yes
1586,1,1,0.9324533126145177,-0.45924991369247437,-3.084249973297119,assist,yes
1587,1,1,0.8807970779778823,-0.647702693939209,-2.647702693939209,assist,yes
1588,1,1,0.7549149868676283,-0.8378117084503174,-1.9628117084503174,assist,yes
1589,1,1,0.7772998714925403,-0.5023922324180603,-1.752392292022705,assist,yes
1590,1,1,0.7549149868676283,-0.5263150930404663,-1.6513150930404663,assist,yes
1591,1,0,0.22270011818961086,-2.0081663131713867,-0.7581661939620972,assist,No
1592,1,1,0.7057850278370112,-0.838677167892456,-1.713677167892456,assist,yes
1593,1,1,0.5312093733737563,-1.1497045755386353,-1.2747045755386353,assist,yes
1594,1,1,0.8933093975331751,-0.39683017134666443,-2.5218300819396973,assist,yes
1595,1,0,0.3208212878370535,-1.6244091987609863,-0.8744091391563416,assist,No
1596,1,0,0.4073334000459302,-1.3888493776321411,-1.0138493776321411,assist,No
1597,1,1,0.7981867873410141,-0.4552096724510193,-1.830209732055664,assist,yes
1598,1,1,0.7310585786300049,-0.9234024286270142,-1.9234024286270142,assist,yes
1599,1,1,0.9324533163686646,-0.321224570274353,-2.9462246894836426,assist,yes
1600,1,1,0.754914975839675,-0.58448725938797,-1.7094871997833252,assist,yes
1601,1,1,0.5312093733737563,-1.223720669746399,-1.348720669746399,assist,Yes
1602,1,1,0.5926665999540697,-0.940840482711792,-1.315840482711792,assist,yes
1603,1,1,0.914900950352329,-0.5208831429481506,-2.895883083343506,assist,yes
1604,1,1,0.7310585786300049,-0.5785397291183472,-1.5785397291183472,assist,yes
1605,1,1,0.5621765008857981,-1.0477325916290283,-1.2977325916290283,assist,yes
1606,1,1,0.754914997895581,-0.6263005137443542,-1.751300573348999,assist,yes
1607,1,1,0.835483553488848,-0.49185216426849365,-2.116852283477783,assist,yes
1608,1,1,0.7310585786300049,-0.5639830827713013,-1.5639830827713013,assist,yes
1609,1,0,0.29421497216298875,-1.8080134391784668,-0.9330134391784668,assist,No
1610,1,0,0.37754066879814546,-1.547760248184204,-1.047760248184204,assist,no
1611,1,1,0.5312093733737563,-1.2004860639572144,-1.3254860639572144,assist,yes
1612,1,1,0.6513548646660542,-0.7863211631774902,-1.4113211631774902,assist,yes
1613,1,1,0.5926665855647394,-0.8506541848182678,-1.225654125213623,assist,yes
1614,1,1,0.6513548511303336,-0.6878989338874817,-1.312898874282837,assist,yes
1615,1,1,0.6224593452091672,-0.7519285082817078,-1.2519285678863525,assist,yes
1616,1,1,0.8175744850834649,-0.7559162974357605,-2.2559163570404053,assist,yes
1617,1,0,0.5,-1.0207990407943726,-1.0207990407943726,assist,no
1618,1,0,0.1480471980316895,-2.4548425674438477,-0.7048425674438477,assist,no
1619,1,1,0.8670357701094303,-0.39479270577430725,-2.2697927951812744,assist,yes
1620,1,1,0.6513548646660542,-0.941067099571228,-1.566067099571228,assist,yes
1621,1,0,0.46879062662624377,-1.397329330444336,-1.272329330444336,assist,no
1622,1,1,0.8519528019683106,-0.6389963626861572,-2.3889963626861572,assist,yes
1623,1,1,0.6224593312018546,-0.9523491859436035,-1.4523491859436035,assist,yes
1624,1,0,0.2689414213699951,-1.9364314079284668,-0.9364314079284668,assist,no
1625,1,1,0.5312093733737563,-1.244043231010437,-1.369043231010437,assist,yes
1626,1,1,0.9149009526726544,-0.4348428547382355,-2.809842824935913,assist,yes
1627,1,1,0.8354835289107309,-0.4017203450202942,-2.0267202854156494,assist,yes
1628,1,1,0.7772998508568416,-0.7217913269996643,-1.9717912673950195,assist,yes
1629,1,1,0.6224593312018546,-0.9230086803436279,-1.423008680343628,assist,yes
1630,1,0,0.3208213138121609,-1.6726372241973877,-0.9226372838020325,assist,no
1631,1,1,0.5312093733737563,-1.1678136587142944,-1.2928136587142944,assist,yes
1632,1,1,0.6513548646660542,-0.7859724760055542,-1.4109724760055542,assist,yes
1633,1,1,0.6513548646660542,-0.9453465938568115,-1.5703465938568115,assist,Yes
1634,1,1,0.9149009596336303,-0.6113337874412537,-2.9863338470458984,assist,yes
1635,1,1,0.5312093733737563,-1.2729542255401611,-1.3979542255401611,assist,Yes
1636,1,1,0.5926665999540697,-1.1768852472305298,-1.5518852472305298,assist,Yes
1637,1,1,0.893309411735131,-0.2586149573326111,-2.383615016937256,assist,yes
1638,1,0,0.46879062662624377,-1.3408268690109253,-1.2158268690109253,assist,no
1639,1,0,0.09534945461636171,-2.768293857574463,-0.5182937383651733,assist,no
1640,1,1,0.7981867873410141,-0.5719127058982849,-1.9469127655029297,assist,yes
1641,1,1,0.6513548646660542,-0.8812384605407715,-1.5062384605407715,assist,yes
1642,1,0,0.5,-0.907404899597168,-0.907404899597168,assist,no
1643,1,1,0.8354835452961425,-0.5261961817741394,-2.151196241378784,assist,yes
1644,1,1,0.6224593452091672,-0.8291601538658142,-1.329160213470459,assist,yes
1645,1,1,0.8670357563664174,-0.4555058777332306,-2.330505847930908,assist,yes
1646,1,1,0.7981867777396212,-0.5001007318496704,-1.8751007318496704,assist,yes
1647,1,1,0.6513548646660542,-0.8661123514175415,-1.4911123514175415,assist,yes
1648,1,0,0.37754066879814546,-1.271008014678955,-0.7710080146789551,assist,no
1649,1,0,0.2689414330889798,-1.8583426475524902,-0.858342707157135,assist,No
1650,1,1,0.6513548511303336,-0.7597671151161194,-1.3847670555114746,assist,yes
1651,1,1,0.8175744761936437,-0.47741270065307617,-1.9774127006530762,assist,yes
1652,1,1,0.7310585786300049,-0.9227156639099121,-1.922715663909912,assist,yes
1653,1,1,0.754914997895581,-0.655246913433075,-1.7802469730377197,assist,yes
1654,1,1,0.8519528019683106,-0.5522017478942871,-2.302201747894287,assist,yes
1655,1,1,0.7549149868676283,-0.5857309103012085,-1.7107309103012085,assist,yes
1656,1,1,0.8354835371034369,-0.5260336399078369,-2.151033639907837,assist,yes
1657,1,0,0.4073334000459302,-1.3762192726135254,-1.0012192726135254,assist,No
1658,1,1,0.9046505299595163,-0.3873322606086731,-2.6373322010040283,assist,yes
1659,1,1,0.9046505402422645,-0.3525082468986511,-2.602508306503296,assist,yes
1660,1,1,0.9241418262465169,-0.4719494879245758,-2.971949577331543,assist,yes
1661,1,1,0.851952809486198,-0.4725298285484314,-2.222529888153076,assist,yes
1662,1,1,0.6791787121629466,-0.9767636656761169,-1.7267637252807617,assist,yes
1663,1,1,0.5312093733737563,-1.2366230487823486,-1.3616230487823486,assist,Yes
1664,1,1,0.5312093733737563,-1.162923812866211,-1.287923812866211,assist,Yes
1665,1,1,0.893309411735131,-0.42952531576156616,-2.554525375366211,assist,yes
1666,1,1,0.880797081106935,-0.4786538779735565,-2.478653907775879,assist,yes
1667,1,1,0.9149009619539553,-0.2536877691745758,-2.628687858581543,assist,yes
1668,1,1,0.7981867777396212,-0.7630002498626709,-2.138000249862671,assist,Yes
1669,1,0,0.4378234991142019,-1.238811731338501,-0.988811731338501,assist,no
1670,1,1,0.8933093975331751,-0.36833223700523376,-2.4933321475982666,assist,yes
1671,1,0,0.34864513533394575,-1.697160243988037,-1.072160243988037,assist,no
1672,1,1,0.8933093946927838,-0.4581547975540161,-2.5831546783447266,assist,yes
1673,1,1,0.7772998508568416,-0.6679218411445618,-1.917921781539917,assist,yes
1674,1,0,0.24508501313237172,-1.9282974004745483,-0.8032974004745483,assist,no
1675,1,1,0.5926665855647394,-0.8873406052589417,-1.2623405456542969,assist,yes
1676,1,1,0.679178699175393,-0.7195591926574707,-1.4695591926574707,assist,yes
1677,1,1,0.5926665855647394,-0.7990041375160217,-1.174004077911377,assist,yes
1678,1,1,0.904650527388829,-0.38446006178855896,-2.634459972381592,assist,yes
1679,1,1,0.7981867777396212,-0.7536389827728271,-2.128638982772827,assist,yes
1680,1,1,0.5312093733737563,-1.00240957736969,-1.12740957736969,assist,yes
1681,1,1,0.6791787121629466,-0.6712378859519958,-1.4212379455566406,assist,yes
1682,1,1,0.7981867777396212,-0.5053161382675171,-1.880316138267517,assist,yes
1683,1,1,0.7549149868676283,-0.730636477470398,-1.855636477470398,assist,yes
1684,1,1,0.8933094032139576,-0.49898937344551086,-2.6239893436431885,assist,yes
1685,1,1,0.8519528132451416,-0.38582077622413635,-2.1358208656311035,assist,yes
1686,1,1,0.679178699175393,-1.025012731552124,-1.775012731552124,assist,Yes
1687,1,1,0.7981867777396212,-0.5657262802124023,-1.9407262802124023,assist,yes
1688,1,1,0.9241418116217418,-0.5561143159866333,-3.0561141967773438,assist,yes
1689,1,1,0.8519527944504226,-0.7401438355445862,-2.4901437759399414,assist,yes
1690,1,0,0.4378234991142019,-1.4050770998001099,-1.1550770998001099,assist,no
1691,1,1,0.9046505376715775,-0.38422152400016785,-2.6342215538024902,assist,yes
1692,1,0,0.3208212878370535,-1.7418205738067627,-0.9918205142021179,assist,no
1693,1,1,0.7981867777396212,-0.6422171592712402,-2.0172171592712402,assist,yes
1694,1,1,0.679178699175393,-1.0204331874847412,-1.7704331874847412,assist,Yes
1695,1,0,0.4073334000459302,-1.4738340377807617,-1.0988340377807617,assist,no
1696,1,1,0.8933094003735664,-0.5028966069221497,-2.627896547317505,assist,yes
1697,1,1,0.7772998611746911,-0.5631054639816284,-1.8131054639816284,assist,yes
1698,1,1,0.9241418158002492,-0.6057842373847961,-3.1057841777801514,assist,yes
1699,1,1,0.8354835371034369,-0.42737627029418945,-2.0523762702941895,assist,yes
1700,1,1,0.7549149868676283,-0.559808611869812,-1.684808611869812,assist,yes
1701,1,1,0.7549149868676283,-0.5846518278121948,-1.7096518278121948,assist,yes
1702,1,1,0.7981867825403176,-0.46751996874809265,-1.842519998550415,assist,yes
1703,1,1,0.9046505453836383,-0.3875054121017456,-2.637505531311035,assist,yes
1704,1,1,0.6513548782017746,-0.866553008556366,-1.4915530681610107,assist,yes
1705,1,0,0.5,-1.0979396104812622,-1.0979396104812622,assist,no
1706,1,1,0.8175744673038221,-0.5127571225166321,-2.0127570629119873,assist,yes
1707,1,1,0.679178699175393,-0.7115747928619385,-1.4615747928619385,assist,yes
1708,1,1,0.8933093975331751,-0.3656865060329437,-2.4906864166259766,assist,yes
1709,1,1,0.7772998508568416,-0.5985153317451477,-1.848515272140503,assist,yes
1710,1,1,0.8807970842359877,-0.47415632009506226,-2.474156379699707,assist,yes
1711,1,1,0.7057850278370112,-0.7307887077331543,-1.6057887077331543,assist,yes
1712,1,1,0.8519528170040853,-0.4681657552719116,-2.218165874481201,assist,yes
1713,1,1,0.7772998663336157,-0.49742016196250916,-1.7474201917648315,assist,yes
1714,1,1,0.7310585786300049,-0.951645016670227,-1.951645016670227,assist,Yes
1715,1,1,0.9046505428129514,-0.35323038697242737,-2.6032304763793945,assist,yes
1716,1,1,0.7057850278370112,-0.6354711055755615,-1.5104711055755615,assist,yes
1717,1,1,0.7310585786300049,-0.6486914157867432,-1.6486914157867432,assist,yes
1718,1,1,0.8354835289107309,-0.6914497017860413,-2.3164496421813965,assist,yes
1719,1,1,0.7772998508568416,-0.5639856457710266,-1.8139855861663818,assist,yes
1720,1,1,0.893309411735131,-0.3417055010795593,-2.466705560684204,assist,yes
1721,1,1,0.8519528057272543,-0.4774739444255829,-2.2274739742279053,assist,yes
1722,1,1,0.880797081106935,-0.38244983553886414,-2.3824498653411865,assist,yes
1723,1,1,0.8354835289107309,-0.526590883731842,-2.1515908241271973,assist,yes
1724,1,1,0.8670357701094303,-0.3913029730319977,-2.266303062438965,assist,yes
1725,1,1,0.8670357598021706,-0.5338685512542725,-2.4088685512542725,assist,yes
1726,1,1,0.7057850402140659,-0.7271549105644226,-1.6021549701690674,assist,Yes
1727,1,1,0.5312093733737563,-1.101475477218628,-1.226475477218628,assist,yes
1728,1,1,0.9324533107374443,-0.35568806529045105,-2.9806880950927734,assist,yes
1729,1,1,0.7981867873410141,-0.6089743971824646,-1.9839744567871094,assist,yes
1730,1,1,0.851952809486198,-0.4453281760215759,-2.1953282356262207,assist,yes
1731,1,1,0.851952809486198,-0.5872618556022644,-2.337261915206909,assist,yes
1732,1,1,0.9149009526726544,-0.4404332935810089,-2.8154332637786865,assist,yes
1733,1,1,0.8175744761936437,-0.5076909065246582,-2.007690906524658,assist,yes
1734,1,1,0.914900950352329,-0.40543514490127563,-2.780435085296631,assist,yes
1735,1,1,0.8175744850834649,-0.6643802523612976,-2.1643803119659424,assist,yes
1736,1,1,0.8933094060543487,-0.3937256336212158,-2.518725633621216,assist,yes
1737,1,0,0.5,-1.279240369796753,-1.279240369796753,assist,No
1738,1,1,0.8519528170040853,-0.54002845287323,-2.2900285720825195,assist,yes
1739,1,1,0.8807970842359877,-0.4793538451194763,-2.479353904724121,assist,yes
1740,1,1,0.679178699175393,-0.9002183675765991,-1.6502183675765991,assist,yes
1741,1,0,0.4073334000459302,-1.196550726890564,-0.821550726890564,assist,no
1742,1,1,0.754914997895581,-0.5257803797721863,-1.650780439376831,assist,yes
1743,1,1,0.679178699175393,-0.6780639886856079,-1.428063988685608,assist,yes
1744,1,1,0.5926665999540697,-1.0471909046173096,-1.4221909046173096,assist,Yes
1745,1,1,0.7310585786300049,-0.6587952375411987,-1.6587952375411987,assist,yes
1746,1,1,0.7772998508568416,-0.6280544400215149,-1.8780543804168701,assist,yes
1747,1,1,0.880797068590724,-0.376375287771225,-2.376375198364258,assist,yes
1748,1,1,0.7310585786300049,-0.879935622215271,-1.879935622215271,assist,yes
1749,1,1,0.9324533051062237,-0.32447224855422974,-2.949472188949585,assist,yes
1750,1,1,0.9241418283357702,-0.3075932264328003,-2.80759334564209,assist,yes
1751,1,1,0.8807970779778823,-0.610248327255249,-2.610248327255249,assist,yes
1752,1,0,0.5,-1.3124743700027466,-1.3124743700027466,assist,no
1753,1,1,0.8807970779778823,-0.3556644916534424,-2.3556644916534424,assist,yes
1754,1,1,0.7981867873410141,-0.6593391299247742,-2.034339189529419,assist,yes
1755,1,1,0.6513548646660542,-0.7265595197677612,-1.3515595197677612,assist,yes
1756,1,1,0.8354835289107309,-0.42879778146743774,-2.053797721862793,assist,yes
1757,1,1,0.8354835493924953,-0.4318625032901764,-2.0568625926971436,assist,yes
1758,1,1,0.7772998611746911,-0.5267796516418457,-1.7767796516418457,assist,yes
1759,1,1,0.7310585786300049,-0.609342098236084,-1.609342098236084,assist,yes
1760,1,1,0.8354835371034369,-0.4556550979614258,-2.080655097961426,assist,yes
1761,1,1,0.89330940889474,-0.42908236384391785,-2.5540823936462402,assist,yes
1762,1,1,0.8519527906914787,-0.41170915961265564,-2.1617090702056885,assist,yes
1763,1,1,0.8354835452961425,-0.4600302577018738,-2.0850303173065186,assist,yes
1764,1,1,0.9046505325302034,-0.38469913601875305,-2.6346991062164307,assist,yes
1765,1,1,0.8354835371034369,-0.42456936836242676,-2.0495693683624268,assist,yes
1766,1,1,0.851952809486198,-0.5406355261802673,-2.290635585784912,assist,yes
1767,1,1,0.754914997895581,-0.618884265422821,-1.7438843250274658,assist,yes
1768,1,1,0.8519527944504226,-0.695475161075592,-2.4454751014709473,assist,Yes
1769,1,1,0.7981867777396212,-0.476578950881958,-1.851578950881958,assist,yes
1770,1,1,0.8807970654616711,-0.4744950532913208,-2.4744949340820312,assist,yes
1771,1,1,0.8807970873650403,-0.3080677092075348,-2.308067798614502,assist,yes
1772,1,1,0.9324533126145177,-0.3878287672996521,-3.012828826904297,assist,yes
1773,1,1,0.798186768138228,-0.5864713788032532,-1.9614713191986084,assist,yes
1774,1,0,0.4073334000459302,-1.267134666442871,-0.8921346664428711,assist,no
1775,1,1,0.9324533144915912,-0.3555966913700104,-2.9805967807769775,assist,yes
1776,1,1,0.8175744584140004,-0.5150281190872192,-2.0150279998779297,assist,yes
1777,1,1,0.8933094060543487,-0.5449213981628418,-2.669921398162842,assist,yes
1778,1,1,0.8354835371034369,-0.5273942947387695,-2.1523942947387695,assist,yes
1779,1,1,0.7981867777396212,-0.7434577941894531,-2.118457794189453,assist,yes
1780,1,1,0.9046505453836383,-0.3819993734359741,-2.6319994926452637,assist,yes
1781,1,0,0.20181320305759334,-2.1532092094421387,-0.7782090902328491,assist,No
1782,1,1,0.8175744673038221,-0.5862091183662415,-2.0862090587615967,assist,yes
1783,1,0,0.4073334000459302,-1.1972465515136719,-0.8222465515136719,assist,no
1784,1,1,0.6224593312018546,-0.7402586936950684,-1.2402586936950684,assist,yes
1785,1,1,0.754914975839675,-0.8823307156562805,-2.0073306560516357,assist,yes
1786,1,1,0.8354835371034369,-0.3817727565765381,-2.006772756576538,assist,yes
1787,1,0,0.34864513533394575,-1.5428217649459839,-0.9178217649459839,assist,no
1788,1,1,0.8519528019683106,-0.4724137783050537,-2.2224137783050537,assist,yes
1789,1,1,0.7310585786300049,-0.5646153688430786,-1.5646153688430786,assist,yes
1790,1,1,0.9149009480320036,-0.3440569341182709,-2.7190568447113037,assist,yes
1791,1,1,0.867035752930664,-0.3722882866859436,-2.247288227081299,assist,yes
1792,1,1,0.893309411735131,-0.365170419216156,-2.490170478820801,assist,yes
1793,1,1,0.8670357563664174,-0.4239647686481476,-2.298964738845825,assist,yes
1794,1,1,0.9241418199787566,-0.33333420753479004,-2.83333420753479,assist,yes
1795,1,1,0.8519527944504226,-0.38581234216690063,-2.135812282562256,assist,yes
1796,1,1,0.9046505402422645,-0.3263956904411316,-2.5763957500457764,assist,yes
1797,1,1,0.8933094174159129,-0.4608248472213745,-2.585824966430664,assist,yes
1798,1,1,0.9324533069832973,-0.32424429059028625,-2.949244260787964,assist,yes
1799,1,0,0.46879062662624377,-1.3470103740692139,-1.2220103740692139,assist,no
1800,1,1,0.754914975839675,-0.5932291150093079,-1.718229055404663,assist,yes
1801,1,0,0.34864513533394575,-1.6158547401428223,-0.9908547401428223,assist,no
1802,1,1,0.6224593312018546,-1.0189179182052612,-1.5189179182052612,assist,yes
1803,1,1,0.5926665999540697,-1.197163462638855,-1.572163462638855,assist,Yes
1804,1,0,0.5,-1.311227798461914,-1.311227798461914,assist,no
1805,1,0,0.11920292202211755,-2.5086634159088135,-0.5086634159088135,assist,No
1806,1,0,0.08509904036636974,-2.9821531772613525,-0.6071531176567078,assist,No
1807,1,1,0.6224593312018546,-1.07261323928833,-1.57261323928833,assist,yes
1808,1,0,0.4073334000459302,-1.4394667148590088,-1.0644667148590088,assist,No
1809,1,1,0.6224593312018546,-1.1516247987747192,-1.6516247987747192,assist,Yes
1810,1,1,0.679178699175393,-0.9520211219787598,-1.7020211219787598,assist,Yes
1811,1,1,0.7549149868676283,-0.9045686721801758,-2.029568672180176,assist,yes
1812,1,0,0.4378234991142019,-1.4194616079330444,-1.1694616079330444,assist,No
1813,1,0,0.10669059394565118,-2.802860736846924,-0.6778607368469238,assist,No
1814,1,0,0.32082130082460697,-1.669423222541809,-0.9194232225418091,assist,no
1815,1,0,0.24508501313237172,-1.973921775817871,-0.8489217758178711,assist,No
1816,1,0,0.5,-1.3626304864883423,-1.3626304864883423,assist,no
1817,1,0,0.10669060530721626,-2.7771859169006348,-0.6521860361099243,assist,no
1818,1,0,0.04742587317756679,-3.5694077014923096,-0.5694077014923096,assist,No
1819,1,0,0.1645164792819756,-2.3239388465881348,-0.6989389657974243,assist,no
1820,1,0,0.18242553269617778,-2.3184075355529785,-0.8184075951576233,assist,No
1821,1,0,0.2689414213699951,-1.9513731002807617,-0.9513731002807617,assist,no
1822,1,0,0.06008665522337757,-3.1588151454925537,-0.4088152348995209,assist,No
1823,1,1,0.5926665999540697,-0.9758739471435547,-1.3508739471435547,assist,Yes
1824,1,0,0.4073334000459302,-1.4755531549453735,-1.1005531549453735,assist,no
1825,1,0,0.4073334000459302,-1.3954017162322998,-1.0204017162322998,assist,no
1826,1,1,0.8354835207180245,-0.6055747270584106,-2.230574607849121,assist,yes
1827,1,0,0.4073334000459302,-1.4489667415618896,-1.0739667415618896,assist,no
1828,1,1,0.8175744850834649,-0.7185034155845642,-2.218503475189209,assist,yes
1829,1,1,0.8933094003735664,-0.3712802529335022,-2.4962801933288574,assist,yes
1830,1,1,0.5621765008857981,-1.0292624235153198,-1.2792624235153198,assist,Yes
1831,1,1,0.754914975839675,-0.4567261338233948,-1.58172607421875,assist,yes
1832,1,1,0.8670357666736773,-0.5287930369377136,-2.4037930965423584,assist,yes
1833,1,0,0.4073334000459302,-1.373762845993042,-0.998762845993042,assist,no
1834,1,0,0.20181322226037882,-2.010631799697876,-0.635631799697876,assist,No
1835,1,1,0.5312093733737563,-1.2217600345611572,-1.3467600345611572,assist,yes
1836,1,0,0.46879062662624377,-1.3172378540039062,-1.1922378540039062,assist,no
1837,1,1,0.8354835452961425,-0.527209460735321,-2.152209520339966,assist,yes
1838,1,1,0.8519527869325346,-0.46779024600982666,-2.217790126800537,assist,yes
1839,1,0,0.46879062662624377,-1.1758207082748413,-1.0508207082748413,assist,no
1840,1,1,0.880797071719777,-0.32897359132766724,-2.3289735317230225,assist,yes
1841,1,1,0.914900945711678,-0.4754539728164673,-2.8504538536071777,assist,yes
1842,1,1,0.7772998508568416,-0.5907047390937805,-1.8407046794891357,assist,yes
1843,1,0,0.46879062662624377,-1.3410382270812988,-1.2160382270812988,assist,no
1844,1,0,0.5,-1.1484813690185547,-1.1484813690185547,assist,No
1845,1,1,0.679178699175393,-0.7205948829650879,-1.470594882965088,assist,yes
1846,1,1,0.8807970873650403,-0.4396182596683502,-2.4396183490753174,assist,yes
1847,1,1,0.7057850278370112,-0.7199971675872803,-1.5949971675872803,assist,yes
1848,1,1,0.880797071719777,-0.5543368458747864,-2.5543367862701416,assist,yes
1849,1,0,0.46879062662624377,-1.2858927249908447,-1.1608927249908447,assist,no
1850,1,0,0.5,-1.0017309188842773,-1.0017309188842773,assist,no
1851,1,1,0.7057850402140659,-0.6503610014915466,-1.5253610610961914,assist,yes
1852,1,0,0.4073334000459302,-1.4475570917129517,-1.0725570917129517,assist,no
1853,1,1,0.6791786861878392,-0.6785150170326233,-1.4285149574279785,assist,yes
1854,1,1,0.7549150089235336,-0.9658240079879761,-2.0908241271972656,assist,Yes
1855,1,1,0.679178699175393,-0.8281433582305908,-1.5781433582305908,assist,yes
1856,1,1,0.8175744673038221,-0.4486108422279358,-1.948610782623291,assist,yes
1857,1,0,0.24508501313237172,-1.9877772331237793,-0.8627772331237793,assist,no
1858,1,1,0.7310585903489892,-0.9680718779563904,-1.9680719375610352,assist,Yes
1859,1,1,0.8175744673038221,-0.5498173832893372,-2.0498173236846924,assist,yes
1860,1,1,0.679178699175393,-1.0093191862106323,-1.7593191862106323,assist,Yes
1861,1,0,0.16451644651115205,-2.3625435829162598,-0.7375434637069702,assist,No
1862,1,0,0.0675466911396291,-3.099515199661255,-0.4745151996612549,assist,no
1863,1,1,0.9324533032291502,-0.3536323010921478,-2.9786322116851807,assist,yes
1864,1,1,0.6224593312018546,-0.7929033041000366,-1.2929033041000366,assist,yes
1865,1,0,0.29421497216298875,-1.7641398906707764,-0.8891398906707764,assist,No
1866,1,0,0.34864513533394575,-1.6951755285263062,-1.0701755285263062,assist,no
1867,1,1,0.8933094145755219,-0.33927956223487854,-2.4642796516418457,assist,yes
1868,1,0,0.4378234991142019,-1.3798582553863525,-1.1298582553863525,assist,no
1869,1,1,0.9149009596336303,-0.5206188559532166,-2.8956189155578613,assist,yes
1870,1,0,0.37754066879814546,-1.492195963859558,-0.9921959638595581,assist,no
1871,1,0,0.24508502416032488,-1.8736484050750732,-0.748648464679718,assist,No
1872,1,1,0.7057850278370112,-0.674309492111206,-1.549309492111206,assist,yes
1873,1,0,0.46879062662624377,-1.2857993841171265,-1.1607993841171265,assist,no
1874,1,1,0.9046505351008906,-0.4513108730316162,-2.701310873031616,assist,yes
1875,1,1,0.5926665855647394,-0.9128931164741516,-1.2878930568695068,assist,yes
1876,1,1,0.5621765008857981,-1.1696306467056274,-1.4196306467056274,assist,yes
1877,1,1,0.7981867585368343,-0.6946026086807251,-2.0696024894714355,assist,yes
1878,1,0,0.037326887344129464,-3.6352500915527344,-0.3852500915527344,assist,No
1879,1,0,0.46879062662624377,-1.4058600664138794,-1.2808600664138794,assist,no
1880,1,1,0.7057850402140659,-0.8505319952964783,-1.725532054901123,assist,yes
1881,1,1,0.6224593312018546,-1.0458834171295166,-1.5458834171295166,assist,Yes
1882,1,0,0.20181322226037882,-2.1607868671417236,-0.7857868671417236,assist,No
1883,1,0,0.32082130082460697,-1.686901330947876,-0.936901330947876,assist,No
1884,1,1,0.7310585669110203,-0.6087425351142883,-1.6087424755096436,assist,yes
1885,1,1,0.6513548646660542,-0.8353061676025391,-1.460306167602539,assist,yes
1886,1,1,0.798186768138228,-0.5318523049354553,-1.9068522453308105,assist,yes
1887,1,1,0.7772998508568416,-0.6765184998512268,-1.926518440246582,assist,yes
1888,1,1,0.7057850154599563,-0.6262875199317932,-1.5012874603271484,assist,yes
1889,1,1,0.8354835248143776,-0.49247488379478455,-2.1174747943878174,assist,yes
1890,1,1,0.5926665999540697,-1.0152349472045898,-1.3902349472045898,assist,yes
1891,1,1,0.9740426443092215,-0.3097624182701111,-3.934762477874756,assist,yes
1892,1,1,0.5312093733737563,-1.2223834991455078,-1.3473834991455078,assist,yes
1893,1,1,0.8354835248143776,-0.49158892035484314,-2.116588830947876,assist,yes
1894,1,1,0.6513548646660542,-0.9614137411117554,-1.5864137411117554,assist,yes
1895,1,0,0.37754066879814546,-1.612426996231079,-1.112426996231079,assist,no
1896,1,1,0.5926665999540697,-0.874252200126648,-1.249252200126648,assist,Yes
1897,1,1,0.7981867873410141,-0.7439855933189392,-2.118985652923584,assist,yes
1898,1,1,0.7772998405389918,-0.7511545419692993,-2.0011544227600098,assist,yes
1899,1,0,0.24508500210441886,-1.8210055828094482,-0.6960055232048035,assist,no
1900,1,1,0.867035752930664,-0.45639854669570923,-2.3313984870910645,assist,yes
1901,1,1,0.8519527869325346,-0.4691210985183716,-2.219120979309082,assist,yes
1902,1,0,0.4073334000459302,-1.5140259265899658,-1.1390259265899658,assist,no
1903,1,0,0.4073334000459302,-1.4763455390930176,-1.1013455390930176,assist,no
1904,1,1,0.9149009480320036,-0.37061890959739685,-2.7456188201904297,assist,yes
1905,1,1,0.9525741254760638,-0.4376855194568634,-3.437685489654541,assist,yes
1906,1,0,0.1645164628965632,-2.1797964572906494,-0.5547964572906494,assist,No
1907,1,1,0.851952809486198,-0.6807317137718201,-2.430731773376465,assist,yes
1908,1,1,0.679178699175393,-0.6860325336456299,-1.4360325336456299,assist,yes
1909,1,1,0.8807970904940926,-0.38221633434295654,-2.382216453552246,assist,yes
1910,1,0,0.2689414330889798,-1.7612345218658447,-0.7612345814704895,assist,no
1911,1,1,0.5312093733737563,-1.2562847137451172,-1.3812847137451172,assist,Yes
1912,1,1,0.8670357735451834,-0.34480082988739014,-2.2198009490966797,assist,yes
1913,1,1,0.7310585669110203,-0.6580460667610168,-1.658046007156372,assist,yes
1914,1,1,0.8519528019683106,-0.444915771484375,-2.194915771484375,assist,yes
1915,1,1,0.9626731094431571,-0.46851906180381775,-3.7185189723968506,assist,yes
1916,1,1,0.6224593312018546,-0.7929884195327759,-1.2929884195327759,assist,yes
1917,1,0,0.0850990357257195,-2.845665454864502,-0.4706653356552124,assist,No
1918,1,1,0.8670357666736773,-0.42056387662887573,-2.2955639362335205,assist,yes
1919,1,1,0.5926665999540697,-0.8868718147277832,-1.2618718147277832,assist,yes
1920,1,1,0.8519528132451416,-0.3936695158481598,-2.143669605255127,assist,yes
1921,1,0,0.46879062662624377,-1.2168231010437012,-1.0918231010437012,assist,no
1922,1,1,0.5621764862150634,-0.9610660672187805,-1.2110660076141357,assist,yes
1923,1,0,0.2942149845400438,-1.6677865982055664,-0.7927866578102112,assist,No
1924,1,0,0.34864513533394575,-1.6930820941925049,-1.0680820941925049,assist,no
1925,1,0,0.4378234991142019,-1.4644100666046143,-1.2144100666046143,assist,no
1926,1,1,0.7772998508568416,-0.563310444355011,-1.8133103847503662,assist,yes
1927,1,1,0.8807970904940926,-0.5133808851242065,-2.513381004333496,assist,yes
1928,1,0,0.29421497216298875,-1.7358999252319336,-0.8608999252319336,assist,no
1929,1,1,0.9046505376715775,-0.38473913073539734,-2.6347391605377197,assist,yes
1930,1,1,0.6224593312018546,-1.1135073900222778,-1.6135073900222778,assist,Yes
1931,1,1,0.6224593312018546,-0.9684168100357056,-1.4684168100357056,assist,yes
1932,1,0,0.32082130082460697,-1.6737487316131592,-0.9237487316131592,assist,No
1933,1,1,0.9324533144915912,-0.272916704416275,-2.897916793823242,assist,yes
1934,1,1,0.8807970873650403,-0.3295566141605377,-2.329556703567505,assist,yes
1935,1,1,0.5621765008857981,-1.1028691530227661,-1.3528691530227661,assist,Yes
1936,1,1,0.7057850154599563,-0.6765673756599426,-1.5515673160552979,assist,yes
1937,1,1,0.851952809486198,-0.43784087896347046,-2.1878409385681152,assist,yes
1938,1,0,0.2689414213699951,-1.8563430309295654,-0.8563430309295654,assist,No
1939,1,1,0.9399133439350607,-0.24552784860134125,-2.995527744293213,assist,yes
1940,1,1,0.8807970842359877,-0.560292661190033,-2.5602927207946777,assist,yes
1941,1,1,0.7310585903489892,-0.7264811396598816,-1.7264811992645264,assist,yes
1942,1,1,0.6791786861878392,-0.6951261162757874,-1.4451260566711426,assist,yes
1943,1,1,0.7549149868676283,-0.5002816915512085,-1.6252816915512085,assist,yes
1944,1,1,0.851952809486198,-0.3855549693107605,-2.1355550289154053,assist,yes
1945,1,1,0.8519528019683106,-0.5078659057617188,-2.2578659057617188,assist,yes
1946,1,0,0.5,-1.1871898174285889,-1.1871898174285889,assist,no
1947,1,1,0.9626731137267751,-0.35301992297172546,-3.603019952774048,assist,yes
1948,1,1,0.9399133531922388,-0.4933599829673767,-3.2433600425720215,assist,yes
1949,1,1,0.9046505453836383,-0.44907939434051514,-2.6990795135498047,assist,yes
1950,1,1,0.8175744939732856,-0.8390730619430542,-2.3390731811523438,assist,yes
1951,1,1,0.8175744761936437,-0.5859596729278564,-2.0859596729278564,assist,yes
1952,1,1,0.679178699175393,-0.7195827960968018,-1.4695827960968018,assist,yes
1953,1,0,0.10669060530721626,-2.7768115997314453,-0.6518117189407349,assist,no
1954,1,1,0.7981867777396212,-0.47613954544067383,-1.8511395454406738,assist,yes
1955,1,0,0.4378234991142019,-1.2379326820373535,-0.9879326820373535,assist,no
1956,1,1,0.7057850278370112,-0.5915207862854004,-1.4665207862854004,assist,yes
1957,1,1,0.7057850278370112,-0.8504350185394287,-1.7254350185394287,assist,yes
1958,1,1,0.8354835452961425,-0.5325660109519958,-2.1575660705566406,assist,yes
1959,1,0,0.4073334000459302,-1.3893924951553345,-1.0143924951553345,assist,No
1960,1,1,0.8175744761936437,-0.5857667922973633,-2.0857667922973633,assist,yes
1961,1,1,0.5926665999540697,-0.9750585556030273,-1.3500585556030273,assist,Yes
1962,1,1,0.5312093733737563,-1.0556199550628662,-1.1806199550628662,assist,yes
1963,1,1,0.8807970873650403,-0.44012251496315,-2.440122604370117,assist,yes
1964,1,1,0.7981867873410141,-0.6091579794883728,-1.9841580390930176,assist,yes
1965,1,1,0.7981867777396212,-0.4720337390899658,-1.8470337390899658,assist,yes
1966,1,1,0.893309411735131,-0.3711993098258972,-2.496199369430542,assist,yes
1967,1,1,0.5621765008857981,-1.0189300775527954,-1.2689300775527954,assist,yes
1968,1,1,0.9149009480320036,-0.37309011816978455,-2.7480900287628174,assist,yes
1969,1,1,0.5312093733737563,-1.149093508720398,-1.274093508720398,assist,yes
1970,1,1,0.6513548782017746,-0.8360978960990906,-1.4610979557037354,assist,yes
1971,1,1,0.5926665999540697,-0.9108425378799438,-1.2858425378799438,assist,yes
1972,1,1,0.679178699175393,-0.7204005718231201,-1.4704005718231201,assist,yes
1973,1,0,0.34864513533394575,-1.3963381052017212,-0.7713381052017212,assist,no
1974,1,0,0.1645164628965632,-2.4174342155456543,-0.7924342155456543,assist,no
1975,1,1,0.7310585669110203,-0.6247227787971497,-1.6247227191925049,assist,yes
1976,1,1,0.7310585669110203,-0.7699735760688782,-1.7699735164642334,assist,yes
1977,1,1,0.89330940889474,-0.4233221709728241,-2.5483222007751465,assist,yes
1978,1,1,0.835483553488848,-0.5211395025253296,-2.146139621734619,assist,yes
1979,1,1,0.6791786861878392,-0.5975506901741028,-1.347550630569458,assist,yes
1980,1,0,0.09534947518185825,-2.84525203704834,-0.5952521562576294,assist,no
1981,1,1,0.7981867777396212,-0.4997396469116211,-1.874739646911621,assist,yes
1982,1,1,0.7549149868676283,-0.6190438270568848,-1.7440438270568848,assist,yes
1983,1,1,0.9465966671870767,-0.372380793094635,-3.2473807334899902,assist,yes
1984,1,1,0.7057850278370112,-0.8503035306930542,-1.7253035306930542,assist,yes
1985,1,1,0.8670357735451834,-0.5281628370285034,-2.403162956237793,assist,yes
1986,1,0,0.5,-1.0716432332992554,-1.0716432332992554,assist,no
1987,1,1,0.8807970779778823,-0.5083963871002197,-2.5083963871002197,assist,yes
1988,1,1,0.9465966702001757,-0.2372136116027832,-3.112213611602783,assist,yes
1989,1,1,0.8519527869325346,-0.38231050968170166,-2.132310390472412,assist,yes
1990,1,1,0.6513548511303336,-0.6159260869026184,-1.2409260272979736,assist,yes
1991,1,0,0.13296424019782924,-2.598848581314087,-0.7238485813140869,assist,no
1992,1,1,0.8175744584140004,-0.5483003854751587,-2.048300266265869,assist,yes
1993,1,1,0.9046505299595163,-0.5775952935218811,-2.8275952339172363,assist,yes
1994,1,0,0.46879062662624377,-1.217956304550171,-1.092956304550171,assist,no
1995,1,1,0.5621765008857981,-1.0025044679641724,-1.2525044679641724,assist,yes
1996,1,1,0.8175744584140004,-0.5478483438491821,-2.0478482246398926,assist,yes
1997,1,1,0.914900957313305,-0.3704387843608856,-2.745438814163208,assist,yes
1998,1,0,0.18242551491653522,-2.1322836875915527,-0.632283627986908,assist,no
1999,1,1,0.8519527869325346,-0.54023277759552,-2.2902326583862305,assist,yes
2000,1,1,0.8670357666736773,-0.3952481150627136,-2.2702481746673584,assist,yes
2001,1,1,0.9324533051062237,-0.2536018490791321,-2.8786017894744873,assist,yes
2002,1,1,0.8519527869325346,-0.5083223581314087,-2.258322238922119,assist,yes
2003,1,0,0.14804721306746543,-2.312366008758545,-0.5623661279678345,assist,no
2004,1,0,0.5,-1.0976024866104126,-1.0976024866104126,assist,no
2005,1,0,0.37754066879814546,-1.6297930479049683,-1.1297930479049683,assist,no
2006,1,1,0.8175744850834649,-0.6270446181297302,-2.127044677734375,assist,yes
2007,1,1,0.6224593452091672,-0.8385505080223083,-1.3385505676269531,assist,yes
2008,1,1,0.5621765008857981,-1.2155141830444336,-1.4655141830444336,assist,Yes
2009,1,1,0.9241418262465169,-0.3623880445957184,-2.8623881340026855,assist,yes
2010,1,0,0.46879062662624377,-1.3158609867095947,-1.1908609867095947,assist,no
2011,1,1,0.7772998611746911,-0.5902260541915894,-1.8402260541915894,assist,yes
2012,1,1,0.9046505428129514,-0.3844658434391022,-2.6344659328460693,assist,yes
2013,1,1,0.9579122684798184,-0.39527782797813416,-3.520277738571167,assist,yes
2014,1,1,0.9241418116217418,-0.6083585023880005,-3.108358383178711,assist,yes
2015,1,1,0.7310585786300049,-0.7366713285446167,-1.7366713285446167,assist,yes
2016,1,1,0.8354835452961425,-0.527110755443573,-2.1521108150482178,assist,yes
2017,1,1,0.5926665855647394,-0.8395727276802063,-1.2145726680755615,assist,yes
2018,1,1,0.8933094060543487,-0.33877015113830566,-2.4637701511383057,assist,yes
2019,1,1,0.8519527944504226,-0.5927866101264954,-2.3427865505218506,assist,yes
2020,1,1,0.679178699175393,-1.0094197988510132,-1.7594197988510132,assist,Yes
2021,1,1,0.6224593312018546,-0.8792471885681152,-1.3792471885681152,assist,yes
2022,1,1,0.7772998508568416,-0.5254276394844055,-1.7754275798797607,assist,yes
2023,1,1,0.835483553488848,-0.4313415288925171,-2.0563416481018066,assist,yes
2024,1,1,0.8519527944504226,-0.5863001942634583,-2.3363001346588135,assist,yes
2025,1,1,0.6513548646660542,-0.8359555006027222,-1.4609555006027222,assist,yes
2026,1,0,0.5,-0.9833465814590454,-0.9833465814590454,assist,no
2027,1,1,0.9579122720843811,-0.3279850482940674,-3.4529850482940674,assist,yes
2028,1,1,0.6513548646660542,-1.0896544456481934,-1.7146544456481934,assist,Yes
2029,1,1,0.7310585903489892,-0.6860434412956238,-1.6860435009002686,assist,yes
2030,1,1,0.9465966717067252,-0.34216544032096863,-3.217165470123291,assist,yes
2031,1,1,0.8933094032139576,-0.34196117520332336,-2.466961145401001,assist,yes
2032,1,1,0.7057850154599563,-0.7209416031837463,-1.5959415435791016,assist,yes
2033,1,1,0.9324533088603709,-0.3264331817626953,-2.9514331817626953,assist,yes
2034,1,1,0.8519527944504226,-0.5448868870735168,-2.294886827468872,assist,yes
2035,1,1,0.9046505325302034,-0.26267293095588684,-2.5126729011535645,assist,yes
2036,1,1,0.9399133498259924,-0.3440980911254883,-3.0940980911254883,assist,yes
2037,1,1,0.7772998508568416,-0.6356001496315002,-1.8856000900268555,assist,yes
2038,1,0,0.4073334000459302,-1.3290176391601562,-0.9540176391601562,assist,no
2039,1,1,0.9046505299595163,-0.4900568127632141,-2.7400567531585693,assist,yes
2040,1,1,0.9324533107374443,-0.29983851313591003,-2.9248385429382324,assist,yes
2041,1,1,0.8354835493924953,-0.45959582924842834,-2.0845959186553955,assist,yes
2042,1,1,0.867035763237924,-0.34502288699150085,-2.2200229167938232,assist,yes
2043,1,1,0.8175744850834649,-0.5133790373802185,-2.0133790969848633,assist,yes
2044,1,1,0.8933094032139576,-0.34150269627571106,-2.4665026664733887,assist,yes
2045,1,1,0.8933094145755219,-0.37120547890663147,-2.4962055683135986,assist,yes
2046,1,1,0.924141817889503,-0.26157906651496887,-2.7615790367126465,assist,yes
2047,1,1,0.880797068590724,-0.3534625470638275,-2.3534624576568604,assist,yes
2048,1,0,0.46879062662624377,-1.340628743171692,-1.215628743171692,assist,no
2049,1,1,0.880797081106935,-0.3529498279094696,-2.352949857711792,assist,yes
2050,1,1,0.6513548646660542,-0.7869595289230347,-1.4119595289230347,assist,yes
2051,1,1,0.8175744761936437,-0.5422098636627197,-2.0422098636627197,assist,yes
2052,1,1,0.9046505402422645,-0.35268253087997437,-2.602682590484619,assist,yes
2053,1,1,0.867035752930664,-0.423575222492218,-2.2985751628875732,assist,yes
2054,1,1,0.8807970904940926,-0.3289421796798706,-2.32894229888916,assist,yes
2055,1,1,0.7772998611746911,-0.6358675956726074,-1.8858675956726074,assist,yes
2056,1,1,0.9324533163686646,-0.2978776693344116,-2.922877788543701,assist,yes
2057,1,1,0.8354835330070839,-0.40619733929634094,-2.0311973094940186,assist,yes
2058,1,1,0.9399133473013074,-0.20711497962474823,-2.9571149349212646,assist,yes
2059,1,1,0.6513548511303336,-0.8359387516975403,-1.4609386920928955,assist,yes
2060,1,1,0.9324533051062237,-0.25458580255508423,-2.8795857429504395,assist,yes
2061,1,1,0.8807970873650403,-0.40834060311317444,-2.4083406925201416,assist,yes
2062,1,0,0.46879062662624377,-1.2450919151306152,-1.1200919151306152,assist,no
2063,1,1,0.8933094032139576,-0.3153703510761261,-2.4403703212738037,assist,yes
2064,1,1,0.5621765008857981,-1.2051680088043213,-1.4551680088043213,assist,Yes
2065,1,1,0.8354835452961425,-0.492290198802948,-2.1172902584075928,assist,yes
2066,1,1,0.9149009549929797,-0.3736584186553955,-2.7486584186553955,assist,yes
2067,1,1,0.8519527944504226,-0.5870094895362854,-2.3370094299316406,assist,yes
2068,1,1,0.9399133531922388,-0.3438252806663513,-3.093825340270996,assist,yes
2069,1,0,0.2689414213699951,-1.677847146987915,-0.677847146987915,assist,no
2070,1,0,0.24508500210441886,-2.0436902046203613,-0.9186901450157166,assist,no
2071,1,1,0.7981867777396212,-0.7871229648590088,-2.162122964859009,assist,yes
2072,1,1,0.7772998611746911,-0.5510932207107544,-1.8010932207107544,assist,yes
2073,1,1,0.8175744850834649,-0.7212740778923035,-2.2212741374969482,assist,yes
2074,1,1,0.7981867777396212,-0.6430380344390869,-2.018038034439087,assist,yes
2075,1,1,0.9241418241572634,-0.36288708448410034,-2.862887144088745,assist,yes
2076,1,1,0.8175744939732856,-0.5137032270431519,-2.0137033462524414,assist,yes
2077,1,1,0.9149009480320036,-0.4046052396297455,-2.7796051502227783,assist,yes
2078,1,1,0.7981867873410141,-0.5367781519889832,-1.911778211593628,assist,yes
2079,1,1,0.9149009526726544,-0.44376423954963684,-2.8187642097473145,assist,yes
2080,1,1,0.9241418158002492,-0.47181516885757446,-2.9718151092529297,assist,yes
2081,1,1,0.9399133464597458,-0.3181515336036682,-3.0681514739990234,assist,yes
2082,1,1,0.8519527869325346,-0.5877929925918579,-2.3377928733825684,assist,yes
2083,1,1,0.8354835289107309,-0.5213926434516907,-2.146392583847046,assist,yes
2084,1,1,0.8519527944504226,-0.47279006242752075,-2.222790002822876,assist,yes
2085,1,1,0.8670357666736773,-0.3918232321739197,-2.2668232917785645,assist,yes
2086,1,1,0.880797068590724,-0.3566156327724457,-2.3566155433654785,assist,yes
2087,1,1,0.851952809486198,-0.40576475858688354,-2.1557648181915283,assist,yes
2088,1,0,0.34864513533394575,-1.6233659982681274,-0.9983659982681274,assist,no
2089,1,1,0.9046505351008906,-0.35543084144592285,-2.605430841445923,assist,yes
2090,1,1,0.798186768138228,-0.5652089715003967,-1.940208911895752,assist,yes
2091,1,0,0.2689414213699951,-1.7622865438461304,-0.7622865438461304,assist,no
2092,1,1,0.5312093733737563,-1.0148029327392578,-1.1398029327392578,assist,yes
2093,1,1,0.9324533163686646,-0.2994765043258667,-2.9244766235351562,assist,yes
2094,1,1,0.9241418199787566,-0.36337947845458984,-2.86337947845459,assist,yes
2095,1,1,0.9399133531922388,-0.493133008480072,-3.243133068084717,assist,yes
2096,1,1,0.904650527388829,-0.4872168004512787,-2.7372167110443115,assist,yes
2097,1,1,0.8354835289107309,-0.5940027832984924,-2.2190027236938477,assist,yes
2098,1,1,0.8519527944504226,-0.5079370141029358,-2.257936954498291,assist,yes
2099,1,1,0.6513548646660542,-0.7965843677520752,-1.4215843677520752,assist,yes
2100,1,0,0.07585817166422973,-2.9248290061950684,-0.4248288869857788,assist,No
2101,1,0,0.3775406828054583,-1.4671943187713623,-0.9671943783760071,assist,no
2102,1,0,0.37754066879814546,-1.6012133359909058,-1.1012133359909058,assist,no
2103,1,1,0.5621765008857981,-1.2246633768081665,-1.4746633768081665,assist,Yes
2104,1,1,0.7057850278370112,-0.8038274049758911,-1.6788274049758911,assist,yes
2105,1,0,0.4378234991142019,-1.4742900133132935,-1.2242900133132935,assist,no
2106,1,0,0.46879062662624377,-1.403113603591919,-1.278113603591919,assist,no
2107,1,1,0.5926665999540697,-1.2226393222808838,-1.5976393222808838,assist,Yes
2108,1,1,0.8175744673038221,-0.670985758304596,-2.170985698699951,assist,yes
2109,1,1,0.8519528019683106,-0.44062304496765137,-2.1906230449676514,assist,yes
2110,1,1,0.6791786861878392,-0.898724377155304,-1.6487243175506592,assist,Yes
2111,1,0,0.08509904500702024,-2.9824302196502686,-0.6074302196502686,assist,No
2112,1,1,0.5926666143433998,-0.9111465811729431,-1.286146640777588,assist,yes
2113,1,0,0.0850990542883219,-3.0436935424804688,-0.6686936616897583,assist,no
2114,1,1,0.9324533032291502,-0.35626181960105896,-2.981261730194092,assist,yes
2115,1,0,0.4378234991142019,-1.4618507623672485,-1.2118507623672485,assist,no
2116,1,0,0.03732689162774753,-3.6349058151245117,-0.38490593433380127,assist,No
2117,1,0,0.2689414213699951,-1.9682940244674683,-0.9682940244674683,assist,no
2118,1,0,0.46879062662624377,-1.2390908002853394,-1.1140908002853394,assist,no
2119,1,0,0.3486451488696663,-1.6178503036499023,-0.9928503632545471,assist,No
2120,1,0,0.24508502416032488,-2.0192959308624268,-0.8942959904670715,assist,No
2121,1,1,0.5621765008857981,-1.1354402303695679,-1.3854402303695679,assist,yes
2122,1,0,0.24508500210441886,-2.0436620712280273,-0.9186620116233826,assist,no
2123,1,1,0.5312093733737563,-1.2209798097610474,-1.3459798097610474,assist,yes
2124,1,0,0.053403329799824234,-3.448965549468994,-0.5739655494689941,assist,No
2125,1,0,0.08509904036636974,-3.0947039127349854,-0.7197038531303406,assist,no
2126,1,1,0.754914975839675,-0.9651685357093811,-2.0901684761047363,assist,Yes
2127,1,0,0.2689414213699951,-1.7894011735916138,-0.7894011735916138,assist,no
2128,1,1,0.754914975839675,-0.7148194909095764,-1.8398194313049316,assist,yes
2129,1,0,0.2689414330889798,-1.760772705078125,-0.7607727646827698,assist,no
2130,1,0,0.34864513533394575,-1.5652598142623901,-0.9402598142623901,assist,no
2131,1,0,0.24508501313237172,-1.9633030891418457,-0.8383030891418457,assist,no
2132,1,0,0.1329642333263228,-2.6343066692352295,-0.7593066096305847,assist,no
2133,1,1,0.9149009596336303,-0.5698387026786804,-2.944838762283325,assist,yes
2134,1,0,0.4378234991142019,-1.4658973217010498,-1.2158973217010498,assist,no
2135,1,0,0.2689414213699951,-1.9367430210113525,-0.9367430210113525,assist,no
2136,1,0,0.20181320305759334,-2.1289968490600586,-0.753996729850769,assist,no
2137,1,1,0.5312093733737563,-1.1199231147766113,-1.2449231147766113,assist,yes
2138,1,0,0.4073334000459302,-1.529885172843933,-1.154885172843933,assist,no
2139,1,1,0.5926665999540697,-0.8851531744003296,-1.2601531744003296,assist,yes
2140,1,1,0.9525741227833249,-0.3659704625606537,-3.3659703731536865,assist,yes
2141,1,0,0.2689414330889798,-1.9109668731689453,-0.9109669327735901,assist,no
2142,1,1,0.7310585669110203,-0.5144250988960266,-1.5144250392913818,assist,yes
2143,1,1,0.7549149868676283,-0.5785839557647705,-1.7035839557647705,assist,yes
2144,1,0,0.18242552380635632,-2.2639670372009277,-0.7639670372009277,assist,No
2145,1,0,0.32082130082460697,-1.5950703620910645,-0.8450703620910645,assist,no
2146,1,1,0.6224593312018546,-0.9204509258270264,-1.4204509258270264,assist,yes
2147,1,1,0.679178699175393,-0.7960355281829834,-1.5460355281829834,assist,yes
2148,1,1,0.7057850278370112,-0.8496589660644531,-1.7246589660644531,assist,yes
2149,1,0,0.34864513533394575,-1.6465837955474854,-1.0215837955474854,assist,no
2150,1,1,0.893309411735131,-0.46410292387008667,-2.5891029834747314,assist,yes
2151,1,1,0.8175744850834649,-0.4821118712425232,-1.982111930847168,assist,yes
2152,1,1,0.798186768138228,-0.8622956871986389,-2.237295627593994,assist,Yes
2153,1,1,0.8519527869325346,-0.5512305498123169,-2.3012304306030273,assist,yes
2154,1,0,0.5,-1.2055974006652832,-1.2055974006652832,assist,no
2155,1,0,0.22270014914315833,-2.115894317626953,-0.8658943772315979,assist,No
2156,1,1,0.6791786861878392,-0.7659690976142883,-1.5159690380096436,assist,yes
2157,1,0,0.5,-1.1308659315109253,-1.1308659315109253,assist,No
2158,1,1,0.5926665999540697,-1.015630841255188,-1.390630841255188,assist,yes
2159,1,1,0.867035752930664,-0.6209059357643127,-2.495905876159668,assist,yes
2160,1,0,0.32082130082460697,-1.6726521253585815,-0.9226521253585815,assist,No
2161,1,1,0.7772998611746911,-0.5913786888122559,-1.8413786888122559,assist,yes
2162,1,1,0.9324533088603709,-0.4569096565246582,-3.081909656524658,assist,yes
2163,1,1,0.7981867873410141,-0.595751941204071,-1.9707520008087158,assist,yes
2164,1,1,0.8354835289107309,-0.6058288216590881,-2.2308287620544434,assist,yes
2165,1,1,0.7057850154599563,-0.9284761548042297,-1.803476095199585,assist,Yes
2166,1,1,0.6513548646660542,-0.8484458923339844,-1.4734458923339844,assist,yes
2167,1,0,0.18242551491653522,-2.312469482421875,-0.8124694228172302,assist,No
2168,1,1,0.7772998508568416,-0.9244957566261292,-2.1744956970214844,assist,Yes
2169,1,0,0.07585817584273653,-3.2147977352142334,-0.7147976756095886,assist,no
2170,1,1,0.5621765008857981,-0.8581644296646118,-1.1081644296646118,assist,yes
2171,1,1,0.6513548646660542,-0.9259874820709229,-1.5509874820709229,assist,yes
2172,1,1,0.679178699175393,-0.900592565536499,-1.650592565536499,assist,Yes
2173,1,1,0.9465966732132748,-0.3383638262748718,-3.2133638858795166,assist,yes
2174,1,1,0.8175744850834649,-0.42233461141586304,-1.9223346710205078,assist,yes
2175,1,1,0.9046505286741726,-0.24405844509601593,-2.49405837059021,assist,yes
2176,1,1,0.6224593312018546,-0.8040542602539062,-1.3040542602539062,assist,yes
2177,1,0,0.20181324146316565,-2.207502841949463,-0.8325029611587524,assist,No
2178,1,1,0.8519528019683106,-0.7326056957244873,-2.4826056957244873,assist,yes
2179,1,0,0.24508500761839525,-1.567399501800537,-0.4423994719982147,assist,No
2180,1,1,0.8519528170040853,-0.5457504987716675,-2.295750617980957,assist,yes
2181,1,1,0.6513548511303336,-0.7714486718177795,-1.3964486122131348,assist,yes
2182,1,0,0.1480472055495773,-2.4249794483184814,-0.6749795079231262,assist,no
2183,1,0,0.24508502416032488,-2.0022153854370117,-0.8772154450416565,assist,no
2184,1,0,0.5,-1.335394263267517,-1.335394263267517,assist,no
2185,1,0,0.22270014914315833,-1.840658187866211,-0.5906582474708557,assist,No
2186,1,1,0.7981867777396212,-0.8773014545440674,-2.2523014545440674,assist,Yes
2187,1,1,0.8670357598021706,-0.6756658554077148,-2.550665855407715,assist,yes
2188,1,1,0.7310585786300049,-0.5266929864883423,-1.5266929864883423,assist,yes
2189,1,1,0.7057850278370112,-0.970572829246521,-1.845572829246521,assist,yes
2190,1,1,0.7772998508568416,-0.8758171200752258,-2.125817060470581,assist,yes
2191,1,0,0.46879062662624377,-1.4053759574890137,-1.2803759574890137,assist,no
2192,1,0,0.18242550602671442,-2.320211410522461,-0.8202112913131714,assist,no
2193,1,0,0.34864513533394575,-1.6964101791381836,-1.0714101791381836,assist,no
2194,1,0,0.18242551491653522,-2.3629965782165527,-0.862996518611908,assist,no
2195,1,0,0.5,-1.2564622163772583,-1.2564622163772583,assist,No
2196,1,1,0.7310585786300049,-0.7260755300521851,-1.726075530052185,assist,yes
2197,1,0,0.34864513533394575,-1.4967821836471558,-0.8717821836471558,assist,no
2198,1,1,0.9324533163686646,-0.49834001064300537,-3.123340129852295,assist,yes
2199,1,1,0.7310585786300049,-0.7274355888366699,-1.72743558883667,assist,yes
2200,1,0,0.40733341443526055,-1.1526503562927246,-0.7776504158973694,assist,no
2201,1,0,0.37754066879814546,-1.379725694656372,-0.8797256946563721,assist,no
2202,1,0,0.16451645470385742,-2.385685920715332,-0.7606858611106873,assist,no
2203,1,1,0.7772998611746911,-0.5975871086120605,-1.8475871086120605,assist,yes
2204,1,1,0.8807970842359877,-0.47888296842575073,-2.4788830280303955,assist,yes
2205,1,1,0.7057850278370112,-0.6484205722808838,-1.5234205722808838,assist,yes
2206,1,0,0.4378234991142019,-1.197205662727356,-0.947205662727356,assist,no
2207,1,1,0.9046505428129514,-0.3266538679599762,-2.5766539573669434,assist,yes
2208,1,1,0.798186768138228,-0.6091185212135315,-1.9841184616088867,assist,yes
2209,1,1,0.6224593312018546,-0.8283448219299316,-1.3283448219299316,assist,yes
2210,1,0,0.14804721306746543,-2.584622383117676,-0.8346225023269653,assist,no
2211,1,0,0.13296424019782924,-2.6055140495300293,-0.7305140495300293,assist,no
2212,1,1,0.7772998611746911,-0.6764606237411499,-1.92646062374115,assist,yes
2213,1,0,0.5,-1.00103759765625,-1.00103759765625,assist,no
2214,1,1,0.6513548646660542,-1.0533344745635986,-1.6783344745635986,assist,Yes
2215,1,0,0.0953494648991095,-2.8164074420928955,-0.5664074420928955,assist,No
2216,1,1,0.6224593312018546,-1.015276312828064,-1.515276312828064,assist,Yes
2217,1,0,0.34864513533394575,-1.6964514255523682,-1.0714514255523682,assist,no
2218,1,1,0.5621765008857981,-0.9488916397094727,-1.1988916397094727,assist,yes
2219,1,0,0.3208213138121609,-1.5515823364257812,-0.801582396030426,assist,no
2220,1,1,0.7057850154599563,-0.8644636273384094,-1.7394635677337646,assist,yes
2221,1,1,0.8519528019683106,-0.6321003437042236,-2.3821003437042236,assist,yes
2222,1,1,0.7981867873410141,-0.5312148928642273,-1.906214952468872,assist,yes
2223,1,1,0.8354835371034369,-0.6506338119506836,-2.2756338119506836,assist,yes
2224,1,1,0.8175744584140004,-0.671850323677063,-2.1718502044677734,assist,yes
2225,1,1,0.679178699175393,-0.7198352813720703,-1.4698352813720703,assist,yes
2226,1,0,0.13296424019782924,-2.6946189403533936,-0.8196189403533936,assist,no
2227,1,0,0.37754066879814546,-1.5569415092468262,-1.0569415092468262,assist,no
2228,1,1,0.9149009480320036,-0.4404471814632416,-2.8154470920562744,assist,yes
2229,1,1,0.9149009596336303,-0.269889771938324,-2.6448898315429688,assist,yes
2230,1,1,0.835483553488848,-0.5701478719711304,-2.19514799118042,assist,yes
2231,1,1,0.8670357494949105,-0.3678637444972992,-2.242863655090332,assist,yes
2232,1,1,0.5621765008857981,-1.1921197175979614,-1.4421197175979614,assist,yes
2233,1,0,0.46879062662624377,-1.1990301609039307,-1.0740301609039307,assist,no
2234,1,1,0.5312093733737563,-1.2786579132080078,-1.4036579132080078,assist,Yes
2235,1,0,0.04208773031866069,-3.739057779312134,-0.6140578389167786,assist,No
2236,1,1,0.5926665999540697,-0.8075112104415894,-1.1825112104415894,assist,yes
2237,1,1,0.6224593312018546,-0.9087716341018677,-1.4087716341018677,assist,yes
2238,1,0,0.46879062662624377,-1.1169416904449463,-0.9919416904449463,assist,no
2239,1,1,0.5926665999540697,-1.1560955047607422,-1.5310955047607422,assist,Yes
2240,1,1,0.880797071719777,-0.5592442154884338,-2.559244155883789,assist,yes
2241,1,1,0.679178699175393,-0.6644265651702881,-1.414426565170288,assist,yes
2242,1,0,0.46879062662624377,-1.21748685836792,-1.09248685836792,assist,no
2243,1,1,0.9149009526726544,-0.3437099754810333,-2.718709945678711,assist,yes
2244,1,0,0.3775406547908327,-1.3581287860870361,-0.8581287264823914,assist,no
2245,1,1,0.9399133464597458,-0.26703959703445435,-3.0170395374298096,assist,yes
2246,1,1,0.9046505453836383,-0.3848074674606323,-2.634807586669922,assist,yes
2247,1,1,0.8175744850834649,-0.4485289454460144,-1.9485290050506592,assist,yes
2248,1,0,0.20181321265898594,-2.0341060161590576,-0.6591059565544128,assist,no
2249,1,1,0.939913354875362,-0.34565630555152893,-3.095656394958496,assist,yes
2250,1,1,0.8175744673038221,-0.47715145349502563,-1.9771513938903809,assist,yes
2251,1,1,0.754914997895581,-0.5055667757987976,-1.6305668354034424,assist,yes
2252,1,1,0.8175744673038221,-0.5135372281074524,-2.0135371685028076,assist,yes
2253,1,1,0.5621765008857981,-1.0027656555175781,-1.2527656555175781,assist,yes
2254,1,1,0.8807970842359877,-0.44388002157211304,-2.443880081176758,assist,yes
2255,1,1,0.7310585669110203,-0.5790963768959045,-1.5790963172912598,assist,yes
2256,1,1,0.851952809486198,-0.5521721243858337,-2.3021721839904785,assist,yes
2257,1,1,0.8519528132451416,-0.47819676995277405,-2.228196859359741,assist,yes
2258,1,1,0.8807970654616711,-0.5089656114578247,-2.508965492248535,assist,yes
2259,1,1,0.8175744761936437,-0.4273838996887207,-1.9273838996887207,assist,yes
2260,1,1,0.5926665999540697,-1.0150961875915527,-1.3900961875915527,assist,yes
2261,1,1,0.880797071719777,-0.3106294274330139,-2.310629367828369,assist,yes
2262,1,0,0.22270013882530884,-1.814634919166565,-0.5646349191665649,assist,no
2263,1,1,0.9324533069832973,-0.4983213245868683,-3.123321294784546,assist,yes
2264,1,1,0.7057850154599563,-0.863807737827301,-1.7388076782226562,assist,yes
2265,1,0,0.1824255415859996,-2.283000946044922,-0.7830010652542114,assist,no
2266,1,0,0.5,-1.2357112169265747,-1.2357112169265747,assist,no
2267,1,1,0.5312093733737563,-1.1011731624603271,-1.2261731624603271,assist,yes
2268,1,1,0.8175744761936437,-0.5540776252746582,-2.054077625274658,assist,yes
2269,1,0,0.2942149845400438,-1.7531542778015137,-0.8781543374061584,assist,no
2270,1,1,0.880797071719777,-0.5543656945228577,-2.554365634918213,assist,yes
2271,1,1,0.9399133447766225,-0.28939661383628845,-3.0393965244293213,assist,yes
2272,1,1,0.6513548646660542,-0.9767389297485352,-1.6017389297485352,assist,Yes
2273,1,1,0.9046505402422645,-0.3849119544029236,-2.6349120140075684,assist,yes
2274,1,1,0.9241418199787566,-0.5557584762573242,-3.055758476257324,assist,yes
2275,1,1,0.6513548646660542,-0.8798478841781616,-1.5048478841781616,assist,yes
2276,1,1,0.8807970842359877,-0.470716655254364,-2.470716714859009,assist,yes
2277,1,1,0.8519528132451416,-0.3620089590549469,-2.112009048461914,assist,yes
2278,1,0,0.5,-1.0376981496810913,-1.0376981496810913,assist,no
2279,1,1,0.7772998508568416,-0.7211359143257141,-1.9711358547210693,assist,yes
2280,1,0,0.2942149597859341,-1.6162402629852295,-0.7412402033805847,assist,no
2281,1,1,0.880797081106935,-0.3825027644634247,-2.382502794265747,assist,yes
2282,1,1,0.6791786861878392,-0.597335159778595,-1.3473351001739502,assist,yes
2283,1,0,0.2942149597859341,-1.8061726093292236,-0.9311725497245789,assist,no
2284,1,1,0.679178699175393,-0.7212225198745728,-1.4712225198745728,assist,yes
2285,1,1,0.8807970873650403,-0.3293263018131256,-2.3293263912200928,assist,yes
2286,1,1,0.8354835452961425,-0.5586637854576111,-2.183663845062256,assist,yes
2287,1,1,0.8670357494949105,-0.45538362860679626,-2.330383539199829,assist,yes
2288,1,1,0.8519527906914787,-0.3625522553920746,-2.1125521659851074,assist,yes
2289,1,0,0.3775406828054583,-1.4685373306274414,-0.9685373902320862,assist,no
2290,1,0,0.13296425394084313,-2.629298210144043,-0.7542983293533325,assist,No
2291,1,0,0.34864513533394575,-1.3456153869628906,-0.7206153869628906,assist,no
2292,1,1,0.8670357598021706,-0.6697962284088135,-2.5447962284088135,assist,yes
2293,1,0,0.4378234991142019,-1.3283090591430664,-1.0783090591430664,assist,no
2294,1,1,0.8354835371034369,-0.4914884567260742,-2.116488456726074,assist,yes
2295,1,0,0.06754668738548215,-3.0640687942504883,-0.4390687346458435,assist,no
2296,1,1,0.914900950352329,-0.37050825357437134,-2.7455081939697266,assist,yes
2297,1,1,0.754914975839675,-0.849955141544342,-1.9749550819396973,assist,yes
2298,1,1,0.9241418199787566,-0.3954906463623047,-2.8954906463623047,assist,yes
2299,1,1,0.7310585786300049,-0.8282332420349121,-1.828233242034912,assist,yes
2300,1,1,0.7057850402140659,-0.6484865546226501,-1.523486614227295,assist,yes
2301,1,1,0.867035752930664,-0.49017006158828735,-2.3651700019836426,assist,yes
2302,1,0,0.40733341443526055,-1.1534345149993896,-0.7784345746040344,assist,no
2303,1,1,0.7772998508568416,-0.7210987210273743,-1.9710986614227295,assist,yes
2304,1,1,0.8933094003735664,-0.3972340226173401,-2.5222339630126953,assist,yes
2305,1,1,0.914900945711678,-0.251686692237854,-2.6266865730285645,assist,yes
2306,1,0,0.22270013882530884,-1.8020830154418945,-0.5520830154418945,assist,no
2307,1,1,0.8354835289107309,-0.4916446805000305,-2.1166446208953857,assist,yes
2308,1,1,0.8354835371034369,-0.6057698726654053,-2.2307698726654053,assist,yes
2309,1,1,0.9324533088603709,-0.3015437126159668,-2.926543712615967,assist,yes
2310,1,1,0.8519527944504226,-0.7414980530738831,-2.4914979934692383,assist,yes
2311,1,1,0.9324533126145177,-0.35335773229599,-2.9783577919006348,assist,yes
2312,1,0,0.37754066879814546,-1.4435913562774658,-0.9435913562774658,assist,no
2313,1,1,0.7310585786300049,-0.6087270975112915,-1.6087270975112915,assist,yes
2314,1,1,0.7310585786300049,-0.6155974864959717,-1.6155974864959717,assist,yes
2315,1,0,0.3775406828054583,-1.4856092929840088,-0.9856093525886536,assist,No
2316,1,1,0.8519528019683106,-0.5079779624938965,-2.2579779624938965,assist,yes
2317,1,1,0.7981867585368343,-0.6508618593215942,-2.0258617401123047,assist,yes
2318,1,1,0.7549149868676283,-0.6553170680999756,-1.7803170680999756,assist,yes
2319,1,1,0.7981867777396212,-0.5255968570709229,-1.9005968570709229,assist,yes
2320,1,1,0.754914975839675,-0.6186404824256897,-1.743640422821045,assist,yes
2321,1,0,0.5,-1.2913161516189575,-1.2913161516189575,assist,no
2322,1,1,0.9149009480320036,-0.4044402539730072,-2.77944016456604,assist,yes
2323,1,0,0.4378234991142019,-1.2378836870193481,-0.9878836870193481,assist,no
2324,1,0,0.37754066879814546,-1.5561237335205078,-1.0561237335205078,assist,no
2325,1,0,0.5,-1.151261329650879,-1.151261329650879,assist,no
2326,1,1,0.7310585903489892,-0.7356528639793396,-1.7356529235839844,assist,yes
2327,1,1,0.7549149868676283,-0.6552469730377197,-1.7802469730377197,assist,yes
2328,1,1,0.7981867777396212,-0.45033347606658936,-1.8253334760665894,assist,yes
2329,1,1,0.8354835371034369,-0.49135804176330566,-2.1163580417633057,assist,yes
2330,1,1,0.7057850278370112,-0.814678430557251,-1.689678430557251,assist,yes
2331,1,1,0.9324533107374443,-0.3291322886943817,-2.954132318496704,assist,yes
2332,1,1,0.8670357598021706,-0.3984510898590088,-2.273451089859009,assist,yes
2333,1,1,0.939913356558485,-0.29126250743865967,-3.041262626647949,assist,yes
2334,1,1,0.5621765008857981,-0.803869366645813,-1.053869366645813,assist,yes
2335,1,1,0.8670357460591569,-0.4238358736038208,-2.2988357543945312,assist,yes
2336,1,1,0.9399133464597458,-0.41230398416519165,-3.162303924560547,assist,yes
2337,1,0,0.24508500210441886,-1.7820420265197754,-0.6570419669151306,assist,no
2338,1,1,0.7981867969424066,-0.8519357442855835,-2.226935863494873,assist,yes
2339,1,1,0.7310585669110203,-0.8697181344032288,-1.869718074798584,assist,yes
2340,1,1,0.8807970748488297,-0.3530938923358917,-2.3530938625335693,assist,yes
2341,1,0,0.5,-0.9421096444129944,-0.9421096444129944,assist,no
2342,1,1,0.8670357666736773,-0.5234805941581726,-2.3984806537628174,assist,yes
2343,1,0,0.11920292202211755,-2.5945675373077393,-0.5945675373077393,assist,No
2344,1,1,0.8807970904940926,-0.5133155584335327,-2.5133156776428223,assist,yes
2345,1,1,0.8807970904940926,-0.5132530927658081,-2.5132532119750977,assist,yes
2346,1,1,0.8933094032139576,-0.49883511662483215,-2.6238350868225098,assist,yes
2347,1,1,0.8519527944504226,-0.4123397469520569,-2.162339687347412,assist,yes
2348,1,1,0.8933094003735664,-0.4610446095466614,-2.5860445499420166,assist,yes
2349,1,0,0.2689414213699951,-1.8172996044158936,-0.8172996044158936,assist,No
2350,1,1,0.5926665999540697,-0.954613447189331,-1.329613447189331,assist,yes
2351,1,1,0.7310585786300049,-0.5510952472686768,-1.5510952472686768,assist,yes
2352,1,1,0.8670357563664174,-0.39195898175239563,-2.2669589519500732,assist,yes
2353,1,0,0.4073334000459302,-1.4468498229980469,-1.0718498229980469,assist,no
2354,1,1,0.8670357494949105,-0.34823235869407654,-2.2232322692871094,assist,yes
2355,1,1,0.8807970779778823,-0.3320488929748535,-2.3320488929748535,assist,yes
2356,1,1,0.9324533051062237,-0.46333223581314087,-3.088332176208496,assist,yes
2357,1,1,0.8519527906914787,-0.36273106932640076,-2.1127309799194336,assist,yes
2358,1,1,0.5621765008857981,-1.0334463119506836,-1.2834463119506836,assist,yes
2359,1,1,0.9241418199787566,-0.33402466773986816,-2.834024667739868,assist,yes
2360,1,1,0.7981867777396212,-0.7442922592163086,-2.1192922592163086,assist,yes
2361,1,1,0.8175744761936437,-0.7212085723876953,-2.2212085723876953,assist,yes
2362,1,1,0.9046505415276079,-0.2456154078245163,-2.4956154823303223,assist,yes
2363,1,1,0.9324533163686646,-0.2764023542404175,-2.901402473449707,assist,yes
2364,1,1,0.8807970904940926,-0.5135215520858765,-2.513521671295166,assist,yes
2365,1,1,0.9149009642742806,-0.3445032835006714,-2.719503402709961,assist,yes
2366,1,1,0.817574471748733,-0.4227042496204376,-1.9227042198181152,assist,yes
2367,1,0,0.5,-1.3362116813659668,-1.3362116813659668,assist,no
2368,1,1,0.9046505325302034,-0.35530760884284973,-2.6053075790405273,assist,yes
2369,1,1,0.9399133531922388,-0.2249886393547058,-2.9749886989593506,assist,yes
2370,1,1,0.8175744806385543,-0.42630741000175476,-1.9263074398040771,assist,yes
2371,1,1,0.7057850402140659,-0.8506180644035339,-1.7256181240081787,assist,yes
2372,1,1,0.9324533163686646,-0.4620903730392456,-3.087090492248535,assist,yes
2373,1,1,0.9149009596336303,-0.3434581160545349,-2.7184581756591797,assist,yes
2374,1,1,0.9465966671870767,-0.5338476300239563,-3.4088475704193115,assist,yes
2375,1,0,0.29421497216298875,-1.7042790651321411,-0.8292790651321411,assist,no
2376,1,1,0.8670357666736773,-0.39853519201278687,-2.2735352516174316,assist,yes
2377,1,1,0.9046505402422645,-0.44884318113327026,-2.698843240737915,assist,yes
2378,1,1,0.9046505376715775,-0.3286707103252411,-2.5786707401275635,assist,yes
2379,1,1,0.7772998611746911,-0.5323158502578735,-1.7823158502578735,assist,yes
2380,1,1,0.754914997895581,-0.9648289084434509,-2.0898289680480957,assist,Yes
2381,1,1,0.9465966717067252,-0.2837664783000946,-3.158766508102417,assist,yes
2382,1,1,0.7057850278370112,-0.7196187973022461,-1.594618797302246,assist,yes
2383,1,1,0.5926665999540697,-0.8871757984161377,-1.2621757984161377,assist,yes
2384,1,1,0.9241418262465169,-0.2844482958316803,-2.7844483852386475,assist,yes
2385,1,1,0.9241418241572634,-0.468528687953949,-2.9685287475585938,assist,yes
2386,1,1,0.7981867873410141,-0.6018216013908386,-1.9768216609954834,assist,yes
2387,1,1,0.939913343093499,-0.4132896661758423,-3.1632895469665527,assist,yes
2388,1,1,0.9399133515091156,-0.37525078654289246,-3.125250816345215,assist,yes
2389,1,1,0.8519528019683106,-0.5126755237579346,-2.2626755237579346,assist,yes
2390,1,1,0.9149009596336303,-0.3703274130821228,-2.7453274726867676,assist,yes
2391,1,1,0.8519528019683106,-0.40615200996398926,-2.1561520099639893,assist,yes
2392,1,1,0.8354835330070839,-0.42785099148750305,-2.0528509616851807,assist,yes
2393,1,1,0.7057850278370112,-0.9889394044876099,-1.8639394044876099,assist,Yes
2394,1,1,0.5926665999540697,-0.984819769859314,-1.359819769859314,assist,yes
2395,1,0,0.22270013882530884,-2.0357279777526855,-0.7857279777526855,assist,no
2396,1,1,0.867035752930664,-0.527987539768219,-2.402987480163574,assist,yes
2397,1,1,0.5312093733737563,-1.0846134424209595,-1.2096134424209595,assist,yes
2398,1,1,0.9324533051062237,-0.424577534198761,-3.049577474594116,assist,yes
2399,1,1,0.754914975839675,-0.7979405522346497,-1.9229404926300049,assist,yes
2400,1,0,0.5,-1.2788569927215576,-1.2788569927215576,assist,No
2401,1,0,0.32082130082460697,-1.6214959621429443,-0.8714959621429443,assist,no
2402,1,0,0.37754066879814546,-1.5183913707733154,-1.0183913707733154,assist,No
2403,1,0,0.24508502416032488,-2.0064456462860107,-0.8814457058906555,assist,No
2404,1,1,0.6224593312018546,-1.1295539140701294,-1.6295539140701294,assist,Yes
2405,1,0,0.46879062662624377,-1.3413244485855103,-1.2163244485855103,assist,no
2406,1,1,0.5926666143433998,-0.8081786036491394,-1.1831786632537842,assist,yes
2407,1,0,0.46879062662624377,-1.3148479461669922,-1.1898479461669922,assist,No
2408,1,0,0.20181322226037882,-2.118927478790283,-0.7439274787902832,assist,No
2409,1,1,0.5312093733737563,-1.2462611198425293,-1.3712611198425293,assist,yes
2410,1,1,0.8175744584140004,-0.6274343729019165,-2.127434253692627,assist,yes
2411,1,0,0.37754066879814546,-1.5729024410247803,-1.0729024410247803,assist,No
2412,1,1,0.6224593312018546,-0.9682493209838867,-1.4682493209838867,assist,yes
2413,1,0,0.29421497216298875,-1.8761066198349,-1.0011066198349,assist,no
2414,1,0,0.0675466911396291,-3.1887481212615967,-0.5637481212615967,assist,no
2415,1,0,0.29421497216298875,-1.8418388366699219,-0.9668388366699219,assist,no
2416,1,0,0.46879062662624377,-1.1329584121704102,-1.0079584121704102,assist,no
2417,1,0,0.2942149845400438,-1.7764599323272705,-0.9014599919319153,assist,No
2418,1,0,0.5,-1.3307263851165771,-1.3307263851165771,assist,no
2419,1,0,0.22270013882530884,-2.1646037101745605,-0.9146037101745605,assist,no
2420,1,1,0.7310585786300049,-0.6851745843887329,-1.685174584388733,assist,yes
2421,1,0,0.37754066879814546,-1.5719895362854004,-1.0719895362854004,assist,No
2422,1,0,0.37754066879814546,-1.6495914459228516,-1.1495914459228516,assist,no
2423,1,1,0.6224593312018546,-1.150344967842102,-1.650344967842102,assist,Yes
2424,1,0,0.34864513533394575,-1.6543629169464111,-1.0293629169464111,assist,No
2425,1,0,0.37754066879814546,-1.6021904945373535,-1.1021904945373535,assist,no
2426,1,1,0.6513548646660542,-0.8662151098251343,-1.4912151098251343,assist,yes
2427,1,0,0.24508501313237172,-2.0297534465789795,-0.9047534465789795,assist,no
2428,1,1,0.6513548511303336,-0.8514078259468079,-1.476407766342163,assist,Yes
2429,1,0,0.2689414213699951,-1.935984492301941,-0.9359844923019409,assist,no
2430,1,0,0.4378234991142019,-1.058717131614685,-0.8087171316146851,assist,no
2431,1,1,0.6791787121629466,-0.8524731993675232,-1.602473258972168,assist,yes
2432,1,0,0.32082130082460697,-1.7569036483764648,-1.0069036483764648,assist,no
2433,1,1,0.8519527906914787,-0.3658638894557953,-2.115863800048828,assist,yes
2434,1,0,0.5,-1.022452473640442,-1.022452473640442,assist,no
2435,1,0,0.11920292202211755,-2.625720977783203,-0.6257209777832031,assist,no
2436,1,0,0.5,-1.3041167259216309,-1.3041167259216309,assist,no
2437,1,1,0.5621765008857981,-1.190131425857544,-1.440131425857544,assist,Yes
2438,1,0,0.24508501313237172,-1.710066795349121,-0.5850667953491211,assist,no
2439,1,1,0.8519528170040853,-0.5461853742599487,-2.2961854934692383,assist,yes
2440,1,0,0.22270012850745968,-2.0443007946014404,-0.7943007349967957,assist,No
2441,1,0,0.34864513533394575,-1.622408151626587,-0.9974081516265869,assist,no
2442,1,0,0.29421497216298875,-1.817671537399292,-0.942671537399292,assist,No
2443,1,1,0.6513548646660542,-0.7503018379211426,-1.3753018379211426,assist,yes
2444,1,1,0.851952809486198,-0.44289129972457886,-2.1928913593292236,assist,yes
2445,1,1,0.5926665999540697,-1.2225810289382935,-1.5975810289382935,assist,Yes
2446,1,1,0.6513548646660542,-0.7178459167480469,-1.3428459167480469,assist,yes
2447,1,1,0.9399133464597458,-0.5390031933784485,-3.2890031337738037,assist,yes
2448,1,0,0.09534945461636171,-2.8517613410949707,-0.6017612218856812,assist,no
2449,1,0,0.46879062662624377,-1.096253752708435,-0.9712537527084351,assist,no
2450,1,1,0.8670357701094303,-0.4905942976474762,-2.3655943870544434,assist,yes
2451,1,0,0.11920290950590741,-2.5870165824890137,-0.5870164632797241,assist,no
2452,1,1,0.7772998508568416,-0.5975547432899475,-1.8475546836853027,assist,yes
2453,1,1,0.5621765008857981,-1.2054297924041748,-1.4554297924041748,assist,Yes
2454,1,1,0.7057850402140659,-0.68260258436203,-1.5576026439666748,assist,yes
2455,1,0,0.22270014914315833,-2.1167008876800537,-0.8667009472846985,assist,no
2456,1,1,0.9046505351008906,-0.7359325885772705,-2.9859325885772705,assist,yes
2457,1,0,0.32082130082460697,-1.4265100955963135,-0.6765100955963135,assist,no
2458,1,0,0.24508501313237172,-2.054661512374878,-0.9296615123748779,assist,no
2459,1,0,0.24508501313237172,-1.9532325267791748,-0.8282325267791748,assist,No
2460,1,0,0.4073334000459302,-1.4939911365509033,-1.1189911365509033,assist,No
2461,1,1,0.6224593312018546,-0.8394341468811035,-1.3394341468811035,assist,yes
2462,1,0,0.5,-1.3025010824203491,-1.3025010824203491,assist,no
2463,1,0,0.08509904036636974,-3.000025510787964,-0.6250254511833191,assist,no
2464,1,0,0.20181323186177208,-2.12878680229187,-0.7537868618965149,assist,no
2465,1,1,0.5926666143433998,-0.7719213366508484,-1.1469213962554932,assist,yes
2466,1,1,0.5312093733737563,-1.140670657157898,-1.265670657157898,assist,Yes
2467,1,0,0.1645164628965632,-2.2202157974243164,-0.5952157974243164,assist,no
2468,1,0,0.29421497216298875,-1.8068310022354126,-0.9318310022354126,assist,no
2469,1,0,0.29421497216298875,-1.8454675674438477,-0.9704675674438477,assist,no
2470,1,0,0.4073333856566001,-1.214263916015625,-0.8392638564109802,assist,no
2471,1,0,0.2227001594610082,-2.165472984313965,-0.9154731035232544,assist,no
2472,1,1,0.7310585786300049,-0.8176102638244629,-1.817610263824463,assist,yes
2473,1,1,0.7057850402140659,-0.58549565076828,-1.4604957103729248,assist,yes
2474,1,0,0.13296425394084313,-2.6347169876098633,-0.7597171068191528,assist,No
2475,1,0,0.2689414213699951,-1.778393030166626,-0.778393030166626,assist,no
2476,1,0,0.5,-1.1576839685440063,-1.1576839685440063,assist,no
2477,1,1,0.8175744673038221,-0.672281801700592,-2.1722817420959473,assist,yes
2478,1,0,0.29421497216298875,-1.70411217212677,-0.82911217212677,assist,no
2479,1,1,0.8175744850834649,-0.5146963000297546,-2.0146963596343994,assist,yes
2480,1,1,0.8354835371034369,-0.3608849048614502,-1.9858849048614502,assist,yes
2481,1,0,0.20181322226037882,-2.22653865814209,-0.8515386581420898,assist,no
2482,1,1,0.8807970873650403,-0.4082852900028229,-2.40828537940979,assist,yes
2483,1,1,0.5926665999540697,-1.0646929740905762,-1.4396929740905762,assist,yes
2484,1,0,0.060086648490884395,-3.1239147186279297,-0.3739146888256073,assist,No
2485,1,1,0.5621765008857981,-1.0197874307632446,-1.2697874307632446,assist,yes
2486,1,1,0.8933094060543487,-0.6390178203582764,-2.7640178203582764,assist,yes
2487,1,0,0.34864513533394575,-1.5710331201553345,-0.9460331201553345,assist,no
2488,1,1,0.7310585786300049,-0.7256042957305908,-1.7256042957305908,assist,yes
2489,1,1,0.7057850278370112,-0.9001127481460571,-1.7751127481460571,assist,yes
2490,1,0,0.20181320305759334,-2.034595012664795,-0.6595948934555054,assist,no
2491,1,1,0.6224593312018546,-1.1311554908752441,-1.6311554908752441,assist,Yes
2492,1,1,0.89330940889474,-0.3658547103404999,-2.4908547401428223,assist,yes
2493,1,1,0.5926665999540697,-0.9540435075759888,-1.3290435075759888,assist,yes
2494,1,1,0.893309411735131,-0.36516207456588745,-2.4901621341705322,assist,yes
2495,1,0,0.34864513533394575,-1.592334508895874,-0.967334508895874,assist,no
2496,1,0,0.1329642264548166,-2.597895622253418,-0.7228955030441284,assist,no
2497,1,1,0.6791787121629466,-0.8880981802940369,-1.6380982398986816,assist,yes
2498,1,1,0.8519527944504226,-0.6262550950050354,-2.3762550354003906,assist,yes
2499,1,1,0.6791786861878392,-0.7469614148139954,-1.4969613552093506,assist,yes
2500,1,1,0.5621765008857981,-1.2118582725524902,-1.4618582725524902,assist,Yes
2501,1,1,0.8519528132451416,-0.437589555978775,-2.187589645385742,assist,yes
2502,1,1,0.5621765008857981,-0.9769431352615356,-1.2269431352615356,assist,yes
2503,1,1,0.754914975839675,-0.6179733872413635,-1.7429733276367188,assist,yes
2504,1,1,0.798186768138228,-0.5655389428138733,-1.9405388832092285,assist,yes
2505,1,0,0.2227001594610082,-2.165640354156494,-0.9156404733657837,assist,no
2506,1,0,0.5,-1.021744728088379,-1.021744728088379,assist,no
2507,1,1,0.7772998611746911,-0.8466477394104004,-2.0966477394104004,assist,Yes
2508,1,1,0.5312093882168609,-0.9126946330070496,-1.0376946926116943,assist,yes
2509,1,1,0.8519528019683106,-0.5071208477020264,-2.2571208477020264,assist,yes
2510,1,1,0.679178699175393,-0.8398668766021729,-1.5898668766021729,assist,yes
2511,1,1,0.754914975839675,-0.6555145382881165,-1.7805144786834717,assist,yes
2512,1,1,0.6513548646660542,-0.9774330854415894,-1.6024330854415894,assist,yes
2513,1,0,0.017986209962091555,-4.545051574707031,-0.5450515747070312,assist,no
2514,1,1,0.798186768138228,-0.7439380288124084,-2.1189379692077637,assist,yes
2515,1,1,0.5926665999540697,-0.9008556604385376,-1.2758556604385376,assist,yes
2516,1,1,0.6513548646660542,-0.8365015983581543,-1.4615015983581543,assist,yes
2517,1,1,0.7057850278370112,-0.9562315940856934,-1.8312315940856934,assist,yes
2518,1,1,0.6513548646660542,-0.6109520196914673,-1.2359520196914673,assist,yes
2519,1,1,0.8933094003735664,-0.4617229104042053,-2.5867228507995605,assist,yes
2520,1,1,0.9324533144915912,-0.23429718613624573,-2.859297275543213,assist,yes
2521,1,0,0.5,-1.1397204399108887,-1.1397204399108887,assist,no
2522,1,1,0.914900957313305,-0.40545007586479187,-2.7804501056671143,assist,yes
2523,1,1,0.6224593312018546,-1.07802414894104,-1.57802414894104,assist,Yes
2524,1,1,0.6224593312018546,-0.9536670446395874,-1.4536670446395874,assist,yes
2525,1,1,0.8519528019683106,-0.6684870719909668,-2.418487071990967,assist,yes
2526,1,1,0.9046505325302034,-0.41303589940071106,-2.6630358695983887,assist,yes
2527,1,1,0.8354835452961425,-0.5705799460411072,-2.195580005645752,assist,yes
2528,1,1,0.8670357598021706,-0.569610595703125,-2.444610595703125,assist,yes
2529,1,0,0.34864513533394575,-1.6963658332824707,-1.0713658332824707,assist,no
2530,1,1,0.8519527869325346,-0.47353804111480713,-2.2235379219055176,assist,yes
2531,1,1,0.7981867777396212,-0.5652601718902588,-1.9402601718902588,assist,yes
2532,1,1,0.7772998663336157,-0.44837483763694763,-1.69837486743927,assist,yes
2533,1,1,0.8175744939732856,-0.5861362218856812,-2.0861363410949707,assist,yes
2534,1,1,0.9399133481428692,-0.412810355424881,-3.1628103256225586,assist,yes
2535,1,0,0.5,-1.000473141670227,-1.000473141670227,assist,no
2536,1,0,0.34864513533394575,-1.6924245357513428,-1.0674245357513428,assist,no
2537,1,0,0.2689414213699951,-1.8682541847229004,-0.8682541847229004,assist,No
2538,1,0,0.34864513533394575,-1.6962518692016602,-1.0712518692016602,assist,no
2539,1,1,0.8933094145755219,-0.3395616114139557,-2.464561700820923,assist,yes
2540,1,1,0.8354835371034369,-0.45616817474365234,-2.0811681747436523,assist,yes
2541,1,1,0.7772998714925403,-0.5634800791740417,-1.8134801387786865,assist,yes
2542,1,1,0.9241418158002492,-0.3347240090370178,-2.834723949432373,assist,yes
2543,1,1,0.8933094003735664,-0.4297094941139221,-2.5547094345092773,assist,yes
2544,1,0,0.32082130082460697,-1.6421382427215576,-0.8921382427215576,assist,no
2545,1,1,0.6224593312018546,-0.8555446863174438,-1.3555446863174438,assist,yes
2546,1,0,0.5,-1.186399221420288,-1.186399221420288,assist,no
2547,1,1,0.8807970779778823,-0.816321849822998,-2.816321849822998,assist,Yes
2548,1,1,0.7310585786300049,-0.6857166290283203,-1.6857166290283203,assist,yes
2549,1,1,0.7057850402140659,-0.9011854529380798,-1.7761855125427246,assist,yes
2550,1,0,0.32082130082460697,-1.6744906902313232,-0.9244906902313232,assist,No
2551,1,1,0.867035752930664,-0.5699205994606018,-2.444920539855957,assist,yes
2552,1,1,0.6224593312018546,-1.078176498413086,-1.578176498413086,assist,Yes
2553,1,1,0.7310585669110203,-0.7697587609291077,-1.769758701324463,assist,yes
2554,1,1,0.7772998714925403,-0.5313021540641785,-1.7813022136688232,assist,yes
2555,1,1,0.8175744939732856,-0.5201238393783569,-2.0201239585876465,assist,yes
2556,1,1,0.9046505453836383,-0.4518316984176636,-2.701831817626953,assist,yes
2557,1,1,0.9149009526726544,-0.4400692284107208,-2.8150691986083984,assist,yes
2558,1,0,0.4073334000459302,-1.5368802547454834,-1.1618802547454834,assist,no
2559,1,1,0.798186768138228,-0.47628194093704224,-1.8512818813323975,assist,yes
2560,1,0,0.4073334000459302,-1.4726632833480835,-1.0976632833480835,assist,no
2561,1,0,0.5,-1.257184386253357,-1.257184386253357,assist,No
2562,1,1,0.7310585786300049,-0.5570067167282104,-1.5570067167282104,assist,yes
2563,1,0,0.32082130082460697,-1.7587653398513794,-1.0087653398513794,assist,no
2564,1,1,0.679178699175393,-0.9909367561340332,-1.7409367561340332,assist,yes
2565,1,1,0.880797081106935,-0.3791491687297821,-2.3791491985321045,assist,yes
2566,1,1,0.8519528170040853,-0.47421395778656006,-2.2242140769958496,assist,yes
2567,1,1,0.9046505351008906,-0.3242053985595703,-2.5742053985595703,assist,yes
2568,1,1,0.5621765008857981,-0.9242100715637207,-1.1742100715637207,assist,yes
2569,1,1,0.5621765008857981,-0.8916913270950317,-1.1416913270950317,assist,yes
2570,1,1,0.7981867729389246,-0.40169647336006165,-1.7766964435577393,assist,yes
2571,1,1,0.880797068590724,-0.3294871747493744,-2.3294870853424072,assist,yes
2572,1,1,0.7057850402140659,-0.7496053576469421,-1.624605417251587,assist,yes
2573,1,1,0.8670357666736773,-0.5698153376579285,-2.4448153972625732,assist,yes
2574,1,1,0.7310585669110203,-0.6586416363716125,-1.6586415767669678,assist,yes
2575,1,1,0.8175744584140004,-0.5543328523635864,-2.054332733154297,assist,yes
2576,1,1,0.6791787121629466,-0.9376484751701355,-1.6876485347747803,assist,yes
2577,1,1,0.9324533144915912,-0.3535079061985016,-2.9785079956054688,assist,yes
2578,1,1,0.7057850278370112,-0.7506489753723145,-1.6256489753723145,assist,yes
2579,1,1,0.8519528170040853,-0.4689725637435913,-2.218972682952881,assist,yes
2580,1,1,0.7772998508568416,-0.5029740929603577,-1.752974033355713,assist,yes
2581,1,0,0.5,-1.1763861179351807,-1.1763861179351807,assist,No
2582,1,1,0.6224593312018546,-0.8398396968841553,-1.3398396968841553,assist,yes
2583,1,0,0.4073334000459302,-1.199835181236267,-0.8248351812362671,assist,no
2584,1,1,0.7310585786300049,-0.9817205667495728,-1.9817205667495728,assist,Yes
2585,1,1,0.9324533013520764,-0.4615885019302368,-3.0865883827209473,assist,yes
2586,1,1,0.5926665999540697,-1.1217398643493652,-1.4967398643493652,assist,yes
2587,1,1,0.9324533088603709,-0.5443508625030518,-3.1693508625030518,assist,yes
2588,1,0,0.3486451488696663,-1.497873067855835,-0.8728731274604797,assist,no
2589,1,1,0.914900957313305,-0.3436865508556366,-2.718686580657959,assist,yes
2590,1,0,0.4378234991142019,-1.4755953550338745,-1.2255953550338745,assist,no
2591,1,1,0.6791787121629466,-0.8868069052696228,-1.6368069648742676,assist,yes
2592,1,1,0.6513548646660542,-0.7859612703323364,-1.4109612703323364,assist,yes
2593,1,1,0.679178699175393,-0.9010193347930908,-1.6510193347930908,assist,yes
2594,1,1,0.851952809486198,-0.5077037215232849,-2.2577037811279297,assist,yes
2595,1,1,0.8933094032139576,-0.3687143623828888,-2.4937143325805664,assist,yes
2596,1,1,0.851952809486198,-0.5027441382408142,-2.252744197845459,assist,yes
2597,1,1,0.679178699175393,-0.7297009229660034,-1.4797009229660034,assist,yes
2598,1,1,0.89330940889474,-0.42892906069755554,-2.553929090499878,assist,yes
2599,1,1,0.9241418158002492,-0.3629379868507385,-2.8629379272460938,assist,yes
2600,1,1,0.867035752930664,-0.6640763878822327,-2.539076328277588,assist,yes
2601,1,1,0.5621765008857981,-1.1824657917022705,-1.4324657917022705,assist,Yes
2602,1,1,0.6513548646660542,-0.7863479852676392,-1.4113479852676392,assist,yes
2603,1,1,0.9241418283357702,-0.5559796094894409,-3.0559797286987305,assist,yes
2604,1,1,0.754914975839675,-0.5846298336982727,-1.709629774093628,assist,yes
2605,1,0,0.37754066879814546,-1.5180127620697021,-1.0180127620697021,assist,no
2606,1,1,0.8670357701094303,-0.39227333664894104,-2.267273426055908,assist,yes
2607,1,1,0.7057850278370112,-0.7601401805877686,-1.6351401805877686,assist,yes
2608,1,1,0.867035752930664,-0.45521193742752075,-2.330211877822876,assist,yes
2609,1,1,0.9241418158002492,-0.3073185086250305,-2.8073184490203857,assist,yes
2610,1,1,0.7310585786300049,-0.6856881380081177,-1.6856881380081177,assist,yes
2611,1,1,0.8175744761936437,-0.6641840934753418,-2.164184093475342,assist,yes
2612,1,0,0.46879062662624377,-1.2442619800567627,-1.1192619800567627,assist,no
2613,1,1,0.9046505351008906,-0.582385778427124,-2.832385778427124,assist,Yes
2614,1,0,0.042087725512577126,-3.800306797027588,-0.6753067374229431,assist,no
2615,1,1,0.8670357598021706,-0.39156079292297363,-2.2665607929229736,assist,yes
2616,1,1,0.9241418116217418,-0.6055318117141724,-3.105531692504883,assist,yes
2617,1,1,0.8354835452961425,-0.6991154551506042,-2.324115514755249,assist,yes
2618,1,1,0.754914997895581,-0.618691623210907,-1.7436916828155518,assist,yes
2619,1,1,0.8175744673038221,-0.47671371698379517,-1.9767136573791504,assist,yes
2620,1,1,0.6513548646660542,-1.0902915000915527,-1.7152915000915527,assist,Yes
2621,1,0,0.46879062662624377,-1.1994657516479492,-1.0744657516479492,assist,no
2622,1,1,0.9046505299595163,-0.3854442238807678,-2.635444164276123,assist,yes
2623,1,1,0.6791786861878392,-0.875019371509552,-1.6250193119049072,assist,yes
2624,1,1,0.8807970904940926,-0.4362276792526245,-2.436227798461914,assist,yes
2625,1,1,0.8670357598021706,-0.45980191230773926,-2.3348019123077393,assist,yes
2626,1,1,0.798186768138228,-0.505578339099884,-1.8805782794952393,assist,yes
2627,1,1,0.7057850278370112,-0.5902830362319946,-1.4652830362319946,assist,yes
2628,1,1,0.8807970779778823,-0.4102442264556885,-2.4102442264556885,assist,yes
2629,1,1,0.9241418262465169,-0.4691268503665924,-2.9691269397735596,assist,yes
2630,1,1,0.8175744673038221,-0.7287023663520813,-2.2287023067474365,assist,yes
2631,1,0,0.11920291576401235,-2.50237774848938,-0.5023776888847351,assist,no
2632,1,1,0.8175744673038221,-0.5076234936714172,-2.0076234340667725,assist,yes
2633,1,1,0.6224593312018546,-0.9691725969314575,-1.4691725969314575,assist,yes
2634,1,1,0.5926665999540697,-0.8748718500137329,-1.249871850013733,assist,yes
2635,1,1,0.880797071719777,-0.4397738575935364,-2.4397737979888916,assist,yes
2636,1,1,0.7549149868676283,-0.7299236059188843,-1.8549236059188843,assist,yes
2637,1,1,0.9149009480320036,-0.29369696974754333,-2.668696880340576,assist,yes
2638,1,0,0.5,-1.280417799949646,-1.280417799949646,assist,No
2639,1,1,0.8175744939732856,-0.6211737394332886,-2.121173858642578,assist,yes
2640,1,1,0.9241418220680101,-0.3074280917644501,-2.8074281215667725,assist,yes
2641,1,1,0.8519528057272543,-0.3414723575115204,-2.0914723873138428,assist,yes
2642,1,1,0.8354835452961425,-0.5264748930931091,-2.151474952697754,assist,yes
2643,1,0,0.4378234991142019,-1.4617170095443726,-1.2117170095443726,assist,no
2644,1,1,0.7772998611746911,-0.4484666585922241,-1.6984666585922241,assist,yes
2645,1,1,0.851952809486198,-0.5028583407402039,-2.2528584003448486,assist,yes
2646,1,1,0.6224593452091672,-0.8284325003623962,-1.328432559967041,assist,yes
2647,1,1,0.9046505325302034,-0.32860925793647766,-2.5786092281341553,assist,yes
2648,1,1,0.7310585786300049,-0.7259430885314941,-1.7259430885314941,assist,yes
2649,1,1,0.8354835371034369,-0.7512385845184326,-2.3762385845184326,assist,yes
2650,1,1,0.914900950352329,-0.5657411217689514,-2.9407410621643066,assist,yes
2651,1,1,0.7057850278370112,-0.8504855632781982,-1.7254855632781982,assist,yes
2652,1,1,0.893309411735131,-0.27634376287460327,-2.401343822479248,assist,yes
2653,1,1,0.6513548782017746,-0.9126190543174744,-1.5376191139221191,assist,yes
2654,1,1,0.8519528132451416,-0.4725591242313385,-2.2225592136383057,assist,yes
2655,1,1,0.9399133447766225,-0.3777841031551361,-3.127784013748169,assist,yes
2656,1,1,0.9149009480320036,-0.2707906663417816,-2.6457905769348145,assist,yes
2657,1,1,0.8519528057272543,-0.38981887698173523,-2.1398189067840576,assist,yes
2658,1,1,0.798186768138228,-0.6956537365913391,-2.0706536769866943,assist,yes
2659,1,0,0.5,-0.9413145184516907,-0.9413145184516907,assist,no
2660,1,1,0.9149009642742806,-0.2928851842880249,-2.6678853034973145,assist,yes
2661,1,1,0.5312093733737563,-1.2222365140914917,-1.3472365140914917,assist,yes
2662,1,1,0.952574129515172,-0.2775701880455017,-3.2775702476501465,assist,yes
2663,1,1,0.8933094060543487,-0.29369378089904785,-2.418693780899048,assist,yes
2664,1,1,0.7310585786300049,-0.92342209815979,-1.92342209815979,assist,yes
2665,1,1,0.7310585903489892,-0.7705594897270203,-1.770559549331665,assist,yes
2666,1,1,0.9046505453836383,-0.41320979595184326,-2.663209915161133,assist,yes
2667,1,0,0.05340332678672523,-3.401554584503174,-0.526554524898529,assist,No
2668,1,1,0.9046505299595163,-0.3525875210762024,-2.6025874614715576,assist,yes
2669,1,1,0.7549149868676283,-0.6561545133590698,-1.7811545133590698,assist,yes
2670,1,0,0.37754066879814546,-1.544762134552002,-1.044762134552002,assist,no
2671,1,1,0.9149009526726544,-0.37011244893074036,-2.745112419128418,assist,yes
2672,1,1,0.817574471748733,-0.45285680890083313,-1.9528567790985107,assist,yes
2673,1,1,0.6224593171945417,-0.8037810921669006,-1.3037810325622559,assist,yes
2674,1,1,0.9399133481428692,-0.31812718510627747,-3.068127155303955,assist,yes
2675,1,1,0.9046505453836383,-0.3262256383895874,-2.576225757598877,assist,yes
2676,1,1,0.7772998611746911,-0.4724693298339844,-1.7224693298339844,assist,yes
2677,1,1,0.8933094174159129,-0.4605487585067749,-2.5855488777160645,assist,yes
2678,1,1,0.754914975839675,-0.6182597279548645,-1.7432596683502197,assist,yes
2679,1,1,0.7057850154599563,-0.7606659531593323,-1.6356658935546875,assist,yes
2680,1,1,0.8519527906914787,-0.47239717841148376,-2.2223970890045166,assist,yes
2681,1,0,0.4378234991142019,-1.219362735748291,-0.969362735748291,assist,no
2682,1,1,0.7549149868676283,-0.6562463045120239,-1.781246304512024,assist,yes
2683,1,1,0.8354835207180245,-0.5656157732009888,-2.190615653991699,assist,yes
2684,1,0,0.4073334000459302,-1.3497545719146729,-0.9747545719146729,assist,no
2685,1,1,0.835483553488848,-0.6064003705978394,-2.231400489807129,assist,yes
2686,1,1,0.9046505248181417,-0.26223814487457275,-2.512238025665283,assist,yes
2687,1,0,0.4073334000459302,-1.3059335947036743,-0.9309335947036743,assist,no
2688,1,1,0.8175744761936437,-0.4816335439682007,-1.9816335439682007,assist,yes
2689,1,1,0.9046505351008906,-0.3289039134979248,-2.578903913497925,assist,yes
2690,1,1,0.9046505325302034,-0.3269789516925812,-2.576978921890259,assist,yes
2691,1,1,0.5926665999540697,-0.9125998020172119,-1.287599802017212,assist,yes
2692,1,1,0.8807970873650403,-0.4074181616306305,-2.4074182510375977,assist,yes
2693,1,1,0.8807970842359877,-0.3830856680870056,-2.3830857276916504,assist,yes
2694,1,1,0.880797071719777,-0.30828624963760376,-2.308286190032959,assist,yes
2695,1,1,0.7549149868676283,-0.5543094873428345,-1.6793094873428345,assist,yes
2696,1,1,0.939913354875362,-0.2902580797672272,-3.0402581691741943,assist,yes
2697,1,1,0.893309411735131,-0.3676580786705017,-2.4926581382751465,assist,yes
2698,1,1,0.8354835452961425,-0.4604009985923767,-2.0854010581970215,assist,yes
2699,1,0,0.4378234844434674,-1.1143560409545898,-0.8643559813499451,assist,no
2700,1,0,0.2689414213699951,-1.879279613494873,-0.879279613494873,assist,No
2701,1,1,0.7057850154599563,-0.8758302330970764,-1.7508301734924316,assist,Yes
2702,1,1,0.6224593312018546,-0.9672627449035645,-1.4672627449035645,assist,yes
2703,1,1,0.679178699175393,-0.9924013614654541,-1.742401361465454,assist,yes
2704,1,0,0.5,-1.3319495916366577,-1.3319495916366577,assist,no
2705,1,0,0.22270013882530884,-2.105637311935425,-0.8556373119354248,assist,No
2706,1,0,0.24508501313237172,-1.9623183012008667,-0.8373183012008667,assist,no
2707,1,0,0.3775406828054583,-1.4686193466186523,-0.9686194062232971,assist,No
2708,1,0,0.24508500210441886,-1.8736858367919922,-0.7486857771873474,assist,No
2709,1,0,0.32082130082460697,-1.7276204824447632,-0.9776204824447632,assist,No
2710,1,1,0.6513548646660542,-0.7949628829956055,-1.4199628829956055,assist,Yes
2711,1,1,0.6513548646660542,-0.9264833927154541,-1.551483392715454,assist,yes
2712,1,0,0.32082130082460697,-1.7237485647201538,-0.9737485647201538,assist,no
2713,1,0,0.2689414330889798,-1.8911373615264893,-0.891137421131134,assist,no
2714,1,1,0.7310585669110203,-0.6783104538917542,-1.6783103942871094,assist,yes
2715,1,0,0.4378234991142019,-1.381486415863037,-1.131486415863037,assist,No
2716,1,0,0.1480472055495773,-2.5199601650238037,-0.7699602246284485,assist,No
2717,1,0,0.24508501313237172,-2.018850564956665,-0.893850564956665,assist,no
2718,1,0,0.06754668738548215,-3.0420901775360107,-0.41709011793136597,assist,No
2719,1,0,0.4378234991142019,-1.4175662994384766,-1.1675662994384766,assist,No
2720,1,0,0.2942149597859341,-1.7241425514221191,-0.8491424918174744,assist,No
2721,1,1,0.5621765008857981,-1.064772605895996,-1.314772605895996,assist,yes
2722,1,0,0.3208213138121609,-1.6204915046691895,-0.8704915642738342,assist,no
2723,1,0,0.2942149597859341,-1.8457300662994385,-0.9707300066947937,assist,no
2724,1,1,0.9149009619539553,-0.3753425180912018,-2.750342607498169,assist,yes
2725,1,0,0.4073334000459302,-1.4461950063705444,-1.0711950063705444,assist,no
2726,1,0,0.37754066879814546,-1.6303666830062866,-1.1303666830062866,assist,no
2727,1,1,0.7772998611746911,-0.6354814767837524,-1.8854814767837524,assist,yes
2728,1,1,0.5926666143433998,-0.9676563143730164,-1.3426563739776611,assist,yes
2729,1,1,0.7057850278370112,-0.8620696067810059,-1.7370696067810059,assist,yes
2730,1,0,0.09534947518185825,-2.7676515579223633,-0.5176516771316528,assist,no
2731,1,1,0.6224593312018546,-1.0921456813812256,-1.5921456813812256,assist,yes
2732,1,0,0.37754066879814546,-1.5464508533477783,-1.0464508533477783,assist,no
2733,1,1,0.679178699175393,-0.9330745935440063,-1.6830745935440063,assist,Yes
2734,1,0,0.1066905825840872,-2.7772903442382812,-0.6522902250289917,assist,no
2735,1,0,0.1645164628965632,-2.189767360687256,-0.5647673606872559,assist,no
2736,1,0,0.3208212878370535,-1.6943237781524658,-0.944323718547821,assist,no
2737,1,1,0.7057850402140659,-0.7298046946525574,-1.6048047542572021,assist,yes
2738,1,0,0.4073334000459302,-1.502699851989746,-1.127699851989746,assist,no
2739,1,0,0.46879062662624377,-1.1513605117797852,-1.0263605117797852,assist,no
2740,1,0,0.3486451488696663,-1.5434629917144775,-0.9184630513191223,assist,no
2741,1,0,0.11920290950590741,-2.751120090484619,-0.7511199712753296,assist,no
2742,1,0,0.46879062662624377,-1.4047129154205322,-1.2797129154205322,assist,no
2743,1,0,0.20181322226037882,-2.12825870513916,-0.7532587051391602,assist,no
2744,1,0,0.2689414213699951,-1.824079990386963,-0.8240799903869629,assist,no
2745,1,0,0.037326887344129464,-3.8085296154022217,-0.5585296154022217,assist,No
2746,1,0,0.34864513533394575,-1.5363757610321045,-0.9113757610321045,assist,No
2747,1,0,0.3775406547908327,-1.3392572402954102,-0.8392571806907654,assist,no
2748,1,1,0.5621764862150634,-0.8289423584938049,-1.0789422988891602,assist,yes
2749,1,0,0.46879062662624377,-1.4294027090072632,-1.3044027090072632,assist,no
2750,1,1,0.6791786861878392,-0.8858841061592102,-1.6358840465545654,assist,yes
2751,1,0,0.07585817166422973,-3.110079765319824,-0.6100796461105347,assist,no
2752,1,1,0.7772998611746911,-0.6682707071304321,-1.9182707071304321,assist,yes
2753,1,0,0.29421497216298875,-1.8882206678390503,-1.0132206678390503,assist,no
2754,1,0,0.1480472055495773,-2.4911506175994873,-0.7411506772041321,assist,no
2755,1,1,0.6513548646660542,-0.9771219491958618,-1.6021219491958618,assist,yes
2756,1,0,0.3486451217982255,-1.4731712341308594,-0.8481711745262146,assist,no
2757,1,1,0.8519528019683106,-0.3857119083404541,-2.135711908340454,assist,yes
2758,1,0,0.4378234991142019,-1.2168729305267334,-0.9668729305267334,assist,no
2759,1,1,0.6224593452091672,-0.8672680258750916,-1.3672680854797363,assist,yes
2760,1,1,0.7057850154599563,-0.6496441960334778,-1.524644136428833,assist,yes
2761,1,1,0.5621765008857981,-1.048778772354126,-1.298778772354126,assist,yes
2762,1,1,0.7981867777396212,-0.8638255596160889,-2.238825559616089,assist,yes
2763,1,0,0.32082130082460697,-1.7039141654968262,-0.9539141654968262,assist,no
2764,1,0,0.37754066879814546,-1.3968480825424194,-0.8968480825424194,assist,No
2765,1,0,0.06008664344151498,-3.2622694969177246,-0.5122693777084351,assist,no
2766,1,0,0.2689414096510108,-1.8956871032714844,-0.8956870436668396,assist,no
2767,1,0,0.20181322226037882,-2.117189407348633,-0.7421894073486328,assist,No
2768,1,0,0.2689414213699951,-1.7351094484329224,-0.7351094484329224,assist,No
2769,1,1,0.9241418262465169,-0.26089659333229065,-2.760896682739258,assist,yes
2770,1,1,0.5926665999540697,-1.0647878646850586,-1.4397878646850586,assist,yes
2771,1,0,0.2689414213699951,-1.7970601320266724,-0.7970601320266724,assist,No
2772,1,0,0.34864513533394575,-1.314901351928711,-0.6899013519287109,assist,no
2773,1,1,0.7057850278370112,-0.6571081876754761,-1.532108187675476,assist,yes
2774,1,0,0.18242552380635632,-2.2650275230407715,-0.7650275230407715,assist,No
2775,1,0,0.34864513533394575,-1.5930445194244385,-0.9680445194244385,assist,no
2776,1,1,0.7981867825403176,-0.4059947431087494,-1.7809947729110718,assist,yes
2777,1,1,0.9241418199787566,-0.33347463607788086,-2.833474636077881,assist,yes
2778,1,1,0.8670357598021706,-0.46018242835998535,-2.3351824283599854,assist,yes
2779,1,1,0.8175744806385543,-0.39986762404441833,-1.8998676538467407,assist,yes
2780,1,0,0.37754066879814546,-1.542837381362915,-1.042837381362915,assist,no
2781,1,1,0.5312093733737563,-1.1684812307357788,-1.2934812307357788,assist,yes
2782,1,1,0.7057850154599563,-0.649135172367096,-1.5241351127624512,assist,yes
2783,1,1,0.8933094145755219,-0.3417181074619293,-2.4667181968688965,assist,yes
2784,1,1,0.5312093733737563,-1.271323800086975,-1.396323800086975,assist,Yes
2785,1,1,0.9399133447766225,-0.34556373953819275,-3.0955636501312256,assist,yes
2786,1,1,0.754914997895581,-0.5257553458213806,-1.6507554054260254,assist,yes
2787,1,0,0.37754066879814546,-1.5469633340835571,-1.0469633340835571,assist,no
2788,1,0,0.29421497216298875,-1.764257788658142,-0.8892577886581421,assist,No
2789,1,1,0.754914997895581,-0.8385505080223083,-1.9635505676269531,assist,yes
2790,1,0,0.5,-1.0717861652374268,-1.0717861652374268,assist,no
2791,1,0,0.46879062662624377,-1.3706332445144653,-1.2456332445144653,assist,no
2792,1,1,0.8519528019683106,-0.41581225395202637,-2.1658122539520264,assist,yes
2793,1,1,0.5926665999540697,-1.0722143650054932,-1.4472143650054932,assist,Yes
2794,1,1,0.851952809486198,-0.36196988821029663,-2.1119699478149414,assist,yes
2795,1,0,0.13296424019782924,-2.5618536472320557,-0.6868536472320557,assist,no
2796,1,1,0.8807970779778823,-0.38301992416381836,-2.3830199241638184,assist,yes
2797,1,0,0.14804719051380197,-2.3427374362945557,-0.5927373766899109,assist,no
2798,1,1,0.7772998611746911,-0.590922474861145,-1.840922474861145,assist,yes
2799,1,1,0.6791786861878392,-0.8276506066322327,-1.577650547027588,assist,yes
2800,1,0,0.22270012850745968,-1.9182894229888916,-0.6682893633842468,assist,No
2801,1,0,0.5,-1.0727009773254395,-1.0727009773254395,assist,no
2802,1,1,0.5621765008857981,-1.0664687156677246,-1.3164687156677246,assist,yes
2803,1,0,0.34864513533394575,-1.565393090248108,-0.9403930902481079,assist,no
2804,1,0,0.22270013882530884,-2.098066568374634,-0.8480665683746338,assist,No
2805,1,1,0.6513548646660542,-1.089115023612976,-1.714115023612976,assist,Yes
2806,1,0,0.04742587587030561,-3.4517858028411865,-0.4517858624458313,assist,no
2807,1,1,0.6513548646660542,-0.866451621055603,-1.491451621055603,assist,yes
2808,1,1,0.679178699175393,-0.9918197393417358,-1.7418197393417358,assist,yes
2809,1,1,0.8670357735451834,-0.4590533971786499,-2.3340535163879395,assist,yes
2810,1,1,0.679178699175393,-1.025709867477417,-1.775709867477417,assist,Yes
2811,1,0,0.08509904964767095,-2.996056318283081,-0.6210563778877258,assist,no
2812,1,1,0.9669140225647107,-0.348769873380661,-3.7237699031829834,assist,yes
2813,1,1,0.7772998611746911,-0.6609429121017456,-1.9109429121017456,assist,yes
2814,1,0,0.1480471980316895,-2.3772222995758057,-0.6272222995758057,assist,no
2815,1,1,0.7772998508568416,-0.4981573224067688,-1.748157262802124,assist,yes
2816,1,1,0.8519527869325346,-0.4780675172805786,-2.228067398071289,assist,yes
2817,1,0,0.34864513533394575,-1.5394172668457031,-0.9144172668457031,assist,no
2818,1,1,0.8519528019683106,-0.40927863121032715,-2.159278631210327,assist,yes
2819,1,1,0.9046505428129514,-0.35503140091896057,-2.6050314903259277,assist,yes
2820,1,1,0.851952809486198,-0.5456270575523376,-2.2956271171569824,assist,yes
2821,1,0,0.07585817166422973,-3.260094165802002,-0.7600940465927124,assist,no
2822,1,0,0.5,-1.2050232887268066,-1.2050232887268066,assist,no
2823,1,1,0.9579122726851417,-0.24878381192684174,-3.373783826828003,assist,yes
2824,1,1,0.7772998611746911,-0.5565334558486938,-1.8065334558486938,assist,yes
2825,1,0,0.11920292828022305,-2.795828342437744,-0.7958284020423889,assist,no
2826,1,1,0.8175744939732856,-0.5476726293563843,-2.047672748565674,assist,yes
2827,1,1,0.6224593312018546,-1.0741724967956543,-1.5741724967956543,assist,yes
2828,1,1,0.7981867777396212,-0.4996296167373657,-1.8746296167373657,assist,yes
2829,1,1,0.7772998611746911,-0.5969597101211548,-1.8469597101211548,assist,yes
2830,1,0,0.4378234991142019,-1.3283473253250122,-1.0783473253250122,assist,no
2831,1,1,0.7981867873410141,-0.5657324194908142,-1.940732479095459,assist,yes
2832,1,1,0.7981867777396212,-0.6031235456466675,-1.9781235456466675,assist,yes
2833,1,1,0.5621765008857981,-0.8899706602096558,-1.1399706602096558,assist,yes
2834,1,1,0.798186768138228,-0.5007789731025696,-1.8757789134979248,assist,yes
2835,1,1,0.8519527869325346,-0.473793625831604,-2.2237935066223145,assist,yes
2836,1,1,0.6224593312018546,-0.9697797298431396,-1.4697797298431396,assist,yes
2837,1,1,0.7310585786300049,-0.6572564840316772,-1.6572564840316772,assist,yes
2838,1,1,0.8354835248143776,-0.4917486608028412,-2.116748571395874,assist,yes
2839,1,0,0.37754066879814546,-1.5768235921859741,-1.0768235921859741,assist,no
2840,1,1,0.754914997895581,-0.5927605032920837,-1.7177605628967285,assist,yes
2841,1,1,0.8354835452961425,-0.4929782748222351,-2.11797833442688,assist,yes
2842,1,1,0.7310585786300049,-0.6496697664260864,-1.6496697664260864,assist,yes
2843,1,1,0.6791786861878392,-0.7961574196815491,-1.5461573600769043,assist,yes
2844,1,1,0.8175744761936437,-0.5086019039154053,-2.0086019039154053,assist,yes
2845,1,1,0.6224593312018546,-1.0738577842712402,-1.5738577842712402,assist,yes
2846,1,0,0.5,-1.0012751817703247,-1.0012751817703247,assist,no
2847,1,1,0.8519527944504226,-0.5030749440193176,-2.253074884414673,assist,yes
2848,1,1,0.7057850278370112,-0.7709190845489502,-1.6459190845489502,assist,yes
2849,1,0,0.4378234991142019,-1.4533424377441406,-1.2033424377441406,assist,no
2850,1,1,0.9324533051062237,-0.2996547818183899,-2.924654722213745,assist,yes
2851,1,1,0.9399133481428692,-0.3171415627002716,-3.067141532897949,assist,yes
2852,1,1,0.7981867825403176,-0.42303547263145447,-1.7980355024337769,assist,yes
2853,1,1,0.8670357563664174,-0.4951503574848175,-2.370150327682495,assist,yes
2854,1,0,0.5,-1.3348418474197388,-1.3348418474197388,assist,no
2855,1,1,0.5312093733737563,-0.9560189247131348,-1.0810189247131348,assist,yes
2856,1,0,0.4378234991142019,-1.4351105690002441,-1.1851105690002441,assist,no
2857,1,1,0.8807970779778823,-0.4083278179168701,-2.40832781791687,assist,yes
2858,1,1,0.7981867777396212,-0.5047512054443359,-1.879751205444336,assist,yes
2859,1,1,0.7310585903489892,-0.6415194869041443,-1.641519546508789,assist,yes
2860,1,1,0.89330940889474,-0.36539074778556824,-2.4903907775878906,assist,yes
2861,1,1,0.7057850154599563,-0.6669512391090393,-1.5419511795043945,assist,yes
2862,1,1,0.5312093733737563,-1.1910910606384277,-1.3160910606384277,assist,Yes
2863,1,1,0.5926665999540697,-1.119404911994934,-1.494404911994934,assist,Yes
2864,1,1,0.7981867873410141,-0.5648719668388367,-1.9398720264434814,assist,yes
2865,1,1,0.9241418158002492,-0.3932045102119446,-2.8932044506073,assist,yes
2866,1,0,0.32082130082460697,-1.5320266485214233,-0.7820266485214233,assist,no
2867,1,1,0.5926665999540697,-1.0990896224975586,-1.4740896224975586,assist,Yes
2868,1,0,0.37754066879814546,-1.5167897939682007,-1.0167897939682007,assist,No
2869,1,1,0.7057850278370112,-0.8130084276199341,-1.688008427619934,assist,Yes
2870,1,1,0.7310585786300049,-0.9816112518310547,-1.9816112518310547,assist,Yes
2871,1,1,0.8519528132451416,-0.3863431513309479,-2.136343240737915,assist,yes
2872,1,1,0.5312093733737563,-1.272426962852478,-1.397426962852478,assist,Yes
2873,1,1,0.6224593312018546,-0.8789389133453369,-1.378938913345337,assist,yes
2874,1,1,0.6224593312018546,-0.922722578048706,-1.422722578048706,assist,yes
2875,1,1,0.6513548646660542,-0.9248697757720947,-1.5498697757720947,assist,yes
2876,1,1,0.8670357666736773,-0.3718661665916443,-2.246866226196289,assist,yes
2877,1,1,0.798186768138228,-0.5647345185279846,-1.9397344589233398,assist,yes
2878,1,0,0.1480471829959148,-2.5842461585998535,-0.834246039390564,assist,no
2879,1,1,0.97068777009661,-0.3134267032146454,-3.8134267330169678,assist,yes
2880,1,1,0.8933094003735664,-0.6867385506629944,-2.8117384910583496,assist,yes
2881,1,1,0.8519528170040853,-0.4681600332260132,-2.2181601524353027,assist,yes
2882,1,0,0.20181322226037882,-2.1936731338500977,-0.8186731338500977,assist,no
2883,1,1,0.7772998714925403,-0.5968381762504578,-1.8468382358551025,assist,yes
2884,1,1,0.6224593312018546,-1.072669267654419,-1.572669267654419,assist,yes
2885,1,1,0.6224593312018546,-1.0569764375686646,-1.5569764375686646,assist,yes
2886,1,1,0.9149009526726544,-0.3175106346607208,-2.6925106048583984,assist,yes
2887,1,0,0.4378234991142019,-1.2817940711975098,-1.0317940711975098,assist,no
2888,1,1,0.7772998611746911,-0.5309419631958008,-1.7809419631958008,assist,yes
2889,1,1,0.7772998611746911,-0.7607674598693848,-2.0107674598693848,assist,yes
2890,1,0,0.4378234991142019,-1.4342129230499268,-1.1842129230499268,assist,no
2891,1,1,0.8807970779778823,-0.40830087661743164,-2.4083008766174316,assist,yes
2892,1,1,0.9324533163686646,-0.6483944654464722,-3.2733945846557617,assist,yes
2893,1,1,0.5926665999540697,-0.9992376565933228,-1.3742376565933228,assist,yes
2894,1,1,0.9399133515091156,-0.3476574122905731,-3.0976574420928955,assist,yes
2895,1,1,0.8519528019683106,-0.5870022773742676,-2.3370022773742676,assist,yes
2896,1,1,0.7981867873410141,-0.5001787543296814,-1.8751788139343262,assist,yes
2897,1,1,0.6513548646660542,-0.8358612060546875,-1.4608612060546875,assist,yes
2898,1,1,0.8807970904940926,-0.40861260890960693,-2.4086127281188965,assist,yes
2899,1,1,0.754914997895581,-0.9523522257804871,-2.077352285385132,assist,Yes
2900,1,1,0.5621765155565327,-0.9368192553520203,-1.186819314956665,assist,yes
2901,1,1,0.5926665999540697,-1.064634919166565,-1.439634919166565,assist,yes
2902,1,1,0.7549149868676283,-0.5313395261764526,-1.6563395261764526,assist,yes
2903,1,1,0.8933093975331751,-0.4609578549861908,-2.5859577655792236,assist,yes
2904,1,0,0.46879062662624377,-1.0309343338012695,-0.9059343338012695,assist,no
2905,1,1,0.7057850278370112,-0.86376953125,-1.73876953125,assist,yes
2906,1,0,0.24508501313237172,-1.8476507663726807,-0.7226507663726807,assist,no
2907,1,1,0.8175744584140004,-0.548075795173645,-2.0480756759643555,assist,yes
2908,1,1,0.7549149868676283,-0.5540547370910645,-1.6790547370910645,assist,yes
2909,1,1,0.8807970904940926,-0.4399040937423706,-2.43990421295166,assist,yes
2910,1,1,0.8354835371034369,-0.46072912216186523,-2.0857291221618652,assist,yes
2911,1,0,0.08509904500702024,-2.8893685340881348,-0.5143685340881348,assist,No
2912,1,1,0.798186768138228,-0.7351141571998596,-2.110114097595215,assist,yes
2913,1,1,0.9046505428129514,-0.3030523359775543,-2.5530524253845215,assist,yes
2914,1,1,0.8519528170040853,-0.5453966856002808,-2.2953968048095703,assist,yes
2915,1,1,0.6791786861878392,-0.8868940472602844,-1.6368939876556396,assist,yes
2916,1,1,0.9399133498259924,-0.4544053077697754,-3.2044053077697754,assist,yes
2917,1,0,0.5,-1.2573000192642212,-1.2573000192642212,assist,no
2918,1,1,0.8519528019683106,-0.46844005584716797,-2.218440055847168,assist,yes
2919,1,1,0.7310585786300049,-0.7604923248291016,-1.7604923248291016,assist,yes
2920,1,1,0.9046505376715775,-0.30479976534843445,-2.554799795150757,assist,yes
2921,1,1,0.8933093946927838,-0.49604523181915283,-2.6210451126098633,assist,yes
2922,1,1,0.7981867777396212,-0.5312457084655762,-1.9062457084655762,assist,yes
2923,1,1,0.9241418220680101,-0.30910560488700867,-2.809105634689331,assist,yes
2924,1,1,0.8519527869325346,-0.44079506397247314,-2.1907949447631836,assist,yes
2925,1,1,0.6224593312018546,-0.7405095100402832,-1.2405095100402832,assist,yes
2926,1,1,0.6513548782017746,-0.7963463664054871,-1.4213464260101318,assist,yes
2927,1,1,0.9046505248181417,-0.4903966188430786,-2.740396499633789,assist,yes
2928,1,1,0.8933093975331751,-0.4258976876735687,-2.5508975982666016,assist,yes
2929,1,1,0.8519528019683106,-0.4726722240447998,-2.2226722240448,assist,yes
2930,1,0,0.37754066879814546,-1.5024693012237549,-1.0024693012237549,assist,No
2931,1,1,0.8519527944504226,-0.5122066140174866,-2.262206554412842,assist,yes
2932,1,1,0.6224593452091672,-0.8400301337242126,-1.3400301933288574,assist,yes
2933,1,1,0.7057850154599563,-0.7112424969673157,-1.586242437362671,assist,yes
2934,1,1,0.9324533126145177,-0.29775112867355347,-2.9227511882781982,assist,yes
2935,1,1,0.7057850402140659,-0.8282067179679871,-1.7032067775726318,assist,yes
2936,1,1,0.8519527982093668,-0.4123552143573761,-2.1623551845550537,assist,yes
2937,1,0,0.4073334000459302,-1.3298364877700806,-0.9548364877700806,assist,no
2938,1,1,0.6224593312018546,-1.1505409479141235,-1.6505409479141235,assist,Yes
2939,1,1,0.7057850278370112,-0.8036752939224243,-1.6786752939224243,assist,yes
2940,1,1,0.679178699175393,-0.746204137802124,-1.496204137802124,assist,yes
2941,1,1,0.6513548782017746,-0.9774152636528015,-1.6024153232574463,assist,yes
2942,1,1,0.952574129515172,-0.27739566564559937,-3.277395725250244,assist,yes
2943,1,1,0.7981867825403176,-0.4997900426387787,-1.874790072441101,assist,yes
2944,1,1,0.6513548511303336,-0.718534529209137,-1.3435344696044922,assist,yes
2945,1,1,0.8175744761936437,-0.48184967041015625,-1.9818496704101562,assist,yes
2946,1,1,0.7981867825403176,-0.4712662398815155,-1.846266269683838,assist,yes
2947,1,1,0.8933094032139576,-0.4298875629901886,-2.554887533187866,assist,yes
2948,1,0,0.5,-1.1136283874511719,-1.1136283874511719,assist,no
2949,1,1,0.7981867777396212,-0.695831298828125,-2.070831298828125,assist,yes
2950,1,1,0.7310585669110203,-0.6868143677711487,-1.686814308166504,assist,yes
2951,1,1,0.8933094003735664,-0.4985235333442688,-2.623523473739624,assist,yes
2952,1,1,0.8175744584140004,-0.5476981401443481,-2.0476980209350586,assist,yes
2953,1,0,0.32082130082460697,-1.7244610786437988,-0.9744610786437988,assist,no
2954,1,1,0.867035752930664,-0.3476446270942688,-2.222644567489624,assist,yes
2955,1,1,0.8933094060543487,-0.5409021377563477,-2.6659021377563477,assist,yes
2956,1,1,0.7981867777396212,-0.5008072853088379,-1.875807285308838,assist,yes
2957,1,0,0.18242551491653522,-2.3115286827087402,-0.8115286231040955,assist,No
2958,1,1,0.798186768138228,-0.4022744297981262,-1.7772743701934814,assist,yes
2959,1,1,0.9046505299595163,-0.44817405939102173,-2.698173999786377,assist,yes
2960,1,1,0.7772998611746911,-0.6678217649459839,-1.9178217649459839,assist,yes
2961,1,1,0.7772998508568416,-0.4277821183204651,-1.6777820587158203,assist,yes
2962,1,1,0.7981867777396212,-0.5712779760360718,-1.9462779760360718,assist,yes
2963,1,1,0.6791787121629466,-0.9378339648246765,-1.6878340244293213,assist,yes
2964,1,1,0.8807970779778823,-0.5556662082672119,-2.555666208267212,assist,yes
2965,1,1,0.8807970779778823,-0.47521305084228516,-2.475213050842285,assist,yes
2966,1,1,0.880797071719777,-0.7001858353614807,-2.700185775756836,assist,yes
2967,1,0,0.3775406547908327,-1.4676246643066406,-0.9676246047019958,assist,no
2968,1,0,0.29421497216298875,-1.7446403503417969,-0.8696403503417969,assist,no
2969,1,1,0.9046505351008906,-0.4517636299133301,-2.70176362991333,assist,yes
2970,1,1,0.7981867729389246,-0.3867950737476349,-1.7617950439453125,assist,yes
2971,1,1,0.7057850154599563,-0.6833489537239075,-1.5583488941192627,assist,yes
2972,1,1,0.8807970779778823,-0.35233235359191895,-2.352332353591919,assist,yes
2973,1,1,0.867035752930664,-0.454975426197052,-2.3299753665924072,assist,yes
2974,1,1,0.8354835371034369,-0.5708792209625244,-2.1958792209625244,assist,yes
2975,1,0,0.46879062662624377,-1.1554757356643677,-1.0304757356643677,assist,no
2976,1,1,0.7981867777396212,-0.5719082355499268,-1.9469082355499268,assist,yes
2977,1,1,0.8670357735451834,-0.4549497365951538,-2.3299498558044434,assist,yes
2978,1,1,0.6513548646660542,-0.9757452011108398,-1.6007452011108398,assist,yes
2979,1,1,0.880797071719777,-0.7001548409461975,-2.7001547813415527,assist,yes
2980,1,0,0.34864513533394575,-1.6467082500457764,-1.0217082500457764,assist,no
2981,1,1,0.9669140254249554,-0.2627919912338257,-3.6377921104431152,assist,yes
2982,1,0,0.18242550602671442,-2.224647045135498,-0.7246469259262085,assist,no
2983,1,1,0.9465966747198243,-0.44648972153663635,-3.3214898109436035,assist,yes
2984,1,0,0.5,-1.0962457656860352,-1.0962457656860352,assist,No
2985,1,1,0.8354835207180245,-0.5642133951187134,-2.189213275909424,assist,yes
2986,1,1,0.8933094003735664,-0.49926668405532837,-2.6242666244506836,assist,yes
2987,1,1,0.9465966762263737,-0.3101271390914917,-3.1851272583007812,assist,yes
2988,1,1,0.9046505325302034,-0.41318848729133606,-2.6631884574890137,assist,yes
2989,1,1,0.6513548782017746,-0.878792941570282,-1.5037930011749268,assist,yes
2990,1,1,0.5312093733737563,-1.0298280715942383,-1.1548280715942383,assist,yes
2991,1,1,0.9241418283357702,-0.46827495098114014,-2.9682750701904297,assist,yes
2992,1,1,0.9324533069832973,-0.32648685574531555,-2.951486825942993,assist,yes
2993,1,1,0.9149009596336303,-0.317344605922699,-2.6923446655273438,assist,yes
2994,1,1,0.8354835452961425,-0.5264145731925964,-2.151414632797241,assist,yes
2995,1,1,0.9324533013520764,-0.5954538583755493,-3.2204537391662598,assist,yes
2996,1,1,0.8933094003735664,-0.3150504231452942,-2.4400503635406494,assist,yes
2997,1,1,0.7057850278370112,-0.7600387334823608,-1.6350387334823608,assist,yes
2998,1,1,0.9149009549929797,-0.40774965286254883,-2.782749652862549,assist,yes
2999,1,1,0.8354835452961425,-0.5711643099784851,-2.19616436958313,assist,yes
3000,0,1,0.5312093733737563,-0.7862300276756287,-0.9112300276756287,assist,yes
3001,0,1,0.6513548782017746,-0.6206497550010681,-1.245649814605713,assist,yes
3002,0,0,0.1329642333263228,-2.3296055793762207,-0.4546055197715759,assist,no
3003,0,1,0.7057850402140659,-0.5899643301963806,-1.4649643898010254,assist,yes
3004,0,0,0.4073334000459302,-1.0278722047805786,-0.6528722047805786,assist,no
3005,0,0,0.32082130082460697,-1.7838315963745117,-1.0338315963745117,assist,no
3006,0,0,0.18242552825126704,-1.8512240648269653,-0.3512240946292877,assist,no
3007,0,0,0.2689414213699951,-1.5353237390518188,-0.5353237390518188,assist,no
3008,0,1,0.5926666143433998,-0.777812659740448,-1.1528127193450928,assist,yes
3009,0,0,0.32082130082460697,-1.3427168130874634,-0.5927168130874634,assist,no
3010,0,0,0.1329642436335826,-2.2695741653442383,-0.39457419514656067,assist,no
3011,0,0,0.2689414330889798,-1.5782053470611572,-0.578205406665802,assist,no
3012,0,1,0.7981867777396212,-0.510809063911438,-1.885809063911438,assist,yes
3013,0,0,0.22270013882530884,-1.7011470794677734,-0.45114707946777344,assist,no
3014,0,1,0.5926665999540697,-1.0145747661590576,-1.3895747661590576,assist,yes
3015,0,1,0.754914997895581,-0.7055866122245789,-1.8305866718292236,assist,yes
3016,0,0,0.22270013882530884,-1.8458248376846313,-0.5958248376846313,assist,no
3017,0,0,0.34864513533394575,-1.6551878452301025,-1.0301878452301025,assist,no
3018,0,1,0.5312093882168609,-0.9776849150657654,-1.1026849746704102,assist,yes
3019,0,0,0.3486451217982255,-1.3155906200408936,-0.6905905604362488,assist,no
3020,0,0,0.4073334000459302,-1.1813126802444458,-0.8063126802444458,assist,no
3021,0,0,0.042087725512577126,-3.7479608058929443,-0.6229607462882996,assist,no
3022,0,1,0.9241418199787566,-0.2822718620300293,-2.7822718620300293,assist,yes
3023,0,1,0.6513548782017746,-0.695919930934906,-1.3209199905395508,assist,yes
3024,0,1,0.7310585903489892,-0.5618461966514587,-1.5618462562561035,assist,yes
3025,0,1,0.5312093733737563,-0.8557032346725464,-0.9807032346725464,assist,yes
3026,0,1,0.6513548782017746,-0.5337597727775574,-1.1587598323822021,assist,yes
3027,0,0,0.2689414213699951,-1.5680261850357056,-0.5680261850357056,assist,no
3028,0,0,0.4378235137849365,-1.113220453262329,-0.8632205128669739,assist,no
3029,0,0,0.13296423676207594,-2.248566150665283,-0.3735661208629608,assist,no
3030,0,0,0.3486451217982255,-1.1557188034057617,-0.5307187438011169,assist,no
3031,0,0,0.06754669489377622,-3.1413636207580566,-0.5163636803627014,assist,no
3032,0,0,0.24508500210441886,-1.8049407005310059,-0.6799406409263611,assist,no
3033,0,0,0.20181322226037882,-2.0793263912200928,-0.7043263912200928,assist,no
3034,0,0,0.24508501313237172,-1.6571331024169922,-0.5321331024169922,assist,no
3035,0,1,0.5312093733737563,-0.84751296043396,-0.97251296043396,assist,yes
3036,0,1,0.5312093733737563,-1.2154552936553955,-1.3404552936553955,assist,Yes
3037,0,0,0.1645164628965632,-2.1888158321380615,-0.5638158321380615,assist,no
3038,0,1,0.8933094003735664,-0.2953816056251526,-2.420381546020508,assist,yes
3039,0,0,0.4073334000459302,-1.1970356702804565,-0.8220356702804565,assist,no
3040,0,0,0.1329642264548166,-2.3943190574645996,-0.5193189382553101,assist,no
3041,0,0,0.24508501313237172,-1.6158664226531982,-0.49086642265319824,assist,no
3042,0,0,0.29421497216298875,-1.5221850872039795,-0.6471850872039795,assist,no
3043,0,1,0.8175744761936437,-0.5479354858398438,-2.0479354858398438,assist,yes
3044,0,1,0.8519527906914787,-0.4154694974422455,-2.1654694080352783,assist,yes
3045,0,0,0.05340332678672523,-3.2518672943115234,-0.37686723470687866,assist,no
3046,0,0,0.34864513533394575,-1.2635467052459717,-0.6385467052459717,assist,no
3047,0,0,0.20181322226037882,-1.9920252561569214,-0.6170252561569214,assist,no
3048,0,1,0.8807970654616711,-0.48292553424835205,-2.4829254150390625,assist,yes
3049,0,1,0.679178699175393,-0.6473854780197144,-1.3973854780197144,assist,yes
3050,0,1,0.7549149868676283,-0.5844671726226807,-1.7094671726226807,assist,yes
3051,0,0,0.4073334000459302,-1.1254979372024536,-0.7504979372024536,assist,no
3052,0,0,0.5,-1.021499514579773,-1.021499514579773,assist,no
3053,0,1,0.6513548646660542,-0.6947486400604248,-1.3197486400604248,assist,yes
3054,0,1,0.9324533069832973,-0.35512807965278625,-2.980128049850464,assist,yes
3055,0,1,0.9465966747198243,-0.33946481347084045,-3.2144649028778076,assist,yes
3056,0,0,0.22270013882530884,-1.8011659383773804,-0.5511659383773804,assist,no
3057,0,0,0.5,-1.0502996444702148,-1.0502996444702148,assist,no
3058,0,0,0.4073334000459302,-1.1133781671524048,-0.7383781671524048,assist,no
3059,0,0,0.37754066879814546,-1.5217480659484863,-1.0217480659484863,assist,no
3060,0,1,0.754914997895581,-0.49928897619247437,-1.6242890357971191,assist,yes
3061,0,0,0.14804720930852133,-2.0874452590942383,-0.33744534850120544,assist,no
3062,0,0,0.24508501313237172,-1.6795833110809326,-0.5545833110809326,assist,no
3063,0,1,0.6224593312018546,-0.7302719354629517,-1.2302719354629517,assist,yes
3064,0,0,0.18242552825126704,-1.9940197467803955,-0.4940197765827179,assist,no
3065,0,1,0.7549149868676283,-0.5833812952041626,-1.7083812952041626,assist,yes
3066,0,0,0.05340332377362639,-3.2251057624816895,-0.3501056432723999,assist,no
3067,0,0,0.22270013882530884,-1.7910724878311157,-0.5410724878311157,assist,no
3068,0,0,0.46879062662624377,-0.8922213315963745,-0.7672213315963745,assist,no
3069,0,0,0.4073333856566001,-1.0609407424926758,-0.685940682888031,assist,no
3070,0,1,0.9626731083722525,-0.3216458559036255,-3.571645736694336,assist,yes
3071,0,1,0.8807970779778823,-0.43947362899780273,-2.4394736289978027,assist,yes
3072,0,0,0.02297736991002561,-3.9397740364074707,-0.1897740364074707,assist,no
3073,0,1,0.5621765008857981,-0.8018960952758789,-1.051896095275879,assist,yes
3074,0,0,0.053403325280175794,-3.2516562938690186,-0.3766562044620514,assist,no
3075,0,0,0.37754066879814546,-1.4426130056381226,-0.9426130056381226,assist,no
3076,0,0,0.047425871831197425,-3.237278699874878,-0.23727867007255554,assist,no
3077,0,0,0.1645164628965632,-2.3105714321136475,-0.6855714321136475,assist,no
3078,0,0,0.5,-1.0342682600021362,-1.0342682600021362,assist,no
3079,0,1,0.8175744673038221,-0.3772435784339905,-1.8772435188293457,assist,yes
3080,0,0,0.11920292202211755,-2.435870885848999,-0.435870885848999,assist,no
3081,0,0,0.3208212878370535,-1.3812499046325684,-0.6312498450279236,assist,no
3082,0,0,0.04742586913845881,-3.407984495162964,-0.4079844057559967,assist,no
3083,0,1,0.6513548782017746,-0.7265233397483826,-1.3515233993530273,assist,yes
3084,0,0,0.4073334000459302,-1.1946399211883545,-0.8196399211883545,assist,no
3085,0,1,0.5621764862150634,-0.9020500779151917,-1.1520500183105469,assist,yes
3086,0,0,0.022977371248114782,-3.9063620567321777,-0.1563621163368225,assist,no
3087,0,0,0.4378234991142019,-1.43313729763031,-1.18313729763031,assist,no
3088,0,0,0.24508500210441886,-1.6674704551696777,-0.542470395565033,assist,no
3089,0,1,0.6224593312018546,-0.6213165521621704,-1.1213165521621704,assist,yes
3090,0,0,0.2689414213699951,-1.5414835214614868,-0.5414835214614868,assist,no
3091,0,0,0.37754066879814546,-1.1548939943313599,-0.6548939943313599,assist,no
3092,0,0,0.4378235137849365,-1.0099883079528809,-0.7599883675575256,assist,no
3093,0,0,0.13296424019782924,-2.518491268157959,-0.643491268157959,assist,no
3094,0,1,0.8933093975331751,-0.43238577246665955,-2.5573856830596924,assist,yes
3095,0,0,0.5,-1.0722630023956299,-1.0722630023956299,assist,no
3096,0,1,0.5926666143433998,-0.9674577116966248,-1.3424577713012695,assist,yes
3097,0,1,0.5621765155565327,-0.8021606802940369,-1.0521607398986816,assist,yes
3098,0,0,0.09534946232842245,-2.5136563777923584,-0.263656347990036,assist,no
3099,0,1,0.6224593312018546,-0.6867344379425049,-1.1867344379425049,assist,yes
3100,0,0,0.0293122256635596,-4.159352779388428,-0.6593526005744934,assist,no
3101,0,1,0.9241418283357702,-0.3968442678451538,-2.8968443870544434,assist,yes
3102,0,1,0.8175744673038221,-0.4062541127204895,-1.9062540531158447,assist,yes
3103,0,1,0.6224593312018546,-0.7312394380569458,-1.2312394380569458,assist,yes
3104,0,0,0.22270014914315833,-1.845682144165039,-0.5956822037696838,assist,no
3105,0,0,0.03732689162774753,-3.647867202758789,-0.3978673219680786,assist,no
3106,0,1,0.679178699175393,-0.6029173135757446,-1.3529173135757446,assist,yes
3107,0,1,0.6791787121629466,-0.6207732558250427,-1.3707733154296875,assist,yes
3108,0,0,0.2689414213699951,-1.499515175819397,-0.499515175819397,assist,no
3109,0,1,0.5621765008857981,-0.8195945024490356,-1.0695945024490356,assist,yes
3110,0,0,0.2689414213699951,-1.9682221412658691,-0.9682221412658691,assist,no
3111,0,0,0.37754066879814546,-1.1644279956817627,-0.6644279956817627,assist,no
3112,0,1,0.7057850402140659,-0.5423755049705505,-1.4173755645751953,assist,yes
3113,0,1,0.9241418199787566,-0.33289003372192383,-2.832890033721924,assist,yes
3114,0,1,0.9324533032291502,-0.3260250985622406,-2.9510250091552734,assist,yes
3115,0,0,0.29421497216298875,-1.4405264854431152,-0.5655264854431152,assist,no
3116,0,0,0.04208773031866069,-3.462829113006592,-0.3378291726112366,assist,no
3117,0,1,0.5621765008857981,-0.7154544591903687,-0.9654544591903687,assist,yes
3118,0,0,0.03732688573777281,-3.4214446544647217,-0.1714446097612381,assist,no
3119,0,0,0.20181322226037882,-1.828941822052002,-0.45394182205200195,assist,no
3120,0,1,0.7981867825403176,-0.40513619780540466,-1.780136227607727,assist,yes
3121,0,0,0.3775406828054583,-1.1533241271972656,-0.6533241868019104,assist,no
3122,0,1,0.7057850154599563,-0.6329174637794495,-1.5079174041748047,assist,yes
3123,0,0,0.24508501313237172,-1.7197363376617432,-0.5947363376617432,assist,no
3124,0,0,0.01798621154126062,-4.305171489715576,-0.30517157912254333,assist,no
3125,0,0,0.04208773031866069,-3.7005903720855713,-0.5755904316902161,assist,no
3126,0,0,0.09534945718704857,-2.568929672241211,-0.3189295828342438,assist,no
3127,0,0,0.5,-1.001068353652954,-1.001068353652954,assist,no
3128,0,0,0.22270013882530884,-1.6942991018295288,-0.4442991018295288,assist,no
3129,0,0,0.10669059394565118,-2.458496332168579,-0.3334963321685791,assist,no
3130,0,0,0.033085986016024416,-4.042557716369629,-0.667557954788208,assist,no
3131,0,0,0.37754066879814546,-1.1658859252929688,-0.6658859252929688,assist,no
3132,0,0,0.2689414213699951,-1.5750962495803833,-0.5750962495803833,assist,no
3133,0,0,0.3775406828054583,-1.17478346824646,-0.6747835278511047,assist,no
3134,0,0,0.1480472055495773,-2.138654947280884,-0.38865500688552856,assist,no
3135,0,1,0.8519527869325346,-0.3424917459487915,-2.092491626739502,assist,yes
3136,0,0,0.0953494648991095,-2.465956449508667,-0.215956449508667,assist,no
3137,0,0,0.2942149845400438,-1.6863245964050293,-0.8113246560096741,assist,no
3138,0,0,0.02931223287127187,-3.7168378829956055,-0.21683795750141144,assist,no
3139,0,0,0.01406362559692558,-4.447699069976807,-0.19769896566867828,assist,no
3140,0,1,0.6513548646660542,-0.6422587633132935,-1.2672587633132935,assist,yes
3141,0,1,0.5621765008857981,-0.8020583391189575,-1.0520583391189575,assist,yes
3142,0,1,0.5312093733737563,-0.81270831823349,-0.93770831823349,assist,yes
3143,0,1,0.8807970779778823,-0.3309154510498047,-2.3309154510498047,assist,yes
3144,0,0,0.40733341443526055,-1.2842342853546143,-0.909234344959259,assist,no
3145,0,0,0.4378234991142019,-1.3283684253692627,-1.0783684253692627,assist,no
3146,0,1,0.8175744761936437,-0.3590974807739258,-1.8590974807739258,assist,yes
3147,0,0,0.0953494648991095,-2.887701988220215,-0.6377019882202148,assist,no
3148,0,0,0.37754066879814546,-1.3553708791732788,-0.8553708791732788,assist,no
3149,0,1,0.798186768138228,-0.4236055016517639,-1.7986054420471191,assist,yes
3150,0,0,0.3486451488696663,-1.2647531032562256,-0.6397531628608704,assist,no
3151,0,0,0.2018132174596823,-1.7539353370666504,-0.378935307264328,assist,no
3152,0,0,0.5,-0.9889208674430847,-0.9889208674430847,assist,no
3153,0,0,0.053403329799824234,-3.1942262649536133,-0.3192262649536133,assist,no
3154,0,0,0.4378234991142019,-0.9842827916145325,-0.7342827916145325,assist,no
3155,0,0,0.24508500210441886,-1.5888645648956299,-0.4638645052909851,assist,no
3156,0,0,0.24508501313237172,-1.6254194974899292,-0.5004194974899292,assist,no
3157,0,0,0.5,-0.8526394963264465,-0.8526394963264465,assist,no
3158,0,1,0.8354835371034369,-0.40101051330566406,-2.026010513305664,assist,yes
3159,0,1,0.5926666143433998,-0.7871367335319519,-1.1621367931365967,assist,yes
3160,0,0,0.14804719051380197,-2.300312042236328,-0.5503119826316833,assist,no
3161,0,1,0.7981867777396212,-0.40431058406829834,-1.7793105840682983,assist,yes
3162,0,0,0.37754066879814546,-1.4236253499984741,-0.9236253499984741,assist,no
3163,0,0,0.08509904964767095,-2.7943291664123535,-0.4193292260169983,assist,no
3164,0,1,0.8670357494949105,-0.36784490942955017,-2.242844820022583,assist,yes
3165,0,0,0.46879064146934857,-1.0294981002807617,-0.9044981598854065,assist,no
3166,0,1,0.7057850278370112,-0.6183801889419556,-1.4933801889419556,assist,yes
3167,0,0,0.24508502416032488,-1.6402239799499512,-0.515224039554596,assist,no
3168,0,0,0.4378234991142019,-1.1971763372421265,-0.9471763372421265,assist,no
3169,0,0,0.1480471980316895,-2.4146885871887207,-0.6646885871887207,assist,no
3170,0,0,0.5,-0.864010751247406,-0.864010751247406,assist,no
3171,0,1,0.6513548646660542,-0.6683536767959595,-1.2933536767959595,assist,yes
3172,0,1,0.754914975839675,-0.481575071811676,-1.6065750122070312,assist,yes
3173,0,0,0.4378234991142019,-1.0010709762573242,-0.7510709762573242,assist,no
3174,0,1,0.6513548511303336,-0.557220995426178,-1.1822209358215332,assist,yes
3175,0,1,0.8807970842359877,-0.2696837782859802,-2.269683837890625,assist,yes
3176,0,0,0.32082130082460697,-1.395550012588501,-0.645550012588501,assist,no
3177,0,0,0.16451646699291617,-2.042731523513794,-0.41773155331611633,assist,no
3178,0,0,0.16451646699291617,-1.9575275182724,-0.3325275480747223,assist,no
3179,0,0,0.4073334000459302,-1.05377197265625,-0.67877197265625,assist,no
3180,0,1,0.6224593452091672,-0.7915462851524353,-1.29154634475708,assist,yes
3181,0,0,0.40733341443526055,-1.2131385803222656,-0.8381386399269104,assist,no
3182,0,0,0.4073333856566001,-1.0932645797729492,-0.7182645201683044,assist,no
3183,0,1,0.679178699175393,-0.559173583984375,-1.309173583984375,assist,yes
3184,0,0,0.46879062662624377,-1.061843752861023,-0.936843752861023,assist,no
3185,0,1,0.9046505325302034,-0.4545595943927765,-2.704559564590454,assist,yes
3186,0,0,0.46879062662624377,-1.2868140935897827,-1.1618140935897827,assist,No
3187,0,0,0.2689414213699951,-1.5506221055984497,-0.5506221055984497,assist,no
3188,0,0,0.46879062662624377,-0.9448440074920654,-0.8198440074920654,assist,no
3189,0,1,0.8175744761936437,-0.5123836994171143,-2.0123836994171143,assist,yes
3190,0,1,0.7981867777396212,-0.45008087158203125,-1.8250808715820312,assist,yes
3191,0,1,0.6513548646660542,-0.8489608764648438,-1.4739608764648438,assist,yes
3192,0,1,0.9149009596336303,-0.2751731276512146,-2.6501731872558594,assist,yes
3193,0,0,0.10669060246682488,-2.4805796146392822,-0.3555797040462494,assist,no
3194,0,0,0.2942149597859341,-1.8019964694976807,-0.9269964098930359,assist,No
3195,0,1,0.851952809486198,-0.4717380404472351,-2.22173810005188,assist,yes
3196,0,1,0.5926665999540697,-0.7515422105789185,-1.1265422105789185,assist,yes
3197,0,0,0.22270012850745968,-2.017662763595581,-0.7676627039909363,assist,no
3198,0,0,0.4378234991142019,-0.9913299679756165,-0.7413299679756165,assist,no
3199,0,0,0.4073334000459302,-1.1959384679794312,-0.8209384679794312,assist,no
3200,0,0,0.042087729117139754,-3.3166208267211914,-0.1916208565235138,assist,no
3201,0,1,0.904650527388829,-0.30407652258872986,-2.5540764331817627,assist,yes
3202,0,0,0.18242552380635632,-1.8881354331970215,-0.3881354331970215,assist,no
3203,0,1,0.9046505325302034,-0.38343384861946106,-2.6334338188171387,assist,yes
3204,0,0,0.24508501313237172,-1.6965231895446777,-0.5715231895446777,assist,no
3205,0,1,0.7981867777396212,-0.5781726837158203,-1.9531726837158203,assist,yes
3206,0,0,0.2689414213699951,-1.5350451469421387,-0.5350451469421387,assist,no
3207,0,1,0.6513548782017746,-0.7366623282432556,-1.3616623878479004,assist,yes
3208,0,0,0.10669058826486906,-2.436021566390991,-0.31102150678634644,assist,no
3209,0,0,0.32082130082460697,-1.38068425655365,-0.6306842565536499,assist,no
3210,0,1,0.6791787121629466,-0.7406706213951111,-1.4906706809997559,assist,yes
3211,0,1,0.5926666143433998,-0.7128593325614929,-1.0878593921661377,assist,yes
3212,0,1,0.9046505299595163,-0.3548956513404846,-2.60489559173584,assist,yes
3213,0,0,0.4073333856566001,-1.1258108615875244,-0.7508108019828796,assist,no
3214,0,0,0.22270011818961086,-2.109971046447754,-0.8599709272384644,assist,no
3215,0,0,0.4073334000459302,-1.5151751041412354,-1.1401751041412354,assist,no
3216,0,0,0.4073334000459302,-1.080376148223877,-0.705376148223877,assist,no
3217,0,1,0.6791786861878392,-0.6021628975868225,-1.3521628379821777,assist,yes
3218,0,0,0.06008665354025422,-3.005852699279785,-0.25585275888442993,assist,no
3219,0,1,0.7772998611746911,-0.5895850658416748,-1.8395850658416748,assist,yes
3220,0,0,0.3775406547908327,-1.1360583305358887,-0.6360582709312439,assist,no
3221,0,0,0.09534945461636171,-2.9807610511779785,-0.730760931968689,assist,no
3222,0,0,0.13296424019782924,-2.568159341812134,-0.6931593418121338,assist,no
3223,0,0,0.4378234991142019,-1.113662838935852,-0.863662838935852,assist,no
3224,0,1,0.8519528170040853,-0.35842597484588623,-2.108426094055176,assist,yes
3225,0,0,0.07585818837825822,-3.0680437088012695,-0.5680438280105591,assist,no
3226,0,0,0.06008665017400762,-3.002911329269409,-0.2529113292694092,assist,no
3227,0,1,0.8807970873650403,-0.3822731077671051,-2.3822731971740723,assist,yes
3228,0,1,0.8354835330070839,-0.3801937401294708,-2.0051937103271484,assist,yes
3229,0,0,0.18242552380635632,-2.078617811203003,-0.5786178112030029,assist,no
3230,0,1,0.8354835289107309,-0.40124231576919556,-2.026242256164551,assist,yes
3231,0,1,0.6513548646660542,-0.6678805351257324,-1.2928805351257324,assist,yes
3232,0,0,0.08509904964767095,-2.8660783767700195,-0.4910784363746643,assist,no
3233,0,0,0.5,-1.0334076881408691,-1.0334076881408691,assist,no
3234,0,0,0.18242552825126704,-1.8903199434280396,-0.39031997323036194,assist,no
3235,0,0,0.3486451217982255,-1.3601112365722656,-0.7351111769676208,assist,no
3236,0,0,0.5,-0.940503716468811,-0.940503716468811,assist,no
3237,0,0,0.29421497216298875,-1.5561552047729492,-0.6811552047729492,assist,no
3238,0,1,0.5926665999540697,-0.6537481546401978,-1.0287481546401978,assist,yes
3239,0,0,0.16451645470385742,-2.289931297302246,-0.6649312376976013,assist,no
3240,0,0,0.3775406828054583,-1.1656806468963623,-0.6656807065010071,assist,no
3241,0,0,0.34864513533394575,-1.3285990953445435,-0.7035990953445435,assist,no
3242,0,0,0.10669058826486906,-2.6509101390838623,-0.5259100794792175,assist,no
3243,0,0,0.03732689162774753,-3.8172855377197266,-0.5672856569290161,assist,no
3244,0,0,0.46879062662624377,-0.9925329685211182,-0.8675329685211182,assist,no
3245,0,0,0.37754066879814546,-1.1998848915100098,-0.6998848915100098,assist,no
3246,0,1,0.8175744761936437,-0.3991200923919678,-1.8991200923919678,assist,yes
3247,0,0,0.20181322226037882,-2.1130003929138184,-0.7380003929138184,assist,no
3248,0,0,0.29421497216298875,-1.6158136129379272,-0.7408136129379272,assist,no
3249,0,1,0.5926666143433998,-0.8867351412773132,-1.261735200881958,assist,yes
3250,0,0,0.24508501313237172,-1.6159965991973877,-0.4909965991973877,assist,no
3251,0,0,0.3486451217982255,-1.2632317543029785,-0.6382316946983337,assist,no
3252,0,0,0.02595736171885236,-4.043268203735352,-0.4182683825492859,assist,no
3253,0,1,0.7057850154599563,-0.6918433308601379,-1.5668432712554932,assist,yes
3254,0,1,0.8670357494949105,-0.2580340802669525,-2.1330339908599854,assist,yes
3255,0,0,0.020332355123551627,-4.1265034675598145,-0.2515035569667816,assist,no
3256,0,0,0.22270011818961086,-2.0710620880126953,-0.8210619688034058,assist,no
3257,0,0,0.24508500210441886,-1.6679177284240723,-0.5429176688194275,assist,no
3258,0,0,0.1480471980316895,-2.1861572265625,-0.4361572265625,assist,no
3259,0,0,0.007577240371427665,-5.233574867248535,-0.3585747480392456,assist,no
3260,0,1,0.5621764862150634,-0.9020105004310608,-1.152010440826416,assist,yes
3261,0,0,0.24508500210441886,-1.6416587829589844,-0.5166587233543396,assist,no
3262,0,0,0.29421497216298875,-1.3394616842269897,-0.46446168422698975,assist,no
3263,0,0,0.2689414330889798,-1.5604400634765625,-0.5604401230812073,assist,no
3264,0,0,0.4378234991142019,-0.9922637939453125,-0.7422637939453125,assist,no
3265,0,0,0.20181323186177208,-1.980417013168335,-0.6054170727729797,assist,no
3266,0,1,0.5621765008857981,-0.7569808959960938,-1.0069808959960938,assist,yes
3267,0,0,0.20181323186177208,-2.0993690490722656,-0.7243691086769104,assist,no
3268,0,0,0.0953494648991095,-2.797088384628296,-0.5470883846282959,assist,no
3269,0,1,0.6224593171945417,-0.6440709233283997,-1.1440708637237549,assist,yes
3270,0,0,0.4378234991142019,-1.0682201385498047,-0.8182201385498047,assist,no
3271,0,1,0.8807970842359877,-0.31175607442855835,-2.311756134033203,assist,yes
3272,0,0,0.3208212878370535,-1.4950330257415771,-0.7450329661369324,assist,no
3273,0,1,0.8175744673038221,-0.5537975430488586,-2.053797483444214,assist,yes
3274,0,1,0.7549149868676283,-0.5039876699447632,-1.6289876699447632,assist,yes
3275,0,0,0.3775406547908327,-1.2249531745910645,-0.7249531149864197,assist,no
3276,0,1,0.7310585903489892,-0.4518720507621765,-1.4518721103668213,assist,yes
3277,0,1,0.7057850278370112,-0.6178300380706787,-1.4928300380706787,assist,yes
3278,0,0,0.022977371582637088,-3.9812445640563965,-0.23124463856220245,assist,no
3279,0,1,0.7057850278370112,-0.521710991859436,-1.396710991859436,assist,yes
3280,0,0,0.03308598220236406,-3.698666572570801,-0.32366669178009033,assist,no
3281,0,0,0.022977373924293353,-4.350189208984375,-0.6001893877983093,assist,no
3282,0,0,0.13296424019782924,-2.5971479415893555,-0.7221479415893555,assist,no
3283,0,0,0.09534946361376598,-2.4921319484710693,-0.24213193356990814,assist,no
3284,0,1,0.5621765008857981,-1.0193465948104858,-1.2693465948104858,assist,yes
3285,0,0,0.20181322226037882,-1.8567967414855957,-0.4817967414855957,assist,no
3286,0,1,0.7057850278370112,-0.6258041858673096,-1.5008041858673096,assist,yes
3287,0,0,0.014063625390308462,-4.839077472686768,-0.589077353477478,assist,No
3288,0,0,0.4073334000459302,-1.0443954467773438,-0.6693954467773438,assist,no
3289,0,0,0.46879062662624377,-0.8643171787261963,-0.7393171787261963,assist,no
3290,0,1,0.8175744673038221,-0.4264393448829651,-1.9264392852783203,assist,yes
3291,0,0,0.46879061178313897,-1.0307507514953613,-0.9057506918907166,assist,no
3292,0,1,0.5312093733737563,-0.8836727142333984,-1.0086727142333984,assist,yes
3293,0,0,0.06754668926255561,-2.9128668308258057,-0.2878668010234833,assist,no
3294,0,0,0.03308597552845946,-3.618382692337036,-0.24338260293006897,assist,no
3295,0,1,0.9046505325302034,-0.30367186665534973,-2.5536718368530273,assist,yes
3296,0,0,0.03308597934211908,-3.806813955307007,-0.4318139851093292,assist,no
3297,0,0,0.14804720930852133,-2.0450589656829834,-0.29505905508995056,assist,no
3298,0,1,0.8519527944504226,-0.3611498475074768,-2.111149787902832,assist,yes
3299,0,0,0.06754669489377622,-2.847581148147583,-0.22258120775222778,assist,no
3300,0,0,0.20181322226037882,-1.9419445991516113,-0.5669445991516113,assist,no
3301,0,1,0.5621765008857981,-0.8013076782226562,-1.0513076782226562,assist,yes
3302,0,0,0.5,-1.0338845252990723,-1.0338845252990723,assist,no
3303,0,0,0.32082130082460697,-1.4945073127746582,-0.7445073127746582,assist,no
3304,0,0,0.3775406547908327,-1.2247836589813232,-0.7247835993766785,assist,no
3305,0,1,0.7310585786300049,-0.4688023328781128,-1.4688023328781128,assist,yes
3306,0,0,0.05340332603345051,-3.1218924522399902,-0.24689237773418427,assist,no
3307,0,1,0.5312093733737563,-0.793816089630127,-0.918816089630127,assist,yes
3308,0,0,0.03732689162774753,-3.5206799507141113,-0.2706800699234009,assist,no
3309,0,0,0.16451647108926923,-2.309244155883789,-0.6842442154884338,assist,no
3310,0,1,0.6224593312018546,-0.704558253288269,-1.204558253288269,assist,yes
3311,0,1,0.880797068590724,-0.30963334441185,-2.309633255004883,assist,yes
3312,0,1,0.7981867825403176,-0.45021530985832214,-1.8252153396606445,assist,yes
3313,0,1,0.7057850278370112,-0.6181991100311279,-1.493199110031128,assist,yes
3314,0,0,0.13296425394084313,-2.1837210655212402,-0.3087211847305298,assist,no
3315,0,1,0.7772998560157665,-0.45310357213020325,-1.7031035423278809,assist,yes
3316,0,0,0.1329642436335826,-2.3312268257141113,-0.4562268555164337,assist,no
3317,0,0,0.1480471980316895,-2.330566883087158,-0.5805668830871582,assist,no
3318,0,0,0.014063628696182679,-4.790661334991455,-0.5406614542007446,assist,no
3319,0,0,0.18242552380635632,-1.984161138534546,-0.4841611385345459,assist,no
3320,0,0,0.24508501313237172,-1.729951024055481,-0.604951024055481,assist,no
3321,0,0,0.2689414096510108,-1.6556909084320068,-0.6556908488273621,assist,no
3322,0,0,0.06008665017400762,-3.0099642276763916,-0.2599642276763916,assist,no
3323,0,0,0.08509903804604459,-2.794243574142456,-0.4192434847354889,assist,no
3324,0,0,0.20181322226037882,-1.829391598701477,-0.45439159870147705,assist,no
3325,0,1,0.6224593171945417,-0.6391063332557678,-1.139106273651123,assist,yes
3326,0,0,0.24508502416032488,-1.695899486541748,-0.5708995461463928,assist,no
3327,0,0,0.24508501313237172,-1.5096855163574219,-0.3846855163574219,assist,no
3328,0,1,0.914900957313305,-0.2711953818798065,-2.646195411682129,assist,yes
3329,0,0,0.18242552380635632,-1.8697482347488403,-0.36974823474884033,assist,no
3330,0,0,0.08509904964767095,-2.678115129470825,-0.30311518907546997,assist,no
3331,0,0,0.37754066879814546,-1.285110354423523,-0.785110354423523,assist,no
3332,0,0,0.37754066879814546,-1.20133638381958,-0.7013363838195801,assist,no
3333,0,0,0.08509904732734556,-2.662184476852417,-0.2871845066547394,assist,no
3334,0,1,0.5926666143433998,-0.6691069006919861,-1.0441069602966309,assist,yes
3335,0,0,0.32082130082460697,-1.342686414718628,-0.5926864147186279,assist,no
3336,0,0,0.09534946232842245,-2.5074400901794434,-0.25744006037712097,assist,no
3337,0,1,0.5621765008857981,-1.1152087450027466,-1.3652087450027466,assist,yes
3338,0,0,0.2689414213699951,-1.8550968170166016,-0.8550968170166016,assist,no
3339,0,0,0.37754066879814546,-1.2131344079971313,-0.7131344079971313,assist,no
3340,0,0,0.16451645470385742,-1.9405152797698975,-0.3155152201652527,assist,no
3341,0,0,0.14804718675485834,-2.1208581924438477,-0.3708581030368805,assist,no
3342,0,0,0.22270013882530884,-1.801934838294983,-0.5519348382949829,assist,no
3343,0,0,0.16451646699291617,-1.9407655000686646,-0.31576552987098694,assist,no
3344,0,0,0.10669060246682488,-2.459930419921875,-0.33493050932884216,assist,no
3345,0,1,0.835483553488848,-0.3782252073287964,-2.003225326538086,assist,yes
3346,0,1,0.5312093733737563,-0.8826884031295776,-1.0076884031295776,assist,yes
3347,0,0,0.20181322226037882,-1.9178529977798462,-0.5428529977798462,assist,no
3348,0,1,0.6224593171945417,-0.7698724865913391,-1.2698724269866943,assist,yes
3349,0,0,0.0600866518571309,-3.174882650375366,-0.4248826801776886,assist,no
3350,0,0,0.037326888415033926,-3.6100080013275146,-0.36000803112983704,assist,no
3351,0,0,0.46879062662624377,-0.9764226675033569,-0.8514226675033569,assist,no
3352,0,0,0.022977369240981062,-4.059444427490234,-0.309444397687912,assist,no
3353,0,0,0.01098694263059318,-4.795698642730713,-0.2956986427307129,assist,no
3354,0,0,0.09534947004048376,-2.619124174118042,-0.36912423372268677,assist,no
3355,0,0,0.1329642264548166,-2.32242488861084,-0.4474247694015503,assist,no
3356,0,1,0.679178699175393,-0.49236786365509033,-1.2423678636550903,assist,yes
3357,0,1,0.5312093733737563,-0.8735278844833374,-0.9985278844833374,assist,yes
3358,0,0,0.012431649755527152,-4.571991920471191,-0.19699183106422424,assist,no
3359,0,0,0.06754668363133542,-2.998685359954834,-0.37368524074554443,assist,no
3360,0,0,0.13296425394084313,-2.478541851043701,-0.6035419702529907,assist,No
3361,0,0,0.0474258704848281,-3.4907584190368652,-0.49075835943222046,assist,no
3362,0,0,0.18242553269617778,-1.8886308670043945,-0.3886309266090393,assist,no
3363,0,1,0.867035752930664,-0.45875483751296997,-2.333754777908325,assist,yes
3364,0,0,0.29421497216298875,-1.5418373346328735,-0.6668373346328735,assist,no
3365,0,0,0.46879062662624377,-0.9770330190658569,-0.8520330190658569,assist,no
3366,0,1,0.7310585786300049,-0.5565125942230225,-1.5565125942230225,assist,yes
3367,0,0,0.11920292828022305,-2.5418927669525146,-0.5418928265571594,assist,no
3368,0,0,0.03308597934211908,-3.803879499435425,-0.4288795292377472,assist,no
3369,0,0,0.18242552825126704,-1.935253381729126,-0.43525341153144836,assist,no
3370,0,0,0.24508501313237172,-1.6508796215057373,-0.5258796215057373,assist,no
3371,0,1,0.8670357598021706,-0.3940856456756592,-2.269085645675659,assist,yes
3372,0,0,0.03732688306051187,-3.7735633850097656,-0.5235632658004761,assist,no
3373,0,0,0.20181321265898594,-2.078665018081665,-0.7036649584770203,assist,no
3374,0,0,0.4378234991142019,-0.9910215735435486,-0.7410215735435486,assist,no
3375,0,0,0.3775406828054583,-1.1972787380218506,-0.6972787976264954,assist,no
3376,0,1,0.8354835289107309,-0.459353506565094,-2.084353446960449,assist,yes
3377,0,0,0.5,-0.9059187769889832,-0.9059187769889832,assist,no
3378,0,0,0.5,-1.0717318058013916,-1.0717318058013916,assist,no
3379,0,0,0.22270013882530884,-1.6949657201766968,-0.4449657201766968,assist,no
3380,0,0,0.16451645880021026,-1.9709982872009277,-0.34599825739860535,assist,no
3381,0,0,0.3208212878370535,-1.267566442489624,-0.5175663828849792,assist,no
3382,0,1,0.7981867873410141,-0.5308770537376404,-1.9058771133422852,assist,yes
3383,0,0,0.32082130082460697,-1.302479863166809,-0.5524798631668091,assist,no
3384,0,0,0.4378234991142019,-1.0848859548568726,-0.8348859548568726,assist,no
3385,0,1,0.7057850402140659,-0.5078698992729187,-1.3828699588775635,assist,yes
3386,0,1,0.6791787121629466,-0.6345488429069519,-1.3845489025115967,assist,yes
3387,0,0,0.4378234844434674,-1.0109994411468506,-0.7609993815422058,assist,no
3388,0,0,0.015906388912772775,-4.620424270629883,-0.4954240918159485,assist,no
3389,0,0,0.46879062662624377,-0.9155900478363037,-0.7905900478363037,assist,no
3390,0,0,0.10669060530721626,-2.4643731117248535,-0.33937323093414307,assist,no
3391,0,0,0.07585818002124356,-3.1582529544830322,-0.6582529544830322,assist,no
3392,0,1,0.7981867777396212,-0.4494272470474243,-1.8244272470474243,assist,yes
3393,0,1,0.6791786861878392,-0.579653799533844,-1.3296537399291992,assist,yes
3394,0,0,0.042087723109535534,-3.858193874359131,-0.7331937551498413,assist,no
3395,0,1,0.7310585786300049,-0.6947546005249023,-1.6947546005249023,assist,yes
3396,0,0,0.5,-0.9299198389053345,-0.9299198389053345,assist,no
3397,0,0,0.037326887344129464,-3.547325372695923,-0.29732537269592285,assist,no
3398,0,1,0.904650527388829,-0.32805976271629333,-2.578059673309326,assist,yes
3399,0,0,0.015906393111335862,-4.493743896484375,-0.36874398589134216,assist,no
3400,0,1,0.6513548646660542,-0.5659183263778687,-1.1909183263778687,assist,yes
3401,0,0,0.07585818628900447,-2.775404691696167,-0.27540478110313416,assist,no
3402,0,0,0.13296425394084313,-2.687122344970703,-0.8121224641799927,assist,no
3403,0,0,0.1066905911052601,-2.544100046157837,-0.4191000163555145,assist,no
3404,0,0,0.14804721306746543,-2.226901054382324,-0.47690117359161377,assist,no
3405,0,0,0.2942149845400438,-1.4634439945220947,-0.5884440541267395,assist,no
3406,0,1,0.6513548511303336,-0.7359974980354309,-1.3609974384307861,assist,yes
3407,0,0,0.0850990519679964,-2.7343966960906982,-0.3593967854976654,assist,no
3408,0,0,0.37754066879814546,-1.1352232694625854,-0.6352232694625854,assist,no
3409,0,0,0.29421497216298875,-1.465338110923767,-0.5903381109237671,assist,no
3410,0,1,0.7310585903489892,-0.622874915599823,-1.6228749752044678,assist,yes
3411,0,0,0.0420877273148584,-3.304025411605835,-0.17902539670467377,assist,no
3412,0,0,0.06754668738548215,-2.910382032394409,-0.2853819727897644,assist,no
3413,0,0,0.10669058826486906,-2.3987627029418945,-0.27376264333724976,assist,no
3414,0,1,0.5926665999540697,-0.7268348932266235,-1.1018348932266235,assist,yes
3415,0,0,0.07585818211049715,-2.9135613441467285,-0.4135613739490509,assist,no
3416,0,0,0.01243164810903933,-4.592596530914307,-0.21759630739688873,assist,no
3417,0,1,0.7310585786300049,-0.4488445520401001,-1.4488445520401,assist,yes
3418,0,0,0.22270013882530884,-1.6742322444915771,-0.42423224449157715,assist,no
3419,0,0,0.20181321265898594,-1.9172894954681396,-0.5422894358634949,assist,no
3420,0,0,0.4073334000459302,-1.2470786571502686,-0.8720786571502686,assist,no
3421,0,0,0.5,-1.1771217584609985,-1.1771217584609985,assist,no
3422,0,0,0.5,-0.9253015518188477,-0.9253015518188477,assist,no
3423,0,0,0.13296424706933604,-2.2995445728302,-0.42454463243484497,assist,no
3424,0,0,0.4073334000459302,-1.1675074100494385,-0.7925074100494385,assist,no
3425,0,0,0.04208773272170267,-3.4050798416137695,-0.2800799608230591,assist,no
3426,0,1,0.8807970904940926,-0.35815322399139404,-2.3581533432006836,assist,yes
3427,0,1,0.9046505376715775,-0.32770153880119324,-2.5777015686035156,assist,yes
3428,0,0,0.06754668926255561,-2.9350242614746094,-0.310024231672287,assist,no
3429,0,1,0.7310585786300049,-0.6483364105224609,-1.648336410522461,assist,yes
3430,0,0,0.20181323186177208,-1.9629020690917969,-0.5879021286964417,assist,no
3431,0,0,0.037326887344129464,-3.81490421295166,-0.5649042129516602,assist,no
3432,0,0,0.06008665522337757,-3.1785013675689697,-0.4285014569759369,assist,no
3433,0,0,0.05340332678672523,-3.3337759971618652,-0.45877593755722046,assist,no
3434,0,0,0.04742587587030561,-3.6804096698760986,-0.6804097294807434,assist,no
3435,0,0,0.1645164628965632,-2.029707431793213,-0.4047074317932129,assist,no
3436,0,1,0.9149009549929797,-0.3729701042175293,-2.7479701042175293,assist,yes
3437,0,0,0.4073333856566001,-1.090590238571167,-0.7155901789665222,assist,no
3438,0,1,0.679178699175393,-0.5366445779800415,-1.2866445779800415,assist,yes
3439,0,0,0.20181321265898594,-1.7038469314575195,-0.32884687185287476,assist,no
3440,0,0,0.0850990542883219,-2.7614006996154785,-0.38640081882476807,assist,no
3441,0,0,0.11920290950590741,-2.322415351867676,-0.32241523265838623,assist,no
3442,0,1,0.5926665999540697,-0.7203370332717896,-1.0953370332717896,assist,yes
3443,0,0,0.09534946232842245,-2.6601974964141846,-0.4101974666118622,assist,no
3444,0,0,0.1480471980316895,-2.5305533409118652,-0.7805533409118652,assist,No
3445,0,0,0.2689414213699951,-1.5032589435577393,-0.5032589435577393,assist,no
3446,0,1,0.9149009480320036,-0.4049290120601654,-2.7799289226531982,assist,yes
3447,0,1,0.8670357563664174,-0.426789790391922,-2.3017897605895996,assist,yes
3448,0,1,0.5312093733737563,-1.0305273532867432,-1.1555273532867432,assist,yes
3449,0,0,0.32082130082460697,-1.5749714374542236,-0.8249714374542236,assist,no
3450,0,1,0.851952809486198,-0.34000080823898315,-2.090000867843628,assist,yes
3451,0,0,0.006692852311177695,-5.290944576263428,-0.29094478487968445,assist,no
3452,0,0,0.3486451488696663,-1.330019474029541,-0.7050195336341858,assist,no
3453,0,0,0.2689414213699951,-1.5128709077835083,-0.5128709077835083,assist,no
3454,0,0,0.08509904964767095,-2.766737937927246,-0.39173799753189087,assist,no
3455,0,0,0.37754066879814546,-1.5170533657073975,-1.0170533657073975,assist,no
3456,0,0,0.16451645470385742,-2.072636365890503,-0.44763630628585815,assist,no
3457,0,0,0.4378235137849365,-1.0009253025054932,-0.7509253621101379,assist,no
3458,0,0,0.37754066879814546,-1.3788244724273682,-0.8788244724273682,assist,no
3459,0,1,0.8670357598021706,-0.3052399158477783,-2.1802399158477783,assist,yes
3460,0,1,0.7310585786300049,-0.6229870319366455,-1.6229870319366455,assist,yes
3461,0,1,0.9149009526726544,-0.3150022327899933,-2.690002202987671,assist,yes
3462,0,0,0.22270013882530884,-1.7268879413604736,-0.47688794136047363,assist,no
3463,0,0,0.46879062662624377,-0.944072961807251,-0.819072961807251,assist,no
3464,0,1,0.5621765008857981,-0.7705948352813721,-1.020594835281372,assist,yes
3465,0,0,0.4378234991142019,-1.0842223167419434,-0.8342223167419434,assist,no
3466,0,0,0.18242551491653522,-1.9846842288970947,-0.48468416929244995,assist,no
3467,0,0,0.22270013366638422,-1.6938482522964478,-0.44384822249412537,assist,no
3468,0,0,0.008577487187766488,-4.922299385070801,-0.1722995936870575,assist,no
3469,0,0,0.1192029188930649,-2.406744956970215,-0.40674492716789246,assist,no
3470,0,0,0.13296424706933604,-2.3567113876342773,-0.4817114472389221,assist,no
3471,0,0,0.060086648490884395,-3.0034220218658447,-0.25342199206352234,assist,no
3472,0,0,0.18242551936144574,-1.883012294769287,-0.3830122649669647,assist,no
3473,0,1,0.5312093733737563,-0.8742010593414307,-0.9992010593414307,assist,yes
3474,0,0,0.20181322226037882,-1.8121602535247803,-0.4371602535247803,assist,no
3475,0,1,0.7057850402140659,-0.5218867659568787,-1.3968868255615234,assist,yes
3476,0,0,0.1824255415859996,-2.025930404663086,-0.5259305238723755,assist,no
3477,0,0,0.24508500210441886,-1.6786720752716064,-0.5536720156669617,assist,no
3478,0,1,0.7549149868676283,-0.7042174339294434,-1.8292174339294434,assist,yes
3479,0,0,0.03732689162774753,-3.6125855445861816,-0.3625856637954712,assist,no
3480,0,0,0.18242551936144574,-1.888150691986084,-0.3881506621837616,assist,no
3481,0,0,0.13296424019782924,-2.2148854732513428,-0.3398854732513428,assist,no
3482,0,0,0.017986209962091555,-4.498101711273193,-0.49810171127319336,assist,no
3483,0,0,0.5,-0.9162757396697998,-0.9162757396697998,assist,no
3484,0,0,0.04742587317756679,-3.4076762199401855,-0.40767621994018555,assist,no
3485,0,0,0.009708476481474066,-5.327907085418701,-0.7029070854187012,assist,no
3486,0,0,0.11920291263495983,-2.4054172039031982,-0.4054171144962311,assist,no
3487,0,0,0.11920293453832885,-2.3839950561523438,-0.3839951753616333,assist,no
3488,0,1,0.5312093733737563,-0.7698549032211304,-0.8948549032211304,assist,yes
3489,0,0,0.20181322226037882,-1.8758354187011719,-0.5008354187011719,assist,no
3490,0,0,0.07585818628900447,-2.8266069889068604,-0.3266070783138275,assist,no
3491,0,0,0.11920290950590741,-2.2913355827331543,-0.29133546352386475,assist,no
3492,0,1,0.9046505299595163,-0.3547075390815735,-2.6047074794769287,assist,yes
3493,0,0,0.3208212878370535,-1.5156495571136475,-0.7656494975090027,assist,no
3494,0,0,0.14804720179063335,-2.1515448093414307,-0.40154483914375305,assist,no
3495,0,0,0.24508501313237172,-2.0179429054260254,-0.8929429054260254,assist,No
3496,0,0,0.060086646807761206,-3.1118996143341064,-0.36189955472946167,assist,no
3497,0,1,0.6513548646660542,-0.6143852472305298,-1.2393852472305298,assist,yes
3498,0,0,0.3486451488696663,-1.3000085353851318,-0.6750085949897766,assist,no
3499,0,0,0.5,-0.8291243314743042,-0.8291243314743042,assist,no
3500,0,0,0.017986212067650338,-4.305703639984131,-0.3057037591934204,assist,no
3501,0,1,0.6224593171945417,-0.665239155292511,-1.1652390956878662,assist,yes
3502,0,0,0.5,-0.7969100475311279,-0.7969100475311279,assist,no
3503,0,0,0.4378234991142019,-0.9838743805885315,-0.7338743805885315,assist,no
3504,0,0,0.02595736021183377,-4.282711505889893,-0.6577116250991821,assist,No
3505,0,0,0.22270013882530884,-1.6737046241760254,-0.4237046241760254,assist,no
3506,0,0,0.014063626630011202,-4.6974077224731445,-0.44740769267082214,assist,no
3507,0,1,0.6224593312018546,-1.0361546277999878,-1.5361546277999878,assist,yes
3508,0,1,0.7772998508568416,-0.7896307110786438,-2.039630651473999,assist,yes
3509,0,1,0.7310585786300049,-0.583781361579895,-1.583781361579895,assist,yes
3510,0,0,0.1192029188930649,-2.4381935596466064,-0.43819352984428406,assist,no
3511,0,0,0.020332353342658753,-4.420866966247559,-0.5458669662475586,assist,no
3512,0,0,0.34864513533394575,-1.548864483833313,-0.923864483833313,assist,No
3513,0,1,0.5621765008857981,-0.9611955881118774,-1.2111955881118774,assist,yes
3514,0,0,0.04208772431105632,-3.493377208709717,-0.36837711930274963,assist,no
3515,0,0,0.46879062662624377,-0.9465646743774414,-0.8215646743774414,assist,no
3516,0,1,0.8519528132451416,-0.38472452759742737,-2.1347246170043945,assist,yes
3517,0,0,0.37754066879814546,-1.3778681755065918,-0.8778681755065918,assist,no
3518,0,1,0.6224593452091672,-0.7693292498588562,-1.269329309463501,assist,yes
3519,0,0,0.2689414213699951,-1.5121647119522095,-0.5121647119522095,assist,no
3520,0,1,0.5621765008857981,-0.7445551156997681,-0.9945551156997681,assist,yes
3521,0,0,0.05340333205964859,-3.101668357849121,-0.22666840255260468,assist,no
3522,0,1,0.5621765008857981,-0.7154890894889832,-0.9654890894889832,assist,yes
3523,0,0,0.09534947004048376,-2.683316707611084,-0.43331676721572876,assist,no
3524,0,0,0.4378234991142019,-1.0678083896636963,-0.8178083896636963,assist,no
3525,0,1,0.5312093733737563,-1.0721166133880615,-1.1971166133880615,assist,yes
3526,0,0,0.033085978388704126,-4.042773246765137,-0.6677732467651367,assist,no
3527,0,0,0.5,-0.9156486988067627,-0.9156486988067627,assist,no
3528,0,0,0.3486451488696663,-1.2221462726593018,-0.5971463322639465,assist,no
3529,0,0,0.5,-0.8922944664955139,-0.8922944664955139,assist,no
3530,0,0,0.1480471980316895,-2.0598318576812744,-0.3098318576812744,assist,no
3531,0,0,0.34864513533394575,-1.2882215976715088,-0.6632215976715088,assist,no
3532,0,0,0.34864513533394575,-1.329000473022461,-0.7040004730224609,assist,no
3533,0,0,0.29421497216298875,-1.7634779214859009,-0.8884779214859009,assist,No
3534,0,0,0.1645164506075047,-2.115210771560669,-0.4902106821537018,assist,no
3535,0,1,0.8670357598021706,-0.5275514125823975,-2.4025514125823975,assist,yes
3536,0,1,0.9241418262465169,-0.43236008286476135,-2.9323601722717285,assist,yes
3537,0,1,0.8175744584140004,-0.6202431917190552,-2.1202430725097656,assist,yes
3538,0,0,0.2689414213699951,-1.8742860555648804,-0.8742860555648804,assist,no
3539,0,1,0.8670357494949105,-0.422891229391098,-2.297891139984131,assist,yes
3540,0,0,0.4378234844434674,-1.1589069366455078,-0.908906877040863,assist,no
3541,0,1,0.5312093733737563,-0.8564730882644653,-0.9814730882644653,assist,yes
3542,0,0,0.033085981248949035,-3.7678468227386475,-0.3928469121456146,assist,no
3543,0,0,0.042087729117139754,-3.4931910037994385,-0.36819103360176086,assist,no
3544,0,0,0.0675466911396291,-3.1837172508239746,-0.5587172508239746,assist,no
3545,0,0,0.5,-0.7899000644683838,-0.7899000644683838,assist,no
3546,0,0,0.37754066879814546,-1.2236170768737793,-0.7236170768737793,assist,no
3547,0,0,0.1480471829959148,-2.065589427947998,-0.3155893087387085,assist,no
3548,0,0,0.24508502416032488,-1.7805194854736328,-0.6555195450782776,assist,no
3549,0,1,0.6224593452091672,-0.7402569651603699,-1.2402570247650146,assist,yes
3550,0,1,0.8670357666736773,-0.27188676595687866,-2.1468868255615234,assist,yes
3551,0,1,0.5621764862150634,-0.827792227268219,-1.0777921676635742,assist,yes
3552,0,0,0.1480472055495773,-2.1212165355682373,-0.3712165951728821,assist,no
3553,0,0,0.34864513533394575,-1.3652973175048828,-0.7402973175048828,assist,no
3554,0,0,0.37754066879814546,-1.3916668891906738,-0.8916668891906738,assist,No
3555,0,0,0.3486451217982255,-1.1432132720947266,-0.5182132124900818,assist,no
3556,0,1,0.8807970842359877,-0.3310396075248718,-2.3310396671295166,assist,yes
3557,0,1,0.6791787121629466,-0.68547123670578,-1.4354712963104248,assist,yes
3558,0,0,0.020332355717182622,-4.424418926239014,-0.5494190454483032,assist,no
3559,0,1,0.7310585669110203,-0.6410155892372131,-1.6410155296325684,assist,yes
3560,0,0,0.05340333130637379,-3.254864454269409,-0.37986448407173157,assist,no
3561,0,0,0.2689414213699951,-1.550366997718811,-0.550366997718811,assist,no
3562,0,0,0.04742587856304458,-3.6806039810180664,-0.680604100227356,assist,no
3563,0,0,0.22270012850745968,-1.6874620914459229,-0.4374620318412781,assist,no
3564,0,0,0.01798620575097472,-4.340171813964844,-0.34017157554626465,assist,no
3565,0,1,0.7549149868676283,-0.42399120330810547,-1.5489912033081055,assist,yes
3566,0,0,0.01590639357784294,-4.576179027557373,-0.4511791467666626,assist,no
3567,0,0,0.5,-0.8799329400062561,-0.8799329400062561,assist,no
3568,0,0,0.24508501313237172,-1.876588225364685,-0.7515882253646851,assist,no
3569,0,0,0.2018132270610754,-1.7832379341125488,-0.4082379639148712,assist,no
3570,0,0,0.2689414213699951,-1.8889001607894897,-0.8889001607894897,assist,no
3571,0,0,0.16451645470385742,-2.09226655960083,-0.4672664999961853,assist,no
3572,0,0,0.46879061178313897,-1.0031609535217285,-0.8781608939170837,assist,no
3573,0,0,0.4073334000459302,-1.2142152786254883,-0.8392152786254883,assist,no
3574,0,0,0.0953494648991095,-2.8869400024414062,-0.6369400024414062,assist,no
3575,0,1,0.9046505299595163,-0.415774405002594,-2.665774345397949,assist,yes
3576,0,0,0.3775406828054583,-1.1451959609985352,-0.6451960206031799,assist,no
3577,0,0,0.4378234991142019,-1.281090497970581,-1.031090497970581,assist,no
3578,0,0,0.13296425394084313,-2.6039366722106934,-0.7289367914199829,assist,no
3579,0,0,0.06008665017400762,-3.112135887145996,-0.3621358871459961,assist,no
3580,0,1,0.5926665999540697,-0.7598199844360352,-1.1348199844360352,assist,yes
3581,0,0,0.29421497216298875,-1.805485486984253,-0.9304854869842529,assist,no
3582,0,0,0.20181322226037882,-2.0047264099121094,-0.6297264099121094,assist,no
3583,0,0,0.08509904732734556,-2.605710744857788,-0.23071077466011047,assist,no
3584,0,0,0.3208212878370535,-1.473290205001831,-0.7232901453971863,assist,no
3585,0,0,0.0675466911396291,-3.1837031841278076,-0.5587031841278076,assist,no
3586,0,1,0.7772998560157665,-0.4080781042575836,-1.6580780744552612,assist,yes
3587,0,1,0.8354835411997897,-0.42750999331474304,-2.0525100231170654,assist,yes
3588,0,0,0.11920290950590741,-2.253574848175049,-0.2535747289657593,assist,no
3589,0,0,0.2689414096510108,-1.4725005626678467,-0.4725005030632019,assist,no
3590,0,0,0.09534947518185825,-2.803950786590576,-0.5539509057998657,assist,no
3591,0,0,0.1645164792819756,-2.159799098968506,-0.5347992181777954,assist,no
3592,0,0,0.0474258704848281,-3.6741783618927,-0.6741783022880554,assist,No
3593,0,0,0.04208772791561884,-3.490861654281616,-0.3658616542816162,assist,no
3594,0,0,0.03308598077224154,-3.5981249809265137,-0.22312505543231964,assist,no
3595,0,0,0.1066905825840872,-2.73336124420166,-0.6083611249923706,assist,no
3596,0,1,0.5621765008857981,-0.8509542942047119,-1.100954294204712,assist,yes
3597,0,0,0.05340332829327471,-3.1947412490844727,-0.31974121928215027,assist,no
3598,0,0,0.1329642436335826,-2.1666111946105957,-0.2916112244129181,assist,no
3599,0,0,0.4378234991142019,-1.4059185981750488,-1.1559185981750488,assist,no
3600,0,1,0.5926665999540697,-1.0478346347808838,-1.4228346347808838,assist,yes
3601,0,1,0.5621765008857981,-0.6915977001190186,-0.9415977001190186,assist,yes
3602,0,0,0.09534945718704857,-2.68310809135437,-0.43310800194740295,assist,no
3603,0,0,0.34864513533394575,-1.2312448024749756,-0.6062448024749756,assist,no
3604,0,0,0.11920292828022305,-2.3274385929107666,-0.3274386525154114,assist,no
3605,0,1,0.8354835330070839,-0.40070608258247375,-2.0257060527801514,assist,yes
3606,0,0,0.4378234844434674,-1.112717628479004,-0.8627175688743591,assist,no
3607,0,0,0.1066905854244781,-2.440284252166748,-0.3152841627597809,assist,no
3608,0,1,0.8354835493924953,-0.40841856598854065,-2.033418655395508,assist,yes
3609,0,0,0.24508501313237172,-1.7303149700164795,-0.6053149700164795,assist,no
3610,0,0,0.4378234991142019,-0.9061693549156189,-0.6561693549156189,assist,no
3611,0,0,0.13296424019782924,-2.426748037338257,-0.5517480373382568,assist,no
3612,0,0,0.29421496597446145,-1.3136987686157227,-0.43869873881340027,assist,no
3613,0,1,0.7981867777396212,-0.44993460178375244,-1.8249346017837524,assist,yes
3614,0,1,0.6224593312018546,-0.7120548486709595,-1.2120548486709595,assist,yes
3615,0,1,0.8933093946927838,-0.4329320192337036,-2.557931900024414,assist,yes
3616,0,0,0.22270013882530884,-1.655144214630127,-0.40514421463012695,assist,no
3617,0,0,0.46879062662624377,-0.9774953126907349,-0.8524953126907349,assist,no
3618,0,0,0.3486451488696663,-1.3294689655303955,-0.7044690251350403,assist,no
3619,0,0,0.06754669489377622,-3.0014572143554688,-0.3764572739601135,assist,no
3620,0,0,0.2689414213699951,-1.4995148181915283,-0.4995148181915283,assist,no
3621,0,1,0.7057850402140659,-0.6182302832603455,-1.4932303428649902,assist,yes
3622,0,0,0.5,-0.8460008502006531,-0.8460008502006531,assist,no
3623,0,1,0.7549149868676283,-0.42364251613616943,-1.5486425161361694,assist,yes
3624,0,0,0.06754668550840877,-3.068612575531006,-0.4436124861240387,assist,no
3625,0,0,0.0600866518571309,-2.934281826019287,-0.1842818558216095,assist,no
3626,0,0,0.0474258704848281,-3.578970193862915,-0.5789701342582703,assist,no
3627,0,1,0.5312093733737563,-0.7710328102111816,-0.8960328102111816,assist,yes
3628,0,0,0.3486451217982255,-1.276122808456421,-0.6511227488517761,assist,no
3629,0,0,0.18242552825126704,-1.9272364377975464,-0.4272364675998688,assist,no
3630,0,1,0.7772998611746911,-0.568949818611145,-1.818949818611145,assist,yes
3631,0,0,0.5,-1.139182448387146,-1.139182448387146,assist,no
3632,0,0,0.11920292202211755,-2.4298665523529053,-0.4298665523529053,assist,no
3633,0,0,0.46879062662624377,-0.9676800966262817,-0.8426800966262817,assist,no
3634,0,0,0.46879062662624377,-0.932519793510437,-0.807519793510437,assist,no
3635,0,0,0.18242552380635632,-1.8510816097259521,-0.35108160972595215,assist,no
3636,0,0,0.1329642436335826,-2.2499446868896484,-0.3749447166919708,assist,no
3637,0,0,0.5,-0.9401966333389282,-0.9401966333389282,assist,no
3638,0,1,0.9399133531922388,-0.29105323553085327,-3.041053295135498,assist,yes
3639,0,0,0.4378234991142019,-1.0960315465927124,-0.8460315465927124,assist,no
3640,0,0,0.16451644651115205,-2.2746100425720215,-0.6496099233627319,assist,no
3641,0,0,0.18242553269617778,-1.9913225173950195,-0.4913225769996643,assist,no
3642,0,1,0.7981867825403176,-0.4085915982723236,-1.783591628074646,assist,yes
3643,0,1,0.5926665999540697,-0.7593376636505127,-1.1343376636505127,assist,yes
3644,0,0,0.017986209962091555,-4.165388107299805,-0.1653881072998047,assist,no
3645,0,1,0.8519528019683106,-0.4118211269378662,-2.161821126937866,assist,yes
3646,0,1,0.7057850402140659,-0.5847360491752625,-1.4597361087799072,assist,yes
3647,0,1,0.7549149868676283,-0.5249581336975098,-1.6499581336975098,assist,yes
3648,0,0,0.04208773031866069,-3.4299676418304443,-0.3049677014350891,assist,no
3649,0,1,0.6791787121629466,-0.7292014956474304,-1.4792015552520752,assist,yes
3650,0,0,0.16451646699291617,-1.9707030057907104,-0.34570303559303284,assist,no
3651,0,1,0.880797068590724,-0.3075307309627533,-2.307530641555786,assist,yes
3652,0,0,0.01590639077880068,-4.371190547943115,-0.24619048833847046,assist,no
3653,0,0,0.037326888415033926,-3.5458457469940186,-0.29584577679634094,assist,no
3654,0,0,0.029312227359491745,-3.8855361938476562,-0.3855360746383667,assist,no
3655,0,0,0.1480472055495773,-2.1207077503204346,-0.37070780992507935,assist,no
3656,0,1,0.7981867777396212,-0.4711618423461914,-1.8461618423461914,assist,yes
3657,0,1,0.5312093733737563,-0.857364296913147,-0.982364296913147,assist,yes
3658,0,1,0.6224593312018546,-0.6878105401992798,-1.1878105401992798,assist,yes
3659,0,0,0.13296424019782924,-2.269376754760742,-0.3943767547607422,assist,no
3660,0,0,0.07585818002124356,-3.1618692874908447,-0.6618692874908447,assist,no
3661,0,0,0.4073334000459302,-1.090407371520996,-0.7154073715209961,assist,no
3662,0,1,0.7310585903489892,-0.4370192885398865,-1.4370193481445312,assist,yes
3663,0,0,0.02033235096813516,-4.332118988037109,-0.4571188688278198,assist,no
3664,0,1,0.6513548511303336,-0.8497865796089172,-1.4747865200042725,assist,yes
3665,0,1,0.5926665999540697,-0.7784144878387451,-1.1534144878387451,assist,yes
3666,0,0,0.08509904500702024,-2.956024646759033,-0.5810246467590332,assist,no
3667,0,1,0.7772998508568416,-0.4312348961830139,-1.6812348365783691,assist,yes
3668,0,0,0.05340333431947304,-3.144784450531006,-0.269784539937973,assist,no
3669,0,0,0.1066905825840872,-2.454822063446045,-0.32982194423675537,assist,no
3670,0,0,0.5,-0.9413005709648132,-0.9413005709648132,assist,no
3671,0,0,0.37754066879814546,-1.1436530351638794,-0.6436530351638794,assist,no
3672,0,0,0.18242552380635632,-2.1019723415374756,-0.6019723415374756,assist,no
3673,0,0,0.24508502416032488,-1.9621400833129883,-0.8371401429176331,assist,no
3674,0,0,0.0675466911396291,-3.3826284408569336,-0.7576284408569336,assist,no
3675,0,0,0.2689414213699951,-1.8906166553497314,-0.8906166553497314,assist,no
3676,0,0,0.2689414096510108,-1.504119873046875,-0.5041198134422302,assist,no
3677,0,0,0.4073334000459302,-1.0281670093536377,-0.6531670093536377,assist,no
3678,0,0,0.46879064146934857,-1.0905308723449707,-0.9655309319496155,assist,no
3679,0,0,0.3775406547908327,-1.3380355834960938,-0.838035523891449,assist,no
3680,0,1,0.7310585786300049,-0.5560621023178101,-1.55606210231781,assist,yes
3681,0,1,0.8933093975331751,-0.4291139543056488,-2.5541138648986816,assist,yes
3682,0,0,0.1645164628965632,-2.424588441848755,-0.7995884418487549,assist,no
3683,0,0,0.13296423676207594,-2.2386999130249023,-0.36369988322257996,assist,no
3684,0,0,0.29421497216298875,-1.787381887435913,-0.9123818874359131,assist,no
3685,0,0,0.020332355717182622,-4.472900390625,-0.5979005098342896,assist,no
3686,0,1,0.5621765155565327,-0.7789329886436462,-1.028933048248291,assist,yes
3687,0,1,0.6513548646660542,-0.7263981103897095,-1.3513981103897095,assist,yes
3688,0,1,0.867035763237924,-0.28812143206596375,-2.163121461868286,assist,yes
3689,0,0,0.053403329799824234,-3.2251551151275635,-0.3501551151275635,assist,no
3690,0,1,0.5926666143433998,-0.7278313040733337,-1.1028313636779785,assist,yes
3691,0,0,0.1645164506075047,-2.054415464401245,-0.42941537499427795,assist,no
3692,0,0,0.04208772431105632,-3.407146453857422,-0.2821463644504547,assist,no
3693,0,0,0.037326890021390696,-3.4992947578430176,-0.24929483234882355,assist,no
3694,0,1,0.5621765008857981,-1.1915324926376343,-1.4415324926376343,assist,yes
3695,0,1,0.5312093733737563,-0.8557003736495972,-0.9807003736495972,assist,yes
3696,0,0,0.11920291576401235,-2.4374914169311523,-0.43749135732650757,assist,no
3697,0,0,0.1329642436335826,-2.194247007369995,-0.3192470371723175,assist,no
3698,0,1,0.8519528057272543,-0.4401971995830536,-2.190197229385376,assist,yes
3699,0,1,0.7772998714925403,-0.47138088941574097,-1.7213809490203857,assist,yes
3700,0,0,0.24508501313237172,-1.9886672496795654,-0.8636672496795654,assist,no
3701,0,1,0.9525741227833249,-0.36636433005332947,-3.3663642406463623,assist,yes
3702,0,1,0.5312093733737563,-0.8578925728797913,-0.9828925728797913,assist,yes
3703,0,1,0.893309411735131,-0.3224307894706726,-2.4474308490753174,assist,yes
3704,0,1,0.5926665855647394,-0.8508902192115784,-1.2258901596069336,assist,yes
3705,0,1,0.5312093733737563,-0.7937026619911194,-0.9187026619911194,assist,yes
3706,0,0,0.37754066879814546,-1.3775781393051147,-0.8775781393051147,assist,no
3707,0,0,0.1480471829959148,-2.290618896484375,-0.5406187772750854,assist,no
3708,0,1,0.9324533013520764,-0.32807838916778564,-2.953078269958496,assist,yes
3709,0,0,0.04742587317756679,-3.5769362449645996,-0.5769362449645996,assist,no
3710,0,0,0.2018132174596823,-1.770829439163208,-0.3958294093608856,assist,no
3711,0,0,0.04742587452393617,-3.157487630844116,-0.1574876606464386,assist,no
3712,0,1,0.8519527906914787,-0.4822767674922943,-2.232276678085327,assist,yes
3713,0,1,0.8175744850834649,-0.4023863673210144,-1.9023864269256592,assist,yes
3714,0,1,0.6513548782017746,-0.5826651453971863,-1.207665205001831,assist,yes
3715,0,1,0.8519527906914787,-0.3396531045436859,-2.0896530151367188,assist,yes
3716,0,0,0.34864513533394575,-1.5688306093215942,-0.9438306093215942,assist,no
3717,0,1,0.6224593312018546,-0.880174994468689,-1.380174994468689,assist,yes
3718,0,0,0.04742587721667508,-3.3749802112579346,-0.37498030066490173,assist,no
3719,0,1,0.8175744761936437,-0.4479179382324219,-1.9479179382324219,assist,yes
3720,0,0,0.06754669489377622,-2.831144094467163,-0.20614415407180786,assist,no
3721,0,0,0.1066905825840872,-2.578935146331787,-0.45393502712249756,assist,no
3722,0,0,0.1329642333263228,-2.6041698455810547,-0.7291697859764099,assist,no
3723,0,0,0.11920291576401235,-2.5421459674835205,-0.5421459078788757,assist,no
3724,0,1,0.8175744761936437,-0.4024769067764282,-1.9024769067764282,assist,yes
3725,0,0,0.18242552825126704,-1.7819228172302246,-0.281922847032547,assist,no
3726,0,0,0.2942149597859341,-1.416466236114502,-0.5414661765098572,assist,no
3727,0,0,0.10669059394565118,-2.464078903198242,-0.3390789031982422,assist,no
3728,0,0,0.037326884131416216,-3.612391471862793,-0.3623913824558258,assist,no
3729,0,0,0.1066905854244781,-2.485140085220337,-0.36013999581336975,assist,no
3730,0,0,0.4073333856566001,-1.3057935237884521,-0.9307934641838074,assist,no
3731,0,0,0.07585818628900447,-2.9845268726348877,-0.48452696204185486,assist,no
3732,0,0,0.033085976958581766,-3.5777244567871094,-0.2027244120836258,assist,no
3733,0,0,0.1645164628965632,-1.9568493366241455,-0.3318493366241455,assist,no
3734,0,0,0.0159063898457867,-4.667099952697754,-0.5420998334884644,assist,no
3735,0,1,0.9525741227833249,-0.44195446372032166,-3.4419543743133545,assist,yes
3736,0,1,0.8175744850834649,-0.4309079051017761,-1.930907964706421,assist,yes
3737,0,0,0.060086646807761206,-3.2992143630981445,-0.5492143034934998,assist,no
3738,0,1,0.7772998714925403,-0.5305549502372742,-1.780555009841919,assist,yes
3739,0,1,0.8354835371034369,-0.30547523498535156,-1.9304752349853516,assist,yes
3740,0,1,0.851952809486198,-0.3645471930503845,-2.1145472526550293,assist,yes
3741,0,1,0.7772998611746911,-0.5305006504058838,-1.7805006504058838,assist,yes
3742,0,1,0.9046505402422645,-0.2846032977104187,-2.5346033573150635,assist,yes
3743,0,1,0.7772998611746911,-0.5968900918960571,-1.8468900918960571,assist,yes
3744,0,0,0.5,-0.8204938769340515,-0.8204938769340515,assist,no
3745,0,1,0.6513548511303336,-0.696219265460968,-1.3212192058563232,assist,yes
3746,0,1,0.798186768138228,-0.44961029291152954,-1.8246102333068848,assist,yes
3747,0,0,0.1329642333263228,-2.479881525039673,-0.6048814654350281,assist,no
3748,0,0,0.1066905854244781,-2.616966485977173,-0.4919663965702057,assist,no
3749,0,0,0.05340332678672523,-3.4148871898651123,-0.5398871302604675,assist,no
3750,0,0,0.5,-1.0887925624847412,-1.0887925624847412,assist,no
3751,0,0,0.5,-0.8835264444351196,-0.8835264444351196,assist,no
3752,0,1,0.6513548646660542,-0.7860583066940308,-1.4110583066940308,assist,yes
3753,0,0,0.1645164628965632,-2.273554563522339,-0.6485545635223389,assist,no
3754,0,0,0.4378234991142019,-1.0314397811889648,-0.7814397811889648,assist,no
3755,0,0,0.46879062662624377,-0.8646449446678162,-0.7396449446678162,assist,no
3756,0,0,0.14804719051380197,-2.1046087741851807,-0.3546087145805359,assist,no
3757,0,1,0.7057850278370112,-0.6178178787231445,-1.4928178787231445,assist,yes
3758,0,0,0.06008665017400762,-2.951186418533325,-0.2011864185333252,assist,no
3759,0,1,0.7981867777396212,-0.40826737880706787,-1.7832673788070679,assist,yes
3760,0,0,0.2689414096510108,-1.7885332107543945,-0.7885331511497498,assist,no
3761,0,0,0.0675466911396291,-3.110386610031128,-0.48538661003112793,assist,no
3762,0,0,0.11920291576401235,-2.3771231174468994,-0.37712305784225464,assist,no
3763,0,1,0.8519527944504226,-0.44089847803115845,-2.1908984184265137,assist,yes
3764,0,0,0.05340332678672523,-3.164461374282837,-0.28946131467819214,assist,no
3765,0,0,0.02931223159932252,-3.8518593311309814,-0.35185936093330383,assist,no
3766,0,0,0.24508502416032488,-1.6581153869628906,-0.5331154465675354,assist,no
3767,0,0,0.4073334000459302,-1.0805991888046265,-0.7055991888046265,assist,no
3768,0,0,0.08509904036636974,-2.6818788051605225,-0.3068787455558777,assist,no
3769,0,1,0.867035763237924,-0.32471033930778503,-2.1997103691101074,assist,yes
3770,0,1,0.6224593171945417,-0.7708526253700256,-1.2708525657653809,assist,yes
3771,0,0,0.2942149845400438,-1.4154198169708252,-0.54041987657547,assist,no
3772,0,0,0.4073334000459302,-1.0618475675582886,-0.6868475675582886,assist,no
3773,0,0,0.08509904964767095,-2.8321125507354736,-0.4571126103401184,assist,no
3774,0,0,0.5,-0.8293196558952332,-0.8293196558952332,assist,no
3775,0,1,0.6513548646660542,-0.668899416923523,-1.293899416923523,assist,yes
3776,0,1,0.8807970779778823,-0.2901172637939453,-2.2901172637939453,assist,yes
3777,0,0,0.11920293453832885,-2.633518695831299,-0.6335188150405884,assist,no
3778,0,0,0.4378234844434674,-1.0206868648529053,-0.7706868052482605,assist,no
3779,0,0,0.2689414330889798,-1.8905408382415771,-0.8905408978462219,assist,no
3780,0,0,0.10669059394565118,-2.4598441123962402,-0.33484411239624023,assist,no
3781,0,0,0.4073334000459302,-1.2663710117340088,-0.8913710117340088,assist,no
3782,0,0,0.2689414330889798,-1.5114359855651855,-0.5114360451698303,assist,no
3783,0,0,0.2689414213699951,-1.578167200088501,-0.578167200088501,assist,no
3784,0,1,0.5621765008857981,-0.7943964004516602,-1.0443964004516602,assist,yes
3785,0,0,0.02931223244728875,-3.9301164150238037,-0.4301164746284485,assist,no
3786,0,0,0.40733341443526055,-1.1800501346588135,-0.8050501942634583,assist,no
3787,0,0,0.3775406828054583,-1.2839651107788086,-0.7839651703834534,assist,no
3788,0,0,0.11920291576401235,-2.6670265197753906,-0.6670264601707458,assist,no
3789,0,0,0.32082130082460697,-1.3424692153930664,-0.5924692153930664,assist,no
3790,0,0,0.5,-1.219973087310791,-1.219973087310791,assist,no
3791,0,0,0.04742586913845881,-3.3127048015594482,-0.3127047121524811,assist,no
3792,0,1,0.7057850278370112,-0.542066216468811,-1.417066216468811,assist,yes
3793,0,1,0.5312093733737563,-0.9438999891281128,-1.0688999891281128,assist,yes
3794,0,0,0.2942149597859341,-1.462698221206665,-0.5876981616020203,assist,no
3795,0,0,0.02297736991002561,-4.252942085266113,-0.5029420852661133,assist,no
3796,0,0,0.03732688627322502,-3.579178810119629,-0.3291787803173065,assist,no
3797,0,1,0.7772998560157665,-0.4764181673526764,-1.726418137550354,assist,yes
3798,0,1,0.798186768138228,-0.5041530728340149,-1.8791530132293701,assist,yes
3799,0,0,0.04208772431105632,-3.566011905670166,-0.44101181626319885,assist,no
3800,0,0,0.4378234844434674,-1.178398847579956,-0.9283987879753113,assist,no
3801,0,0,0.4378234991142019,-1.0232120752334595,-0.7732120752334595,assist,no
3802,0,0,0.06754669677084987,-2.836204767227173,-0.21120485663414001,assist,no
3803,0,0,0.46879062662624377,-1.2440624237060547,-1.1190624237060547,assist,no
3804,0,1,0.5926665999540697,-0.7132664918899536,-1.0882664918899536,assist,yes
3805,0,0,0.02297736857193652,-4.40483283996582,-0.6548327803611755,assist,no
3806,0,0,0.3486451488696663,-1.173821210861206,-0.5488212704658508,assist,no
3807,0,1,0.6224593171945417,-0.7393415570259094,-1.2393414974212646,assist,yes
3808,0,0,0.10669059394565118,-2.657167673110962,-0.5321676731109619,assist,no
3809,0,1,0.7772998663336157,-0.4241616427898407,-1.674161672592163,assist,yes
3810,0,0,0.10669060246682488,-2.5452795028686523,-0.4202795922756195,assist,no
3811,0,0,0.06754668363133542,-3.0597710609436035,-0.43477094173431396,assist,no
3812,0,0,0.09534947518185825,-2.573634147644043,-0.3236342668533325,assist,no
3813,0,0,0.07585818211049715,-2.754826784133911,-0.2548268139362335,assist,no
3814,0,0,0.3208212878370535,-1.4939355850219727,-0.7439355254173279,assist,no
3815,0,0,0.1480472055495773,-2.073237895965576,-0.32323795557022095,assist,no
3816,0,1,0.679178699175393,-0.7288705110549927,-1.4788705110549927,assist,yes
3817,0,1,0.8807970748488297,-0.3309624493122101,-2.3309624195098877,assist,yes
3818,0,0,0.04742587587030561,-3.6808695793151855,-0.6808696389198303,assist,no
3819,0,0,0.4378234844434674,-1.0437006950378418,-0.793700635433197,assist,no
3820,0,0,0.24508501313237172,-1.6421246528625488,-0.5171246528625488,assist,no
3821,0,1,0.7981867825403176,-0.4259055554866791,-1.8009055852890015,assist,yes
3822,0,0,0.4073333856566001,-1.165395736694336,-0.7903956770896912,assist,no
3823,0,0,0.07585818106587033,-2.735463857650757,-0.23546387255191803,assist,no
3824,0,0,0.29421497216298875,-1.521615982055664,-0.6466159820556641,assist,no
3825,0,1,0.7310585669110203,-0.5372791886329651,-1.5372791290283203,assist,yes
3826,0,0,0.11920293453832885,-2.508849620819092,-0.5088497400283813,assist,no
3827,0,0,0.18242551491653522,-1.888542890548706,-0.3885428309440613,assist,no
3828,0,0,0.46879061178313897,-1.0477302074432373,-0.9227301478385925,assist,no
3829,0,0,0.11920292202211755,-2.4641900062561035,-0.4641900062561035,assist,no
3830,0,0,0.22270014914315833,-1.8581795692443848,-0.6081796288490295,assist,no
3831,0,1,0.679178699175393,-0.6861846446990967,-1.4361846446990967,assist,yes
3832,0,0,0.20181322226037882,-1.770301342010498,-0.39530134201049805,assist,no
3833,0,0,0.11920293453832885,-2.35585355758667,-0.3558536767959595,assist,no
3834,0,0,0.07585817584273653,-3.1495890617370605,-0.6495890021324158,assist,no
3835,0,0,0.3208213138121609,-1.2938232421875,-0.5438233017921448,assist,no
3836,0,1,0.8933094174159129,-0.4287923574447632,-2.5537924766540527,assist,yes
3837,0,1,0.8175744850834649,-0.671097457408905,-2.17109751701355,assist,yes
3838,0,0,0.1329642333263228,-2.3227498531341553,-0.4477497935295105,assist,no
3839,0,0,0.033085978388704126,-3.8930859565734863,-0.5180859565734863,assist,no
3840,0,1,0.6224593452091672,-0.5875610709190369,-1.0875611305236816,assist,yes
3841,0,0,0.08509903688588204,-2.5896928310394287,-0.21469272673130035,assist,no
3842,0,0,0.01590639171181471,-4.575778484344482,-0.4507784843444824,assist,no
3843,0,1,0.7310585903489892,-0.5562042593955994,-1.5562043190002441,assist,yes
3844,0,1,0.6224593171945417,-0.7038872838020325,-1.2038872241973877,assist,yes
3845,0,1,0.5621765008857981,-0.9364017248153687,-1.1864017248153687,assist,yes
3846,0,1,0.7057850278370112,-0.46837949752807617,-1.3433794975280762,assist,yes
3847,0,0,0.29421497216298875,-1.4921797513961792,-0.6171797513961792,assist,no
3848,0,1,0.754914997895581,-0.46002501249313354,-1.5850250720977783,assist,yes
3849,0,0,0.4378234844434674,-1.0110063552856445,-0.7610062956809998,assist,no
3850,0,1,0.6513548511303336,-0.6069441437721252,-1.2319440841674805,assist,yes
3851,0,0,0.1480472055495773,-2.290879964828491,-0.540880024433136,assist,no
3852,0,1,0.7310585786300049,-0.6571382284164429,-1.6571382284164429,assist,yes
3853,0,1,0.8175744761936437,-0.5182900428771973,-2.0182900428771973,assist,yes
3854,0,0,0.02931223244728875,-3.8837621212005615,-0.3837621808052063,assist,no
3855,0,0,0.07585818211049715,-2.9892656803131104,-0.48926571011543274,assist,no
3856,0,0,0.07585818419975078,-3.11860990524292,-0.6186099648475647,assist,no
3857,0,0,0.20181322226037882,-1.9906866550445557,-0.6156866550445557,assist,no
3858,0,0,0.09534947261117097,-2.6294209957122803,-0.37942108511924744,assist,no
3859,0,0,0.20181322226037882,-1.9279240369796753,-0.5529240369796753,assist,no
3860,0,0,0.37754066879814546,-1.2512315511703491,-0.7512315511703491,assist,no
3861,0,0,0.37754066879814546,-1.4217606782913208,-0.9217606782913208,assist,no
3862,0,1,0.6791787121629466,-0.7464832663536072,-1.496483325958252,assist,yes
3863,0,1,0.5621765155565327,-0.8901399970054626,-1.1401400566101074,assist,yes
3864,0,1,0.5926666143433998,-0.7282513976097107,-1.1032514572143555,assist,yes
3865,0,0,0.4073334000459302,-1.0728838443756104,-0.6978838443756104,assist,no
3866,0,0,0.02931222905542399,-3.9222412109375,-0.4222411513328552,assist,no
3867,0,0,0.047425867792089564,-3.495938777923584,-0.49593865871429443,assist,no
3868,0,0,0.4378234991142019,-1.126970648765564,-0.876970648765564,assist,no
3869,0,0,0.32082130082460697,-1.3210437297821045,-0.5710437297821045,assist,no
3870,0,1,0.9241418137109955,-0.3065827786922455,-2.8065826892852783,assist,yes
3871,0,0,0.04742587452393617,-3.236922025680542,-0.23692205548286438,assist,no
3872,0,0,0.008577484653403024,-5.074474334716797,-0.3244742453098297,assist,no
3873,0,1,0.8933094003735664,-0.5893839001655579,-2.714383840560913,assist,yes
3874,0,0,0.2689414096510108,-1.4651062488555908,-0.46510618925094604,assist,no
3875,0,1,0.8670357701094303,-0.3746277391910553,-2.2496278285980225,assist,yes
3876,0,1,0.6513548646660542,-0.6146998405456543,-1.2396998405456543,assist,yes
3877,0,0,0.0953494648991095,-2.5695712566375732,-0.31957125663757324,assist,no
3878,0,1,0.9046505402422645,-0.41579312086105347,-2.6657931804656982,assist,yes
3879,0,1,0.8519527906914787,-0.436039537191391,-2.186039447784424,assist,yes
3880,0,0,0.2689414213699951,-1.5278669595718384,-0.5278669595718384,assist,no
3881,0,1,0.7981867777396212,-0.6082593202590942,-1.9832593202590942,assist,yes
3882,0,0,0.1066905825840872,-2.303656578063965,-0.1786564588546753,assist,no
3883,0,1,0.8933094060543487,-0.367539644241333,-2.492539644241333,assist,yes
3884,0,1,0.7549149813536518,-0.49900320172309875,-1.6240031719207764,assist,yes
3885,0,1,0.6513548646660542,-0.6147160530090332,-1.2397160530090332,assist,yes
3886,0,0,0.01798620575097472,-4.5947113037109375,-0.5947110652923584,assist,no
3887,0,0,0.08509904500702024,-3.0052249431610107,-0.6302249431610107,assist,no
3888,0,1,0.8519527869325346,-0.38556063175201416,-2.1355605125427246,assist,yes
3889,0,1,0.7772998611746911,-0.531182050704956,-1.781182050704956,assist,yes
3890,0,0,0.033085978388704126,-3.8902833461761475,-0.5152833461761475,assist,no
3891,0,0,0.4073334000459302,-1.394582748413086,-1.019582748413086,assist,no
3892,0,1,0.5926665999540697,-0.807059645652771,-1.182059645652771,assist,yes
3893,0,0,0.22270014914315833,-1.6946227550506592,-0.44462281465530396,assist,no
3894,0,1,0.6224593312018546,-0.6450810432434082,-1.1450810432434082,assist,yes
3895,0,0,0.1480471980316895,-2.4134769439697266,-0.6634769439697266,assist,no
3896,0,1,0.6224593171945417,-0.6517065167427063,-1.1517064571380615,assist,yes
3897,0,0,0.03308597552845946,-3.595909357070923,-0.2209092676639557,assist,no
3898,0,0,0.08509903804604459,-2.7125589847564697,-0.33755889534950256,assist,no
3899,0,1,0.6224593312018546,-0.6586040258407593,-1.1586040258407593,assist,yes
3900,0,1,0.7772998611746911,-0.5304214954376221,-1.780421495437622,assist,yes
3901,0,1,0.867035752930664,-0.34399253129959106,-2.2189924716949463,assist,yes
3902,0,0,0.32082130082460697,-1.3967478275299072,-0.6467478275299072,assist,no
3903,0,1,0.5312093733737563,-0.9317877292633057,-1.0567877292633057,assist,yes
3904,0,0,0.22270014398423357,-1.6509292125701904,-0.4009292423725128,assist,no
3905,0,0,0.18242552380635632,-1.9548035860061646,-0.45480358600616455,assist,no
3906,0,0,0.11920292515117029,-2.2876319885253906,-0.287632018327713,assist,no
3907,0,1,0.5312093733737563,-0.8332263231277466,-0.9582263231277466,assist,yes
3908,0,0,0.3208213138121609,-1.293121337890625,-0.5431213974952698,assist,no
3909,0,1,0.7772998611746911,-0.5558382272720337,-1.8058382272720337,assist,yes
3910,0,1,0.6513548646660542,-1.1068469285964966,-1.7318469285964966,assist,Yes
3911,0,0,0.22270013882530884,-1.7431824207305908,-0.4931824207305908,assist,no
3912,0,0,0.46879062662624377,-1.1732889413833618,-1.0482889413833618,assist,no
3913,0,1,0.8175744673038221,-0.45670944452285767,-1.956709384918213,assist,yes
3914,0,0,0.29421497216298875,-1.4813239574432373,-0.6063239574432373,assist,no
3915,0,1,0.7981867777396212,-0.7534084320068359,-2.128408432006836,assist,yes
3916,0,1,0.8354835452961425,-0.570257842540741,-2.1952579021453857,assist,yes
3917,0,0,0.4073334000459302,-1.3728716373443604,-0.9978716373443604,assist,no
3918,0,0,0.05340332377362639,-3.3778281211853027,-0.5028280019760132,assist,no
3919,0,1,0.5621765008857981,-0.7046969532966614,-0.9546969532966614,assist,yes
3920,0,0,0.18242553269617778,-2.2391281127929688,-0.7391281723976135,assist,no
3921,0,0,0.20181321265898594,-1.8297321796417236,-0.45473212003707886,assist,no
3922,0,0,0.22270014914315833,-1.8487889766693115,-0.5987890362739563,assist,no
3923,0,0,0.37754066879814546,-1.1865125894546509,-0.6865125894546509,assist,no
3924,0,0,0.2689414330889798,-1.5524117946624756,-0.5524118542671204,assist,no
3925,0,0,0.18242551491653522,-2.049799680709839,-0.5497996211051941,assist,no
3926,0,0,0.04208772791561884,-3.4959073066711426,-0.3709073066711426,assist,no
3927,0,1,0.9046505299595163,-0.35474783182144165,-2.604747772216797,assist,yes
3928,0,0,0.09534945975773548,-2.8032026290893555,-0.5532025694847107,assist,no
3929,0,1,0.7981867777396212,-0.6083247661590576,-1.9833247661590576,assist,yes
3930,0,1,0.7057850278370112,-0.4985424280166626,-1.3735424280166626,assist,yes
3931,0,0,0.22270013882530884,-1.6756198406219482,-0.42561984062194824,assist,no
3932,0,0,0.20181322226037882,-1.919316291809082,-0.544316291809082,assist,no
3933,0,0,0.34864513533394575,-1.4721654653549194,-0.8471654653549194,assist,no
3934,0,1,0.8807970842359877,-0.38120001554489136,-2.381200075149536,assist,yes
3935,0,1,0.5926665999540697,-1.137699842453003,-1.512699842453003,assist,yes
3936,0,0,0.5,-0.9881550073623657,-0.9881550073623657,assist,no
3937,0,0,0.46879062662624377,-1.0078494548797607,-0.8828494548797607,assist,no
3938,0,1,0.9046505351008906,-0.3092532157897949,-2.559253215789795,assist,yes
3939,0,1,0.679178699175393,-0.5804063081741333,-1.3304063081741333,assist,yes
3940,0,0,0.20181322226037882,-1.8387291431427002,-0.4637291431427002,assist,no
3941,0,0,0.40733341443526055,-1.304995059967041,-0.9299951195716858,assist,no
3942,0,1,0.5621764862150634,-0.8688240647315979,-1.1188240051269531,assist,yes
3943,0,0,0.2689414096510108,-1.4661788940429688,-0.466178834438324,assist,no
3944,0,0,0.4378234991142019,-1.4389320611953735,-1.1889320611953735,assist,no
3945,0,0,0.24508502416032488,-1.6259889602661133,-0.5009890198707581,assist,no
3946,0,0,0.3208213138121609,-1.2830495834350586,-0.5330496430397034,assist,no
3947,0,0,0.017986210488481234,-4.3044819831848145,-0.30448201298713684,assist,no
3948,0,0,0.010986941011398892,-4.861649990081787,-0.36164984107017517,assist,no
3949,0,0,0.4378234991142019,-1.1605197191238403,-0.9105197191238403,assist,no
3950,0,1,0.6224593452091672,-0.6864740252494812,-1.186474084854126,assist,yes
3951,0,1,0.7310585669110203,-0.5843732953071594,-1.5843732357025146,assist,yes
3952,0,1,0.5312093733737563,-0.7869305610656738,-0.9119305610656738,assist,yes
3953,0,1,0.8933094032139576,-0.36718395352363586,-2.4921839237213135,assist,yes
3954,0,0,0.18242552825126704,-1.9112495183944702,-0.4112495481967926,assist,no
3955,0,0,0.07585817584273653,-2.9896178245544434,-0.4896177649497986,assist,no
3956,0,1,0.8519527869325346,-0.41165077686309814,-2.1616506576538086,assist,yes
3957,0,0,0.2689414213699951,-1.4723458290100098,-0.47234582901000977,assist,no
3958,0,0,0.1645164792819756,-2.107776165008545,-0.4827762842178345,assist,no
3959,0,0,0.4378234844434674,-1.0566580295562744,-0.8066579699516296,assist,no
3960,0,0,0.34864513533394575,-1.4537293910980225,-0.8287293910980225,assist,no
3961,0,0,0.46879062662624377,-0.9915258884429932,-0.8665258884429932,assist,no
3962,0,1,0.8354835371034369,-0.3804452419281006,-2.0054452419281006,assist,yes
3963,0,0,0.4073333856566001,-1.070504903793335,-0.6955048441886902,assist,no
3964,0,0,0.46879062662624377,-0.8640360832214355,-0.7390360832214355,assist,no
3965,0,0,0.16451645880021026,-1.9896043539047241,-0.36460432410240173,assist,no
3966,0,1,0.914900950352329,-0.5201995968818665,-2.8951995372772217,assist,yes
3967,0,0,0.033085981248949035,-3.7012524604797363,-0.3262525498867035,assist,no
3968,0,0,0.1480471980316895,-2.2527101039886475,-0.5027101039886475,assist,no
3969,0,0,0.46879064146934857,-1.1119294166564941,-0.9869294762611389,assist,no
3970,0,0,0.34864513533394575,-1.3287155628204346,-0.7037155628204346,assist,no
3971,0,0,0.2018132174596823,-1.7358314990997314,-0.36083146929740906,assist,no
3972,0,0,0.37754066879814546,-1.22362220287323,-0.72362220287323,assist,no
3973,0,1,0.8175744850834649,-0.3441864848136902,-1.844186544418335,assist,yes
3974,0,0,0.3775406547908327,-1.2115824222564697,-0.711582362651825,assist,no
3975,0,1,0.7772998611746911,-0.6358472108840942,-1.8858472108840942,assist,yes
3976,0,0,0.13296423676207594,-2.2694811820983887,-0.3944811522960663,assist,no
3977,0,0,0.24508501313237172,-1.5816328525543213,-0.4566328525543213,assist,no
3978,0,1,0.7057850278370112,-0.5653390884399414,-1.4403390884399414,assist,yes
3979,0,0,0.37754066879814546,-1.6346421241760254,-1.1346421241760254,assist,no
3980,0,1,0.5621765008857981,-0.9489427804946899,-1.19894278049469,assist,yes
3981,0,0,0.07585817166422973,-2.979468822479248,-0.4794687032699585,assist,no
3982,0,0,0.08509903804604459,-2.734964609146118,-0.359964519739151,assist,no
3983,0,0,0.07585818837825822,-2.9562268257141113,-0.4562269449234009,assist,no
3984,0,0,0.4073334000459302,-1.0816991329193115,-0.7066991329193115,assist,no
3985,0,0,0.0953494674697966,-2.4818966388702393,-0.23189666867256165,assist,no
3986,0,0,0.3486451217982255,-1.275700569152832,-0.6507005095481873,assist,no
3987,0,0,0.4378234991142019,-1.0112086534500122,-0.7612086534500122,assist,no
3988,0,0,0.0850990542883219,-2.6629576683044434,-0.2879577875137329,assist,no
3989,0,0,0.06754669489377622,-3.0225319862365723,-0.39753204584121704,assist,no
3990,0,0,0.07585817584273653,-2.8741888999938965,-0.3741888403892517,assist,no
3991,0,1,0.5621765008857981,-0.7582498788833618,-1.0082498788833618,assist,yes
3992,0,1,0.8519528132451416,-0.3239530622959137,-2.073953151702881,assist,yes
3993,0,0,0.10669060246682488,-2.513265609741211,-0.3882656991481781,assist,no
3994,0,0,0.34864513533394575,-1.4779404401779175,-0.8529404401779175,assist,no
3995,0,1,0.5312093585306514,-0.9431508183479309,-1.0681507587432861,assist,yes
3996,0,0,0.46879062662624377,-1.0814299583435059,-0.9564299583435059,assist,no
3997,0,0,0.13296425394084313,-2.428671360015869,-0.5536714792251587,assist,no
3998,0,0,0.01243165103612894,-4.551440715789795,-0.17644073069095612,assist,no
3999,0,0,0.32082130082460697,-1.2921465635299683,-0.5421465635299683,assist,no
4000,0,0,0.03308597743528921,-3.6440799236297607,-0.26907989382743835,assist,no
4001,0,1,0.6224593171945417,-0.6395543217658997,-1.1395542621612549,assist,yes
4002,0,0,0.5,-0.8798578381538391,-0.8798578381538391,assist,no
4003,0,0,0.2018132174596823,-1.8130037784576416,-0.4380037486553192,assist,no
4004,0,0,0.29421497216298875,-1.44857656955719,-0.5735765695571899,assist,no
4005,0,1,0.5926665999540697,-0.8178359270095825,-1.1928359270095825,assist,yes
4006,0,0,0.13296424019782924,-2.435734748840332,-0.560734748840332,assist,no
4007,0,0,0.4378234844434674,-1.010436773300171,-0.7604367136955261,assist,no
4008,0,0,0.46879062662624377,-1.115609884262085,-0.990609884262085,assist,no
4009,0,0,0.14804719427274565,-2.132794141769409,-0.3827941119670868,assist,no
4010,0,1,0.8175744850834649,-0.5857357382774353,-2.08573579788208,assist,yes
4011,0,0,0.32082130082460697,-1.7561432123184204,-1.0061432123184204,assist,no
4012,0,1,0.9241418220680101,-0.2608608901500702,-2.7608609199523926,assist,yes
4013,0,0,0.06754668738548215,-2.9376423358917236,-0.31264227628707886,assist,no
4014,0,0,0.3208212878370535,-1.366950273513794,-0.6169502139091492,assist,no
4015,0,0,0.10669058968506456,-2.358823776245117,-0.2338237315416336,assist,no
4016,0,1,0.9399133481428692,-0.2669380009174347,-3.0169379711151123,assist,yes
4017,0,0,0.2018132174596823,-1.7140074968338013,-0.3390074670314789,assist,no
4018,0,0,0.3775406828054583,-1.3394403457641602,-0.8394404053688049,assist,no
4019,0,0,0.060086656906500974,-3.217517852783203,-0.4675179719924927,assist,no
4020,0,1,0.6224593171945417,-0.6804755330085754,-1.1804754734039307,assist,yes
4021,0,0,0.029312230751356316,-4.159618854522705,-0.6596188545227051,assist,no
4022,0,0,0.0600866476493228,-2.9360480308532715,-0.1860479861497879,assist,no
4023,0,1,0.5926665999540697,-0.9536032676696777,-1.3286032676696777,assist,yes
4024,0,1,0.7057850402140659,-0.6056639552116394,-1.4806640148162842,assist,yes
4025,0,1,0.880797071719777,-0.2683444619178772,-2.2683444023132324,assist,yes
4026,0,1,0.7310585903489892,-0.46431201696395874,-1.4643120765686035,assist,yes
4027,0,0,0.4073334000459302,-1.4735296964645386,-1.0985296964645386,assist,no
4028,0,0,0.2689414213699951,-1.577390193939209,-0.577390193939209,assist,no
4029,0,0,0.3486451488696663,-1.275937795639038,-0.6509378552436829,assist,no
4030,0,0,0.18242551491653522,-2.3037047386169434,-0.8037046790122986,assist,no
4031,0,1,0.7057850278370112,-0.5969349145889282,-1.4719349145889282,assist,yes
4032,0,0,0.0758581737534831,-2.8167929649353027,-0.31679287552833557,assist,no
4033,0,1,0.8519528057272543,-0.419718474149704,-2.1697185039520264,assist,yes
4034,0,0,0.5,-0.8920371532440186,-0.8920371532440186,assist,no
4035,0,0,0.29421497216298875,-1.4269545078277588,-0.5519545078277588,assist,no
4036,0,0,0.24508501313237172,-2.017289400100708,-0.892289400100708,assist,no
4037,0,1,0.7310585903489892,-0.5128900408744812,-1.512890100479126,assist,yes
4038,0,1,0.8670357666736773,-0.4944402575492859,-2.3694403171539307,assist,yes
4039,0,0,0.08509904964767095,-2.681415319442749,-0.3064153790473938,assist,no
4040,0,0,0.1645164628965632,-2.0721187591552734,-0.44711875915527344,assist,no
4041,0,1,0.5312093733737563,-1.0299022197723389,-1.1549022197723389,assist,yes
4042,0,0,0.37754066879814546,-1.3999539613723755,-0.8999539613723755,assist,no
4043,0,0,0.24508501313237172,-1.6987123489379883,-0.5737123489379883,assist,no
4044,0,0,0.46879061178313897,-1.0303709506988525,-0.9053708910942078,assist,no
4045,0,1,0.6513548782017746,-0.7595919966697693,-1.384592056274414,assist,yes
4046,0,0,0.34864513533394575,-1.4944419860839844,-0.8694419860839844,assist,no
4047,0,1,0.7772998611746911,-0.5309691429138184,-1.7809691429138184,assist,yes
4048,0,0,0.2689414330889798,-1.7586078643798828,-0.7586079239845276,assist,no
4049,0,0,0.017986208646117444,-4.225989818572998,-0.22598974406719208,assist,no
4050,0,1,0.6224593171945417,-0.6801689267158508,-1.180168867111206,assist,yes
4051,0,0,0.033085976958581766,-3.5785348415374756,-0.203534796833992,assist,no
4052,0,0,0.46879062662624377,-0.9087058305740356,-0.7837058305740356,assist,no
4053,0,0,0.16451646699291617,-1.952346920967102,-0.32734695076942444,assist,no
4054,0,0,0.3775406828054583,-1.3014013767242432,-0.8014014363288879,assist,no
4055,0,1,0.6224593171945417,-0.6880064606666565,-1.1880064010620117,assist,yes
4056,0,0,0.2942149845400438,-1.5412147045135498,-0.6662147641181946,assist,no
4057,0,1,0.851952809486198,-0.4359979033470154,-2.18599796295166,assist,yes
4058,0,1,0.7772998714925403,-0.5079523921012878,-1.7579524517059326,assist,yes
4059,0,0,0.13296424019782924,-2.1838700771331787,-0.3088700771331787,assist,no
4060,0,1,0.8933094174159129,-0.46362435817718506,-2.5886244773864746,assist,yes
4061,0,1,0.7310585786300049,-0.7805478572845459,-1.780547857284546,assist,yes
4062,0,1,0.6513548646660542,-0.7844105958938599,-1.4094105958938599,assist,yes
4063,0,1,0.5926665999540697,-0.8517012596130371,-1.226701259613037,assist,yes
4064,0,0,0.06754669489377622,-3.3224480152130127,-0.6974480748176575,assist,No
4065,0,0,0.07585817793199003,-2.821141242980957,-0.32114121317863464,assist,no
4066,0,0,0.2689414213699951,-1.5787118673324585,-0.5787118673324585,assist,no
4067,0,0,0.32082130082460697,-1.34401273727417,-0.5940127372741699,assist,no
4068,0,1,0.6224593452091672,-0.7929381728172302,-1.292938232421875,assist,yes
4069,0,0,0.34864513533394575,-1.2753125429153442,-0.6503125429153442,assist,no
4070,0,1,0.5926665999540697,-0.7354084253311157,-1.1104084253311157,assist,yes
4071,0,0,0.4378234991142019,-0.9310869574546814,-0.6810869574546814,assist,no
4072,0,1,0.5621765008857981,-1.1484835147857666,-1.3984835147857666,assist,yes
4073,0,0,0.06754668363133542,-3.022184371948242,-0.39718425273895264,assist,no
4074,0,1,0.7549149868676283,-0.559511661529541,-1.684511661529541,assist,yes
4075,0,0,0.11920292828022305,-2.370710849761963,-0.37071090936660767,assist,no
4076,0,0,0.10669059678604234,-2.617318868637085,-0.49231889843940735,assist,no
4077,0,0,0.4073334000459302,-1.195246696472168,-0.820246696472168,assist,no
4078,0,0,0.10669058826486906,-2.507535934448242,-0.3825358748435974,assist,no
4079,0,0,0.09534945975773548,-2.6488277912139893,-0.3988277316093445,assist,no
4080,0,0,0.009708477054526368,-5.111448287963867,-0.48644834756851196,assist,no
4081,0,0,0.4378234991142019,-0.9835888743400574,-0.7335888743400574,assist,no
4082,0,0,0.1066905825840872,-2.459418296813965,-0.3344181776046753,assist,no
4083,0,1,0.9241418220680101,-0.2844195067882538,-2.784419536590576,assist,yes
4084,0,0,0.13296424706933604,-2.5976529121398926,-0.7226529717445374,assist,no
4085,0,1,0.8175744850834649,-0.5139173865318298,-2.0139174461364746,assist,yes
4086,0,1,0.5312093733737563,-1.1697170734405518,-1.2947170734405518,assist,yes
4087,0,1,0.754914975839675,-0.5244908928871155,-1.6494908332824707,assist,yes
4088,0,1,0.7057850278370112,-0.9857512712478638,-1.8607512712478638,assist,yes
4089,0,1,0.5312093733737563,-0.9013763666152954,-1.0263763666152954,assist,yes
4090,0,1,0.8175744673038221,-0.45746833086013794,-1.9574682712554932,assist,yes
4091,0,0,0.5,-1.130103588104248,-1.130103588104248,assist,no
4092,0,0,0.1645164628965632,-1.9424692392349243,-0.3174692392349243,assist,no
4093,0,1,0.8519527944504226,-0.31831222772598267,-2.068312168121338,assist,yes
4094,0,1,0.5926665855647394,-0.7131016850471497,-1.0881016254425049,assist,yes
4095,0,0,0.042087731520181665,-3.40509033203125,-0.28009042143821716,assist,no
4096,0,0,0.03732689055684297,-3.6519925594329834,-0.40199264883995056,assist,no
4097,0,0,0.11920291576401235,-2.7444589138031006,-0.7444588541984558,assist,No
4098,0,0,0.34864513533394575,-1.2880340814590454,-0.6630340814590454,assist,no
4099,0,0,0.1645164628965632,-2.1786835193634033,-0.5536835193634033,assist,no
4100,0,1,0.6513548646660542,-0.6148686408996582,-1.2398686408996582,assist,yes
4101,0,0,0.46879062662624377,-1.080517292022705,-0.9555172920227051,assist,no
4102,0,1,0.7981867777396212,-0.5645750761032104,-1.9395750761032104,assist,yes
4103,0,1,0.8354835289107309,-0.6986151337623596,-2.323615074157715,assist,yes
4104,0,1,0.7549149868676283,-0.5901625156402588,-1.7151625156402588,assist,yes
4105,0,0,0.22270013882530884,-1.7602864503860474,-0.5102864503860474,assist,no
4106,0,0,0.16451646699291617,-1.8897367715835571,-0.2647368013858795,assist,no
4107,0,0,0.11920292515117029,-2.30678653717041,-0.30678656697273254,assist,no
4108,0,1,0.7057850278370112,-0.682071328163147,-1.557071328163147,assist,yes
4109,0,1,0.7981867777396212,-0.3853877782821655,-1.7603877782821655,assist,yes
4110,0,0,0.20181322226037882,-1.9917418956756592,-0.6167418956756592,assist,no
4111,0,0,0.5,-1.3610717058181763,-1.3610717058181763,assist,no
4112,0,0,0.02033235096813516,-4.421452045440674,-0.5464519262313843,assist,no
4113,0,0,0.4073333856566001,-1.152986764907837,-0.7779867053031921,assist,no
4114,0,0,0.012431651584958318,-4.6728363037109375,-0.2978363633155823,assist,no
4115,0,1,0.5926665855647394,-0.6866007447242737,-1.061600685119629,assist,yes
4116,0,0,0.16451644651115205,-2.229773998260498,-0.6047738790512085,assist,no
4117,0,1,0.8519528170040853,-0.36442887783050537,-2.114428997039795,assist,yes
4118,0,1,0.5312093733737563,-0.7700434923171997,-0.8950434923171997,assist,yes
4119,0,1,0.7772998663336157,-0.3771532475948334,-1.6271532773971558,assist,yes
4120,0,0,0.5,-0.9512695670127869,-0.9512695670127869,assist,no
4121,0,0,0.20181323186177208,-1.8844971656799316,-0.5094972252845764,assist,no
4122,0,0,0.3775406828054583,-1.1353020668029785,-0.6353021264076233,assist,no
4123,0,0,0.047425867792089564,-3.319897174835205,-0.3198970556259155,assist,no
4124,0,0,0.06008665101556925,-2.985898494720459,-0.23589850962162018,assist,no
4125,0,0,0.13296424706933604,-2.3237674236297607,-0.4487674832344055,assist,no
4126,0,0,0.053403329799824234,-3.415541410446167,-0.540541410446167,assist,no
4127,0,0,0.3486451217982255,-1.2049074172973633,-0.5799073576927185,assist,no
4128,0,1,0.5621765008857981,-0.9227263927459717,-1.1727263927459717,assist,yes
4129,0,0,0.022977371917159397,-4.1646881103515625,-0.41468819975852966,assist,no
4130,0,1,0.6513548646660542,-0.7955759763717651,-1.4205759763717651,assist,yes
4131,0,0,0.46879062662624377,-0.9766398072242737,-0.8516398072242737,assist,no
4132,0,1,0.6513548511303336,-0.8465965390205383,-1.4715964794158936,assist,yes
4133,0,0,0.22270014914315833,-1.7897069454193115,-0.5397070050239563,assist,no
4134,0,0,0.32082130082460697,-1.4733902215957642,-0.7233902215957642,assist,no
4135,0,0,0.4378234991142019,-1.1451276540756226,-0.8951276540756226,assist,no
4136,0,0,0.22270013882530884,-1.7174502611160278,-0.46745026111602783,assist,no
4137,0,1,0.7981867729389246,-0.4459759294986725,-1.82097589969635,assist,yes
4138,0,1,0.9046505453836383,-0.26260554790496826,-2.512605667114258,assist,yes
4139,0,1,0.5312093733737563,-0.8046139478683472,-0.9296139478683472,assist,yes
4140,0,0,0.042087725512577126,-3.8545055389404297,-0.7295054793357849,assist,no
4141,0,0,0.08509904732734556,-2.8008151054382324,-0.4258151352405548,assist,no
4142,0,1,0.7549149813536518,-0.4365626871585846,-1.5615626573562622,assist,yes
4143,0,0,0.34864513533394575,-1.599562168121338,-0.9745621681213379,assist,no
4144,0,0,0.09534945461636171,-2.624133586883545,-0.37413346767425537,assist,no
4145,0,1,0.8807970779778823,-0.35230469703674316,-2.352304697036743,assist,yes
4146,0,1,0.7310585669110203,-0.5312491059303284,-1.5312490463256836,assist,yes
4147,0,0,0.01798620890931226,-4.650094509124756,-0.6500944495201111,assist,no
4148,0,1,0.6513548646660542,-0.6966917514801025,-1.3216917514801025,assist,yes
4149,0,0,0.22270013882530884,-1.8342063426971436,-0.5842063426971436,assist,no
4150,0,0,0.18242551491653522,-2.2488574981689453,-0.7488574385643005,assist,no
4151,0,1,0.6224593452091672,-0.6059333682060242,-1.105933427810669,assist,yes
4152,0,0,0.24508501313237172,-1.6403697729110718,-0.5153697729110718,assist,no
4153,0,0,0.18242553269617778,-1.9638419151306152,-0.46384197473526,assist,no
4154,0,1,0.7310585903489892,-0.5076727271080017,-1.5076727867126465,assist,yes
4155,0,0,0.37754066879814546,-1.3195550441741943,-0.8195550441741943,assist,no
4156,0,0,0.4378234991142019,-1.1424057483673096,-0.8924057483673096,assist,no
4157,0,0,0.3486451217982255,-1.1947150230407715,-0.5697149634361267,assist,no
4158,0,1,0.679178699175393,-0.7106412649154663,-1.4606412649154663,assist,yes
4159,0,1,0.6791787121629466,-0.5963730216026306,-1.3463730812072754,assist,yes
4160,0,0,0.46879062662624377,-1.1111239194869995,-0.9861239194869995,assist,no
4161,0,0,0.2942149845400438,-1.4627702236175537,-0.5877702832221985,assist,no
4162,0,0,0.34864513533394575,-1.4321779012680054,-0.8071779012680054,assist,no
4163,0,0,0.07585817166422973,-2.7760682106018066,-0.2760680913925171,assist,no
4164,0,1,0.6224593171945417,-0.7038004994392395,-1.2038004398345947,assist,yes
4165,0,0,0.1645164792819756,-2.2302231788635254,-0.6052232980728149,assist,no
4166,0,0,0.24508500210441886,-1.766688585281372,-0.6416885256767273,assist,no
4167,0,1,0.5926665999540697,-0.9549579620361328,-1.3299579620361328,assist,yes
4168,0,0,0.04742587317756679,-3.4121739864349365,-0.4121739864349365,assist,no
4169,0,0,0.029312227359491745,-4.009916305541992,-0.5099161863327026,assist,no
4170,0,1,0.5312093733737563,-0.9442404508590698,-1.0692404508590698,assist,yes
4171,0,1,0.7310585786300049,-0.48320484161376953,-1.4832048416137695,assist,yes
4172,0,0,0.1066905825840872,-2.508708953857422,-0.3837088346481323,assist,no
4173,0,0,0.29421497216298875,-1.510614275932312,-0.635614275932312,assist,no
4174,0,0,0.4073334000459302,-1.2285436391830444,-0.8535436391830444,assist,no
4175,0,0,0.11920292828022305,-2.3518078327178955,-0.3518078923225403,assist,no
4176,0,0,0.010986941335237732,-4.902097225189209,-0.40209710597991943,assist,no
4177,0,0,0.14804719051380197,-2.3112642765045166,-0.5612642168998718,assist,no
4178,0,0,0.32082130082460697,-1.355195164680481,-0.605195164680481,assist,no
4179,0,0,0.18242551491653522,-2.129722833633423,-0.6297227740287781,assist,no
4180,0,0,0.08509904036636974,-2.7348527908325195,-0.35985273122787476,assist,no
4181,0,0,0.5,-0.9693800806999207,-0.9693800806999207,assist,no
4182,0,1,0.679178699175393,-0.5801063776016235,-1.3301063776016235,assist,yes
4183,0,0,0.10669059962643358,-2.61055850982666,-0.48555856943130493,assist,no
4184,0,0,0.020332358091706755,-4.328990936279297,-0.453991174697876,assist,no
4185,0,1,0.5312093733737563,-1.0168825387954712,-1.1418825387954712,assist,yes
4186,0,0,0.1329642333263228,-2.2926738262176514,-0.4176737666130066,assist,no
4187,0,1,0.5621765008857981,-1.0177346467971802,-1.2677346467971802,assist,yes
4188,0,0,0.07585818419975078,-2.6896824836730957,-0.18968254327774048,assist,no
4189,0,0,0.32082130082460697,-1.3317574262619019,-0.5817574262619019,assist,no
4190,0,0,0.3775406547908327,-1.4207453727722168,-0.920745313167572,assist,no
4191,0,0,0.1645164628965632,-1.9896931648254395,-0.36469316482543945,assist,no
4192,0,0,0.16451645470385742,-2.3850533962249756,-0.7600533366203308,assist,no
4193,0,0,0.3486451217982255,-1.2209725379943848,-0.59597247838974,assist,no
4194,0,1,0.5312093733737563,-0.7657385468482971,-0.8907385468482971,assist,yes
4195,0,1,0.7772998611746911,-0.44794952869415283,-1.6979495286941528,assist,yes
4196,0,0,0.13296424019782924,-2.560190200805664,-0.6851902008056641,assist,no
4197,0,0,0.3775406547908327,-1.1547586917877197,-0.654758632183075,assist,no
4198,0,1,0.6513548782017746,-0.5654634833335876,-1.1904635429382324,assist,yes
4199,0,0,0.3486451488696663,-1.1866557598114014,-0.5616558194160461,assist,no
4200,0,1,0.5926665999540697,-0.7436680793762207,-1.1186680793762207,assist,yes
4201,0,0,0.11920292202211755,-2.3318212032318115,-0.3318212032318115,assist,no
4202,0,1,0.8519527944504226,-0.4117751717567444,-2.1617751121520996,assist,yes
4203,0,1,0.6224593312018546,-0.6214888095855713,-1.1214888095855713,assist,yes
4204,0,0,0.46879062662624377,-1.0622199773788452,-0.9372199773788452,assist,no
4205,0,1,0.9579122708828604,-0.32877591252326965,-3.4537758827209473,assist,yes
4206,0,1,0.5312093733737563,-1.1485291719436646,-1.2735291719436646,assist,yes
4207,0,0,0.10669059678604234,-2.5131402015686035,-0.3881402313709259,assist,no
4208,0,0,0.4378234991142019,-0.9910309314727783,-0.7410309314727783,assist,no
4209,0,0,0.07585818628900447,-2.878976821899414,-0.3789769113063812,assist,no
4210,0,1,0.5621764862150634,-0.8561776280403137,-1.106177568435669,assist,yes
4211,0,0,0.033085978388704126,-3.729815721511841,-0.3548157215118408,assist,no
4212,0,1,0.6791786861878392,-0.5965531468391418,-1.346553087234497,assist,yes
4213,0,0,0.06008665354025422,-2.9684441089630127,-0.21844416856765747,assist,no
4214,0,0,0.16451645880021026,-1.9375051259994507,-0.3125050961971283,assist,no
4215,0,1,0.8933094003735664,-0.3406241536140442,-2.4656240940093994,assist,yes
4216,0,0,0.2942149845400438,-1.657656192779541,-0.7826562523841858,assist,no
4217,0,0,0.24508501313237172,-2.0304481983184814,-0.9054481983184814,assist,no
4218,0,0,0.025957356444287677,-4.007840633392334,-0.3828406035900116,assist,no
4219,0,1,0.5621765008857981,-1.1143214702606201,-1.3643214702606201,assist,yes
4220,0,0,0.4073334000459302,-1.2286723852157593,-0.8536723852157593,assist,no
4221,0,1,0.914900945711678,-0.3750377893447876,-2.750037670135498,assist,yes
4222,0,0,0.5,-1.0351461172103882,-1.0351461172103882,assist,no
4223,0,0,0.22270013882530884,-1.7334438562393188,-0.48344385623931885,assist,no
4224,0,0,0.11920292828022305,-2.2534844875335693,-0.2534845471382141,assist,no
4225,0,1,0.5926665999540697,-0.8279514312744141,-1.202951431274414,assist,yes
4226,0,0,0.1480471829959148,-2.138573169708252,-0.3885730504989624,assist,no
4227,0,1,0.5621764862150634,-0.8280771374702454,-1.0780770778656006,assist,yes
4228,0,0,0.037326884666868405,-3.4420273303985596,-0.1920272558927536,assist,no
4229,0,0,0.3775406547908327,-1.1971838474273682,-0.6971837878227234,assist,no
4230,0,1,0.5621765008857981,-1.169074296951294,-1.419074296951294,assist,yes
4231,0,1,0.7310585786300049,-0.5498017072677612,-1.5498017072677612,assist,yes
4232,0,0,0.4073334000459302,-1.3493613004684448,-0.9743613004684448,assist,no
4233,0,1,0.7772998611746911,-0.5018385648727417,-1.7518385648727417,assist,yes
4234,0,0,0.0850990542883219,-2.7115321159362793,-0.33653223514556885,assist,no
4235,0,0,0.16451647108926923,-2.262319326400757,-0.6373193860054016,assist,no
4236,0,1,0.6224593171945417,-0.68059903383255,-1.1805989742279053,assist,yes
4237,0,1,0.7057850154599563,-0.5909422039985657,-1.465942144393921,assist,yes
4238,0,0,0.16451645470385742,-2.384868860244751,-0.7598688006401062,assist,no
4239,0,1,0.9324533069832973,-0.2737002670764923,-2.89870023727417,assist,yes
4240,0,0,0.09534945461636171,-2.659852981567383,-0.40985286235809326,assist,no
4241,0,1,0.7772998508568416,-0.4759748578071594,-1.7259747982025146,assist,yes
4242,0,0,0.00857748414653042,-5.235420227050781,-0.4854200780391693,assist,no
4243,0,0,0.0953494674697966,-2.525299310684204,-0.2752993404865265,assist,no
4244,0,0,0.4378234991142019,-1.3793210983276367,-1.1293210983276367,assist,no
4245,0,0,0.5,-0.8012032508850098,-0.8012032508850098,assist,no
4246,0,1,0.9046505428129514,-0.41594067215919495,-2.665940761566162,assist,yes
4247,0,1,0.8933094003735664,-0.37037259340286255,-2.4953725337982178,assist,yes
4248,0,0,0.1645164628965632,-2.0847108364105225,-0.45971083641052246,assist,no
4249,0,1,0.7310585903489892,-0.5908724665641785,-1.5908725261688232,assist,yes
4250,0,0,0.16451644651115205,-2.3620529174804688,-0.7370527982711792,assist,no
4251,0,0,0.14804719427274565,-2.132495880126953,-0.38249585032463074,assist,no
4252,0,0,0.04208773031866069,-3.380769729614258,-0.2557697892189026,assist,no
4253,0,0,0.18242550602671442,-2.176090717315674,-0.6760905981063843,assist,no
4254,0,0,0.22270013882530884,-1.8337141275405884,-0.5837141275405884,assist,no
4255,0,0,0.22270013366638422,-1.6741037368774414,-0.424103707075119,assist,no
4256,0,0,0.025957356444287677,-3.9416158199310303,-0.3166157901287079,assist,no
4257,0,0,0.46879062662624377,-1.048727035522461,-0.9237270355224609,assist,no
4258,0,1,0.7310585669110203,-0.5364771485328674,-1.5364770889282227,assist,yes
4259,0,0,0.3775406547908327,-1.117889404296875,-0.6178893446922302,assist,no
4260,0,0,0.05340333582602272,-3.4187636375427246,-0.5437637567520142,assist,no
4261,0,0,0.2942149597859341,-1.5108411312103271,-0.6358410716056824,assist,no
4262,0,1,0.8933094003735664,-0.3406065106391907,-2.465606451034546,assist,yes
4263,0,0,0.5,-0.8642472624778748,-0.8642472624778748,assist,no
4264,0,0,0.40733341443526055,-1.180227279663086,-0.8052273392677307,assist,no
4265,0,0,0.24508502416032488,-1.6497533321380615,-0.5247533917427063,assist,no
4266,0,0,0.06754668363133542,-3.1835694313049316,-0.5585693120956421,assist,no
4267,0,0,0.053403329799824234,-3.376807928085327,-0.5018079280853271,assist,no
4268,0,0,0.08509905312815914,-2.575531482696533,-0.20053158700466156,assist,no
4269,0,1,0.6224593312018546,-1.071671962738037,-1.571671962738037,assist,yes
4270,0,0,0.18242551491653522,-1.9544572830200195,-0.45445722341537476,assist,no
4271,0,0,0.22270013882530884,-1.7902333736419678,-0.5402333736419678,assist,no
4272,0,0,0.4378234991142019,-1.219390630722046,-0.9693906307220459,assist,no
4273,0,0,0.08509904964767095,-2.866450548171997,-0.49145060777664185,assist,no
4274,0,0,0.46879062662624377,-1.367093801498413,-1.242093801498413,assist,no
4275,0,1,0.5312093733737563,-0.8568457365036011,-0.9818457365036011,assist,yes
4276,0,0,0.24508501313237172,-1.8949906826019287,-0.7699906826019287,assist,no
4277,0,0,0.24508501864634827,-1.6119526624679565,-0.48695269227027893,assist,no
4278,0,0,0.4378234991142019,-1.1784977912902832,-0.9284977912902832,assist,no
4279,0,0,0.46879062662624377,-0.8429173231124878,-0.7179173231124878,assist,no
4280,0,1,0.7772998611746911,-0.4706118106842041,-1.720611810684204,assist,yes
4281,0,0,0.5,-0.9058292508125305,-0.9058292508125305,assist,no
4282,0,0,0.09534947004048376,-2.719146490097046,-0.4691465497016907,assist,no
4283,0,0,0.16451645470385742,-2.123786449432373,-0.49878638982772827,assist,no
4284,0,0,0.2018132270610754,-1.7842036485671997,-0.4092036783695221,assist,no
4285,0,0,0.04208773272170267,-3.274710178375244,-0.1497102975845337,assist,no
4286,0,0,0.11920291107043361,-2.2190937995910645,-0.2190936952829361,assist,no
4287,0,0,0.4378234844434674,-1.022815227508545,-0.7728151679039001,assist,no
4288,0,0,0.3775406547908327,-1.165022850036621,-0.6650227904319763,assist,no
4289,0,1,0.6791786861878392,-0.5208669304847717,-1.270866870880127,assist,yes
4290,0,0,0.24508502416032488,-1.7664787769317627,-0.6414788365364075,assist,no
4291,0,0,0.1645164628965632,-2.3227779865264893,-0.6977779865264893,assist,no
4292,0,0,0.4073334000459302,-1.285955786705017,-0.9109557867050171,assist,no
4293,0,1,0.5926665999540697,-0.7003483772277832,-1.0753483772277832,assist,yes
4294,0,0,0.3208212878370535,-1.622218370437622,-0.8722183108329773,assist,no
4295,0,0,0.22270013366638422,-1.6866849660873413,-0.4366849362850189,assist,no
4296,0,1,0.7057850402140659,-0.6180896162986755,-1.4930896759033203,assist,yes
4297,0,0,0.14804720179063335,-2.186475992202759,-0.4364760220050812,assist,no
4298,0,0,0.18242551936144574,-1.8646498918533325,-0.36464986205101013,assist,no
4299,0,1,0.6224593171945417,-0.6590071320533752,-1.1590070724487305,assist,yes
4300,0,0,0.18242552825126704,-1.8876765966415405,-0.3876766264438629,assist,no
4301,0,0,0.24508501864634827,-1.5558862686157227,-0.43088629841804504,assist,no
4302,0,0,0.053403329799824234,-3.5112264156341553,-0.6362264156341553,assist,no
4303,0,1,0.754914997895581,-0.5920633673667908,-1.7170634269714355,assist,yes
4304,0,0,0.08509904964767095,-2.6558640003204346,-0.28086405992507935,assist,no
4305,0,0,0.29421497216298875,-1.425630807876587,-0.5506308078765869,assist,no
4306,0,0,0.24508502416032488,-1.8928613662719727,-0.7678614258766174,assist,no
4307,0,0,0.10669059394565118,-2.3789429664611816,-0.25394296646118164,assist,no
4308,0,1,0.5926666143433998,-0.925165593624115,-1.3001656532287598,assist,yes
4309,0,1,0.8175744939732856,-0.5071324110031128,-2.0071325302124023,assist,yes
4310,0,0,0.24508500761839525,-1.562487244606018,-0.4374872148036957,assist,no
4311,0,0,0.0600866518571309,-3.2228989601135254,-0.4728989899158478,assist,no
4312,0,0,0.02297737057907019,-4.168535232543945,-0.4185352623462677,assist,no
4313,0,0,0.4378234844434674,-1.1451568603515625,-0.8951568007469177,assist,no
4314,0,0,0.32082130082460697,-1.3203550577163696,-0.5703550577163696,assist,no
4315,0,0,0.014063627043245474,-4.49464225769043,-0.2446422576904297,assist,no
4316,0,0,0.5,-0.952330470085144,-0.952330470085144,assist,no
4317,0,1,0.6791786861878392,-0.7189574837684631,-1.4689574241638184,assist,yes
4318,0,1,0.7772998611746911,-0.5019888877868652,-1.7519888877868652,assist,yes
4319,0,0,0.0675466911396291,-3.098525047302246,-0.4735250473022461,assist,no
4320,0,0,0.02931223159932252,-3.762089967727661,-0.2620899975299835,assist,no
4321,0,0,0.37754066879814546,-1.6023837327957153,-1.1023837327957153,assist,no
4322,0,1,0.8519528170040853,-0.4116781949996948,-2.1616783142089844,assist,yes
4323,0,1,0.5621765008857981,-0.8376110792160034,-1.0876110792160034,assist,yes
4324,0,0,0.24508501313237172,-1.6419422626495361,-0.5169422626495361,assist,no
4325,0,0,0.29421497216298875,-1.4530125856399536,-0.5780125856399536,assist,no
4326,0,0,0.4378234991142019,-0.9913269877433777,-0.7413269877433777,assist,no
4327,0,0,0.08509904732734556,-2.7068865299224854,-0.33188655972480774,assist,no
4328,0,0,0.3208212878370535,-1.4239671230316162,-0.6739670634269714,assist,no
4329,0,0,0.22270012850745968,-1.822185754776001,-0.5721856951713562,assist,no
4330,0,1,0.8519527944504226,-0.3206337094306946,-2.07063364982605,assist,yes
4331,0,0,0.042087731520181665,-3.527186632156372,-0.40218672156333923,assist,no
4332,0,0,0.24508501313237172,-1.5455596446990967,-0.4205596446990967,assist,no
4333,0,1,0.7310585786300049,-0.507860541343689,-1.507860541343689,assist,yes
4334,0,0,0.01798620838292263,-4.226251125335693,-0.2262510359287262,assist,no
4335,0,0,0.02595736021183377,-4.179020404815674,-0.5540205240249634,assist,no
4336,0,0,0.16451646699291617,-1.9566583633422852,-0.33165839314460754,assist,no
4337,0,0,0.0600866518571309,-3.107940196990967,-0.3579402267932892,assist,no
4338,0,1,0.7981867777396212,-0.5106782913208008,-1.8856782913208008,assist,yes
4339,0,1,0.679178699175393,-0.6216847896575928,-1.3716847896575928,assist,yes
4340,0,1,0.5312093882168609,-0.9423543810844421,-1.067354440689087,assist,yes
4341,0,1,0.5926666143433998,-0.8072554469108582,-1.182255506515503,assist,yes
4342,0,0,0.06754669864792355,-2.934752941131592,-0.30975306034088135,assist,no
4343,0,1,0.7310585669110203,-0.7473650574684143,-1.7473649978637695,assist,yes
4344,0,0,0.1329642333263228,-2.2254858016967773,-0.35048574209213257,assist,no
4345,0,0,0.34864513533394575,-1.4323041439056396,-0.8073041439056396,assist,no
4346,0,0,0.06754668550840877,-2.868617057800293,-0.2436169683933258,assist,no
4347,0,0,0.07585818002124356,-2.8789455890655518,-0.37894558906555176,assist,no
4348,0,0,0.4378235137849365,-1.1423144340515137,-0.8923144936561584,assist,no
4349,0,0,0.025957363225871038,-4.230288505554199,-0.6052887439727783,assist,no
4350,0,1,0.5621765008857981,-0.726928174495697,-0.976928174495697,assist,yes
4351,0,1,0.6791786861878392,-0.8852322697639465,-1.6352322101593018,assist,yes
4352,0,0,0.2942149597859341,-1.4645264148712158,-0.589526355266571,assist,no
4353,0,0,0.02931223159932252,-3.8877511024475098,-0.38775113224983215,assist,no
4354,0,0,0.4378234991142019,-1.1599011421203613,-0.9099011421203613,assist,no
4355,0,0,0.02033235096813516,-4.289553642272949,-0.41455352306365967,assist,no
4356,0,1,0.5312093733737563,-1.014721393585205,-1.139721393585205,assist,yes
4357,0,0,0.20181321265898594,-1.8205597400665283,-0.44555968046188354,assist,no
4358,0,1,0.9399133481428692,-0.26848819851875305,-3.0184881687164307,assist,yes
4359,0,0,0.04208772791561884,-3.4050755500793457,-0.2800755500793457,assist,no
4360,0,1,0.5621765155565327,-0.7500507235527039,-1.0000507831573486,assist,yes
4361,0,0,0.09534947004048376,-2.811593532562256,-0.5615935921669006,assist,no
4362,0,0,0.07585817793199003,-2.883694648742676,-0.3836946189403534,assist,no
4363,0,0,0.24508502416032488,-1.9263217449188232,-0.801321804523468,assist,no
4364,0,1,0.5312093733737563,-0.8480075001716614,-0.9730075001716614,assist,yes
4365,0,0,0.14804719427274565,-2.0599632263183594,-0.309963196516037,assist,no
4366,0,1,0.7310585786300049,-0.5362588167190552,-1.5362588167190552,assist,yes
4367,0,0,0.22270013882530884,-1.8581156730651855,-0.6081156730651855,assist,no
4368,0,1,0.867035763237924,-0.42287513613700867,-2.297875165939331,assist,yes
4369,0,0,0.022977367902892003,-3.905679702758789,-0.1556796133518219,assist,no
4370,0,0,0.24508500210441886,-1.7094874382019043,-0.5844873785972595,assist,no
4371,0,0,0.13296425050508953,-2.2445218563079834,-0.36952194571495056,assist,no
4372,0,0,0.022977367233847502,-3.939581871032715,-0.1895817518234253,assist,no
4373,0,0,0.060086656906500974,-3.29836368560791,-0.5483638048171997,assist,no
4374,0,1,0.8933093946927838,-0.5030704736709595,-2.62807035446167,assist,yes
4375,0,1,0.8519528057272543,-0.44038793444633484,-2.1903879642486572,assist,yes
4376,0,1,0.8519528019683106,-0.6378724575042725,-2.3878724575042725,assist,yes
4377,0,0,0.20181322226037882,-1.8854235410690308,-0.5104235410690308,assist,no
4378,0,0,0.3208212878370535,-1.4576683044433594,-0.7076682448387146,assist,no
4379,0,0,0.5,-0.9408583045005798,-0.9408583045005798,assist,no
4380,0,0,0.20181323186177208,-2.005126714706421,-0.6301267743110657,assist,no
4381,0,0,0.4378234991142019,-1.377299427986145,-1.127299427986145,assist,no
4382,0,1,0.8519527944504226,-0.5923746228218079,-2.342374563217163,assist,yes
4383,0,0,0.0373268852023206,-3.8637170791625977,-0.6137170195579529,assist,no
4384,0,0,0.20181321265898594,-1.7518255710601807,-0.3768255114555359,assist,no
4385,0,0,0.1066905825840872,-2.5582079887390137,-0.4332078695297241,assist,no
4386,0,0,0.1329642264548166,-2.5171284675598145,-0.6421283483505249,assist,no
4387,0,1,0.5621765008857981,-1.0482182502746582,-1.2982182502746582,assist,yes
4388,0,0,0.1066905854244781,-2.3529269695281982,-0.22792688012123108,assist,no
4389,0,0,0.3775406828054583,-1.2383413314819336,-0.7383413910865784,assist,no
4390,0,0,0.16451645470385742,-2.2746505737304688,-0.649650514125824,assist,no
4391,0,0,0.32082130082460697,-1.7697689533233643,-1.0197689533233643,assist,no
4392,0,0,0.5,-1.3629106283187866,-1.3629106283187866,assist,no
4393,0,1,0.9149009596336303,-0.614750325679779,-2.989750385284424,assist,yes
4394,0,0,0.4073334000459302,-1.1970692873001099,-0.8220692873001099,assist,no
4395,0,0,0.24508501313237172,-1.8224034309387207,-0.6974034309387207,assist,no
4396,0,0,0.09534946232842245,-2.7196855545043945,-0.46968552470207214,assist,no
4397,0,0,0.3208212878370535,-1.4073305130004883,-0.6573304533958435,assist,no
4398,0,0,0.26894141551050293,-1.455034613609314,-0.4550345838069916,assist,no
4399,0,0,0.4073334000459302,-1.0806177854537964,-0.7056177854537964,assist,no
4400,0,0,0.3208212878370535,-1.3552660942077637,-0.6052660346031189,assist,no
4401,0,1,0.5926666143433998,-0.8285591006278992,-1.203559160232544,assist,yes
4402,0,0,0.2942149597859341,-1.4909694194793701,-0.6159693598747253,assist,no
4403,0,0,0.40733341443526055,-1.0607240200042725,-0.6857240796089172,assist,no
4404,0,0,0.46879062662624377,-1.1124002933502197,-0.9874002933502197,assist,no
4405,0,1,0.6224593312018546,-0.8665775060653687,-1.3665775060653687,assist,yes
4406,0,0,0.4378234991142019,-1.000497579574585,-0.750497579574585,assist,no
4407,0,0,0.5,-1.1768672466278076,-1.1768672466278076,assist,no
4408,0,0,0.40733341443526055,-1.2467453479766846,-0.8717454075813293,assist,no
4409,0,0,0.03732688627322502,-3.551711082458496,-0.3017110526561737,assist,no
4410,0,0,0.4378234991142019,-1.4599522352218628,-1.2099522352218628,assist,no
4411,0,0,0.3208212878370535,-1.3020992279052734,-0.5520991683006287,assist,no
4412,0,0,0.047425867792089564,-3.579157829284668,-0.5791577100753784,assist,no
4413,0,1,0.754914975839675,-0.499775230884552,-1.6247751712799072,assist,yes
4414,0,0,0.1645164628965632,-2.1605215072631836,-0.5355215072631836,assist,no
4415,0,0,0.2689414213699951,-1.4846490621566772,-0.48464906215667725,assist,no
4416,0,0,0.04742587856304458,-3.4940996170043945,-0.4940997362136841,assist,no
4417,0,0,0.09534947518185825,-2.6229143142700195,-0.3729144334793091,assist,no
4418,0,0,0.32082130082460697,-1.2540075778961182,-0.5040075778961182,assist,no
4419,0,1,0.7549149868676283,-0.4811357259750366,-1.6061357259750366,assist,yes
4420,0,1,0.8933094060543487,-0.31733131408691406,-2.442331314086914,assist,yes
4421,0,0,0.22270014914315833,-1.8715415000915527,-0.6215415596961975,assist,no
4422,0,0,0.2689414213699951,-1.5514215230941772,-0.5514215230941772,assist,no
4423,0,0,0.1645164628965632,-2.0178890228271484,-0.39288902282714844,assist,no
4424,0,0,0.3775406828054583,-1.3371772766113281,-0.8371773362159729,assist,no
4425,0,1,0.5621765008857981,-0.7790069580078125,-1.0290069580078125,assist,yes
4426,0,1,0.6513548646660542,-0.7839252948760986,-1.4089252948760986,assist,yes
4427,0,1,0.8807970748488297,-0.33097103238105774,-2.3309710025787354,assist,yes
4428,0,0,0.04742587587030561,-3.578890323638916,-0.5788903832435608,assist,no
4429,0,0,0.060086648490884395,-3.030758857727051,-0.2807588279247284,assist,no
4430,0,0,0.020332350374504305,-4.103720664978027,-0.2287205159664154,assist,no
4431,0,1,0.5621765008857981,-0.7158684730529785,-0.9658684730529785,assist,yes
4432,0,1,0.6224593312018546,-0.7316064834594727,-1.2316064834594727,assist,yes
4433,0,0,0.4073334000459302,-1.1804264783859253,-0.8054264783859253,assist,no
4434,0,1,0.6791786861878392,-0.6211646199226379,-1.3711645603179932,assist,yes
4435,0,0,0.32082130082460697,-1.726251244544983,-0.9762512445449829,assist,No
4436,0,1,0.6224593312018546,-0.6012945175170898,-1.1012945175170898,assist,yes
4437,0,0,0.22270013882530884,-1.8571429252624512,-0.6071429252624512,assist,no
4438,0,0,0.16451644651115205,-2.0287575721740723,-0.4037574529647827,assist,no
4439,0,0,0.13296422989056964,-2.2638235092163086,-0.38882341980934143,assist,no
4440,0,0,0.047425867792089564,-3.347787380218506,-0.3477872610092163,assist,no
4441,0,0,0.07585818628900447,-2.718309164047241,-0.21830925345420837,assist,no
4442,0,0,0.18242552380635632,-2.163560628890991,-0.6635606288909912,assist,no
4443,0,0,0.20181321265898594,-1.7696690559387207,-0.3946689963340759,assist,no
4444,0,1,0.7057850278370112,-0.5487704277038574,-1.4237704277038574,assist,yes
4445,0,1,0.7057850278370112,-0.6412874460220337,-1.5162874460220337,assist,yes
4446,0,0,0.14804720930852133,-2.0408034324645996,-0.2908035218715668,assist,no
4447,0,1,0.8354835207180245,-0.40463221073150635,-2.029632091522217,assist,yes
4448,0,0,0.13296425394084313,-2.43521785736084,-0.5602179765701294,assist,no
4449,0,0,0.46879062662624377,-1.1510934829711914,-1.0260934829711914,assist,no
4450,0,0,0.06008665354025422,-2.93428635597229,-0.18428641557693481,assist,no
4451,0,0,0.4073334000459302,-1.5001627206802368,-1.1251627206802368,assist,no
4452,0,1,0.5926666143433998,-0.7277056574821472,-1.102705717086792,assist,yes
4453,0,1,0.7549149868676283,-0.5308139324188232,-1.6558139324188232,assist,yes
4454,0,1,0.8807970873650403,-0.3851300776004791,-2.3851301670074463,assist,yes
4455,0,1,0.6224593312018546,-0.6805890798568726,-1.1805890798568726,assist,yes
4456,0,0,0.5,-0.9054036736488342,-0.9054036736488342,assist,no
4457,0,0,0.1480471980316895,-2.1200928688049316,-0.37009286880493164,assist,no
4458,0,0,0.4378234991142019,-0.9926972389221191,-0.7426972389221191,assist,no
4459,0,1,0.9626731115849659,-0.2927995026111603,-3.542799472808838,assist,yes
4460,0,1,0.914900957313305,-0.2923693358898163,-2.6673693656921387,assist,yes
4461,0,0,0.20181321265898594,-1.777209758758545,-0.40220969915390015,assist,no
4462,0,0,0.2689414213699951,-1.7449625730514526,-0.7449625730514526,assist,no
4463,0,0,0.29421497216298875,-1.843889594078064,-0.968889594078064,assist,no
4464,0,0,0.02297736823741426,-3.9837419986724854,-0.23374192416667938,assist,no
4465,0,0,0.4378234844434674,-1.0675318241119385,-0.8175317645072937,assist,no
4466,0,0,0.46879062662624377,-0.9766466021537781,-0.8516466021537781,assist,no
4467,0,0,0.3486451217982255,-1.3791632652282715,-0.7541632056236267,assist,no
4468,0,0,0.32082130082460697,-1.757929801940918,-1.007929801940918,assist,no
4469,0,1,0.9241418220680101,-0.3354463279247284,-2.835446357727051,assist,yes
4470,0,0,0.11920291576401235,-2.404726505279541,-0.40472644567489624,assist,no
4471,0,0,0.042087729117139754,-3.5294673442840576,-0.40446737408638,assist,no
4472,0,0,0.13296422989056964,-2.219810962677002,-0.3448108732700348,assist,no
4473,0,0,0.5,-0.8141052722930908,-0.8141052722930908,assist,no
4474,0,0,0.4073333856566001,-1.196343183517456,-0.8213431239128113,assist,no
4475,0,1,0.5621765008857981,-0.7506228685379028,-1.0006228685379028,assist,yes
4476,0,0,0.34864513533394575,-1.302243947982788,-0.6772439479827881,assist,no
4477,0,1,0.5312093733737563,-0.8573486804962158,-0.9823486804962158,assist,yes
4478,0,0,0.18242552380635632,-1.9937108755111694,-0.49371087551116943,assist,no
4479,0,0,0.029312227359491745,-3.793429374694824,-0.29342925548553467,assist,no
4480,0,0,0.4073334000459302,-1.305119276046753,-0.9301192760467529,assist,no
4481,0,0,0.4378234991142019,-1.1122968196868896,-0.8622968196868896,assist,no
4482,0,1,0.6224593452091672,-0.6451646685600281,-1.1451647281646729,assist,yes
4483,0,0,0.0953494674697966,-2.5947399139404297,-0.3447399437427521,assist,no
4484,0,0,0.29421497216298875,-1.4054874181747437,-0.5304874181747437,assist,no
4485,0,1,0.6224593171945417,-0.8147488236427307,-1.314748764038086,assist,yes
4486,0,0,0.022977369575503337,-3.8928487300872803,-0.14284871518611908,assist,no
4487,0,0,0.0953494648991095,-2.759828805923462,-0.5098288059234619,assist,no
4488,0,0,0.02595735945832451,-3.9113717079162598,-0.28637179732322693,assist,no
4489,0,0,0.22270013882530884,-1.7904053926467896,-0.5404053926467896,assist,no
4490,0,0,0.07585818628900447,-2.7723469734191895,-0.2723470628261566,assist,no
4491,0,0,0.008577484906839334,-5.075528621673584,-0.3255285620689392,assist,no
4492,0,1,0.8807970904940926,-0.4741109609603882,-2.4741110801696777,assist,yes
4493,0,1,0.5312093733737563,-0.7937124967575073,-0.9187124967575073,assist,yes
4494,0,1,0.7310585903489892,-0.5082778334617615,-1.5082778930664062,assist,yes
4495,0,0,0.22270014914315833,-1.8704235553741455,-0.6204236149787903,assist,no
4496,0,0,0.07585818628900447,-2.874497175216675,-0.37449726462364197,assist,no
4497,0,1,0.8519528019683106,-0.5496726036071777,-2.2996726036071777,assist,yes
4498,0,0,0.46879062662624377,-1.0032930374145508,-0.8782930374145508,assist,no
4499,0,1,0.5312093733737563,-0.9105552434921265,-1.0355552434921265,assist,yes
4500,0,0,0.46879062662624377,-0.9915224313735962,-0.8665224313735962,assist,no
4501,0,1,0.5926666143433998,-0.8381020426750183,-1.213102102279663,assist,yes
4502,0,0,0.04742587452393617,-3.2597949504852295,-0.2597949802875519,assist,no
4503,0,0,0.34864513533394575,-1.161112904548645,-0.536112904548645,assist,no
4504,0,1,0.7057850278370112,-0.4714473485946655,-1.3464473485946655,assist,yes
4505,0,0,0.4073334000459302,-1.0230553150177002,-0.6480553150177002,assist,no
4506,0,0,0.0850990542883219,-3.0985054969787598,-0.7235056161880493,assist,no
4507,0,1,0.8354835289107309,-0.40095359086990356,-2.025953531265259,assist,yes
4508,0,1,0.8933094145755219,-0.27530112862586975,-2.400301218032837,assist,yes
4509,0,0,0.16451646699291617,-1.8877086639404297,-0.2627086937427521,assist,no
4510,0,0,0.03732688948593843,-3.7703778743743896,-0.5203779339790344,assist,no
4511,0,0,0.18242553269617778,-2.3032784461975098,-0.8032785058021545,assist,No
4512,0,0,0.18242552380635632,-1.9110538959503174,-0.4110538959503174,assist,no
4513,0,0,0.08509903804604459,-2.8002023696899414,-0.42520228028297424,assist,no
4514,0,1,0.8670357598021706,-0.37123608589172363,-2.2462360858917236,assist,yes
4515,0,0,0.053403329046549465,-3.119656562805176,-0.2446565479040146,assist,no
4516,0,0,0.3486451488696663,-1.2046535015106201,-0.5796535611152649,assist,no
4517,0,1,0.5926665855647394,-0.7500706315040588,-1.125070571899414,assist,yes
4518,0,1,0.6791786861878392,-0.6212044358253479,-1.3712043762207031,assist,yes
4519,0,0,0.46879062662624377,-1.1116960048675537,-0.9866960048675537,assist,no
4520,0,0,0.04742587317756679,-3.3753716945648193,-0.37537169456481934,assist,no
4521,0,0,0.3486451488696663,-1.5872347354888916,-0.9622347950935364,assist,No
4522,0,1,0.6224593312018546,-0.665402889251709,-1.165402889251709,assist,yes
4523,0,1,0.8175744761936437,-0.553802490234375,-2.053802490234375,assist,yes
4524,0,0,0.3208213138121609,-1.3233203887939453,-0.5733204483985901,assist,no
4525,0,0,0.025957356444287677,-3.9720699787139893,-0.34706994891166687,assist,no
4526,0,1,0.9241418262465169,-0.28393760323524475,-2.783937692642212,assist,yes
4527,0,1,0.679178699175393,-0.5603398084640503,-1.3103398084640503,assist,yes
4528,0,0,0.07585818419975078,-2.9444196224212646,-0.4444196820259094,assist,no
4529,0,0,0.1066905825840872,-2.6494321823120117,-0.5244320631027222,assist,no
4530,0,0,0.08509904500702024,-2.955049753189087,-0.5800497531890869,assist,no
4531,0,1,0.8670357701094303,-0.3984276354312897,-2.273427724838257,assist,yes
4532,0,0,0.29421497216298875,-1.772533893585205,-0.8975338935852051,assist,no
4533,0,1,0.7057850278370112,-0.5272659063339233,-1.4022659063339233,assist,yes
4534,0,0,0.02297736522671412,-4.093990802764893,-0.34399059414863586,assist,no
4535,0,1,0.8670357701094303,-0.34423938393592834,-2.2192394733428955,assist,yes
4536,0,0,0.32082130082460697,-1.396923542022705,-0.6469235420227051,assist,no
4537,0,1,0.7981867873410141,-0.445431649684906,-1.8204317092895508,assist,yes
4538,0,0,0.05340332377362639,-3.377753257751465,-0.5027531385421753,assist,no
4539,0,0,0.5,-0.8517826199531555,-0.8517826199531555,assist,no
4540,0,1,0.9046505402422645,-0.3839682936668396,-2.6339683532714844,assist,yes
4541,0,0,0.4378234991142019,-0.9835644960403442,-0.7335644960403442,assist,no
4542,0,0,0.017986212067650338,-4.4538750648498535,-0.45387518405914307,assist,no
4543,0,0,0.1066905854244781,-2.419088840484619,-0.294088751077652,assist,no
4544,0,0,0.2689414096510108,-1.5893456935882568,-0.5893456339836121,assist,no
4545,0,0,0.24508499107646636,-2.0646214485168457,-0.9396213293075562,assist,no
4546,0,0,0.08509904036636974,-2.6562509536743164,-0.28125089406967163,assist,no
4547,0,1,0.8519528170040853,-0.3852757215499878,-2.1352758407592773,assist,yes
4548,0,0,0.3486451217982255,-1.2758607864379883,-0.6508607268333435,assist,no
4549,0,1,0.5621765008857981,-0.810789942741394,-1.060789942741394,assist,yes
4550,0,0,0.10669059394565118,-2.6926469802856445,-0.5676469802856445,assist,no
4551,0,1,0.6513548782017746,-0.7353383898735046,-1.3603384494781494,assist,yes
4552,0,0,0.11920292671569666,-2.201589584350586,-0.20158962905406952,assist,no
4553,0,1,0.6513548782017746,-0.7956714034080505,-1.4206714630126953,assist,yes
4554,0,1,0.5312093733737563,-1.2012358903884888,-1.3262358903884888,assist,yes
4555,0,1,0.867035763237924,-0.30546900629997253,-2.180469036102295,assist,yes
4556,0,0,0.22270014914315833,-2.0712926387786865,-0.8212926983833313,assist,no
4557,0,1,0.7057850278370112,-0.7101337909698486,-1.5851337909698486,assist,yes
4558,0,1,0.7772998714925403,-0.49649494886398315,-1.746495008468628,assist,yes
4559,0,1,0.5621765008857981,-0.8569483757019043,-1.1069483757019043,assist,yes
4560,0,0,0.4378235137849365,-1.0325870513916016,-0.7825871109962463,assist,no
4561,0,1,0.9149009526726544,-0.31714609265327454,-2.692146062850952,assist,yes
4562,0,1,0.5926665855647394,-0.8372064232826233,-1.2122063636779785,assist,yes
4563,0,0,0.2942149845400438,-1.5422837734222412,-0.667283833026886,assist,no
4564,0,0,0.18242552380635632,-2.0149025917053223,-0.5149025917053223,assist,no
4565,0,0,0.4378234991142019,-1.056166172027588,-0.8061661720275879,assist,no
4566,0,1,0.9149009642742806,-0.31657731533050537,-2.691577434539795,assist,yes
4567,0,0,0.34864513533394575,-1.5917346477508545,-0.9667346477508545,assist,no
4568,0,0,0.0850990542883219,-2.8376832008361816,-0.4626833200454712,assist,no
4569,0,1,0.8354835289107309,-0.650421679019928,-2.275421619415283,assist,yes
4570,0,0,0.46879062662624377,-1.3151724338531494,-1.1901724338531494,assist,no
4571,0,0,0.34864513533394575,-1.5687859058380127,-0.9437859058380127,assist,no
4572,0,1,0.5926665999540697,-0.8863619565963745,-1.2613619565963745,assist,yes
4573,0,0,0.07585818106587033,-2.733109951019287,-0.2331099659204483,assist,no
4574,0,0,0.06008665017400762,-3.3028085231781006,-0.5528085231781006,assist,no
4575,0,1,0.8807970779778823,-0.3857114315032959,-2.385711431503296,assist,yes
4576,0,0,0.18242551936144574,-1.9549212455749512,-0.4549212157726288,assist,no
4577,0,1,0.7057850154599563,-0.5655768513679504,-1.4405767917633057,assist,yes
4578,0,1,0.6791787121629466,-0.6027256846427917,-1.3527257442474365,assist,yes
4579,0,1,0.6791787121629466,-0.6356117129325867,-1.3856117725372314,assist,yes
4580,0,1,0.6224593312018546,-0.7603294849395752,-1.2603294849395752,assist,yes
4581,0,0,0.34864513533394575,-1.275858998298645,-0.650858998298645,assist,no
4582,0,0,0.34864513533394575,-1.2750825881958008,-0.6500825881958008,assist,no
4583,0,1,0.5312093733737563,-0.9234235286712646,-1.0484235286712646,assist,yes
4584,0,0,0.03308597552845946,-3.731548547744751,-0.3565484583377838,assist,no
4585,0,1,0.6513548511303336,-0.581564724445343,-1.2065646648406982,assist,yes
4586,0,0,0.3486451488696663,-1.3024015426635742,-0.677401602268219,assist,no
4587,0,0,0.4073334000459302,-1.1027140617370605,-0.7277140617370605,assist,no
4588,0,0,0.4378235137849365,-1.0567224025726318,-0.8067224621772766,assist,no
4589,0,0,0.04208773031866069,-3.46258282661438,-0.33758288621902466,assist,no
4590,0,0,0.3775406547908327,-1.377465009689331,-0.8774649500846863,assist,no
4591,0,0,0.01798620759333822,-4.165153503417969,-0.165153369307518,assist,no
4592,0,1,0.5312093733737563,-0.7343047261238098,-0.8593047261238098,assist,yes
4593,0,0,0.4073334000459302,-1.5033929347991943,-1.1283929347991943,assist,no
4594,0,1,0.8175744761936437,-0.45204269886016846,-1.9520426988601685,assist,yes
4595,0,0,0.46879062662624377,-0.9546337127685547,-0.8296337127685547,assist,no
4596,0,1,0.914900950352329,-0.29279905557632446,-2.6677989959716797,assist,yes
4597,0,0,0.03308597552845946,-3.801989793777466,-0.42698970437049866,assist,no
4598,0,0,0.13296423676207594,-2.197808265686035,-0.32280823588371277,assist,no
4599,0,0,0.05340332678672523,-3.144902467727661,-0.26990240812301636,assist,no
4600,0,0,0.37754066879814546,-1.2240540981292725,-0.7240540981292725,assist,no
4601,0,0,0.1480471980316895,-2.0446178913116455,-0.2946178913116455,assist,no
4602,0,1,0.7772998611746911,-0.7219784259796143,-1.9719784259796143,assist,yes
4603,0,1,0.6513548646660542,-0.6688367128372192,-1.2938367128372192,assist,yes
4604,0,0,0.5,-0.9807602167129517,-0.9807602167129517,assist,no
4605,0,0,0.10669059394565118,-2.4446041584014893,-0.31960415840148926,assist,no
4606,0,0,0.10669060530721626,-2.3820810317993164,-0.25708115100860596,assist,no
4607,0,1,0.7772998508568416,-0.4436958432197571,-1.6936957836151123,assist,yes
4608,0,0,0.053403329799824234,-3.3298323154449463,-0.4548323154449463,assist,no
4609,0,1,0.5926665999540697,-0.7884979248046875,-1.1634979248046875,assist,yes
4610,0,0,0.09534947261117097,-2.477243661880493,-0.22724375128746033,assist,no
4611,0,1,0.679178699175393,-0.5795937776565552,-1.3295937776565552,assist,yes
4612,0,0,0.32082130082460697,-1.3549085855484009,-0.6049085855484009,assist,no
4613,0,1,0.6513548511303336,-0.6272433400154114,-1.2522432804107666,assist,yes
4614,0,1,0.7549149868676283,-0.654916524887085,-1.779916524887085,assist,yes
4615,0,0,0.5,-1.001572608947754,-1.001572608947754,assist,no
4616,0,0,0.46879062662624377,-1.096673846244812,-0.971673846244812,assist,no
4617,0,0,0.46879062662624377,-0.9674184322357178,-0.8424184322357178,assist,no
4618,0,0,0.20181322226037882,-1.837295651435852,-0.46229565143585205,assist,no
4619,0,0,0.3775406828054583,-1.1529512405395508,-0.6529513001441956,assist,no
4620,0,0,0.4378235137849365,-1.056509017944336,-0.8065090775489807,assist,no
4621,0,1,0.924141817889503,-0.24105647206306458,-2.741056442260742,assist,yes
4622,0,0,0.22270014914315833,-1.7336525917053223,-0.48365265130996704,assist,no
4623,0,1,0.5926665999540697,-0.6929727792739868,-1.0679727792739868,assist,yes
4624,0,0,0.5,-0.8527304530143738,-0.8527304530143738,assist,no
4625,0,0,0.3486451217982255,-1.3610596656799316,-0.7360596060752869,assist,no
4626,0,0,0.20181322226037882,-1.8383208513259888,-0.46332085132598877,assist,no
4627,0,0,0.16451647108926923,-2.39345645904541,-0.7684565186500549,assist,no
4628,0,1,0.5312093733737563,-1.1189777851104736,-1.2439777851104736,assist,yes
4629,0,0,0.10669059962643358,-2.4799959659576416,-0.3549960255622864,assist,no
4630,0,0,0.46879062662624377,-0.8919826149940491,-0.7669826149940491,assist,no
4631,0,0,0.04742586913845881,-3.3419089317321777,-0.34190884232521057,assist,no
4632,0,0,0.2689414096510108,-1.5369269847869873,-0.5369269251823425,assist,no
4633,0,0,0.37754066879814546,-1.4469624757766724,-0.9469624757766724,assist,no
4634,0,0,0.1645164628965632,-2.310729742050171,-0.6857297420501709,assist,no
4635,0,0,0.05340333205964859,-3.0512545108795166,-0.17625455558300018,assist,no
4636,0,0,0.01590639217832175,-4.371341705322266,-0.246341735124588,assist,no
4637,0,0,0.32082130082460697,-1.3415179252624512,-0.5915179252624512,assist,no
4638,0,0,0.08509904036636974,-2.7659144401550293,-0.3909143805503845,assist,no
4639,0,1,0.5621765008857981,-0.8588565587997437,-1.1088565587997437,assist,yes
4640,0,0,0.2689414096510108,-1.491213321685791,-0.49121326208114624,assist,no
4641,0,0,0.20181323186177208,-1.8222498893737793,-0.4472499489784241,assist,no
4642,0,0,0.4378234991142019,-1.0202475786209106,-0.7702475786209106,assist,no
4643,0,1,0.6224593452091672,-0.6386319994926453,-1.13863205909729,assist,yes
4644,0,1,0.9399133531922388,-0.29084986448287964,-3.0408499240875244,assist,yes
4645,0,0,0.24508501313237172,-1.640821099281311,-0.515821099281311,assist,no
4646,0,0,0.34864513533394575,-1.3297325372695923,-0.7047325372695923,assist,no
4647,0,0,0.06008664344151498,-3.077700614929199,-0.32770049571990967,assist,no
4648,0,0,0.3208212878370535,-1.3116555213928223,-0.5616554617881775,assist,no
4649,0,1,0.7981867873410141,-0.4013668894767761,-1.776366949081421,assist,yes
4650,0,0,0.3486451217982255,-1.2881906032562256,-0.6631905436515808,assist,no
4651,0,0,0.4378234991142019,-1.0431019067764282,-0.7931019067764282,assist,no
4652,0,0,0.34864513533394575,-1.2518126964569092,-0.6268126964569092,assist,no
4653,0,0,0.4378235137849365,-1.0982871055603027,-0.8482871651649475,assist,no
4654,0,0,0.02595736021183377,-4.230109691619873,-0.6051098108291626,assist,no
4655,0,0,0.22270013882530884,-2.095552444458008,-0.8455524444580078,assist,no
4656,0,0,0.37754066879814546,-1.5740902423858643,-1.0740902423858643,assist,no
4657,0,1,0.7310585669110203,-0.5084181427955627,-1.508418083190918,assist,yes
4658,0,1,0.9149009642742806,-0.47825706005096436,-2.853257179260254,assist,yes
4659,0,0,0.02595736021183377,-3.8843698501586914,-0.25936996936798096,assist,no
4660,0,0,0.01590639031229368,-4.617923259735107,-0.49292317032814026,assist,no
4661,0,1,0.6224593452091672,-0.7055551409721375,-1.2055552005767822,assist,yes
4662,0,0,0.02931222905542399,-3.7389354705810547,-0.2389354109764099,assist,no
4663,0,0,0.05340333130637379,-3.2579293251037598,-0.38292935490608215,assist,no
4664,0,1,0.7057850278370112,-0.5899419784545898,-1.4649419784545898,assist,yes
4665,0,0,0.04208773031866069,-3.697748899459839,-0.5727489590644836,assist,no
4666,0,0,0.1480472055495773,-2.282344341278076,-0.532344400882721,assist,no
4667,0,1,0.9046505453836383,-0.3868345022201538,-2.6368346214294434,assist,yes
4668,0,1,0.7057850278370112,-0.5658226013183594,-1.4408226013183594,assist,yes
4669,0,1,0.6224593452091672,-0.665252149105072,-1.1652522087097168,assist,yes
4670,0,0,0.18242553269617778,-2.0161638259887695,-0.5161638855934143,assist,no
4671,0,1,0.6513548646660542,-0.6687707901000977,-1.2937707901000977,assist,yes
4672,0,1,0.9149009619539553,-0.3188911974430084,-2.6938912868499756,assist,yes
4673,0,1,0.9465966717067252,-0.26109549403190613,-3.1360955238342285,assist,yes
4674,0,0,0.37754066879814546,-1.1090660095214844,-0.6090660095214844,assist,no
4675,0,1,0.5926665999540697,-0.6861538887023926,-1.0611538887023926,assist,yes
4676,0,0,0.4073334000459302,-1.081656813621521,-0.706656813621521,assist,no
4677,0,0,0.4073334000459302,-1.3727351427078247,-0.9977351427078247,assist,no
4678,0,1,0.8175744939732856,-0.5128411054611206,-2.01284122467041,assist,yes
4679,0,1,0.7057850278370112,-0.6262646913528442,-1.5012646913528442,assist,yes
4680,0,0,0.29421497216298875,-1.5419600009918213,-0.6669600009918213,assist,no
4681,0,0,0.014063625390308462,-4.842010974884033,-0.5920108556747437,assist,no
4682,0,0,0.4073334000459302,-1.2125872373580933,-0.8375872373580933,assist,no
4683,0,0,0.14804719051380197,-2.2712244987487793,-0.5212244391441345,assist,no
4684,0,0,0.46879062662624377,-1.287236213684082,-1.162236213684082,assist,no
4685,0,0,0.06008665522337757,-3.213451623916626,-0.46345171332359314,assist,no
4686,0,0,0.4378234991142019,-1.2798570394515991,-1.0298570394515991,assist,no
4687,0,1,0.754914975839675,-0.5043783783912659,-1.629378318786621,assist,yes
4688,0,0,0.06008664428307651,-2.8802523612976074,-0.13025225698947906,assist,no
4689,0,1,0.5621765008857981,-0.9613220691680908,-1.2113220691680908,assist,yes
4690,0,1,0.7981867873410141,-0.3503403067588806,-1.7253403663635254,assist,yes
4691,0,1,0.7549149868676283,-0.552904486656189,-1.677904486656189,assist,yes
4692,0,0,0.2689414213699951,-1.9357699155807495,-0.9357699155807495,assist,no
4693,0,0,0.1329642264548166,-2.349416732788086,-0.4744166135787964,assist,no
4694,0,0,0.06754669864792355,-2.8934173583984375,-0.26841747760772705,assist,no
4695,0,1,0.8175744850834649,-0.4519171118736267,-1.9519171714782715,assist,yes
4696,0,0,0.4073334000459302,-1.2295669317245483,-0.8545669317245483,assist,no
4697,0,0,0.20181324146316565,-2.1127867698669434,-0.7377868890762329,assist,no
4698,0,0,0.13296424706933604,-2.3221817016601562,-0.447181761264801,assist,no
4699,0,1,0.5312093733737563,-0.894321084022522,-1.019321084022522,assist,yes
4700,0,0,0.4378234991142019,-0.9580013751983643,-0.7080013751983643,assist,no
4701,0,0,0.3208212878370535,-1.3558402061462402,-0.6058401465415955,assist,no
4702,0,0,0.06754669864792355,-2.9389548301696777,-0.3139549493789673,assist,no
4703,0,0,0.07585817793199003,-2.7713630199432373,-0.2713629901409149,assist,no
4704,0,1,0.754914975839675,-0.4820764660835266,-1.6070764064788818,assist,yes
4705,0,0,0.05340332678672523,-3.4194560050964355,-0.5444559454917908,assist,no
4706,0,1,0.9046505428129514,-0.24530568718910217,-2.4953057765960693,assist,yes
4707,0,0,0.025957356444287677,-3.9382009506225586,-0.3132009208202362,assist,no
4708,0,1,0.8933094060543487,-0.3405282497406006,-2.4655282497406006,assist,yes
4709,0,0,0.18242551491653522,-2.0496599674224854,-0.5496599078178406,assist,no
4710,0,1,0.798186768138228,-0.5648236870765686,-1.9398236274719238,assist,yes
4711,0,0,0.08509904036636974,-2.9617667198181152,-0.5867666602134705,assist,no
4712,0,1,0.7981867873410141,-0.4494096636772156,-1.8244097232818604,assist,yes
4713,0,0,0.4378234844434674,-1.1120562553405762,-0.8620561957359314,assist,no
4714,0,0,0.5,-0.7893713116645813,-0.7893713116645813,assist,no
4715,0,1,0.5312093733737563,-1.099583625793457,-1.224583625793457,assist,yes
4716,0,0,0.18242550602671442,-2.0992183685302734,-0.5992182493209839,assist,no
4717,0,0,0.11920291576401235,-2.7126424312591553,-0.7126423716545105,assist,no
4718,0,1,0.5312093733737563,-0.9439219236373901,-1.0689219236373901,assist,yes
4719,0,0,0.047425871831197425,-3.2373454570770264,-0.23734542727470398,assist,no
4720,0,0,0.46879062662624377,-0.9540060758590698,-0.8290060758590698,assist,no
4721,0,0,0.05340333130637379,-3.197636604309082,-0.3226366341114044,assist,no
4722,0,1,0.798186768138228,-0.5422795414924622,-1.9172794818878174,assist,yes
4723,0,0,0.09534947004048376,-2.6285464763641357,-0.3785465359687805,assist,no
4724,0,1,0.8175744761936437,-0.40237855911254883,-1.9023785591125488,assist,yes
4725,0,1,0.9046505402422645,-0.3280279040336609,-2.5780279636383057,assist,yes
4726,0,1,0.5312093733737563,-0.8344132304191589,-0.9594132304191589,assist,yes
4727,0,0,0.29421497216298875,-1.8045066595077515,-0.9295066595077515,assist,No
4728,0,0,0.04742586846527418,-3.21826171875,-0.21826161444187164,assist,no
4729,0,1,0.6513548782017746,-0.7353658080101013,-1.360365867614746,assist,yes
4730,0,0,0.042087725512577126,-3.529508352279663,-0.4045082926750183,assist,no
4731,0,0,0.16451644651115205,-2.124276638031006,-0.4992765188217163,assist,no
4732,0,0,0.14804719051380197,-2.030787706375122,-0.2807876467704773,assist,no
4733,0,0,0.3486451217982255,-1.3000035285949707,-0.6750034689903259,assist,no
4734,0,0,0.2689414213699951,-1.6645504236221313,-0.6645504236221313,assist,no
4735,0,0,0.16451645470385742,-2.2288990020751953,-0.6038989424705505,assist,no
4736,0,0,0.05340333582602272,-3.2615556716918945,-0.3865557909011841,assist,no
4737,0,0,0.16451644651115205,-2.393484592437744,-0.7684844732284546,assist,no
4738,0,0,0.05340333130637379,-3.1979050636291504,-0.3229050934314728,assist,no
4739,0,1,0.6224593312018546,-0.6165324449539185,-1.1165324449539185,assist,yes
4740,0,1,0.7772998714925403,-0.5313975214958191,-1.7813975811004639,assist,yes
4741,0,1,0.754914975839675,-0.4769907593727112,-1.6019906997680664,assist,yes
4742,0,1,0.5621765008857981,-0.8568060398101807,-1.1068060398101807,assist,yes
4743,0,0,0.13296424706933604,-2.220505714416504,-0.3455057740211487,assist,no
4744,0,0,0.37754066879814546,-1.1647794246673584,-0.6647794246673584,assist,no
4745,0,0,0.2689414330889798,-1.577744483947754,-0.5777445435523987,assist,no
4746,0,1,0.6224593312018546,-0.6585758924484253,-1.1585758924484253,assist,yes
4747,0,0,0.04742587587030561,-3.536181688308716,-0.5361817479133606,assist,no
4748,0,0,0.22270014914315833,-1.9547991752624512,-0.704799234867096,assist,no
4749,0,0,0.13296423676207594,-2.238723039627075,-0.3637230098247528,assist,no
4750,0,0,0.32082130082460697,-1.3211404085159302,-0.5711404085159302,assist,no
4751,0,0,0.22270014398423357,-1.629610538482666,-0.3796105682849884,assist,no
4752,0,1,0.5312093733737563,-0.8725025653839111,-0.9975025653839111,assist,yes
4753,0,1,0.7549149868676283,-0.42071282863616943,-1.5457128286361694,assist,yes
4754,0,0,0.46879062662624377,-1.0187947750091553,-0.8937947750091553,assist,no
4755,0,0,0.2689414213699951,-1.8066933155059814,-0.8066933155059814,assist,no
4756,0,1,0.7310585786300049,-0.6151422262191772,-1.6151422262191772,assist,yes
4757,0,1,0.7549149923816048,-0.42039141058921814,-1.5453914403915405,assist,yes
4758,0,0,0.022977371917159397,-4.210569381713867,-0.46056947112083435,assist,no
4759,0,1,0.7310585786300049,-0.46874773502349854,-1.4687477350234985,assist,yes
4760,0,1,0.8519528019683106,-0.41165661811828613,-2.161656618118286,assist,yes
4761,0,0,0.4378234991142019,-1.0828789472579956,-0.8328789472579956,assist,no
4762,0,0,0.11920292828022305,-2.6338653564453125,-0.6338654160499573,assist,no
4763,0,1,0.8175744806385543,-0.32916125655174255,-1.829161286354065,assist,yes
4764,0,0,0.029312227359491745,-4.160513401031494,-0.6605132818222046,assist,No
4765,0,1,0.7981867825403176,-0.4220760762691498,-1.7970761060714722,assist,yes
4766,0,0,0.46879062662624377,-0.9419133067131042,-0.8169133067131042,assist,no
4767,0,0,0.1645164628965632,-2.4221811294555664,-0.7971811294555664,assist,No
4768,0,0,0.22270013882530884,-1.8973397016525269,-0.6473397016525269,assist,no
4769,0,0,0.13296424706933604,-2.2196273803710938,-0.3446274399757385,assist,no
4770,0,0,0.18242550602671442,-2.211172580718994,-0.7111724615097046,assist,no
4771,0,0,0.020332353342658753,-4.250692367553711,-0.37569236755371094,assist,no
4772,0,0,0.2018132270610754,-1.7833868265151978,-0.40838685631752014,assist,no
4773,0,1,0.7057850402140659,-0.6482347846031189,-1.5232348442077637,assist,yes
4774,0,0,0.03732688627322502,-3.611914873123169,-0.36191484332084656,assist,no
4775,0,1,0.5926665855647394,-0.6700084805488586,-1.0450084209442139,assist,yes
4776,0,1,0.7310585903489892,-0.46861499547958374,-1.4686150550842285,assist,yes
4777,0,0,0.34864513533394575,-1.242416262626648,-0.617416262626648,assist,no
4778,0,0,0.04208773031866069,-3.8545734882354736,-0.7295735478401184,assist,no
4779,0,1,0.6513548511303336,-0.6427686810493469,-1.2677686214447021,assist,yes
4780,0,0,0.1480472055495773,-2.1156728267669678,-0.36567288637161255,assist,no
4781,0,0,0.22270012850745968,-1.8974182605743408,-0.647418200969696,assist,no
4782,0,1,0.9046505351008906,-0.4510486125946045,-2.7010486125946045,assist,yes
4783,0,0,0.1824255415859996,-2.0892066955566406,-0.5892068147659302,assist,no
4784,0,1,0.679178699175393,-0.6848053932189941,-1.4348053932189941,assist,yes
4785,0,0,0.20181323186177208,-1.9172430038452148,-0.5422430634498596,assist,no
4786,0,1,0.6224593312018546,-0.664737343788147,-1.164737343788147,assist,yes
4787,0,0,0.18242551936144574,-1.9627318382263184,-0.46273180842399597,assist,no
4788,0,0,0.24508500210441886,-1.6244823932647705,-0.49948233366012573,assist,no
4789,0,0,0.40733341443526055,-1.0693142414093018,-0.6943143010139465,assist,no
4790,0,1,0.6224593312018546,-0.8036763668060303,-1.3036763668060303,assist,yes
4791,0,0,0.1192029188930649,-2.3567585945129395,-0.35675856471061707,assist,no
4792,0,0,0.37754066879814546,-1.5718330144882202,-1.0718330144882202,assist,no
4793,0,0,0.1480472055495773,-1.9853320121765137,-0.23533207178115845,assist,no
4794,0,1,0.5926665999540697,-1.1870474815368652,-1.5620474815368652,assist,Yes
4795,0,0,0.04742587654349034,-3.2187323570251465,-0.21873243153095245,assist,no
4796,0,0,0.010986944573626636,-4.864294052124023,-0.36429423093795776,assist,no
4797,0,0,0.32082130082460697,-1.3942451477050781,-0.6442451477050781,assist,no
4798,0,0,0.04208772431105632,-3.3018910884857178,-0.1768909990787506,assist,no
4799,0,0,0.20181322226037882,-1.7701144218444824,-0.3951144218444824,assist,no
4800,0,0,0.05340333130637379,-3.3293588161468506,-0.454358845949173,assist,no
4801,0,1,0.5312093733737563,-0.8940184116363525,-1.0190184116363525,assist,yes
4802,0,1,0.5926665855647394,-0.8065019249916077,-1.181501865386963,assist,yes
4803,0,0,0.05340332678672523,-3.0561318397521973,-0.1811317801475525,assist,no
4804,0,0,0.06754668363133542,-3.224045753479004,-0.5990456342697144,assist,no
4805,0,0,0.4378234991142019,-1.2185598611831665,-0.9685598611831665,assist,no
4806,0,0,0.1645164792819756,-2.093977928161621,-0.46897804737091064,assist,no
4807,0,0,0.0953494648991095,-2.815061330795288,-0.5650613307952881,assist,No
4808,0,0,0.037326887344129464,-3.8659474849700928,-0.6159474849700928,assist,no
4809,0,1,0.9241418199787566,-0.3062245845794678,-2.8062245845794678,assist,yes
4810,0,0,0.06754668644694548,-2.852864980697632,-0.22786490619182587,assist,no
4811,0,1,0.6224593452091672,-0.8395070433616638,-1.3395071029663086,assist,yes
4812,0,1,0.851952809486198,-0.44475287199020386,-2.1947529315948486,assist,yes
4813,0,1,0.8354835371034369,-0.4962475299835205,-2.1212475299835205,assist,yes
4814,0,0,0.047425867792089564,-3.6267709732055664,-0.6267708539962769,assist,no
4815,0,1,0.7057850154599563,-0.5026994347572327,-1.377699375152588,assist,yes
4816,0,0,0.060086656906500974,-3.2522716522216797,-0.5022717714309692,assist,no
4817,0,1,0.679178699175393,-0.7476438283920288,-1.4976438283920288,assist,yes
4818,0,0,0.04742587452393617,-3.406090021133423,-0.40609005093574524,assist,no
4819,0,0,0.0600866518571309,-3.1778080463409424,-0.42780807614326477,assist,no
4820,0,0,0.11920291576401235,-2.3462181091308594,-0.3462180495262146,assist,no
4821,0,1,0.7981867873410141,-0.449049174785614,-1.8240492343902588,assist,yes
4822,0,1,0.8175744850834649,-0.4219760298728943,-1.921976089477539,assist,yes
4823,0,0,0.07585818419975078,-2.7985880374908447,-0.2985880970954895,assist,no
4824,0,0,0.10669058826486906,-2.800931453704834,-0.6759313941001892,assist,No
4825,0,0,0.5,-1.1295878887176514,-1.1295878887176514,assist,no
4826,0,1,0.6513548782017746,-0.687290608882904,-1.3122906684875488,assist,yes
4827,0,0,0.4378234991142019,-1.1987413167953491,-0.9487413167953491,assist,no
4828,0,1,0.8175744850834649,-0.4024638533592224,-1.9024639129638672,assist,yes
4829,0,0,0.033085986016024416,-4.096260070800781,-0.7212603092193604,assist,no
4830,0,1,0.754914997895581,-0.6182753443717957,-1.7432754039764404,assist,yes
4831,0,0,0.37754066879814546,-1.6292142868041992,-1.1292142868041992,assist,no
4832,0,0,0.24508501313237172,-1.9630613327026367,-0.8380613327026367,assist,no
4833,0,1,0.5312093733737563,-1.073042631149292,-1.198042631149292,assist,yes
4834,0,1,0.9241418220680101,-0.335154265165329,-2.8351542949676514,assist,yes
4835,0,0,0.46879062662624377,-1.2375009059906006,-1.1125009059906006,assist,no
4836,0,0,0.34864513533394575,-1.6783051490783691,-1.0533051490783691,assist,no
4837,0,0,0.16451644651115205,-2.187295913696289,-0.5622957944869995,assist,no
4838,0,0,0.24508501313237172,-1.832381010055542,-0.707381010055542,assist,no
4839,0,1,0.904650527388829,-0.30413898825645447,-2.5541388988494873,assist,yes
4840,0,0,0.32082130082460697,-1.4224419593811035,-0.6724419593811035,assist,no
4841,0,0,0.09534946618445303,-2.49739670753479,-0.24739672243595123,assist,no
4842,0,0,0.20181322226037882,-1.9804717302322388,-0.6054717302322388,assist,no
4843,0,0,0.14804719051380197,-2.507352828979492,-0.7573527693748474,assist,no
4844,0,1,0.880797081106935,-0.47406741976737976,-2.474067449569702,assist,yes
4845,0,0,0.08509904732734556,-2.711392641067505,-0.33639267086982727,assist,no
4846,0,0,0.37754066879814546,-1.400282859802246,-0.9002828598022461,assist,no
4847,0,1,0.5621764862150634,-0.7707772850990295,-1.0207772254943848,assist,yes
4848,0,0,0.0953494674697966,-2.5740468502044678,-0.32404688000679016,assist,no
4849,0,0,0.18242551491653522,-1.9123907089233398,-0.41239064931869507,assist,no
4850,0,1,0.798186768138228,-0.6587308049201965,-2.0337307453155518,assist,yes
4851,0,0,0.3208213138121609,-1.4392709732055664,-0.6892710328102112,assist,no
4852,0,0,0.22270013882530884,-1.7904558181762695,-0.5404558181762695,assist,no
4853,0,1,0.5312093733737563,-1.0311247110366821,-1.1561247110366821,assist,yes
4854,0,1,0.679178699175393,-0.8385511636734009,-1.5885511636734009,assist,yes
4855,0,0,0.04742586913845881,-3.3119561672210693,-0.3119560778141022,assist,no
4856,0,1,0.5926665855647394,-0.7508936524391174,-1.1258935928344727,assist,yes
4857,0,1,0.9324533051062237,-0.42657405138015747,-3.0515739917755127,assist,yes
4858,0,1,0.7310585903489892,-0.5562862753868103,-1.556286334991455,assist,yes
4859,0,0,0.5,-0.9529050588607788,-0.9529050588607788,assist,no
4860,0,1,0.8933094174159129,-0.27504050731658936,-2.400040626525879,assist,yes
4861,0,1,0.8519528170040853,-0.3820585012435913,-2.132058620452881,assist,yes
4862,0,1,0.5621765008857981,-0.682743489742279,-0.932743489742279,assist,yes
4863,0,0,0.02297737258620403,-4.353854179382324,-0.6038542985916138,assist,no
4864,0,1,0.6224593452091672,-0.7686602473258972,-1.268660306930542,assist,yes
4865,0,0,0.20181323186177208,-1.9294812679290771,-0.5544813275337219,assist,no
4866,0,0,0.37754066879814546,-1.3980530500411987,-0.8980530500411987,assist,no
4867,0,0,0.32082130082460697,-1.7368781566619873,-0.9868781566619873,assist,no
4868,0,1,0.7549149868676283,-0.5371304750442505,-1.6621304750442505,assist,yes
4869,0,0,0.047425871831197425,-3.26184344291687,-0.26184341311454773,assist,no
4870,0,0,0.34864513533394575,-1.569006085395813,-0.944006085395813,assist,no
4871,0,1,0.8933094003735664,-0.3675439953804016,-2.492543935775757,assist,yes
4872,0,0,0.16451646699291617,-2.062469005584717,-0.4374690353870392,assist,no
4873,0,0,0.0953494674697966,-2.52940034866333,-0.27940037846565247,assist,no
4874,0,0,0.18242553269617778,-2.050118923187256,-0.5501189827919006,assist,no
4875,0,0,0.34864513533394575,-1.2522921562194824,-0.6272921562194824,assist,no
4876,0,0,0.46879062662624377,-1.3954060077667236,-1.2704060077667236,assist,no
4877,0,0,0.2689414330889798,-1.8570127487182617,-0.8570128083229065,assist,no
4878,0,0,0.5,-0.9060218334197998,-0.9060218334197998,assist,no
4879,0,1,0.5926665999540697,-0.613478422164917,-0.988478422164917,assist,yes
4880,0,1,0.679178699175393,-0.7194790840148926,-1.4694790840148926,assist,yes
4881,0,1,0.5926665999540697,-0.8077183961868286,-1.1827183961868286,assist,yes
4882,0,0,0.4378234991142019,-1.1963082551956177,-0.9463082551956177,assist,no
4883,0,0,0.46879062662624377,-0.9889446496963501,-0.8639446496963501,assist,no
4884,0,1,0.817574471748733,-0.3745180666446686,-1.8745180368423462,assist,yes
4885,0,0,0.1192029188930649,-2.3577497005462646,-0.35774967074394226,assist,no
4886,0,1,0.5926665999540697,-1.0637085437774658,-1.4387085437774658,assist,yes
4887,0,0,0.5,-0.8792657256126404,-0.8792657256126404,assist,no
4888,0,1,0.8519528170040853,-0.5122517347335815,-2.262251853942871,assist,yes
4889,0,0,0.20181323186177208,-2.199484348297119,-0.8244844079017639,assist,No
4890,0,0,0.20181322226037882,-1.9666153192520142,-0.5916153192520142,assist,no
4891,0,0,0.46879062662624377,-0.9457158446311951,-0.8207158446311951,assist,no
4892,0,1,0.5926666143433998,-0.7054964900016785,-1.0804965496063232,assist,yes
4893,0,1,0.8175744850834649,-0.5132119059562683,-2.013211965560913,assist,yes
4894,0,0,0.0850990357257195,-3.090498447418213,-0.7154983282089233,assist,no
4895,0,0,0.01406362415060583,-4.617457866668701,-0.36745765805244446,assist,no
4896,0,0,0.1329642436335826,-2.243837594985962,-0.3688376247882843,assist,no
4897,0,1,0.8175744761936437,-0.8873789310455322,-2.3873789310455322,assist,Yes
4898,0,0,0.06754669489377622,-3.055183172225952,-0.4301832318305969,assist,no
4899,0,0,0.04742587587030561,-3.4472625255584717,-0.44726258516311646,assist,no
4900,0,1,0.5621765008857981,-1.0179939270019531,-1.2679939270019531,assist,yes
4901,0,0,0.34864513533394575,-1.230912685394287,-0.6059126853942871,assist,no
4902,0,0,0.2689414213699951,-1.9098401069641113,-0.9098401069641113,assist,no
4903,0,0,0.11920291263495983,-2.350717544555664,-0.3507174551486969,assist,no
4904,0,0,0.32082130082460697,-1.3939777612686157,-0.6439777612686157,assist,no
4905,0,0,0.06754669864792355,-2.909890651702881,-0.2848907709121704,assist,no
4906,0,1,0.5926665999540697,-0.8288559913635254,-1.2038559913635254,assist,yes
4907,0,1,0.7310585786300049,-0.6224366426467896,-1.6224366426467896,assist,yes
4908,0,1,0.8670357494949105,-0.3675635755062103,-2.242563486099243,assist,yes
4909,0,0,0.3486451217982255,-1.3281409740447998,-0.703140914440155,assist,no
4910,0,0,0.13296424706933604,-2.1609277725219727,-0.28592783212661743,assist,no
4911,0,1,0.9324533144915912,-0.3877820074558258,-3.012782096862793,assist,yes
4912,0,0,0.34864513533394575,-1.4305007457733154,-0.8055007457733154,assist,no
4913,0,0,0.009708474189265195,-4.951484680175781,-0.32648444175720215,assist,no
4914,0,0,0.46879062662624377,-1.2173168659210205,-1.0923168659210205,assist,no
4915,0,0,0.32082129433083023,-1.2293106317520142,-0.4793106019496918,assist,no
4916,0,1,0.6224593312018546,-0.5571805238723755,-1.0571805238723755,assist,yes
4917,0,0,0.46879062662624377,-0.964235246181488,-0.839235246181488,assist,no
4918,0,0,0.015906389146026254,-4.371903896331787,-0.24690373241901398,assist,no
4919,0,1,0.5312093733737563,-0.83431077003479,-0.95931077003479,assist,yes
4920,0,1,0.7057850278370112,-0.5711209774017334,-1.4461209774017334,assist,yes
4921,0,0,0.033085978388704126,-3.8443448543548584,-0.4693448543548584,assist,no
4922,0,1,0.7310585786300049,-0.6157926321029663,-1.6157926321029663,assist,yes
4923,0,1,0.6224593312018546,-0.7917324304580688,-1.2917324304580688,assist,yes
4924,0,1,0.7057850402140659,-0.7704769968986511,-1.645477056503296,assist,yes
4925,0,1,0.7981867873410141,-0.5048725008964539,-1.8798725605010986,assist,yes
4926,0,0,0.4073333856566001,-1.0225858688354492,-0.6475858092308044,assist,no
4927,0,0,0.2689414213699951,-1.8803308010101318,-0.8803308010101318,assist,No
4928,0,0,0.07585818211049715,-2.98461651802063,-0.48461654782295227,assist,no
4929,0,0,0.29421497216298875,-1.7020199298858643,-0.8270199298858643,assist,no
4930,0,0,0.07585817897661679,-2.692802906036377,-0.19280289113521576,assist,no
4931,0,0,0.20181321265898594,-1.6842222213745117,-0.30922216176986694,assist,no
4932,0,1,0.754914975839675,-0.49961763620376587,-1.624617576599121,assist,yes
4933,0,0,0.10669060246682488,-2.587533712387085,-0.4625338017940521,assist,no
4934,0,0,0.3208212878370535,-1.3005249500274658,-0.550524890422821,assist,no
4935,0,0,0.1066905854244781,-2.507962703704834,-0.3829626142978668,assist,no
4936,0,0,0.16451647108926923,-2.150747776031494,-0.5257478356361389,assist,no
4937,0,1,0.939913343093499,-0.2911115884780884,-3.041111469268799,assist,yes
4938,0,1,0.9046505376715775,-0.30641862750053406,-2.5564186573028564,assist,yes
4939,0,0,0.05340333582602272,-3.37290096282959,-0.4979010820388794,assist,no
4940,0,1,0.8933094060543487,-0.34079408645629883,-2.465794086456299,assist,yes
4941,0,1,0.6224593312018546,-0.7924556732177734,-1.2924556732177734,assist,yes
4942,0,0,0.46879062662624377,-1.286097526550293,-1.161097526550293,assist,no
4943,0,0,0.04208773031866069,-3.79624342918396,-0.6712434887886047,assist,no
4944,0,1,0.8354835207180245,-0.49723637104034424,-2.1222362518310547,assist,yes
4945,0,1,0.8807970842359877,-0.3311704993247986,-2.3311705589294434,assist,yes
4946,0,0,0.07585817584273653,-2.775895833969116,-0.27589577436447144,assist,no
4947,0,0,0.09534945975773548,-2.7905185222625732,-0.5405184626579285,assist,no
4948,0,0,0.1066905854244781,-2.459181308746338,-0.3341812193393707,assist,no
4949,0,1,0.8807970873650403,-0.3552338182926178,-2.355233907699585,assist,yes
4950,0,1,0.7310585903489892,-0.46822041273117065,-1.4682204723358154,assist,yes
4951,0,0,0.3486451217982255,-1.274695634841919,-0.6496955752372742,assist,no
4952,0,0,0.0850990357257195,-2.9312095642089844,-0.5562094449996948,assist,No
4953,0,0,0.05340333130637379,-3.330763816833496,-0.4557638466358185,assist,no
4954,0,0,0.4378234991142019,-1.1138817071914673,-0.8638817071914673,assist,no
4955,0,1,0.9324533107374443,-0.2991492450237274,-2.92414927482605,assist,yes
4956,0,0,0.05340333130637379,-3.291109085083008,-0.4161091148853302,assist,no
4957,0,0,0.4378234991142019,-1.0042967796325684,-0.7542967796325684,assist,no
4958,0,0,0.18242552380635632,-2.224863052368164,-0.7248630523681641,assist,no
4959,0,1,0.5312093733737563,-0.8339074850082397,-0.9589074850082397,assist,yes
4960,0,0,0.13296424706933604,-2.479976177215576,-0.604976236820221,assist,no
4961,0,0,0.11920293453832885,-2.3319201469421387,-0.3319202661514282,assist,no
4962,0,1,0.5621765008857981,-1.1906394958496094,-1.4406394958496094,assist,yes
4963,0,1,0.6224593312018546,-0.8285074234008789,-1.328507423400879,assist,yes
4964,0,1,0.9465966732132748,-0.33971327543258667,-3.2147133350372314,assist,yes
4965,0,1,0.5312093733737563,-0.8569439649581909,-0.9819439649581909,assist,yes
4966,0,0,0.3775406547908327,-1.0950138568878174,-0.5950137972831726,assist,no
4967,0,1,0.7772998663336157,-0.4482768476009369,-1.6982768774032593,assist,yes
4968,0,0,0.3775406547908327,-1.2537612915039062,-0.7537612318992615,assist,no
4969,0,0,0.09534947261117097,-2.6194064617156982,-0.3694065511226654,assist,no
4970,0,0,0.06008665017400762,-3.500354290008545,-0.7503542900085449,assist,no
4971,0,0,0.1329642333263228,-2.4350900650024414,-0.5600900053977966,assist,no
4972,0,0,0.1329642436335826,-2.1672027111053467,-0.29220274090766907,assist,no
4973,0,1,0.7549149868676283,-0.6042107343673706,-1.7292107343673706,assist,yes
4974,0,0,0.014063628282948357,-4.4289469718933105,-0.1789470613002777,assist,no
4975,0,0,0.04208772791561884,-3.4029598236083984,-0.27795982360839844,assist,no
4976,0,0,0.4073334000459302,-1.528852939605713,-1.153852939605713,assist,no
4977,0,0,0.05340333130637379,-3.1950559616088867,-0.3200559914112091,assist,no
4978,0,0,0.012431650487299585,-4.643763065338135,-0.2687630355358124,assist,no
4979,0,1,0.5926665999540697,-0.6852611303329468,-1.0602611303329468,assist,yes
4980,0,0,0.20181323186177208,-1.7159972190856934,-0.34099727869033813,assist,no
4981,0,0,0.2018132270610754,-1.7005828619003296,-0.325582891702652,assist,no
4982,0,1,0.5621765008857981,-0.9013444185256958,-1.1513444185256958,assist,yes
4983,0,1,0.6224593171945417,-0.7041600346565247,-1.2041599750518799,assist,yes
4984,0,1,0.6224593452091672,-0.7928823828697205,-1.2928824424743652,assist,yes
4985,0,1,0.8175744761936437,-0.4477207660675049,-1.9477207660675049,assist,yes
4986,0,0,0.20181321265898594,-2.2149200439453125,-0.8399199843406677,assist,No
4987,0,1,0.7310585903489892,-0.5261310935020447,-1.5261311531066895,assist,yes
4988,0,0,0.03732688306051187,-3.552107810974121,-0.30210769176483154,assist,no
4989,0,0,0.18242551491653522,-2.3208558559417725,-0.8208557963371277,assist,no
4990,0,0,0.5,-0.914516270160675,-0.914516270160675,assist,no
4991,0,0,0.20181322226037882,-1.8770934343338013,-0.5020934343338013,assist,no
4992,0,0,0.14804719051380197,-2.2812552452087402,-0.5312551856040955,assist,no
4993,0,0,0.20181322226037882,-1.7656571865081787,-0.3906571865081787,assist,no
4994,0,0,0.18242552380635632,-2.1631968021392822,-0.6631968021392822,assist,no
4995,0,1,0.6513548646660542,-0.5902913808822632,-1.2152913808822632,assist,yes
4996,0,1,0.8354835493924953,-0.4864577353000641,-2.1114578247070312,assist,yes
4997,0,1,0.7057850278370112,-0.769507646560669,-1.644507646560669,assist,yes
4998,0,0,0.18242553269617778,-2.2633230686187744,-0.7633231282234192,assist,No
4999,0,0,0.37754066879814546,-1.2525442838668823,-0.7525442838668823,assist,no
5000,0,0,0.32082130082460697,-1.5291250944137573,-0.7791250944137573,assist,no
5001,0,0,0.05340332377362639,-3.377448081970215,-0.5024479627609253,assist,no
5002,0,0,0.24508501313237172,-1.9262815713882446,-0.8012815713882446,assist,no
5003,0,0,0.20181322226037882,-2.0326943397521973,-0.6576943397521973,assist,no
5004,0,1,0.880797081106935,-0.28779885172843933,-2.2877988815307617,assist,yes
5005,0,0,0.2689414213699951,-1.7026399374008179,-0.7026399374008179,assist,no
5006,0,0,0.09534945975773548,-2.929795742034912,-0.6797956824302673,assist,no
5007,0,1,0.8175744850834649,-0.44767969846725464,-1.9476797580718994,assist,yes
5008,0,1,0.8354835371034369,-0.3595830202102661,-1.9845830202102661,assist,yes
5009,0,1,0.8175744673038221,-0.48627954721450806,-1.9862794876098633,assist,yes
5010,0,1,0.5312093733737563,-1.299674391746521,-1.424674391746521,assist,Yes
5011,0,0,0.22270012850745968,-1.7716500759124756,-0.5216500163078308,assist,no
5012,0,0,0.3775406547908327,-1.2112462520599365,-0.7112461924552917,assist,no
5013,0,0,0.5,-0.8702501058578491,-0.8702501058578491,assist,no
5014,0,1,0.5926665855647394,-0.875552237033844,-1.2505521774291992,assist,yes
5015,0,0,0.03732689162774753,-3.684692859649658,-0.43469297885894775,assist,no
5016,0,0,0.0373268852023206,-3.6125566959381104,-0.3625566363334656,assist,no
5017,0,1,0.8175744673038221,-0.399478018283844,-1.8994779586791992,assist,yes
5018,0,1,0.6513548646660542,-0.8351054191589355,-1.4601054191589355,assist,yes
5019,0,0,0.02595735719779685,-3.802283763885498,-0.17728376388549805,assist,no
5020,0,0,0.13296423676207594,-2.3080689907073975,-0.4330689609050751,assist,no
5021,0,0,0.3208213138121609,-1.473062515258789,-0.7230625748634338,assist,no
5022,0,0,0.1329642333263228,-2.364973545074463,-0.4899734854698181,assist,no
5023,0,0,0.34864513533394575,-1.2519583702087402,-0.6269583702087402,assist,no
5024,0,0,0.5,-1.0897314548492432,-1.0897314548492432,assist,no
5025,0,0,0.0953494648991095,-2.7669081687927246,-0.5169081687927246,assist,no
5026,0,0,0.0534033328129234,-3.200762987136841,-0.3257630467414856,assist,no
5027,0,0,0.29421497216298875,-1.556403636932373,-0.681403636932373,assist,no
5028,0,0,0.1645164792819756,-2.1505250930786133,-0.5255252122879028,assist,no
5029,0,0,0.5,-0.9994432926177979,-0.9994432926177979,assist,no
5030,0,1,0.8175744761936437,-0.4025082588195801,-1.90250825881958,assist,yes
5031,0,1,0.6224593312018546,-0.7926652431488037,-1.2926652431488037,assist,yes
5032,0,0,0.18242553269617778,-2.07810115814209,-0.5781012177467346,assist,no
5033,0,1,0.754914997895581,-0.5305456519126892,-1.655545711517334,assist,yes
5034,0,1,0.904650527388829,-0.28230127692222595,-2.532301187515259,assist,yes
5035,0,1,0.7772998405389918,-0.831581711769104,-2.0815815925598145,assist,yes
5036,0,0,0.07585818837825822,-2.779885768890381,-0.2798858880996704,assist,no
5037,0,0,0.46879062662624377,-0.9772131443023682,-0.8522131443023682,assist,no
5038,0,0,0.025957357951306048,-3.9394333362579346,-0.31443336606025696,assist,no
5039,0,0,0.06008665354025422,-3.105008602142334,-0.35500866174697876,assist,no
5040,0,0,0.3208213138121609,-1.3016245365142822,-0.551624596118927,assist,no
5041,0,0,0.22270013882530884,-2.0011417865753174,-0.7511417865753174,assist,no
5042,0,1,0.7549149868676283,-0.43784427642822266,-1.5628442764282227,assist,yes
5043,0,1,0.9324533144915912,-0.32393065094947815,-2.9489307403564453,assist,yes
5044,0,1,0.5926665999540697,-0.7129266262054443,-1.0879266262054443,assist,yes
5045,0,0,0.20181322226037882,-2.126708507537842,-0.7517085075378418,assist,no
5046,0,0,0.11920293453832885,-2.542999267578125,-0.5429993867874146,assist,no
5047,0,1,0.9399133447766225,-0.38215312361717224,-3.132153034210205,assist,yes
5048,0,0,0.4378234844434674,-1.127962350845337,-0.8779622912406921,assist,no
5049,0,0,0.20181322226037882,-1.8657901287078857,-0.49079012870788574,assist,no
5050,0,0,0.3208213138121609,-1.4583041667938232,-0.708304226398468,assist,no
5051,0,0,0.08509904036636974,-2.6910276412963867,-0.31602758169174194,assist,no
5052,0,0,0.029312234143221275,-3.9154324531555176,-0.41543257236480713,assist,No
5053,0,1,0.8354835330070839,-0.35715141892433167,-1.9821513891220093,assist,yes
5054,0,0,0.0758581737534831,-2.7230122089385986,-0.22301211953163147,assist,no
5055,0,1,0.7057850278370112,-0.5222188234329224,-1.3972188234329224,assist,yes
5056,0,0,0.46879062662624377,-0.9806891679763794,-0.8556891679763794,assist,no
5057,0,0,0.22270012850745968,-1.8591878414154053,-0.6091877818107605,assist,no
5058,0,0,0.32082130082460697,-1.3944376707077026,-0.6444376707077026,assist,no
5059,0,1,0.9324533032291502,-0.38766512274742126,-3.012665033340454,assist,yes
5060,0,1,0.8175744761936437,-0.512340784072876,-2.012340784072876,assist,yes
5061,0,1,0.6224593312018546,-0.6968923807144165,-1.1968923807144165,assist,yes
5062,0,1,0.8670357666736773,-0.349956214427948,-2.2249562740325928,assist,yes
5063,0,0,0.2689414330889798,-1.8570408821105957,-0.8570409417152405,assist,no
5064,0,0,0.08509904732734556,-2.619096517562866,-0.2440965473651886,assist,no
5065,0,0,0.4378234991142019,-1.3044943809509277,-1.0544943809509277,assist,no
5066,0,0,0.24508501313237172,-1.6786187887191772,-0.5536187887191772,assist,no
5067,0,0,0.37754066879814546,-1.4451541900634766,-0.9451541900634766,assist,no
5068,0,1,0.754914997895581,-0.44089072942733765,-1.5658907890319824,assist,yes
5069,0,1,0.9046505351008906,-0.3040318489074707,-2.5540318489074707,assist,yes
5070,0,0,0.11920293453832885,-2.549433708190918,-0.5494338274002075,assist,no
5071,0,1,0.5621764862150634,-0.8273504376411438,-1.077350378036499,assist,yes
5072,0,1,0.8519528170040853,-0.3400691747665405,-2.09006929397583,assist,yes
5073,0,0,0.2942149597859341,-1.7542681694030762,-0.8792681097984314,assist,no
5074,0,0,0.009708474189265195,-5.112673759460449,-0.4876735210418701,assist,no
5075,0,1,0.6224593312018546,-0.739896297454834,-1.239896297454834,assist,yes
5076,0,1,0.880797081106935,-0.28952309489250183,-2.289523124694824,assist,yes
5077,0,0,0.5,-1.1305696964263916,-1.1305696964263916,assist,no
5078,0,0,0.20181322226037882,-2.04852032661438,-0.6735203266143799,assist,no
5079,0,1,0.6513548646660542,-0.6968591213226318,-1.3218591213226318,assist,yes
5080,0,1,0.7310585669110203,-0.4911721348762512,-1.4911720752716064,assist,yes
5081,0,1,0.5312093733737563,-1.2703288793563843,-1.3953288793563843,assist,Yes
5082,0,0,0.4378234844434674,-1.2367751598358154,-0.9867751002311707,assist,no
5083,0,1,0.893309411735131,-0.5495049357414246,-2.6745049953460693,assist,yes
5084,0,0,0.0474258704848281,-3.378572702407837,-0.37857264280319214,assist,no
5085,0,1,0.6513548782017746,-0.7100521922111511,-1.335052251815796,assist,yes
5086,0,1,0.5312093733737563,-1.2214720249176025,-1.3464720249176025,assist,yes
5087,0,0,0.34864513533394575,-1.4535382986068726,-0.8285382986068726,assist,no
5088,0,0,0.060086648490884395,-3.0811398029327393,-0.33113977313041687,assist,no
5089,0,0,0.4378234991142019,-1.4322116374969482,-1.1822116374969482,assist,no
5090,0,0,0.3775406547908327,-1.2677338123321533,-0.7677337527275085,assist,no
5091,0,1,0.7549149868676283,-0.7378295660018921,-1.862829566001892,assist,yes
5092,0,0,0.1824255415859996,-2.118986129760742,-0.6189862489700317,assist,no
5093,0,1,0.9241418210233833,-0.24249671399593353,-2.7424967288970947,assist,yes
5094,0,1,0.5621765008857981,-0.764570951461792,-1.014570951461792,assist,yes
5095,0,0,0.46879062662624377,-0.8903316855430603,-0.7653316855430603,assist,no
5096,0,0,0.34864513533394575,-1.4151475429534912,-0.7901475429534912,assist,no
5097,0,0,0.05340333205964859,-3.0683605670928955,-0.1933606117963791,assist,no
5098,0,1,0.7310585786300049,-0.45150864124298096,-1.451508641242981,assist,yes
5099,0,1,0.5621765008857981,-0.7314918637275696,-0.9814918637275696,assist,yes
5100,0,1,0.5312093733737563,-0.7926336526870728,-0.9176336526870728,assist,yes
5101,0,0,0.08509904500702024,-2.6858205795288086,-0.3108205795288086,assist,no
5102,0,0,0.22270013882530884,-1.8589364290237427,-0.6089364290237427,assist,no
5103,0,0,0.3208212878370535,-1.381662368774414,-0.6316623091697693,assist,no
5104,0,0,0.29421497216298875,-1.3681244850158691,-0.49312448501586914,assist,no
5105,0,0,0.29421497216298875,-1.3966699838638306,-0.5216699838638306,assist,no
5106,0,0,0.24508499107646636,-2.0433740615844727,-0.9183739423751831,assist,no
5107,0,0,0.24508501313237172,-1.9621444940567017,-0.8371444940567017,assist,no
5108,0,0,0.0534033328129234,-3.2550041675567627,-0.38000422716140747,assist,no
5109,0,0,0.20181324146316565,-2.0202150344848633,-0.6452151536941528,assist,no
5110,0,1,0.7310585669110203,-0.5031712651252747,-1.5031712055206299,assist,yes
5111,0,1,0.754914975839675,-0.5247910618782043,-1.6497910022735596,assist,yes
5112,0,1,0.8354835289107309,-0.6497016549110413,-2.2747015953063965,assist,yes
5113,0,1,0.5926665855647394,-0.7606166005134583,-1.1356165409088135,assist,yes
5114,0,0,0.047425867792089564,-3.339017868041992,-0.33901774883270264,assist,no
5115,0,1,0.5312093585306514,-0.9222937226295471,-1.0472936630249023,assist,yes
5116,0,1,0.6513548646660542,-0.5946197509765625,-1.2196197509765625,assist,yes
5117,0,0,0.46879062662624377,-0.9533847570419312,-0.8283847570419312,assist,no
5118,0,0,0.05340332377362639,-3.419060707092285,-0.5440605878829956,assist,no
5119,0,0,0.4378234991142019,-1.0321482419967651,-0.7821482419967651,assist,no
5120,0,0,0.34864513533394575,-1.591797113418579,-0.9667971134185791,assist,no
5121,0,0,0.24508501864634827,-1.5944290161132812,-0.46942904591560364,assist,no
5122,0,1,0.679178699175393,-0.6777427196502686,-1.4277427196502686,assist,yes
5123,0,0,0.5,-0.8832496404647827,-0.8832496404647827,assist,no
5124,0,1,0.8519527906914787,-0.40774282813072205,-2.157742738723755,assist,yes
5125,0,0,0.14804719051380197,-2.4891316890716553,-0.7391316294670105,assist,no
5126,0,0,0.06754669677084987,-3.0268120765686035,-0.4018121659755707,assist,no
5127,0,1,0.8519527982093668,-0.3821094334125519,-2.1321094036102295,assist,yes
5128,0,0,0.24508501313237172,-1.6156615018844604,-0.49066150188446045,assist,no
5129,0,1,0.7772998611746911,-0.5309931039810181,-1.780993103981018,assist,yes
5130,0,0,0.1066905825840872,-2.7772741317749023,-0.6522740125656128,assist,no
5131,0,0,0.5,-1.0142207145690918,-1.0142207145690918,assist,no
5132,0,0,0.13296422989056964,-2.161925792694092,-0.28692570328712463,assist,no
5133,0,0,0.34864513533394575,-1.5906057357788086,-0.9656057357788086,assist,no
5134,0,0,0.46879062662624377,-0.9673305153846741,-0.8423305153846741,assist,no
5135,0,0,0.020332348593611837,-4.424396514892578,-0.549396276473999,assist,no
5136,0,0,0.3208213138121609,-1.5158030986785889,-0.7658031582832336,assist,no
5137,0,0,0.22270014914315833,-1.7699506282806396,-0.5199506878852844,assist,no
5138,0,0,0.08509904268669496,-2.7063632011413574,-0.33136317133903503,assist,no
5139,0,0,0.4378234991142019,-0.9641957879066467,-0.7141957879066467,assist,no
5140,0,0,0.22270012850745968,-1.8846359252929688,-0.634635865688324,assist,no
5141,0,1,0.7549149868676283,-0.5851517915725708,-1.7101517915725708,assist,yes
5142,0,0,0.08509904500702024,-2.7034811973571777,-0.32848119735717773,assist,no
5143,0,1,0.5926665999540697,-0.8180943727493286,-1.1930943727493286,assist,yes
5144,0,0,0.08509904964767095,-2.8664493560791016,-0.49144941568374634,assist,no
5145,0,0,0.07585818524437762,-2.705631971359253,-0.2056320458650589,assist,no
5146,0,1,0.6224593452091672,-0.7121009230613708,-1.2121009826660156,assist,yes
5147,0,1,0.5621765155565327,-0.9237355589866638,-1.1737356185913086,assist,yes
5148,0,0,0.0953494648991095,-2.68312406539917,-0.4331240653991699,assist,no
5149,0,0,0.04208772431105632,-3.608327627182007,-0.4833275377750397,assist,no
5150,0,0,0.07585818419975078,-3.113616943359375,-0.6136170029640198,assist,no
5151,0,0,0.20181322226037882,-1.8559778928756714,-0.4809778928756714,assist,no
5152,0,1,0.9046505338155469,-0.2460048347711563,-2.496004819869995,assist,yes
5153,0,1,0.7057850278370112,-0.5164623260498047,-1.3914623260498047,assist,yes
5154,0,0,0.02595735719779685,-3.970947504043579,-0.3459475040435791,assist,no
5155,0,0,0.29421497216298875,-1.4396849870681763,-0.5646849870681763,assist,no
5156,0,0,0.042087729117139754,-3.432807445526123,-0.30780747532844543,assist,no
5157,0,0,0.13296424019782924,-2.4717419147491455,-0.5967419147491455,assist,no
5158,0,1,0.6791787121629466,-0.6474949717521667,-1.3974950313568115,assist,yes
5159,0,0,0.1480471980316895,-2.217989444732666,-0.467989444732666,assist,no
5160,0,1,0.9046505325302034,-0.35717108845710754,-2.607171058654785,assist,yes
5161,0,0,0.29421497216298875,-1.4916037321090698,-0.6166037321090698,assist,no
5162,0,0,0.0850990519679964,-2.5545711517333984,-0.1795712411403656,assist,no
5163,0,0,0.34864513533394575,-1.211682915687561,-0.586682915687561,assist,no
5164,0,0,0.29421497216298875,-1.4268015623092651,-0.5518015623092651,assist,no
5165,0,0,0.24508502416032488,-1.8052716255187988,-0.6802716851234436,assist,no
5166,0,0,0.46879064146934857,-1.0615768432617188,-0.9365769028663635,assist,no
5167,0,0,0.29421497216298875,-1.3851706981658936,-0.5101706981658936,assist,no
5168,0,1,0.8354835411997897,-0.37755653262138367,-2.002556562423706,assist,yes
5169,0,0,0.4378234991142019,-1.1132866144180298,-0.8632866144180298,assist,no
5170,0,0,0.047425867792089564,-3.5757908821105957,-0.5757907629013062,assist,no
5171,0,0,0.22270013882530884,-2.0552124977111816,-0.8052124977111816,assist,no
5172,0,0,0.3775406547908327,-1.1985952854156494,-0.6985952258110046,assist,no
5173,0,1,0.798186768138228,-0.5306103825569153,-1.9056103229522705,assist,yes
5174,0,0,0.22270014914315833,-1.939438819885254,-0.6894388794898987,assist,no
5175,0,0,0.20181323186177208,-2.064502477645874,-0.6895025372505188,assist,no
5176,0,0,0.37754066879814546,-1.4721943140029907,-0.9721943140029907,assist,no
5177,0,0,0.29421497216298875,-1.805167317390442,-0.9301673173904419,assist,no
5178,0,1,0.9046505351008906,-0.419156551361084,-2.669156551361084,assist,yes
5179,0,0,0.18242551491653522,-1.8891849517822266,-0.3891848921775818,assist,no
5180,0,0,0.24508501313237172,-1.8055013418197632,-0.6805013418197632,assist,no
5181,0,1,0.5621764862150634,-0.7515943646430969,-1.0015943050384521,assist,yes
5182,0,1,0.5926665999540697,-0.8492629528045654,-1.2242629528045654,assist,yes
5183,0,0,0.18242552825126704,-1.8740994930267334,-0.3740995228290558,assist,no
5184,0,0,0.11920292202211755,-2.632704257965088,-0.6327042579650879,assist,no
5185,0,0,0.46879062662624377,-0.9762917160987854,-0.8512917160987854,assist,no
5186,0,0,0.2942149597859341,-1.439481496810913,-0.5644814372062683,assist,no
5187,0,1,0.9324533013520764,-0.29716598987579346,-2.922165870666504,assist,yes
5188,0,0,0.11920291576401235,-2.435934066772461,-0.43593400716781616,assist,no
5189,0,0,0.5,-1.1142629384994507,-1.1142629384994507,assist,no
5190,0,0,0.047425871831197425,-3.2850637435913086,-0.2850637137889862,assist,no
5191,0,0,0.11920292202211755,-2.4794247150421143,-0.47942471504211426,assist,no
5192,0,0,0.18242551491653522,-2.1192212104797363,-0.6192211508750916,assist,no
5193,0,0,0.18242552380635632,-2.0250136852264404,-0.5250136852264404,assist,no
5194,0,0,0.46879062662624377,-1.1128202676773071,-0.9878202676773071,assist,no
5195,0,1,0.7981867777396212,-0.4490169286727905,-1.8240169286727905,assist,yes
5196,0,0,0.2018132174596823,-1.7907882928848267,-0.4157882630825043,assist,no
5197,0,0,0.34864513533394575,-1.286780834197998,-0.661780834197998,assist,no
5198,0,1,0.7772998611746911,-0.5081039667129517,-1.7581039667129517,assist,yes
5199,0,1,0.5926666143433998,-0.7869846224784851,-1.1619846820831299,assist,yes
5200,0,0,0.025957352676742106,-4.087615966796875,-0.4626157879829407,assist,no
5201,0,0,0.29421497216298875,-1.4254318475723267,-0.5504318475723267,assist,no
5202,0,1,0.679178699175393,-0.6142770051956177,-1.3642770051956177,assist,yes
5203,0,0,0.01798620785653302,-4.498003959655762,-0.49800384044647217,assist,no
5204,0,0,0.1066905854244781,-2.508153200149536,-0.38315311074256897,assist,no
5205,0,0,0.4073334000459302,-1.0615006685256958,-0.6865006685256958,assist,no
5206,0,0,0.29421497216298875,-1.4283223152160645,-0.5533223152160645,assist,no
5207,0,1,0.5926665855647394,-0.7776575684547424,-1.1526575088500977,assist,yes
5208,0,0,0.37754066879814546,-1.4217301607131958,-0.9217301607131958,assist,no
5209,0,0,0.3775406547908327,-1.212895393371582,-0.7128953337669373,assist,no
5210,0,0,0.5,-1.0347391366958618,-1.0347391366958618,assist,no
5211,0,0,0.015906388446265834,-4.272720813751221,-0.147720605134964,assist,no
5212,0,0,0.16451645880021026,-1.946933627128601,-0.3219335973262787,assist,no
5213,0,0,0.037326884131416216,-3.61541748046875,-0.36541739106178284,assist,no
5214,0,1,0.679178699175393,-0.6271113157272339,-1.3771113157272339,assist,yes
5215,0,1,0.5926665999540697,-0.9272160530090332,-1.3022160530090332,assist,yes
5216,0,0,0.3775406547908327,-1.1990938186645508,-0.699093759059906,assist,no
5217,0,1,0.6224593452091672,-0.8037444949150085,-1.3037445545196533,assist,yes
5218,0,0,0.4073334000459302,-1.1962827444076538,-0.8212827444076538,assist,no
5219,0,1,0.817574471748733,-0.3805687725543976,-1.8805687427520752,assist,yes
5220,0,0,0.22270014914315833,-1.9841055870056152,-0.73410564661026,assist,no
5221,0,0,0.18242552380635632,-2.3390769958496094,-0.8390769958496094,assist,no
5222,0,0,0.07585818002124356,-3.0269484519958496,-0.5269484519958496,assist,no
5223,0,0,0.01406362415060583,-4.521038055419922,-0.27103784680366516,assist,no
5224,0,0,0.20181322226037882,-1.9176701307296753,-0.5426701307296753,assist,no
5225,0,0,0.10669058826486906,-2.4406251907348633,-0.3156251311302185,assist,no
5226,0,0,0.01590639544387138,-4.532529830932617,-0.4075300693511963,assist,no
5227,0,0,0.2942149597859341,-1.5097870826721191,-0.6347870230674744,assist,no
5228,0,0,0.4073333856566001,-1.1246998310089111,-0.7496997714042664,assist,no
5229,0,1,0.9149009480320036,-0.34292611479759216,-2.717926025390625,assist,yes
5230,0,1,0.6513548511303336,-0.5615296959877014,-1.1865296363830566,assist,yes
5231,0,1,0.5926665999540697,-0.85023033618927,-1.22523033618927,assist,yes
5232,0,0,0.0850990357257195,-2.831190586090088,-0.45619046688079834,assist,no
5233,0,1,0.8670357701094303,-0.40158191323280334,-2.2765820026397705,assist,yes
5234,0,0,0.11920292202211755,-2.509446382522583,-0.509446382522583,assist,no
5235,0,0,0.08509904732734556,-2.766561508178711,-0.3915615379810333,assist,no
5236,0,0,0.11920291263495983,-2.351207733154297,-0.3512076437473297,assist,no
5237,0,0,0.4073334000459302,-1.1252734661102295,-0.7502734661102295,assist,no
5238,0,1,0.7057850278370112,-0.5649548768997192,-1.4399548768997192,assist,yes
5239,0,1,0.7981867873410141,-0.3856932520866394,-1.7606933116912842,assist,yes
5240,0,0,0.3775406828054583,-1.377647876739502,-0.8776479363441467,assist,no
5241,0,1,0.6224593312018546,-0.6651935577392578,-1.1651935577392578,assist,yes
5242,0,1,0.754914997895581,-0.43338245153427124,-1.558382511138916,assist,yes
5243,0,0,0.24508501313237172,-1.697646975517273,-0.572646975517273,assist,no
5244,0,0,0.29421497216298875,-1.5418702363967896,-0.6668702363967896,assist,no
5245,0,1,0.8670357666736773,-0.34731525182724,-2.2223153114318848,assist,yes
5246,0,0,0.4378235137849365,-1.0206737518310547,-0.7706738114356995,assist,no
5247,0,1,0.679178699175393,-0.596672773361206,-1.346672773361206,assist,yes
5248,0,0,0.4073334000459302,-1.2124942541122437,-0.8374942541122437,assist,no
5249,0,0,0.025957353430251177,-4.045316696166992,-0.42031654715538025,assist,no
5250,0,1,0.5312093733737563,-0.8435823321342468,-0.9685823321342468,assist,yes
5251,0,0,0.37754066879814546,-1.2247473001480103,-0.7247473001480103,assist,no
5252,0,0,0.08509903804604459,-2.8308401107788086,-0.45584002137184143,assist,no
5253,0,1,0.7772998560157665,-0.3948359787464142,-1.6448359489440918,assist,yes
5254,0,0,0.2018132270610754,-1.7260158061981201,-0.3510158360004425,assist,no
5255,0,0,0.4378235137849365,-1.0971789360046387,-0.8471789956092834,assist,no
5256,0,1,0.8807970779778823,-0.3307929039001465,-2.3307929039001465,assist,yes
5257,0,0,0.20181321265898594,-2.2370784282684326,-0.8620783686637878,assist,no
5258,0,1,0.7310585669110203,-0.49119240045547485,-1.49119234085083,assist,yes
5259,0,0,0.18242552380635632,-2.006889581680298,-0.5068895816802979,assist,no
5260,0,0,0.4073333856566001,-1.246368169784546,-0.8713681101799011,assist,no
5261,0,0,0.46879062662624377,-0.976137101650238,-0.851137101650238,assist,no
5262,0,0,0.16451645880021026,-1.957901954650879,-0.3329019248485565,assist,no
5263,0,0,0.08509904036636974,-2.920509099960327,-0.5455090403556824,assist,no
5264,0,1,0.7772998714925403,-0.45257657766342163,-1.7025766372680664,assist,yes
5265,0,0,0.4073334000459302,-1.1123042106628418,-0.7373042106628418,assist,no
5266,0,0,0.1824255415859996,-2.303891658782959,-0.8038917779922485,assist,no
5267,0,0,0.3486451217982255,-1.3780031204223633,-0.7530030608177185,assist,no
5268,0,0,0.3208212878370535,-1.4589920043945312,-0.7089919447898865,assist,no
5269,0,0,0.10669058826486906,-2.5398807525634766,-0.4148806929588318,assist,no
5270,0,0,0.16451645470385742,-2.115642547607422,-0.4906424880027771,assist,no
5271,0,0,0.46879062662624377,-0.9926837682723999,-0.8676837682723999,assist,no
5272,0,0,0.11920291576401235,-2.230308771133423,-0.23030871152877808,assist,no
5273,0,0,0.10669059394565118,-2.579655408859253,-0.45465540885925293,assist,no
5274,0,0,0.24508501313237172,-1.7537071704864502,-0.6287071704864502,assist,no
5275,0,0,0.1329642264548166,-2.270535945892334,-0.39553582668304443,assist,no
5276,0,0,0.06008665522337757,-3.077519655227661,-0.3275197446346283,assist,no
5277,0,0,0.2689414213699951,-1.541455864906311,-0.541455864906311,assist,no
5278,0,0,0.04208773031866069,-3.7008118629455566,-0.5758119225502014,assist,no
5279,0,0,0.4073334000459302,-1.0815784931182861,-0.7065784931182861,assist,no
5280,0,0,0.18242551491653522,-2.128067970275879,-0.6280679106712341,assist,no
5281,0,0,0.22270013882530884,-1.7544457912445068,-0.5044457912445068,assist,no
5282,0,0,0.4073334000459302,-1.2856796979904175,-0.9106796979904175,assist,no
5283,0,0,0.1066905911052601,-2.431486129760742,-0.3064860999584198,assist,no
5284,0,1,0.9399133498259924,-0.34682464599609375,-3.0968246459960938,assist,yes
5285,0,0,0.13296424019782924,-2.2441251277923584,-0.3691251277923584,assist,no
5286,0,0,0.2018132174596823,-1.764760136604309,-0.3897601068019867,assist,no
5287,0,0,0.5,-1.1504210233688354,-1.1504210233688354,assist,no
5288,0,1,0.7057850154599563,-0.48659807443618774,-1.361598014831543,assist,yes
5289,0,0,0.060086648490884395,-3.0086863040924072,-0.25868627429008484,assist,no
5290,0,1,0.8519528057272543,-0.3397359549999237,-2.089735984802246,assist,yes
5291,0,0,0.16451647108926923,-1.8835320472717285,-0.2585321068763733,assist,no
5292,0,0,0.008577486427457372,-5.235877513885498,-0.4858776330947876,assist,no
5293,0,0,0.14804719051380197,-2.217738628387451,-0.4677385687828064,assist,no
5294,0,1,0.7057850402140659,-0.5416237711906433,-1.416623830795288,assist,yes
5295,0,1,0.7981867729389246,-0.4042492210865021,-1.7792491912841797,assist,yes
5296,0,1,0.5621765008857981,-0.7149338126182556,-0.9649338126182556,assist,yes
5297,0,0,0.16451647108926923,-2.116441249847412,-0.4914413094520569,assist,no
5298,0,0,0.40733341443526055,-1.2005412578582764,-0.8255413174629211,assist,no
5299,0,0,0.06754668363133542,-2.931337833404541,-0.30633771419525146,assist,no
5300,0,1,0.5926665999540697,-0.8866761922836304,-1.2616761922836304,assist,yes
5301,0,1,0.8933094174159129,-0.3970130681991577,-2.5220131874084473,assist,yes
5302,0,0,0.34864513533394575,-1.413349986076355,-0.788349986076355,assist,no
5303,0,1,0.5312093733737563,-0.8125117421150208,-0.9375117421150208,assist,yes
5304,0,0,0.09534947518185825,-2.5698394775390625,-0.31983959674835205,assist,no
5305,0,0,0.4073334000459302,-1.3966327905654907,-1.0216327905654907,assist,no
5306,0,0,0.04208772671409796,-3.495964765548706,-0.37096473574638367,assist,no
5307,0,0,0.11920291576401235,-2.594391107559204,-0.5943910479545593,assist,no
5308,0,1,0.5312093585306514,-0.8817630410194397,-1.006762981414795,assist,yes
5309,0,0,0.46879062662624377,-1.156628966331482,-1.031628966331482,assist,no
5310,0,1,0.6513548511303336,-0.5337012410163879,-1.1587011814117432,assist,yes
5311,0,0,0.24508501313237172,-1.6246342658996582,-0.4996342658996582,assist,no
5312,0,0,0.1066905854244781,-2.538766860961914,-0.4137667715549469,assist,no
5313,0,1,0.7057850154599563,-0.6819012761116028,-1.556901216506958,assist,yes
5314,0,0,0.2942149597859341,-1.3845012187957764,-0.5095011591911316,assist,no
5315,0,0,0.16451647108926923,-2.4241771697998047,-0.7991772294044495,assist,no
5316,0,0,0.08509904036636974,-2.7353110313415527,-0.36031097173690796,assist,no
5317,0,0,0.07585817479810981,-2.7057669162750244,-0.20576684176921844,assist,no
5318,0,0,0.22270013882530884,-1.7336361408233643,-0.48363614082336426,assist,no
5319,0,1,0.9046505351008906,-0.2840299606323242,-2.534029960632324,assist,yes
5320,0,0,0.2689414213699951,-1.5623477697372437,-0.5623477697372437,assist,no
5321,0,0,0.2942149845400438,-1.4644231796264648,-0.5894232392311096,assist,no
5322,0,0,0.40733341443526055,-1.2289986610412598,-0.8539987206459045,assist,no
5323,0,1,0.5926666143433998,-0.8167106509208679,-1.1917107105255127,assist,yes
5324,0,0,0.06008665522337757,-3.1124351024627686,-0.3624351918697357,assist,no
5325,0,0,0.22270013882530884,-1.6940267086029053,-0.4440267086029053,assist,no
5326,0,0,0.5,-0.8915476202964783,-0.8915476202964783,assist,no
5327,0,0,0.09534945718704857,-2.6237728595733643,-0.3737727701663971,assist,no
5328,0,0,0.05340332678672523,-3.122159957885742,-0.2471598982810974,assist,no
5329,0,0,0.025957353430251177,-4.045637130737305,-0.42063698172569275,assist,no
5330,0,0,0.13296423676207594,-2.243394613265991,-0.3683945834636688,assist,no
5331,0,1,0.6513548646660542,-0.7855445146560669,-1.410544514656067,assist,yes
5332,0,1,0.8670357598021706,-0.3437371253967285,-2.2187371253967285,assist,yes
5333,0,1,0.5926665999540697,-0.6267402172088623,-1.0017402172088623,assist,yes
5334,0,0,0.012431650853185818,-4.551082134246826,-0.17608213424682617,assist,no
5335,0,1,0.5312093733737563,-0.7829011082649231,-0.9079011082649231,assist,yes
5336,0,0,0.20181323186177208,-2.004426956176758,-0.6294270157814026,assist,no
5337,0,1,0.7310585786300049,-0.5847983360290527,-1.5847983360290527,assist,yes
5338,0,0,0.32082130082460697,-1.355597972869873,-0.605597972869873,assist,no
5339,0,0,0.40733341443526055,-1.1020445823669434,-0.7270446419715881,assist,no
5340,0,0,0.02595735719779685,-4.089349746704102,-0.46434974670410156,assist,no
5341,0,1,0.7772998508568416,-0.45275598764419556,-1.7027559280395508,assist,yes
5342,0,1,0.9465966686936261,-0.2591991722583771,-3.1341991424560547,assist,yes
5343,0,0,0.03308597552845946,-3.6990303993225098,-0.3240303099155426,assist,no
5344,0,0,0.4073334000459302,-1.2323088645935059,-0.8573088645935059,assist,no
5345,0,0,0.01798620575097472,-4.250211715698242,-0.2502114772796631,assist,no
5346,0,0,0.11920292828022305,-2.3499279022216797,-0.34992796182632446,assist,no
5347,0,0,0.13296423676207594,-2.166116714477539,-0.2911166846752167,assist,no
5348,0,1,0.8670357563664174,-0.3938021957874298,-2.2688021659851074,assist,yes
5349,0,0,0.05340332753999997,-3.1174468994140625,-0.24244685471057892,assist,no
5350,0,1,0.7057850154599563,-0.5777600407600403,-1.4527599811553955,assist,yes
5351,0,1,0.5621765155565327,-0.7786514163017273,-1.028651475906372,assist,yes
5352,0,0,0.042087725512577126,-3.4602935314178467,-0.3352934718132019,assist,no
5353,0,0,0.042087729117139754,-3.3797552585601807,-0.25475528836250305,assist,no
5354,0,1,0.880797081106935,-0.2878267467021942,-2.2878267765045166,assist,yes
5355,0,0,0.015906388912772775,-4.718118190765381,-0.5931180119514465,assist,no
5356,0,1,0.5926665855647394,-0.6535132527351379,-1.0285131931304932,assist,yes
5357,0,0,0.4378235137849365,-1.0007119178771973,-0.750711977481842,assist,no
5358,0,0,0.1066905854244781,-2.419624090194702,-0.294624000787735,assist,no
5359,0,0,0.22270013882530884,-1.7708494663238525,-0.5208494663238525,assist,no
5360,0,1,0.817574471748733,-0.44774630665779114,-1.9477462768554688,assist,yes
5361,0,0,0.01406362497707424,-4.519740104675293,-0.26973995566368103,assist,no
5362,0,0,0.037326884131416216,-3.611846685409546,-0.36184659600257874,assist,no
5363,0,1,0.9399133464597458,-0.3793948292732239,-3.129394769668579,assist,yes
5364,0,1,0.679178699175393,-0.535929799079895,-1.285929799079895,assist,yes
5365,0,0,0.13296425050508953,-2.165689706802368,-0.2906897962093353,assist,no
5366,0,1,0.893309411735131,-0.3405386805534363,-2.465538740158081,assist,yes
5367,0,1,0.5621765008857981,-0.8673784732818604,-1.1173784732818604,assist,yes
5368,0,1,0.7057850278370112,-0.5375806093215942,-1.4125806093215942,assist,yes
5369,0,0,0.24508501313237172,-1.7651422023773193,-0.6401422023773193,assist,no
5370,0,0,0.40733341443526055,-1.1819074153900146,-0.8069074749946594,assist,no
5371,0,1,0.8519528057272543,-0.4719531238079071,-2.2219531536102295,assist,yes
5372,0,1,0.8354835330070839,-0.32066217064857483,-1.9456621408462524,assist,yes
5373,0,0,0.3486451217982255,-1.3013174533843994,-0.6763173937797546,assist,no
5374,0,1,0.5621765008857981,-0.7383434772491455,-0.9883434772491455,assist,yes
5375,0,1,0.5621765008857981,-0.8691830635070801,-1.11918306350708,assist,yes
5376,0,0,0.3208212878370535,-1.6399166584014893,-0.8899165987968445,assist,no
5377,0,1,0.5926666143433998,-0.849958598613739,-1.2249586582183838,assist,yes
5378,0,0,0.4073334000459302,-1.137824296951294,-0.762824296951294,assist,no
5379,0,0,0.1066905825840872,-2.5726966857910156,-0.4476965665817261,assist,no
5380,0,0,0.1329642264548166,-2.5168819427490234,-0.6418818235397339,assist,no
5381,0,0,0.11920292515117029,-2.463941812515259,-0.4639418423175812,assist,no
5382,0,0,0.06754668550840877,-2.989673137664795,-0.36467304825782776,assist,no
5383,0,0,0.04208772791561884,-3.459561586380005,-0.3345615863800049,assist,no
5384,0,1,0.6224593312018546,-0.7313891649246216,-1.2313891649246216,assist,yes
5385,0,1,0.7310585786300049,-0.5357311964035034,-1.5357311964035034,assist,yes
5386,0,0,0.2689414213699951,-1.51253342628479,-0.51253342628479,assist,no
5387,0,0,0.4378234991142019,-0.9997261166572571,-0.7497261166572571,assist,no
5388,0,0,0.4378234991142019,-1.0812839269638062,-0.8312839269638062,assist,no
5389,0,0,0.2689414096510108,-1.5034289360046387,-0.5034288763999939,assist,no
5390,0,1,0.5312093733737563,-1.0299088954925537,-1.1549088954925537,assist,yes
5391,0,0,0.32082130082460697,-1.437961459159851,-0.6879614591598511,assist,no
5392,0,0,0.02595735719779685,-3.9399540424346924,-0.3149540424346924,assist,no
5393,0,1,0.7057850278370112,-0.5475155115127563,-1.4225155115127563,assist,yes
5394,0,0,0.18242552380635632,-2.1621687412261963,-0.6621687412261963,assist,no
5395,0,1,0.5312093733737563,-0.8826584815979004,-1.0076584815979004,assist,yes
5396,0,0,0.20181321265898594,-1.8946442604064941,-0.5196442008018494,assist,no
5397,0,0,0.2689414330889798,-1.5906600952148438,-0.5906601548194885,assist,no
5398,0,0,0.29421497216298875,-1.609979271888733,-0.7349792718887329,assist,no
5399,0,0,0.0675466911396291,-2.9967117309570312,-0.37171173095703125,assist,no
5400,0,0,0.2689414213699951,-1.4560792446136475,-0.45607924461364746,assist,no
5401,0,1,0.9046505299595163,-0.2626820206642151,-2.5126819610595703,assist,yes
5402,0,0,0.3775406828054583,-1.1756246089935303,-0.675624668598175,assist,no
5403,0,1,0.9399133531922388,-0.3453294634819031,-3.095329523086548,assist,yes
5404,0,0,0.37754066879814546,-1.2558435201644897,-0.7558435201644897,assist,no
5405,0,0,0.2689414096510108,-1.6632769107818604,-0.6632768511772156,assist,no
5406,0,0,0.3208212878370535,-1.355966567993164,-0.6059665083885193,assist,no
5407,0,0,0.04742587721667508,-3.2576963901519775,-0.2576964795589447,assist,no
5408,0,0,0.1480471829959148,-2.099339008331299,-0.3493388891220093,assist,no
5409,0,0,0.3486451488696663,-1.4135663509368896,-0.7885664105415344,assist,no
5410,0,0,0.042087731520181665,-3.5301527976989746,-0.4051528871059418,assist,no
5411,0,0,0.14804720179063335,-2.143761396408081,-0.39376142621040344,assist,no
5412,0,0,0.18242552825126704,-1.9841761589050293,-0.4841761887073517,assist,no
5413,0,1,0.6224593312018546,-0.6529048681259155,-1.1529048681259155,assist,yes
5414,0,0,0.40733341443526055,-1.0524022579193115,-0.6774023175239563,assist,no
5415,0,1,0.867035763237924,-0.3707427680492401,-2.2457427978515625,assist,yes
5416,0,0,0.0850990542883219,-2.9495010375976562,-0.5745011568069458,assist,no
5417,0,1,0.5312093733737563,-1.0129154920578003,-1.1379154920578003,assist,yes
5418,0,1,0.5312093733737563,-0.8339636325836182,-0.9589636325836182,assist,yes
5419,0,0,0.4073334000459302,-1.0027810335159302,-0.6277810335159302,assist,no
5420,0,1,0.6513548646660542,-0.7949632406234741,-1.4199632406234741,assist,yes
5421,0,0,0.18242551936144574,-1.8397706747055054,-0.339770644903183,assist,no
5422,0,1,0.9149009526726544,-0.4074738323688507,-2.7824738025665283,assist,yes
5423,0,1,0.957912274487423,-0.35945314168930054,-3.4844532012939453,assist,yes
5424,0,0,0.18242551491653522,-2.1183130741119385,-0.6183130145072937,assist,no
5425,0,1,0.5926665999540697,-0.8068318367004395,-1.1818318367004395,assist,yes
5426,0,0,0.20181322226037882,-1.8554110527038574,-0.4804110527038574,assist,no
5427,0,0,0.2689414096510108,-1.4734766483306885,-0.4734765887260437,assist,no
5428,0,0,0.03308597648187432,-3.8920786380767822,-0.5170785784721375,assist,no
5429,0,1,0.5312093733737563,-0.8826471567153931,-1.007647156715393,assist,yes
5430,0,0,0.16451646699291617,-1.957018494606018,-0.33201852440834045,assist,no
5431,0,1,0.6513548646660542,-0.7052439451217651,-1.3302439451217651,assist,yes
5432,0,1,0.6513548646660542,-0.892000675201416,-1.517000675201416,assist,yes
5433,0,0,0.22270013882530884,-1.76178777217865,-0.5117877721786499,assist,no
5434,0,0,0.22270014914315833,-1.7812550067901611,-0.5312550663948059,assist,no
5435,0,0,0.20181322226037882,-1.7981557846069336,-0.4231557846069336,assist,no
5436,0,0,0.20181323186177208,-1.917372465133667,-0.5423725247383118,assist,no
5437,0,0,0.13296422989056964,-2.243471145629883,-0.36847105622291565,assist,no
5438,0,0,0.3208212878370535,-1.4731111526489258,-0.723111093044281,assist,no
5439,0,0,0.5,-0.940813422203064,-0.940813422203064,assist,no
5440,0,1,0.9324533107374443,-0.35315820574760437,-2.9781582355499268,assist,yes
5441,0,1,0.8519528170040853,-0.38507068157196045,-2.13507080078125,assist,yes
5442,0,1,0.9465966717067252,-0.4095310866832733,-3.2845311164855957,assist,yes
5443,0,1,0.5926665855647394,-0.9843326210975647,-1.35933256149292,assist,yes
5444,0,1,0.7981867729389246,-0.4814505875110626,-1.8564505577087402,assist,yes
5445,0,0,0.0953494674697966,-2.5497725009918213,-0.2997725307941437,assist,no
5446,0,0,0.37754066879814546,-1.4184749126434326,-0.9184749126434326,assist,no
5447,0,0,0.16451647108926923,-2.107675075531006,-0.48267513513565063,assist,no
5448,0,0,0.24508501313237172,-1.7662328481674194,-0.6412328481674194,assist,no
5449,0,0,0.24508501313237172,-1.8344669342041016,-0.7094669342041016,assist,no
5450,0,1,0.5621765008857981,-0.7498472929000854,-0.9998472929000854,assist,yes
5451,0,0,0.29421497216298875,-1.631069302558899,-0.7560693025588989,assist,no
5452,0,1,0.5621765008857981,-0.7710354328155518,-1.0210354328155518,assist,yes
5453,0,0,0.2689414330889798,-1.5666306018829346,-0.5666306614875793,assist,no
5454,0,1,0.9046505376715775,-0.3038899600505829,-2.5538899898529053,assist,yes
5455,0,0,0.46879062662624377,-1.2177492380142212,-1.0927492380142212,assist,no
5456,0,0,0.24508502416032488,-1.8789215087890625,-0.7539215683937073,assist,no
5457,0,0,0.14804719051380197,-2.2266054153442383,-0.4766053557395935,assist,no
5458,0,1,0.7772998611746911,-0.4267463684082031,-1.6767463684082031,assist,yes
5459,0,1,0.8175744939732856,-0.5535615682601929,-2.0535616874694824,assist,yes
5460,0,0,0.04742586913845881,-3.261810302734375,-0.26181021332740784,assist,no
5461,0,0,0.04208772791561884,-3.430781364440918,-0.30578136444091797,assist,no
5462,0,0,0.2689414213699951,-1.5468171834945679,-0.5468171834945679,assist,no
5463,0,0,0.4073333856566001,-1.1669034957885742,-0.7919034361839294,assist,no
5464,0,1,0.5312093733737563,-1.2994205951690674,-1.4244205951690674,assist,Yes
5465,0,0,0.047425867792089564,-3.2395849227905273,-0.2395848035812378,assist,no
5466,0,0,0.2689414096510108,-1.491137981414795,-0.49113792181015015,assist,no
5467,0,0,0.060086646807761206,-2.982954978942871,-0.23295491933822632,assist,no
5468,0,0,0.20181322226037882,-1.856464147567749,-0.481464147567749,assist,no
5469,0,0,0.1329642333263228,-2.3172523975372314,-0.44225233793258667,assist,no
5470,0,1,0.7981867585368343,-0.6498638391494751,-2.0248637199401855,assist,yes
5471,0,0,0.3775406828054583,-1.1344025135040283,-0.6344025731086731,assist,no
5472,0,0,0.34864513533394575,-1.3050340414047241,-0.6800340414047241,assist,no
5473,0,0,0.4378234991142019,-1.1267579793930054,-0.8767579793930054,assist,no
5474,0,1,0.8670357735451834,-0.3442724943161011,-2.2192726135253906,assist,yes
5475,0,0,0.46879062662624377,-0.9548773169517517,-0.8298773169517517,assist,no
5476,0,0,0.18242551936144574,-1.8685327768325806,-0.3685327470302582,assist,no
5477,0,0,0.025957358704815272,-3.9408886432647705,-0.3158887028694153,assist,no
5478,0,1,0.7981867873410141,-0.4490780234336853,-1.82407808303833,assist,yes
5479,0,0,0.4073333856566001,-1.0441489219665527,-0.669148862361908,assist,no
5480,0,1,0.8354835411997897,-0.4046582877635956,-2.029658317565918,assist,yes
5481,0,0,0.16451645880021026,-1.9704941511154175,-0.3454941213130951,assist,no
5482,0,0,0.09534945975773548,-2.528712272644043,-0.2787122130393982,assist,no
5483,0,0,0.4378234991142019,-0.9918253421783447,-0.7418253421783447,assist,no
5484,0,0,0.4378234991142019,-1.0429272651672363,-0.7929272651672363,assist,no
5485,0,0,0.2689414213699951,-1.4735007286071777,-0.47350072860717773,assist,no
5486,0,0,0.46879062662624377,-0.8709609508514404,-0.7459609508514404,assist,no
5487,0,0,0.20181322226037882,-1.917454481124878,-0.5424544811248779,assist,no
5488,0,1,0.7772998611746911,-0.6052632331848145,-1.8552632331848145,assist,yes
5489,0,0,0.46879062662624377,-0.9454579949378967,-0.8204579949378967,assist,no
5490,0,0,0.2689414213699951,-1.8207721710205078,-0.8207721710205078,assist,no
5491,0,0,0.11920291576401235,-2.6941609382629395,-0.6941608786582947,assist,No
5492,0,1,0.6791787121629466,-0.6772827506065369,-1.4272828102111816,assist,yes
5493,0,0,0.2689414213699951,-1.5789203643798828,-0.5789203643798828,assist,no
5494,0,1,0.5312093733737563,-0.7865181565284729,-0.9115181565284729,assist,yes
5495,0,0,0.4073333856566001,-1.0437805652618408,-0.668780505657196,assist,no
5496,0,1,0.5312093882168609,-0.9642569422721863,-1.089257001876831,assist,yes
5497,0,0,0.3775406547908327,-1.270167350769043,-0.7701672911643982,assist,no
5498,0,1,0.9149009596336303,-0.2733895182609558,-2.6483895778656006,assist,yes
5499,0,0,0.29421497216298875,-1.4649851322174072,-0.5899851322174072,assist,no
5500,0,0,0.22270013882530884,-1.656072735786438,-0.406072735786438,assist,no
5501,0,0,0.08509904036636974,-2.99948787689209,-0.6244878172874451,assist,no
5502,0,0,0.3208212878370535,-1.3118977546691895,-0.5618976950645447,assist,no
5503,0,0,0.32082130082460697,-1.5166043043136597,-0.7666043043136597,assist,No
5504,0,0,0.1066905911052601,-2.5137581825256348,-0.3887581527233124,assist,no
5505,0,0,0.015906388446265834,-4.370558738708496,-0.24555853009223938,assist,no
5506,0,0,0.2942149783515162,-1.3324315547943115,-0.4574315845966339,assist,no
5507,0,0,0.5,-1.0350768566131592,-1.0350768566131592,assist,no
5508,0,0,0.07585818837825822,-3.0277228355407715,-0.527722954750061,assist,no
5509,0,0,0.1066905911052601,-2.538311004638672,-0.4133109748363495,assist,no
5510,0,0,0.14804719051380197,-2.1222918033599854,-0.3722917437553406,assist,no
5511,0,0,0.06754669301670263,-2.8870749473571777,-0.2620749771595001,assist,no
5512,0,0,0.29421497216298875,-1.4169543981552124,-0.5419543981552124,assist,no
5513,0,0,0.053403329799824234,-3.4146599769592285,-0.5396599769592285,assist,no
5514,0,0,0.11920292828022305,-2.404789686203003,-0.4047897458076477,assist,no
5515,0,1,0.7772998714925403,-0.4267415404319763,-1.676741600036621,assist,yes
5516,0,0,0.1329642333263228,-2.220000982284546,-0.3450009226799011,assist,no
5517,0,1,0.9324533013520764,-0.45905601978302,-3.0840559005737305,assist,yes
5518,0,0,0.46879062662624377,-1.339626669883728,-1.214626669883728,assist,no
5519,0,1,0.679178699175393,-0.6270439624786377,-1.3770439624786377,assist,yes
5520,0,0,0.46879062662624377,-1.1113560199737549,-0.9863560199737549,assist,no
5521,0,0,0.24508502416032488,-1.6971981525421143,-0.572198212146759,assist,no
5522,0,0,0.3775406828054583,-1.2539162635803223,-0.753916323184967,assist,no
5523,0,0,0.34864513533394575,-1.2741929292678833,-0.6491929292678833,assist,no
5524,0,0,0.07585818628900447,-2.874746322631836,-0.3747464120388031,assist,no
5525,0,0,0.37754066879814546,-1.2392971515655518,-0.7392971515655518,assist,no
5526,0,0,0.07585818002124356,-3.028265953063965,-0.5282659530639648,assist,no
5527,0,0,0.37754066879814546,-1.1754870414733887,-0.6754870414733887,assist,no
5528,0,0,0.29421497216298875,-1.4038419723510742,-0.5288419723510742,assist,no
5529,0,0,0.32082130082460697,-1.5748460292816162,-0.8248460292816162,assist,no
5530,0,1,0.5621765008857981,-0.868625283241272,-1.118625283241272,assist,yes
5531,0,1,0.5926666143433998,-0.7602717280387878,-1.1352717876434326,assist,yes
5532,0,1,0.5312093733737563,-0.7703442573547363,-0.8953442573547363,assist,yes
5533,0,0,0.0600866518571309,-3.137512683868408,-0.3875127136707306,assist,no
5534,0,1,0.5926665999540697,-0.9407306909561157,-1.3157306909561157,assist,yes
5535,0,0,0.2018132270610754,-1.7991830110549927,-0.42418304085731506,assist,no
5536,0,0,0.34864513533394575,-1.3324248790740967,-0.7074248790740967,assist,no
5537,0,1,0.8354835452961425,-0.5314914584159851,-2.15649151802063,assist,yes
5538,0,1,0.798186768138228,-0.5421856045722961,-1.9171855449676514,assist,yes
5539,0,1,0.5312093733737563,-0.7762840390205383,-0.9012840390205383,assist,yes
5540,0,0,0.03308597934211908,-3.701064109802246,-0.3260641396045685,assist,no
5541,0,0,0.02297737526238275,-4.301875114440918,-0.5518753528594971,assist,no
5542,0,0,0.05340332678672523,-3.419586658477783,-0.5445865988731384,assist,no
5543,0,0,0.3208212878370535,-1.216332197189331,-0.4663321375846863,assist,no
5544,0,0,0.037326884131416216,-3.6477468013763428,-0.3977467119693756,assist,no
5545,0,0,0.4378234991142019,-1.1592997312545776,-0.9092997312545776,assist,no
5546,0,1,0.8354835330070839,-0.324966698884964,-1.9499666690826416,assist,yes
5547,0,0,0.4073334000459302,-1.0155160427093506,-0.6405160427093506,assist,no
5548,0,0,0.16451645880021026,-1.9898933172225952,-0.3648932874202728,assist,no
5549,0,1,0.7057850278370112,-0.7093780040740967,-1.5843780040740967,assist,yes
5550,0,0,0.2689414330889798,-1.7170295715332031,-0.7170296311378479,assist,no
5551,0,1,0.8519528057272543,-0.47675368189811707,-2.2267537117004395,assist,yes
5552,0,1,0.5926665999540697,-0.8629227876663208,-1.2379227876663208,assist,yes
5553,0,0,0.11920292828022305,-2.5862085819244385,-0.5862086415290833,assist,no
5554,0,1,0.7310585786300049,-0.5074039697647095,-1.5074039697647095,assist,yes
5555,0,1,0.5926665999540697,-0.8756846189498901,-1.2506846189498901,assist,yes
5556,0,1,0.7549149868676283,-0.625504732131958,-1.750504732131958,assist,yes
5557,0,1,0.679178699175393,-0.6853339672088623,-1.4353339672088623,assist,yes
5558,0,0,0.18242551936144574,-1.8505152463912964,-0.350515216588974,assist,no
5559,0,1,0.817574471748733,-0.35856083035469055,-1.8585608005523682,assist,yes
5560,0,0,0.24508500210441886,-1.6971843242645264,-0.5721842646598816,assist,no
5561,0,0,0.2942149597859341,-1.5918223857879639,-0.7168223261833191,assist,no
5562,0,1,0.7772998611746911,-0.4760633707046509,-1.7260633707046509,assist,yes
5563,0,0,0.5,-1.3360689878463745,-1.3360689878463745,assist,no
5564,0,0,0.16451645470385742,-2.262523889541626,-0.6375238299369812,assist,no
5565,0,0,0.24508501313237172,-1.7191160917282104,-0.5941160917282104,assist,no
5566,0,1,0.880797068590724,-0.44295820593833923,-2.442958116531372,assist,yes
5567,0,1,0.7549149923816048,-0.4376656711101532,-1.5626657009124756,assist,yes
5568,0,0,0.13296424019782924,-2.4362456798553467,-0.5612456798553467,assist,no
5569,0,1,0.6513548511303336,-0.7583304047584534,-1.3833303451538086,assist,yes
5570,0,0,0.06754669301670263,-2.887026309967041,-0.2620263397693634,assist,no
5571,0,0,0.22270013882530884,-1.9401893615722656,-0.6901893615722656,assist,no
5572,0,0,0.022977373924293353,-4.254961967468262,-0.504962146282196,assist,no
5573,0,1,0.9324533135530545,-0.23486392199993134,-2.8598639965057373,assist,yes
5574,0,0,0.37754066879814546,-1.2528066635131836,-0.7528066635131836,assist,no
5575,0,0,0.29421497216298875,-1.4392728805541992,-0.5642728805541992,assist,no
5576,0,1,0.7057850278370112,-0.6492699384689331,-1.524269938468933,assist,yes
5577,0,1,0.679178699175393,-0.7461612224578857,-1.4961612224578857,assist,yes
5578,0,1,0.8354835411997897,-0.3592468202114105,-1.984246850013733,assist,yes
5579,0,0,0.32082130082460697,-1.3341114521026611,-0.5841114521026611,assist,no
5580,0,0,0.3208212878370535,-1.312375783920288,-0.5623757243156433,assist,no
5581,0,0,0.37754066879814546,-1.1651469469070435,-0.6651469469070435,assist,no
5582,0,0,0.2689414213699951,-1.4710639715194702,-0.4710639715194702,assist,no
5583,0,0,0.14804720179063335,-2.0698211193084717,-0.31982114911079407,assist,no
5584,0,0,0.46879062662624377,-0.9770146608352661,-0.8520146608352661,assist,no
5585,0,1,0.8519528019683106,-0.4718973636627197,-2.2218973636627197,assist,yes
5586,0,1,0.7310585669110203,-0.7801361680030823,-1.7801361083984375,assist,yes
5587,0,1,0.6513548511303336,-0.5662112832069397,-1.191211223602295,assist,yes
5588,0,0,0.4378234991142019,-0.9509689211845398,-0.7009689211845398,assist,no
5589,0,0,0.16451644651115205,-2.1514439582824707,-0.5264438390731812,assist,no
5590,0,0,0.06754669864792355,-3.0587806701660156,-0.4337807893753052,assist,no
5591,0,1,0.8807970779778823,-0.3785390853881836,-2.3785390853881836,assist,yes
5592,0,0,0.46879062662624377,-0.9260027408599854,-0.8010027408599854,assist,no
5593,0,0,0.20181322226037882,-1.8763912916183472,-0.5013912916183472,assist,no
5594,0,1,0.7057850278370112,-0.5969641208648682,-1.4719641208648682,assist,yes
5595,0,0,0.46879062662624377,-1.1122971773147583,-0.9872971773147583,assist,no
5596,0,0,0.13296425050508953,-2.136533737182617,-0.26153382658958435,assist,no
5597,0,1,0.6513548646660542,-0.7265950441360474,-1.3515950441360474,assist,yes
5598,0,0,0.11920292828022305,-2.626948833465576,-0.626948893070221,assist,no
5599,0,0,0.5,-0.8829215168952942,-0.8829215168952942,assist,no
5600,0,0,0.0373268852023206,-3.609931230545044,-0.35993117094039917,assist,no
5601,0,1,0.5621765155565327,-0.8027867674827576,-1.0527868270874023,assist,yes
5602,0,0,0.3486451488696663,-1.2634928226470947,-0.6384928822517395,assist,no
5603,0,1,0.7981867825403176,-0.36534640192985535,-1.7403464317321777,assist,yes
5604,0,0,0.2689414330889798,-1.935530185699463,-0.9355302453041077,assist,no
5605,0,0,0.14804719427274565,-2.1141316890716553,-0.3641316592693329,assist,no
5606,0,0,0.20181323186177208,-1.8375601768493652,-0.46256023645401,assist,no
5607,0,0,0.24508500210441886,-1.6506123542785645,-0.5256122946739197,assist,no
5608,0,1,0.9525741268224334,-0.33266329765319824,-3.3326632976531982,assist,yes
5609,0,1,0.754914997895581,-0.6179789900779724,-1.7429790496826172,assist,yes
5610,0,0,0.37754066879814546,-1.358607292175293,-0.858607292175293,assist,no
5611,0,0,0.46879062662624377,-1.080721378326416,-0.955721378326416,assist,no
5612,0,1,0.8175744761936437,-0.553666353225708,-2.053666353225708,assist,yes
5613,0,0,0.4073334000459302,-1.419785737991333,-1.044785737991333,assist,no
5614,0,1,0.798186768138228,-0.4709976315498352,-1.8459975719451904,assist,yes
5615,0,0,0.4378234991142019,-1.0688328742980957,-0.8188328742980957,assist,no
5616,0,0,0.02595735945832451,-3.908548593521118,-0.2835486829280853,assist,no
5617,0,1,0.5926665999540697,-0.9678167104721069,-1.342816710472107,assist,yes
5618,0,0,0.46879062662624377,-1.0959652662277222,-0.9709652662277222,assist,no
5619,0,0,0.32082130082460697,-1.2692793607711792,-0.5192793607711792,assist,no
5620,0,1,0.7772998611746911,-0.5503994226455688,-1.8003994226455688,assist,yes
5621,0,0,0.34864513533394575,-1.3020418882369995,-0.6770418882369995,assist,no
5622,0,0,0.042087723109535534,-3.4301371574401855,-0.305137038230896,assist,no
5623,0,0,0.0474258704848281,-3.4082109928131104,-0.4082109332084656,assist,no
5624,0,0,0.07585818002124356,-3.0742883682250977,-0.5742883682250977,assist,no
5625,0,0,0.29421497216298875,-1.463900089263916,-0.588900089263916,assist,no
5626,0,0,0.34864513533394575,-1.398245930671692,-0.7732459306716919,assist,no
5627,0,1,0.7772998611746911,-0.6346434354782104,-1.8846434354782104,assist,yes
5628,0,1,0.6224593171945417,-0.7046945691108704,-1.2046945095062256,assist,yes
5629,0,0,0.24508501313237172,-1.6249014139175415,-0.4999014139175415,assist,no
5630,0,0,0.22270014914315833,-1.8465304374694824,-0.5965304970741272,assist,no
5631,0,1,0.9149009596336303,-0.27283185720443726,-2.647831916809082,assist,yes
5632,0,0,0.20181322226037882,-1.952372670173645,-0.577372670173645,assist,no
5633,0,0,0.5,-0.8804348111152649,-0.8804348111152649,assist,no
5634,0,0,0.042087731520181665,-3.382730007171631,-0.257730096578598,assist,no
5635,0,1,0.679178699175393,-0.5543526411056519,-1.3043526411056519,assist,yes
5636,0,1,0.679178699175393,-0.7194247245788574,-1.4694247245788574,assist,yes
5637,0,0,0.1645164628965632,-2.0429816246032715,-0.4179816246032715,assist,no
5638,0,0,0.16451647518562237,-2.0359649658203125,-0.41096505522727966,assist,no
5639,0,1,0.8519528057272543,-0.33969733119010925,-2.0896973609924316,assist,yes
5640,0,1,0.5926665855647394,-0.7511191964149475,-1.1261191368103027,assist,yes
5641,0,0,0.24508500210441886,-1.6787781715393066,-0.5537781119346619,assist,no
5642,0,0,0.22270012850745968,-1.7332251071929932,-0.4832250475883484,assist,no
5643,0,0,0.46879062662624377,-0.9677971601486206,-0.8427971601486206,assist,no
5644,0,1,0.880797071719777,-0.4109726548194885,-2.4109725952148438,assist,yes
5645,0,0,0.05340333582602272,-3.4189224243164062,-0.5439225435256958,assist,no
5646,0,1,0.8670357494949105,-0.3013685643672943,-2.176368474960327,assist,yes
5647,0,0,0.4378234991142019,-1.0574594736099243,-0.8074594736099243,assist,no
5648,0,0,0.11920292828022305,-2.429851770401001,-0.42985183000564575,assist,no
5649,0,0,0.2689414330889798,-1.5908286571502686,-0.5908287167549133,assist,no
5650,0,0,0.06008665017400762,-3.256146192550659,-0.5061461925506592,assist,no
5651,0,1,0.7310585903489892,-0.685302197933197,-1.6853022575378418,assist,yes
5652,0,1,0.5621764862150634,-0.8285952210426331,-1.0785951614379883,assist,yes
5653,0,0,0.37754066879814546,-1.1023298501968384,-0.6023298501968384,assist,no
5654,0,1,0.7310585786300049,-0.4683268070220947,-1.4683268070220947,assist,yes
5655,0,1,0.8175744673038221,-0.36408501863479614,-1.8640849590301514,assist,yes
5656,0,0,0.11920292515117029,-2.327873468399048,-0.32787349820137024,assist,no
5657,0,0,0.3486451488696663,-1.3775184154510498,-0.7525184750556946,assist,no
5658,0,0,0.24508501313237172,-1.961112141609192,-0.8361121416091919,assist,no
5659,0,1,0.5621765155565327,-0.9503492712974548,-1.2003493309020996,assist,yes
5660,0,1,0.8175744850834649,-0.42714494466781616,-1.927145004272461,assist,yes
5661,0,1,0.7057850278370112,-0.6176474094390869,-1.492647409439087,assist,yes
5662,0,0,0.37754066879814546,-1.2860873937606812,-0.7860873937606812,assist,no
5663,0,1,0.7310585786300049,-0.5310502052307129,-1.531050205230713,assist,yes
5664,0,1,0.6224593312018546,-0.6944342851638794,-1.1944342851638794,assist,yes
5665,0,0,0.29421496597446145,-1.3668957948684692,-0.49189576506614685,assist,no
5666,0,0,0.3775406828054583,-1.1738593578338623,-0.6738594174385071,assist,no
5667,0,1,0.89330940889474,-0.29498645663261414,-2.4199864864349365,assist,yes
5668,0,0,0.29421497216298875,-1.521571397781372,-0.6465713977813721,assist,no
5669,0,0,0.24508501313237172,-1.6174720525741577,-0.4924720525741577,assist,no
5670,0,0,0.4073334000459302,-1.3734740018844604,-0.9984740018844604,assist,no
5671,0,1,0.5621765008857981,-0.7376600503921509,-0.9876600503921509,assist,yes
5672,0,0,0.3486451488696663,-1.393326997756958,-0.7683270573616028,assist,no
5673,0,0,0.3775406547908327,-1.1097984313964844,-0.6097983717918396,assist,no
5674,0,0,0.09534947261117097,-2.713437080383301,-0.46343716979026794,assist,no
5675,0,1,0.9669140244715405,-0.28920140862464905,-3.664201498031616,assist,yes
5676,0,0,0.32082130082460697,-1.3978973627090454,-0.6478973627090454,assist,no
5677,0,0,0.2689414272294874,-1.491104245185852,-0.49110427498817444,assist,no
5678,0,1,0.6224593171945417,-0.7038190960884094,-1.2038190364837646,assist,yes
5679,0,0,0.46879062662624377,-0.9069139957427979,-0.7819139957427979,assist,no
5680,0,1,0.7310585727705126,-0.44013264775276184,-1.4401326179504395,assist,yes
5681,0,0,0.04742587317756679,-3.5363688468933105,-0.5363688468933105,assist,no
5682,0,0,0.4378234991142019,-0.9739398956298828,-0.7239398956298828,assist,no
5683,0,0,0.04208772791561884,-3.6541073322296143,-0.5291073322296143,assist,no
5684,0,1,0.5621765008857981,-0.787665843963623,-1.037665843963623,assist,yes
5685,0,0,0.14804720930852133,-2.093601942062378,-0.3436020314693451,assist,no
5686,0,0,0.22270013366638422,-1.7419111728668213,-0.4919111430644989,assist,no
5687,0,0,0.09534945975773548,-2.5913705825805664,-0.34137052297592163,assist,no
5688,0,0,0.16451647108926923,-1.9141724109649658,-0.2891724705696106,assist,no
5689,0,0,0.18242552380635632,-1.9283875226974487,-0.42838752269744873,assist,no
5690,0,0,0.18242551491653522,-1.9762036800384521,-0.4762036204338074,assist,no
5691,0,0,0.32082130082460697,-1.3007910251617432,-0.5507910251617432,assist,no
5692,0,1,0.6224593312018546,-0.6457301378250122,-1.1457301378250122,assist,yes
5693,0,0,0.14804720179063335,-2.043311357498169,-0.29331138730049133,assist,no
5694,0,1,0.7310585669110203,-0.6223414540290833,-1.6223413944244385,assist,yes
5695,0,1,0.8354835371034369,-0.6575088500976562,-2.2825088500976562,assist,yes
5696,0,0,0.2689414213699951,-1.4837660789489746,-0.4837660789489746,assist,no
5697,0,0,0.3486451217982255,-1.2026240825653076,-0.5776240229606628,assist,no
5698,0,1,0.5926665855647394,-0.7600257992744446,-1.1350257396697998,assist,yes
5699,0,1,0.5621765008857981,-0.786919355392456,-1.036919355392456,assist,yes
5700,0,1,0.7549149868676283,-0.4762040376663208,-1.6012040376663208,assist,yes
5701,0,0,0.13296424019782924,-2.5679972171783447,-0.6929972171783447,assist,no
5702,0,1,0.5621764862150634,-0.7643147110939026,-1.0143146514892578,assist,yes
5703,0,0,0.4378234991142019,-1.4044114351272583,-1.1544114351272583,assist,no
5704,0,1,0.7981867729389246,-0.3707949221134186,-1.7457948923110962,assist,yes
5705,0,0,0.4073334000459302,-1.127657175064087,-0.7526571750640869,assist,no
5706,0,0,0.37754066879814546,-1.6121444702148438,-1.1121444702148438,assist,no
5707,0,1,0.7057850278370112,-0.5163778066635132,-1.3913778066635132,assist,yes
5708,0,1,0.5926665999540697,-1.1173474788665771,-1.4923474788665771,assist,yes
5709,0,1,0.7310585669110203,-0.5082722306251526,-1.5082721710205078,assist,yes
5710,0,0,0.2018132270610754,-1.8567324876785278,-0.4817325174808502,assist,no
5711,0,0,0.10669058826486906,-2.4797563552856445,-0.35475629568099976,assist,no
5712,0,0,0.37754066879814546,-1.3592599630355835,-0.8592599630355835,assist,no
5713,0,0,0.24508502416032488,-1.7668907642364502,-0.641890823841095,assist,no
5714,0,1,0.8175744673038221,-0.3774269223213196,-1.8774268627166748,assist,yes
5715,0,1,0.6513548646660542,-0.6153280735015869,-1.240328073501587,assist,yes
5716,0,0,0.16451645470385742,-2.1785528659820557,-0.5535528063774109,assist,no
5717,0,0,0.006692850379434174,-5.109036445617676,-0.10903636366128922,assist,no
5718,0,0,0.2689414213699951,-1.6401835680007935,-0.6401835680007935,assist,no
5719,0,1,0.5926666143433998,-0.727932870388031,-1.1029329299926758,assist,yes
5720,0,0,0.46879062662624377,-0.9457556009292603,-0.8207556009292603,assist,no
5721,0,0,0.02297736522671412,-4.031388759613037,-0.2813885509967804,assist,no
5722,0,0,0.06754668926255561,-2.836533546447754,-0.21153351664543152,assist,no
5723,0,1,0.7057850278370112,-0.6181149482727051,-1.493114948272705,assist,yes
5724,0,1,0.7549149868676283,-0.46025586128234863,-1.5852558612823486,assist,yes
5725,0,1,0.5926665999540697,-0.9138028621673584,-1.2888028621673584,assist,yes
5726,0,0,0.10669059394565118,-2.651862144470215,-0.5268621444702148,assist,no
5727,0,1,0.7057850154599563,-0.6402698159217834,-1.5152697563171387,assist,yes
5728,0,0,0.46879062662624377,-0.9250419735908508,-0.8000419735908508,assist,no
5729,0,1,0.7057850278370112,-0.6107196807861328,-1.4857196807861328,assist,yes
5730,0,0,0.46879064146934857,-1.0282554626464844,-0.9032555222511292,assist,no
5731,0,1,0.8519527982093668,-0.35838082432746887,-2.1083807945251465,assist,yes
5732,0,1,0.6224593171945417,-0.6213210225105286,-1.1213209629058838,assist,yes
5733,0,0,0.0850990542883219,-2.7072324752807617,-0.33223259449005127,assist,no
5734,0,0,0.1329642333263228,-2.1652796268463135,-0.2902795672416687,assist,no
5735,0,1,0.5926665999540697,-0.6999738216400146,-1.0749738216400146,assist,yes
5736,0,0,0.08509904036636974,-2.9786887168884277,-0.603688657283783,assist,No
5737,0,0,0.20181322226037882,-1.8947365283966064,-0.5197365283966064,assist,no
5738,0,0,0.4073334000459302,-1.285109519958496,-0.9101095199584961,assist,no
5739,0,0,0.20181320305759334,-2.151350975036621,-0.7763508558273315,assist,no
5740,0,0,0.2689414213699951,-1.9510483741760254,-0.9510483741760254,assist,no
5741,0,0,0.14804720930852133,-2.0989582538604736,-0.3489583432674408,assist,no
5742,0,1,0.5312093733737563,-0.9357767105102539,-1.060776710510254,assist,yes
5743,0,0,0.20181322226037882,-1.7839605808258057,-0.40896058082580566,assist,no
5744,0,0,0.13296424019782924,-2.386719226837158,-0.5117192268371582,assist,no
5745,0,1,0.679178699175393,-0.8351709842681885,-1.5851709842681885,assist,Yes
5746,0,0,0.46879062662624377,-0.877353310585022,-0.752353310585022,assist,no
5747,0,0,0.22270012850745968,-1.8006737232208252,-0.5506736636161804,assist,no
5748,0,0,0.29421497216298875,-1.59140145778656,-0.7164014577865601,assist,no
5749,0,0,0.11920291576401235,-2.437739849090576,-0.4377397894859314,assist,no
5750,0,1,0.7981867777396212,-0.42242908477783203,-1.797429084777832,assist,yes
5751,0,1,0.6224593312018546,-0.6439265012741089,-1.1439265012741089,assist,yes
5752,0,1,0.8933094060543487,-0.3197810649871826,-2.4447810649871826,assist,yes
5753,0,0,0.3208213138121609,-1.393641471862793,-0.6436415314674377,assist,no
5754,0,0,0.22270014914315833,-1.8370943069458008,-0.5870943665504456,assist,no
5755,0,0,0.09534945975773548,-2.766042470932007,-0.5160424113273621,assist,no
5756,0,0,0.22270012850745968,-1.6315069198608398,-0.38150686025619507,assist,no
5757,0,0,0.06008665522337757,-3.1741645336151123,-0.42416462302207947,assist,no
5758,0,0,0.029312227359491745,-4.162309646606445,-0.6623095273971558,assist,no
5759,0,0,0.5,-0.9051550030708313,-0.9051550030708313,assist,no
5760,0,0,0.04742587317756679,-3.4110960960388184,-0.41109609603881836,assist,no
5761,0,1,0.6513548646660542,-0.6613459587097168,-1.2863459587097168,assist,yes
5762,0,0,0.46879062662624377,-0.9684417247772217,-0.8434417247772217,assist,no
5763,0,0,0.5,-0.8631964921951294,-0.8631964921951294,assist,no
5764,0,1,0.8670357735451834,-0.5325707197189331,-2.4075708389282227,assist,yes
5765,0,1,0.7310585786300049,-0.556653618812561,-1.556653618812561,assist,yes
5766,0,0,0.4378235137849365,-1.1968646049499512,-0.946864664554596,assist,no
5767,0,0,0.09534947004048376,-2.760021209716797,-0.5100212693214417,assist,no
5768,0,0,0.2689414096510108,-1.8375654220581055,-0.8375653624534607,assist,no
5769,0,0,0.4073334000459302,-1.3965590000152588,-1.0215590000152588,assist,no
5770,0,1,0.6224593312018546,-0.6650776863098145,-1.1650776863098145,assist,yes
5771,0,0,0.46879062662624377,-0.8586679100990295,-0.7336679100990295,assist,no
5772,0,0,0.2018132174596823,-1.7135430574417114,-0.33854302763938904,assist,no
5773,0,0,0.24508501313237172,-1.7296702861785889,-0.6046702861785889,assist,no
5774,0,0,0.13296425394084313,-2.179945468902588,-0.30494558811187744,assist,no
5775,0,0,0.24508501864634827,-1.6156882047653198,-0.4906882345676422,assist,no
5776,0,1,0.6513548511303336,-0.5468724370002747,-1.1718723773956299,assist,yes
5777,0,0,0.04742587587030561,-3.201957941055298,-0.20195800065994263,assist,no
5778,0,1,0.5312093733737563,-0.9759343862533569,-1.100934386253357,assist,yes
5779,0,1,0.798186768138228,-0.3855164647102356,-1.7605164051055908,assist,yes
5780,0,0,0.020332353936289693,-4.183271408081055,-0.3082714378833771,assist,no
5781,0,0,0.1192029188930649,-2.3450379371643066,-0.34503790736198425,assist,no
5782,0,1,0.9046505453836383,-0.3870023488998413,-2.637002468109131,assist,yes
5783,0,1,0.8519528132451416,-0.3032592833042145,-2.0532593727111816,assist,yes
5784,0,0,0.37754066879814546,-1.154449462890625,-0.654449462890625,assist,no
5785,0,1,0.5312093733737563,-0.8110724091529846,-0.9360724091529846,assist,yes
5786,0,1,0.7981867729389246,-0.4260921776294708,-1.8010921478271484,assist,yes
5787,0,0,0.34864513533394575,-1.6348812580108643,-1.0098812580108643,assist,no
5788,0,0,0.5,-0.9407164454460144,-0.9407164454460144,assist,no
5789,0,0,0.5,-0.8709782361984253,-0.8709782361984253,assist,no
5790,0,1,0.7310585669110203,-0.6854053139686584,-1.6854052543640137,assist,yes
5791,0,1,0.7549149868676283,-0.4821794033050537,-1.6071794033050537,assist,yes
5792,0,0,0.09534946232842245,-2.529456853866577,-0.27945682406425476,assist,no
5793,0,0,0.2689414213699951,-1.578225016593933,-0.5782250165939331,assist,no
5794,0,1,0.7057850278370112,-0.5969127416610718,-1.4719127416610718,assist,yes
5795,0,1,0.7981867777396212,-0.4818446636199951,-1.8568446636199951,assist,yes
5796,0,0,0.2689414213699951,-1.6633551120758057,-0.6633551120758057,assist,no
5797,0,1,0.6513548646660542,-0.5941481590270996,-1.2191481590270996,assist,yes
5798,0,1,0.8670357598021706,-0.30529236793518066,-2.1802923679351807,assist,yes
5799,0,0,0.04208773272170267,-3.70098876953125,-0.5759888887405396,assist,no
5800,0,1,0.7772998611746911,-0.42754924297332764,-1.6775492429733276,assist,yes
5801,0,0,0.20181322226037882,-1.9532581567764282,-0.5782581567764282,assist,no
5802,0,1,0.5312093733737563,-0.775844931602478,-0.900844931602478,assist,yes
5803,0,1,0.6513548511303336,-0.8076146245002747,-1.4326145648956299,assist,yes
5804,0,0,0.2689414213699951,-1.6630432605743408,-0.6630432605743408,assist,no
5805,0,0,0.13296424019782924,-2.1793105602264404,-0.30431056022644043,assist,no
5806,0,0,0.32082130082460697,-1.224184513092041,-0.474184513092041,assist,no
5807,0,0,0.05340333431947304,-3.3335635662078857,-0.4585636556148529,assist,no
5808,0,0,0.46879062662624377,-0.9448113441467285,-0.8198113441467285,assist,no
5809,0,0,0.46879062662624377,-0.9765256643295288,-0.8515256643295288,assist,no
5810,0,0,0.1824255415859996,-2.209623336791992,-0.7096234560012817,assist,no
5811,0,0,0.5,-0.9691742658615112,-0.9691742658615112,assist,no
5812,0,0,0.18242551491653522,-2.014955520629883,-0.514955461025238,assist,no
5813,0,0,0.29421497216298875,-1.5517826080322266,-0.6767826080322266,assist,no
5814,0,1,0.6513548646660542,-0.7844259738922119,-1.409425973892212,assist,yes
5815,0,1,0.8354835452961425,-0.40826863050460815,-2.033268690109253,assist,yes
5816,0,0,0.10669059394565118,-2.5075881481170654,-0.38258814811706543,assist,no
5817,0,1,0.5312093733737563,-0.8339545726776123,-0.9589545726776123,assist,yes
5818,0,0,0.06754668363133542,-3.233210563659668,-0.6082104444503784,assist,no
5819,0,1,0.7310585786300049,-0.5565917491912842,-1.5565917491912842,assist,yes
5820,0,0,0.14804719051380197,-2.0941877365112305,-0.3441876769065857,assist,no
5821,0,1,0.5621765008857981,-1.1535886526107788,-1.4035886526107788,assist,Yes
5822,0,0,0.06008665354025422,-3.1738128662109375,-0.4238129258155823,assist,no
5823,0,0,0.20181322226037882,-2.0334959030151367,-0.6584959030151367,assist,no
5824,0,1,0.8807970779778823,-0.5164728164672852,-2.516472816467285,assist,yes
5825,0,1,0.5312093882168609,-0.955880343914032,-1.0808804035186768,assist,yes
5826,0,0,0.3208212878370535,-1.4941003322601318,-0.7441002726554871,assist,no
5827,0,1,0.5926665855647394,-0.706571638584137,-1.0815715789794922,assist,yes
5828,0,0,0.29421497216298875,-1.4760655164718628,-0.6010655164718628,assist,no
5829,0,1,0.7772998611746911,-0.4521273374557495,-1.7021273374557495,assist,yes
5830,0,1,0.6224593171945417,-0.7922046780586243,-1.2922046184539795,assist,yes
5831,0,0,0.08509904616718289,-2.593083620071411,-0.21808363497257233,assist,no
5832,0,0,0.3208213138121609,-1.3222520351409912,-0.572252094745636,assist,no
5833,0,1,0.7310585903489892,-0.48712533712387085,-1.4871253967285156,assist,yes
5834,0,1,0.8519527906914787,-0.46784624457359314,-2.217846155166626,assist,yes
5835,0,0,0.3775406547908327,-1.0906062126159668,-0.590606153011322,assist,no
5836,0,0,0.06754668738548215,-2.966348648071289,-0.3413485884666443,assist,no
5837,0,0,0.22270014914315833,-1.7213759422302246,-0.4713760018348694,assist,no
5838,0,1,0.9149009526726544,-0.2727525532245636,-2.647752523422241,assist,yes
5839,0,0,0.010986944249787705,-4.863639831542969,-0.3636399805545807,assist,no
5840,0,0,0.029312230751356316,-3.6486477851867676,-0.14864778518676758,assist,no
5841,0,1,0.9149009549929797,-0.40727877616882324,-2.7822787761688232,assist,yes
5842,0,0,0.18242551491653522,-1.9351797103881836,-0.4351796507835388,assist,no
5843,0,1,0.5621765155565327,-0.9928490519523621,-1.2428491115570068,assist,yes
5844,0,0,0.0474258704848281,-3.1871399879455566,-0.18713992834091187,assist,no
5845,0,1,0.867035763237924,-0.2580818831920624,-2.1330819129943848,assist,yes
5846,0,0,0.40733341443526055,-1.102952480316162,-0.7279525399208069,assist,no
5847,0,0,0.4378234844434674,-1.0430855751037598,-0.793085515499115,assist,no
5848,0,0,0.2689414213699951,-1.5889238119125366,-0.5889238119125366,assist,no
5849,0,0,0.06754668363133542,-3.2284512519836426,-0.603451132774353,assist,no
5850,0,0,0.10669059394565118,-2.5444822311401367,-0.4194822311401367,assist,no
5851,0,1,0.6224593312018546,-0.6213475465774536,-1.1213475465774536,assist,yes
5852,0,0,0.18242552380635632,-1.888847827911377,-0.38884782791137695,assist,no
5853,0,0,0.1645164628965632,-1.9901089668273926,-0.3651089668273926,assist,no
5854,0,0,0.1645164628965632,-2.263594388961792,-0.638594388961792,assist,no
5855,0,0,0.5,-0.8525390625,-0.8525390625,assist,no
5856,0,1,0.8175744939732856,-0.688564658164978,-2.1885647773742676,assist,yes
5857,0,0,0.46879062662624377,-0.9253252744674683,-0.8003252744674683,assist,no
5858,0,1,0.6791786861878392,-0.7659736275672913,-1.5159735679626465,assist,yes
5859,0,1,0.5621765008857981,-0.7325248718261719,-0.9825248718261719,assist,yes
5860,0,0,0.32082130082460697,-1.4390037059783936,-0.6890037059783936,assist,no
5861,0,0,0.06754668363133542,-3.132991313934326,-0.5079911947250366,assist,no
5862,0,0,0.14804720179063335,-2.113745927810669,-0.36374595761299133,assist,no
5863,0,0,0.2689414213699951,-1.8563201427459717,-0.8563201427459717,assist,No
5864,0,0,0.32082130082460697,-1.3557971715927124,-0.6057971715927124,assist,no
5865,0,0,0.06754669864792355,-2.9620442390441895,-0.337044358253479,assist,no
5866,0,1,0.6513548646660542,-0.6608965396881104,-1.2858965396881104,assist,yes
5867,0,1,0.6224593312018546,-0.8653597831726074,-1.3653597831726074,assist,yes
5868,0,0,0.10669059962643358,-2.817087173461914,-0.6920872330665588,assist,no
5869,0,1,0.880797068590724,-0.2877739369869232,-2.287773847579956,assist,yes
5870,0,0,0.08509904268669496,-2.7113378047943115,-0.33633777499198914,assist,no
5871,0,1,0.5621765008857981,-0.8025414943695068,-1.0525414943695068,assist,yes
5872,0,0,0.04208773031866069,-3.569171905517578,-0.4441719651222229,assist,no
5873,0,1,0.798186768138228,-0.38201719522476196,-1.7570171356201172,assist,yes
5874,0,0,0.11920291576401235,-2.407705068588257,-0.40770500898361206,assist,no
5875,0,0,0.10669060246682488,-2.4591307640075684,-0.3341308534145355,assist,no
5876,0,0,0.32082130082460697,-1.3321048021316528,-0.5821048021316528,assist,no
5877,0,1,0.5312093733737563,-1.0553821325302124,-1.1803821325302124,assist,yes
5878,0,0,0.4378235137849365,-1.1276185512542725,-0.8776186108589172,assist,no
5879,0,0,0.08509904732734556,-2.6813089847564697,-0.3063090145587921,assist,no
5880,0,0,0.3208213138121609,-1.425276517868042,-0.6752765774726868,assist,no
5881,0,0,0.46879062662624377,-1.048705816268921,-0.9237058162689209,assist,no
5882,0,0,0.03732688948593843,-3.4988555908203125,-0.24885565042495728,assist,no
5883,0,0,0.02595736171885236,-4.179635524749756,-0.5546357035636902,assist,no
5884,0,1,0.851952809486198,-0.32036012411117554,-2.0703601837158203,assist,yes
5885,0,1,0.8354835248143776,-0.4130879342556,-2.038087844848633,assist,yes
5886,0,0,0.34864513533394575,-1.4116004705429077,-0.7866004705429077,assist,no
5887,0,1,0.5926665855647394,-0.7277129292488098,-1.102712869644165,assist,yes
5888,0,1,0.7057850278370112,-0.6823707818984985,-1.5573707818984985,assist,yes
5889,0,0,0.16451646699291617,-1.957210659980774,-0.3322106897830963,assist,no
5890,0,0,0.32082130082460697,-1.3447200059890747,-0.5947200059890747,assist,no
5891,0,0,0.18242552380635632,-1.896301031112671,-0.3963010311126709,assist,no
5892,0,0,0.46879062662624377,-1.1326309442520142,-1.0076309442520142,assist,no
5893,0,1,0.8354835289107309,-0.3379834294319153,-1.9629833698272705,assist,yes
5894,0,0,0.5,-0.9257900714874268,-0.9257900714874268,assist,no
5895,0,0,0.4378234991142019,-1.043027400970459,-0.793027400970459,assist,no
5896,0,0,0.20181322226037882,-1.917742133140564,-0.542742133140564,assist,no
5897,0,0,0.06008664428307651,-2.9686484336853027,-0.21864832937717438,assist,no
5898,0,0,0.10669059394565118,-2.578587055206299,-0.45358705520629883,assist,no
5899,0,1,0.7981867729389246,-0.367915540933609,-1.7429155111312866,assist,yes
5900,0,0,0.4073333856566001,-1.3052451610565186,-0.9302451014518738,assist,no
5901,0,0,0.11920291263495983,-2.2774899005889893,-0.2774898111820221,assist,no
5902,0,1,0.5621765008857981,-0.7313797473907471,-0.9813797473907471,assist,yes
5903,0,0,0.13296425394084313,-2.6929540634155273,-0.8179541826248169,assist,no
5904,0,0,0.029312227359491745,-3.7405242919921875,-0.24052417278289795,assist,no
5905,0,1,0.5926665999540697,-0.9249047040939331,-1.299904704093933,assist,yes
5906,0,1,0.8354835493924953,-0.3843778669834137,-2.009377956390381,assist,yes
5907,0,1,0.679178699175393,-0.6275902986526489,-1.377590298652649,assist,yes
5908,0,0,0.3775406547908327,-1.2105827331542969,-0.7105826735496521,assist,no
5909,0,0,0.1480471980316895,-2.194753885269165,-0.44475388526916504,assist,no
5910,0,0,0.3775406547908327,-1.1535122394561768,-0.653512179851532,assist,no
5911,0,0,0.5,-1.175879716873169,-1.175879716873169,assist,no
5912,0,0,0.029312234143221275,-4.012792110443115,-0.5127922296524048,assist,no
5913,0,0,0.2942149845400438,-1.3957335948944092,-0.520733654499054,assist,no
5914,0,0,0.02931222820745785,-3.763685941696167,-0.26368585228919983,assist,no
5915,0,1,0.7772998611746911,-0.4712597131729126,-1.7212597131729126,assist,yes
5916,0,1,0.7310585786300049,-0.48725879192352295,-1.487258791923523,assist,yes
5917,0,0,0.07585818211049715,-2.754154682159424,-0.2541547119617462,assist,no
5918,0,1,0.7310585786300049,-0.5254982709884644,-1.5254982709884644,assist,yes
5919,0,0,0.20181323186177208,-1.814659833908081,-0.43965989351272583,assist,no
5920,0,0,0.02297737526238275,-4.300494194030762,-0.5504944324493408,assist,no
5921,0,0,0.5,-0.8831046223640442,-0.8831046223640442,assist,no
5922,0,1,0.7772998611746911,-0.5617775917053223,-1.8117775917053223,assist,yes
5923,0,1,0.6791786861878392,-0.6417549252510071,-1.3917548656463623,assist,yes
5924,0,0,0.4378234991142019,-0.9378896355628967,-0.6878896355628967,assist,no
5925,0,1,0.6224593452091672,-0.7124709486961365,-1.2124710083007812,assist,yes
5926,0,1,0.8519528019683106,-0.3615274429321289,-2.111527442932129,assist,yes
5927,0,0,0.4378234991142019,-0.9313533306121826,-0.6813533306121826,assist,no
5928,0,0,0.18242551491653522,-2.0151193141937256,-0.5151192545890808,assist,no
5929,0,0,0.1480471829959148,-2.1206445693969727,-0.3706444501876831,assist,no
5930,0,0,0.34864513533394575,-1.3017194271087646,-0.6767194271087646,assist,no
5931,0,1,0.9046505299595163,-0.2806606888771057,-2.530660629272461,assist,yes
5932,0,0,0.2689414096510108,-1.7881269454956055,-0.7881268858909607,assist,no
5933,0,0,0.18242551491653522,-1.917698621749878,-0.41769856214523315,assist,no
5934,0,0,0.07585817584273653,-2.879458427429199,-0.37945836782455444,assist,no
5935,0,1,0.6791787121629466,-0.7097977995872498,-1.4597978591918945,assist,yes
5936,0,0,0.08509904732734556,-2.6232266426086426,-0.24822667241096497,assist,no
5937,0,1,0.5312093733737563,-0.791663646697998,-0.916663646697998,assist,yes
5938,0,0,0.3775406547908327,-1.1183662414550781,-0.6183661818504333,assist,no
5939,0,0,0.07585818837825822,-2.9837517738342285,-0.48375189304351807,assist,no
5940,0,0,0.5,-1.0202584266662598,-1.0202584266662598,assist,no
5941,0,0,0.012431650487299585,-4.593045234680176,-0.2180452048778534,assist,no
5942,0,1,0.8354835330070839,-0.2933253347873688,-1.9183253049850464,assist,yes
5943,0,0,0.18242551491653522,-1.9758195877075195,-0.47581952810287476,assist,no
5944,0,1,0.6513548782017746,-0.5947715640068054,-1.2197716236114502,assist,yes
5945,0,1,0.6791787121629466,-0.5748338103294373,-1.324833869934082,assist,yes
5946,0,0,0.08509904732734556,-2.68215274810791,-0.30715277791023254,assist,no
5947,0,1,0.6791786861878392,-0.7284963726997375,-1.4784963130950928,assist,yes
5948,0,0,0.13296423676207594,-2.238523483276367,-0.3635234534740448,assist,no
5949,0,0,0.18242552380635632,-2.2191290855407715,-0.7191290855407715,assist,No
5950,0,0,0.02931222905542399,-3.7877657413482666,-0.2877656817436218,assist,no
5951,0,0,0.29421497216298875,-1.5634630918502808,-0.6884630918502808,assist,no
5952,0,1,0.817574471748733,-0.4513207972049713,-1.951320767402649,assist,yes
5953,0,0,0.24508501313237172,-1.8775620460510254,-0.7525620460510254,assist,no
5954,0,1,0.754914997895581,-0.49968451261520386,-1.6246845722198486,assist,yes
5955,0,1,0.7549149813536518,-0.49957790970802307,-1.6245778799057007,assist,yes
5956,0,1,0.8933094003735664,-0.2759607434272766,-2.400960683822632,assist,yes
5957,0,1,0.8933093975331751,-0.4680667817592621,-2.593066692352295,assist,yes
5958,0,0,0.4073333856566001,-1.0536961555480957,-0.6786960959434509,assist,no
5959,0,0,0.3775406828054583,-1.252964735031128,-0.7529647946357727,assist,no
5960,0,1,0.5926665999540697,-0.9564008712768555,-1.3314008712768555,assist,yes
5961,0,0,0.10669059962643358,-2.6951475143432617,-0.5701475739479065,assist,no
5962,0,1,0.7549149813536518,-0.4411064684391022,-1.5661064386367798,assist,yes
5963,0,0,0.2689414096510108,-1.5411243438720703,-0.5411242842674255,assist,no
5964,0,1,0.8175744806385543,-0.37738367915153503,-1.8773837089538574,assist,yes
5965,0,1,0.7549149868676283,-0.45675766468048096,-1.581757664680481,assist,yes
5966,0,0,0.11920291576401235,-2.6743457317352295,-0.6743456721305847,assist,no
5967,0,0,0.006692851716795015,-5.532103538513184,-0.5321036577224731,assist,no
5968,0,0,0.09534945718704857,-2.6005866527557373,-0.35058656334877014,assist,no
5969,0,0,0.04208772671409796,-3.4961740970611572,-0.37117406725883484,assist,no
5970,0,0,0.1645164628965632,-1.9903985261917114,-0.3653985261917114,assist,no
5971,0,0,0.34864513533394575,-1.4147272109985352,-0.7897272109985352,assist,no
5972,0,0,0.32082130082460697,-1.5333551168441772,-0.7833551168441772,assist,no
5973,0,0,0.1480471980316895,-2.403595447540283,-0.6535954475402832,assist,no
5974,0,1,0.5621765008857981,-1.2729004621505737,-1.5229004621505737,assist,Yes
5975,0,0,0.18242553269617778,-2.0170340538024902,-0.517034113407135,assist,no
5976,0,0,0.5,-0.8013339042663574,-0.8013339042663574,assist,no
5977,0,0,0.015906392644828796,-4.533555507659912,-0.4085555672645569,assist,no
5978,0,0,0.32082130082460697,-1.7573660612106323,-1.0073660612106323,assist,no
5979,0,0,0.11920292202211755,-2.71488881111145,-0.7148888111114502,assist,no
5980,0,0,0.20181322226037882,-1.8151154518127441,-0.44011545181274414,assist,no
5981,0,1,0.9149009596336303,-0.29330748319625854,-2.6683075428009033,assist,yes
5982,0,0,0.4378234991142019,-0.991508960723877,-0.741508960723877,assist,no
5983,0,0,0.10669059394565118,-2.5743956565856934,-0.44939565658569336,assist,no
5984,0,0,0.18242550602671442,-2.025643825531006,-0.5256437063217163,assist,no
5985,0,0,0.20181323186177208,-1.8751342296600342,-0.500134289264679,assist,no
5986,0,0,0.4378234991142019,-0.9915379285812378,-0.7415379285812378,assist,no
5987,0,0,0.29421497216298875,-1.414049744606018,-0.5390497446060181,assist,no
5988,0,0,0.1824255415859996,-2.3284335136413574,-0.828433632850647,assist,no
5989,0,0,0.37754066879814546,-1.1455144882202148,-0.6455144882202148,assist,no
5990,0,1,0.8354835452961425,-0.38089436292648315,-2.005894422531128,assist,yes
5991,0,0,0.37754066879814546,-1.6130224466323853,-1.1130224466323853,assist,no
5992,0,0,0.06754668550840877,-3.0552403926849365,-0.43024030327796936,assist,no
5993,0,0,0.02297736991002561,-4.0923075675964355,-0.34230756759643555,assist,no
5994,0,1,0.6513548511303336,-0.6434529423713684,-1.2684528827667236,assist,yes
5995,0,0,0.4378234991142019,-1.3788985013961792,-1.1288985013961792,assist,no
5996,0,0,0.3775406547908327,-1.3211252689361572,-0.8211252093315125,assist,no
5997,0,1,0.7772998560157665,-0.4054385721683502,-1.6554385423660278,assist,yes
5998,0,0,0.29421497216298875,-1.576637864112854,-0.701637864112854,assist,no
5999,0,1,0.5312093733737563,-0.8575487732887268,-0.9825487732887268,assist,yes
