idx,y_true,y_pred,p_yes,lp_yes,lp_no,mode,raw_text
0,1,1,0.9740426411068074,-0.0893290713429451,-3.7143290042877197,attack,yes
1,1,1,0.5312093733737563,-0.6658370494842529,-0.7908370494842529,attack,yes
2,1,1,0.7057850216484838,-0.40275707840919495,-1.2777570486068726,attack,yes
3,1,1,0.9579122756889438,-0.20342984795570374,-3.328429937362671,attack,yes
4,1,1,0.8175744850834649,-0.25560206174850464,-1.7556021213531494,attack,yes
5,1,1,0.9796676450248561,-0.11025603860616684,-3.9852559566497803,attack,yes
6,1,1,0.9669140239948331,-0.13420765101909637,-3.5092077255249023,attack,yes
7,1,1,0.9626731083722525,-0.15194666385650635,-3.401946544647217,attack,yes
8,1,1,0.9796676422051088,-0.1483738273382187,-4.023373603820801,attack,yes
9,1,1,0.914900957313305,-0.16009947657585144,-2.535099506378174,attack,yes
10,1,1,0.9241418147556224,-0.13467629253864288,-2.634676218032837,attack,yes
11,1,1,0.5621765008857981,-0.7029532790184021,-0.9529532790184021,attack,yes
12,1,0,0.29421496597446145,-1.2503000497817993,-0.37530001997947693,attack,no
13,1,1,0.9324533144915912,-0.11359825730323792,-2.738598346710205,attack,yes
14,1,1,0.8519528000888387,-0.20332469046115875,-1.9533246755599976,attack,yes
15,1,1,0.5312093733737563,-0.6843185424804688,-0.8093185424804688,attack,yes
16,1,1,0.9525741251394714,-0.10405401140451431,-3.1040539741516113,attack,yes
17,1,1,0.9626731158685837,-0.127573162317276,-3.377573251724243,attack,yes
18,1,1,0.6224593452091672,-0.5362901091575623,-1.036290168762207,attack,yes
19,1,1,0.5621765008857981,-0.635921835899353,-0.885921835899353,attack,yes
20,1,0,0.4378234991142019,-0.8761285543441772,-0.6261285543441772,attack,no
21,1,1,0.7057850216484838,-0.40733209252357483,-1.2823320627212524,attack,yes
22,1,1,0.9241418220680101,-0.13467618823051453,-2.634676218032837,attack,yes
23,1,1,0.9669140220880033,-0.19484113156795502,-3.569841146469116,attack,yes
24,1,1,0.9399133494052115,-0.11764050275087357,-2.867640495300293,attack,yes
25,1,1,0.904650536386234,-0.14362047612667084,-2.393620491027832,attack,yes
26,1,1,0.9241418231126367,-0.13415594398975372,-2.6341559886932373,attack,yes
27,1,1,0.6791786926816161,-0.4159438908100128,-1.1659438610076904,attack,yes
28,1,1,0.9820137895115189,-0.10782483220100403,-4.107824802398682,attack,yes
29,1,1,0.9465966717067252,-0.14429661631584167,-3.019296646118164,attack,yes
30,1,1,0.9465966739665496,-0.14522592723369598,-3.020226001739502,attack,yes
31,1,1,0.924141817889503,-0.14932134747505188,-2.6493213176727295,attack,yes
32,1,1,0.9149009526726544,-0.15199950337409973,-2.5269994735717773,attack,yes
33,1,1,0.7981867825403176,-0.2638222873210907,-1.638822317123413,attack,yes
34,1,1,0.9933071483822689,-0.1500164121389389,-5.1500163078308105,attack,yes
35,1,1,0.9525741268224334,-0.13852906227111816,-3.138529062271118,attack,yes
36,1,1,0.9465966709534505,-0.08940385282039642,-2.9644038677215576,attack,yes
37,1,1,0.939913356558485,-0.09622228145599365,-2.846222400665283,attack,yes
38,1,1,0.974042642048694,-0.06970933079719543,-3.694709300994873,attack,yes
39,1,1,0.9324533046369554,-0.11344129592180252,-2.738441228866577,attack,yes
40,1,1,0.9525741288419872,-0.10415907204151154,-3.104159116744995,attack,yes
41,1,1,0.7772998611746911,-0.38928043842315674,-1.6392804384231567,attack,yes
42,1,1,0.7310585727705126,-0.40794745087623596,-1.4079474210739136,attack,yes
43,1,1,0.957912274487423,-0.1134611964225769,-3.2384612560272217,attack,yes
44,1,1,0.7772998508568416,-0.3199959397315979,-1.5699958801269531,attack,yes
45,1,1,0.9399133544545812,-0.10060659795999527,-2.850606679916382,attack,yes
46,1,1,0.914900945711678,-0.17801344394683838,-2.553013324737549,attack,yes
47,1,1,0.7310585903489892,-0.3976995348930359,-1.3976995944976807,attack,yes
48,1,1,0.679178699175393,-0.41512250900268555,-1.1651225090026855,attack,yes
49,1,1,0.5926665999540697,-0.5440760850906372,-0.9190760850906372,attack,yes
50,1,1,0.9579122678790578,-0.07738672196865082,-3.2023866176605225,attack,yes
51,1,1,0.9669140254249554,-0.10408151149749756,-3.479081630706787,attack,yes
52,1,1,0.946596667563714,-0.11747484654188156,-2.9924747943878174,attack,yes
53,1,1,0.9324533144915912,-0.12512841820716858,-2.7501285076141357,attack,yes
54,1,1,0.9324533060447605,-0.13253240287303925,-2.7575323581695557,attack,yes
55,1,1,0.9324533079218341,-0.12555624544620514,-2.750556230545044,attack,yes
56,1,1,0.9669140201811735,-0.12342481315135956,-3.498424768447876,attack,yes
57,1,1,0.8933094131553264,-0.16190950572490692,-2.286909580230713,attack,yes
58,1,1,0.7772998560157665,-0.32793179154396057,-1.5779317617416382,attack,yes
59,1,0,0.06754668597767712,-2.7096292972564697,-0.08462921530008316,attack,no
60,1,1,0.8933093975331751,-0.2018955647945404,-2.3268954753875732,attack,yes
61,1,1,0.9626731147976793,-0.11776703596115112,-3.367767095565796,attack,yes
62,1,1,0.9241418189341297,-0.14864470064640045,-2.6486446857452393,attack,yes
63,1,1,0.8354835452961425,-0.25834983587265015,-1.883349895477295,attack,yes
64,1,1,0.9149009561531425,-0.1672034114599228,-2.542203426361084,attack,yes
65,1,1,0.7981867729389246,-0.25872400403022766,-1.6337239742279053,attack,yes
66,1,1,0.7057850278370112,-0.3781759738922119,-1.253175973892212,attack,yes
67,1,1,0.9525741224467326,-0.1198802962899208,-3.119880199432373,attack,yes
68,1,1,0.9465966649272521,-0.1250222772359848,-3.0000221729278564,attack,yes
69,1,1,0.9241418252018903,-0.1341942995786667,-2.6341943740844727,attack,yes
70,1,1,0.9525741315347259,-0.09797920286655426,-3.0979793071746826,attack,yes
71,1,1,0.9740426433673349,-0.10610625892877579,-3.7311062812805176,attack,yes
72,1,1,0.9626731089077046,-0.13833723962306976,-3.3883371353149414,attack,yes
73,1,1,0.8807970670261975,-0.16569744050502777,-2.1656973361968994,attack,yes
74,1,1,0.9669140206578809,-0.08869174122810364,-3.4636917114257812,attack,yes
75,1,1,0.8354835330070839,-0.25745728611946106,-1.8824572563171387,attack,yes
76,1,1,0.9525741221101401,-0.1381579488515854,-3.138157844543457,attack,yes
77,1,1,0.8175744806385543,-0.2628032863140106,-1.762803316116333,attack,yes
78,1,1,0.9525741227833249,-0.16118916869163513,-3.161189079284668,attack,yes
79,1,1,0.9241418236349501,-0.12210316210985184,-2.622103214263916,attack,yes
80,1,1,0.7549149923816048,-0.33389970660209656,-1.458899736404419,attack,yes
81,1,1,0.7057850340255386,-0.37789425253868103,-1.2528942823410034,attack,yes
82,1,1,0.9465966754730989,-0.13416875898838043,-3.009168863296509,attack,yes
83,1,1,0.7549149923816048,-0.3077077567577362,-1.4327077865600586,attack,yes
84,1,1,0.9740426448743534,-0.1060578003525734,-3.73105788230896,attack,yes
85,1,1,0.6224593312018546,-0.5631107091903687,-1.0631107091903687,attack,yes
86,1,1,0.9740426450627306,-0.15399470925331116,-3.7789947986602783,attack,yes
87,1,1,0.9770226310935413,-0.11309929192066193,-3.8630993366241455,attack,yes
88,1,1,0.9579122687801985,-0.12290247529745102,-3.2479023933410645,attack,yes
89,1,1,0.9626731147976793,-0.11754363775253296,-3.3675436973571777,attack,yes
90,1,1,0.5926665999540697,-0.5729967951774597,-0.9479967951774597,attack,yes
91,1,1,0.8670357615200474,-0.23310326039791107,-2.1081032752990723,attack,yes
92,1,1,0.9859363696508799,-0.11526322364807129,-4.365262985229492,attack,yes
93,1,1,0.7772998560157665,-0.3609577715396881,-1.6109577417373657,attack,yes
94,1,1,0.9465966694469009,-0.16809608042240143,-3.0430960655212402,attack,yes
95,1,0,0.5,-0.7167218327522278,-0.7167218327522278,attack,no
96,1,1,0.7057850278370112,-0.4571573734283447,-1.3321573734283447,attack,yes
97,1,1,0.6791786861878392,-0.4695308804512024,-1.2195308208465576,attack,yes
98,1,1,0.962673116404036,-0.10072053968906403,-3.3507206439971924,attack,yes
99,1,1,0.8354835452961425,-0.20965665578842163,-1.8346567153930664,attack,yes
100,1,1,0.9626731118526922,-0.0870368704199791,-3.3370368480682373,attack,yes
101,1,1,0.9626731147976793,-0.1271921992301941,-3.377192258834839,attack,yes
102,1,1,0.7310585669110203,-0.3496590256690979,-1.3496589660644531,attack,yes
103,1,1,0.8354835411997897,-0.24858245253562927,-1.8735824823379517,attack,yes
104,1,1,0.9399133544545812,-0.1245519295334816,-2.874552011489868,attack,yes
105,1,1,0.7772998663336157,-0.3371208608150482,-1.5871208906173706,attack,yes
106,1,1,0.9740426416719393,-0.11588458716869354,-3.74088454246521,attack,yes
107,1,1,0.8807970858005139,-0.21458952128887177,-2.2145895957946777,attack,yes
108,1,1,0.9465966694469009,-0.15592719614505768,-3.0309271812438965,attack,yes
109,1,1,0.9324533079218341,-0.1135726124048233,-2.738572597503662,attack,yes
110,1,1,0.7310585786300049,-0.3664666414260864,-1.3664666414260864,attack,yes
111,1,1,0.7772998611746911,-0.33753645420074463,-1.5875364542007446,attack,yes
112,1,1,0.8933093975331751,-0.21295174956321716,-2.33795166015625,attack,yes
113,1,1,0.952574130524949,-0.1191040650010109,-3.1191041469573975,attack,yes
114,1,1,0.7057850216484838,-0.3859156668186188,-1.2609156370162964,attack,yes
115,1,1,0.9840936087546924,-0.12960383296012878,-4.254603862762451,attack,yes
116,1,1,0.9626731115849659,-0.10049846768379211,-3.3504984378814697,attack,yes
117,1,1,0.9626731137267751,-0.0936708152294159,-3.3436708450317383,attack,yes
118,1,1,0.9579122681794381,-0.10621700435876846,-3.2312169075012207,attack,yes
119,1,1,0.6224593312018546,-0.5214837789535522,-1.0214837789535522,attack,yes
120,1,1,0.731058584489497,-0.36517152190208435,-1.3651715517044067,attack,yes
121,1,1,0.7772998508568416,-0.30592018365859985,-1.555920124053955,attack,yes
122,1,1,0.904650527388829,-0.19998487830162048,-2.4499847888946533,attack,yes
123,1,1,0.8807970654616711,-0.1821995973587036,-2.182199478149414,attack,yes
124,1,1,0.9579122699817195,-0.10553961247205734,-3.230539560317993,attack,yes
125,1,1,0.6513548714339145,-0.484798401594162,-1.1097984313964844,attack,yes
126,1,1,0.7772998663336157,-0.3126889169216156,-1.562688946723938,attack,yes
127,1,1,0.9046505312448597,-0.22812514007091522,-2.4781250953674316,attack,yes
128,1,1,0.9465966717067252,-0.13446685671806335,-3.0094668865203857,attack,yes
129,1,1,0.9399133540338004,-0.1622726172208786,-2.9122726917266846,attack,yes
130,1,0,0.24508500210441886,-1.4233434200286865,-0.29834336042404175,attack,no
131,1,1,0.6224593312018546,-0.5062863826751709,-1.006286382675171,attack,yes
132,1,1,0.924141817889503,-0.15050366520881653,-2.650503635406494,attack,yes
133,1,1,0.9149009607937928,-0.12316958606243134,-2.4981696605682373,attack,yes
134,1,0,0.5,-0.7571441531181335,-0.7571441531181335,attack,no
135,1,0,0.5,-0.7817797660827637,-0.7817797660827637,attack,no
136,1,1,0.851952809486198,-0.24826592206954956,-1.9982659816741943,attack,yes
137,1,1,0.9241418252018903,-0.12291733920574188,-2.622917413711548,attack,yes
138,1,1,0.8807970873650403,-0.15121307969093323,-2.1512131690979004,attack,yes
139,1,1,0.9149009607937928,-0.15911738574504852,-2.5341174602508545,attack,yes
140,1,1,0.8354835411997897,-0.25053927302360535,-1.8755393028259277,attack,yes
141,1,1,0.7057850402140659,-0.4575275778770447,-1.3325276374816895,attack,yes
142,1,1,0.9241418147556224,-0.12251265347003937,-2.6225125789642334,attack,yes
143,1,1,0.9241418272911436,-0.1681918054819107,-2.668191909790039,attack,yes
144,1,1,0.932453315430128,-0.1834048181772232,-2.8084049224853516,attack,yes
145,1,1,0.9626731137267751,-0.11732622981071472,-3.367326259613037,attack,yes
146,1,1,0.6791786926816161,-0.45219460129737854,-1.2021945714950562,attack,yes
147,1,1,0.9149009549929797,-0.20258736610412598,-2.577587366104126,attack,yes
148,1,1,0.9324533107374443,-0.14034411311149597,-2.7653441429138184,attack,yes
149,1,1,0.8807970748488297,-0.17060759663581848,-2.170607566833496,attack,yes
150,1,1,0.7310585727705126,-0.339254766702652,-1.3392547369003296,attack,yes
151,1,1,0.904650527388829,-0.13507089018821716,-2.38507080078125,attack,yes
152,1,1,0.731058584489497,-0.3560344874858856,-1.356034517288208,attack,yes
153,1,0,0.5,-0.7225992679595947,-0.7225992679595947,attack,no
154,1,1,0.5312093733737563,-0.6739150881767273,-0.7989150881767273,attack,yes
155,1,1,0.9241418126663687,-0.14173708856105804,-2.6417369842529297,attack,yes
156,1,1,0.9525741301883566,-0.14986126124858856,-3.1498613357543945,attack,yes
157,1,1,0.7981867825403176,-0.37509843707084656,-1.750098466873169,attack,yes
158,1,1,0.9465966645506146,-0.09835731238126755,-2.9733572006225586,attack,yes
159,1,1,0.9465966660571644,-0.11017211526632309,-2.9851720333099365,attack,yes
160,1,1,0.9324533107374443,-0.12552091479301453,-2.750520944595337,attack,yes
161,1,1,0.6513548511303336,-0.4608457684516907,-1.085845708847046,attack,yes
162,1,1,0.7549149923816048,-0.32426247000694275,-1.4492624998092651,attack,yes
163,1,1,0.6791787056691698,-0.41563746333122253,-1.165637493133545,attack,yes
164,1,1,0.867035771827307,-0.22047151625156403,-2.0954716205596924,attack,yes
165,1,1,0.9149009480320036,-0.1680208146572113,-2.543020725250244,attack,yes
166,1,1,0.8519528057272543,-0.22194978594779968,-1.971949815750122,attack,yes
167,1,1,0.9465966709534505,-0.14516304433345795,-3.020163059234619,attack,yes
168,1,1,0.9626731118526922,-0.10884382575750351,-3.3588438034057617,attack,yes
169,1,1,0.8354835309589073,-0.24908427894115448,-1.874084234237671,attack,yes
170,1,1,0.9149009538328171,-0.158982053399086,-2.533982038497925,attack,yes
171,1,1,0.9626731089077046,-0.1510525792837143,-3.401052474975586,attack,yes
172,1,1,0.7310585903489892,-0.3441717028617859,-1.3441717624664307,attack,yes
173,1,1,0.9465966762263737,-0.13447320461273193,-3.0094733238220215,attack,yes
174,1,1,0.9626731105140616,-0.09344011545181274,-3.343440055847168,attack,yes
175,1,1,0.904650536386234,-0.16266821324825287,-2.412668228149414,attack,yes
176,1,1,0.8354835330070839,-0.24863079190254211,-1.8736307621002197,attack,yes
177,1,1,0.9046505402422645,-0.27859824895858765,-2.5285983085632324,attack,yes
178,1,0,0.3775406617944891,-0.9910476207733154,-0.49104759097099304,attack,no
179,1,1,0.5926665999540697,-0.5767505764961243,-0.9517505764961243,attack,yes
180,1,1,0.7981867729389246,-0.28619495034217834,-1.661194920539856,attack,yes
181,1,1,0.7310585727705126,-0.42316189408302307,-1.4231618642807007,attack,yes
182,1,0,0.24508501864634827,-1.421082854270935,-0.29608288407325745,attack,no
183,1,1,0.5926665999540697,-0.5486761927604675,-0.9236761927604675,attack,yes
184,1,1,0.8933094145755219,-0.1613999903202057,-2.286400079727173,attack,yes
185,1,1,0.9241418252018903,-0.11763064563274384,-2.61763072013855,attack,yes
186,1,1,0.924141816844876,-0.14968423545360565,-2.649684190750122,attack,yes
187,1,1,0.9324533060447605,-0.1983836144208908,-2.8233835697174072,attack,yes
188,1,1,0.7057850278370112,-0.4396148920059204,-1.3146148920059204,attack,yes
189,1,1,0.8933094074745443,-0.16823552548885345,-2.2932355403900146,attack,yes
190,1,1,0.8670357683915538,-0.18109099566936493,-2.056091070175171,attack,yes
191,1,1,0.9046505325302034,-0.18974259495735168,-2.4397425651550293,attack,yes
192,1,1,0.7772998663336157,-0.2782547175884247,-1.528254747390747,attack,yes
193,1,1,0.8519527944504226,-0.2304573655128479,-1.9804573059082031,attack,yes
194,1,1,0.9241418252018903,-0.12822405993938446,-2.6282241344451904,attack,yes
195,1,1,0.9626731105140616,-0.08720666170120239,-3.3372066020965576,attack,yes
196,1,1,0.9626731121204184,-0.11771489679813385,-3.3677148818969727,attack,yes
197,1,0,0.46879062662624377,-0.8089299201965332,-0.6839299201965332,attack,no
198,1,1,0.9399133531922388,-0.16288155317306519,-2.91288161277771,attack,yes
199,1,1,0.9669140244715405,-0.12316146492958069,-3.498161554336548,attack,yes
200,1,1,0.9820137939858306,-0.11906935274600983,-4.119069576263428,attack,yes
201,1,1,0.8175744850834649,-0.26323050260543823,-1.763230562210083,attack,yes
202,1,1,0.9626731107817877,-0.09344630688428879,-3.3434462547302246,attack,yes
203,1,1,0.9149009526726544,-0.15887954831123352,-2.533879518508911,attack,yes
204,1,1,0.8519527982093668,-0.22977235913276672,-1.9797723293304443,attack,yes
205,1,1,0.9149009607937928,-0.1777903288602829,-2.552790403366089,attack,yes
206,1,1,0.9770226320971079,-0.13704076409339905,-3.887040853500366,attack,yes
207,1,1,0.9669140189894047,-0.08908232301473618,-3.4640822410583496,attack,yes
208,1,1,0.867035763237924,-0.19906827807426453,-2.074068307876587,attack,yes
209,1,1,0.8354835371034369,-0.2343970537185669,-1.859397053718567,attack,yes
210,1,1,0.8519527944504226,-0.22190099954605103,-1.9719009399414062,attack,yes
211,1,1,0.8933093961129795,-0.16225944459438324,-2.287259340286255,attack,yes
212,1,1,0.9740426405416754,-0.16957411170005798,-3.794574022293091,attack,yes
213,1,1,0.9046505261034853,-0.17027555406093597,-2.4202754497528076,attack,yes
214,1,1,0.8175744761936437,-0.24582695960998535,-1.7458269596099854,attack,yes
215,1,0,0.22270013366638422,-1.5125266313552856,-0.26252660155296326,attack,no
216,1,0,0.4073334000459302,-0.9159113764762878,-0.5409113764762878,attack,no
217,1,1,0.7057850216484838,-0.38537660241127014,-1.2603765726089478,attack,yes
218,1,1,0.8933094074745443,-0.19190643727779388,-2.316906452178955,attack,yes
219,1,1,0.867035763237924,-0.19916293025016785,-2.0741629600524902,attack,yes
220,1,1,0.932453315430128,-0.23026980459690094,-2.8552699089050293,attack,yes
221,1,1,0.9525741308615412,-0.14936867356300354,-3.1493687629699707,attack,yes
222,1,1,0.8933094145755219,-0.18290892243385315,-2.3079090118408203,attack,yes
223,1,1,0.9706877722165251,-0.11907686293125153,-3.61907696723938,attack,yes
224,1,1,0.9324533088603709,-0.15047001838684082,-2.775470018386841,attack,yes
225,1,1,0.9770226277483183,-0.10288439691066742,-3.852884292602539,attack,yes
226,1,1,0.9740426429905805,-0.08151387423276901,-3.7065138816833496,attack,yes
227,1,1,0.9626731105140616,-0.10055118799209595,-3.350551128387451,attack,yes
228,1,1,0.9465966754730989,-0.1254519373178482,-3.0004520416259766,attack,yes
229,1,1,0.8807970873650403,-0.15185704827308655,-2.1518571376800537,attack,yes
230,1,1,0.9669140185126972,-0.11315879970788956,-3.488158702850342,attack,yes
231,1,1,0.9149009596336303,-0.21472185850143433,-2.589721918106079,attack,yes
232,1,1,0.7057850402140659,-0.3991624712944031,-1.2741625308990479,attack,yes
233,1,1,0.9796676461379141,-0.05471494421362877,-3.9297149181365967,attack,yes
234,1,1,0.9820137909590904,-0.08075136691331863,-4.080751419067383,attack,yes
235,1,1,0.8175744739711884,-0.2312714010477066,-1.7312713861465454,attack,yes
236,1,1,0.9820137866163753,-0.22046108543872833,-4.220460891723633,attack,yes
237,1,1,0.9914225135091834,-0.12208617478609085,-4.872086048126221,attack,yes
238,1,1,0.9902915258107348,-0.15293478965759277,-4.777935028076172,attack,yes
239,1,1,0.9579122732859019,-0.1569046676158905,-3.281904697418213,attack,yes
240,1,1,0.9706877660687704,-0.10867082327604294,-3.608670711517334,attack,yes
241,1,1,0.9626731091754309,-0.10806164890527725,-3.3580615520477295,attack,yes
242,1,1,0.9241418158002492,-0.14146143198013306,-2.6414613723754883,attack,yes
243,1,1,0.9579122762897041,-0.15670432150363922,-3.2817044258117676,attack,yes
244,1,1,0.9669140213729421,-0.10429859906435013,-3.4792985916137695,attack,yes
245,1,1,0.9669140216112958,-0.14751029014587402,-3.522510290145874,attack,yes
246,1,1,0.893309401793762,-0.17519406974315643,-2.300194025039673,attack,yes
247,1,1,0.8807970889295664,-0.17571820318698883,-2.175718307495117,attack,yes
248,1,1,0.7549149868676283,-0.35520029067993164,-1.4802002906799316,attack,yes
249,1,1,0.8670357649558007,-0.22171707451343536,-2.096717119216919,attack,yes
250,1,1,0.6224593312018546,-0.5627965927124023,-1.0627965927124023,attack,yes
251,1,0,0.46879062662624377,-0.815222978591919,-0.690222978591919,attack,no
252,1,1,0.9626731102463355,-0.10893566161394119,-3.358935594558716,attack,yes
253,1,1,0.6791787121629466,-0.450438916683197,-1.2004389762878418,attack,yes
254,1,1,0.5926665999540697,-0.5585079789161682,-0.9335079789161682,attack,yes
255,1,1,0.7772998560157665,-0.32080307602882385,-1.5708030462265015,attack,yes
256,1,1,0.9525741214369554,-0.14922678470611572,-3.149226665496826,attack,yes
257,1,1,0.9669140244715405,-0.0827735960483551,-3.4577736854553223,attack,yes
258,1,1,0.8807970779778823,-0.25273895263671875,-2.2527389526367188,attack,yes
259,1,1,0.7549149868676283,-0.41734278202056885,-1.5423427820205688,attack,yes
260,1,1,0.924141816844876,-0.179674431681633,-2.6796743869781494,attack,yes
261,1,1,0.9046505376715775,-0.1554228961467743,-2.4054229259490967,attack,yes
262,1,1,0.8175744761936437,-0.2628241777420044,-1.7628241777420044,attack,yes
263,1,1,0.932453304167687,-0.17053110897541046,-2.7955310344696045,attack,yes
264,1,1,0.9525741251394714,-0.11104802042245865,-3.1110479831695557,attack,yes
265,1,1,0.939913354875362,-0.11708512902259827,-2.8670852184295654,attack,yes
266,1,1,0.9324533126145177,-0.11348003149032593,-2.7384800910949707,attack,yes
267,1,1,0.9241418137109955,-0.16858205199241638,-2.668581962585449,attack,yes
268,1,1,0.9579122768904644,-0.13280236721038818,-3.2578024864196777,attack,yes
269,1,0,0.4073334000459302,-0.9710791707038879,-0.5960791707038879,attack,no
270,1,1,0.9626731105140616,-0.09341698884963989,-3.343416929244995,attack,yes
271,1,1,0.9241418126663687,-0.14977680146694183,-2.6497766971588135,attack,yes
272,1,0,0.2689414272294874,-1.4703450202941895,-0.47034505009651184,attack,no
273,1,1,0.9669140206578809,-0.1133432686328888,-3.4883432388305664,attack,yes
274,1,1,0.9626731145299533,-0.11797279864549637,-3.3679728507995605,attack,yes
275,1,1,0.9149009491921662,-0.15850432217121124,-2.5335042476654053,attack,yes
276,1,1,0.7772998611746911,-0.2850896120071411,-1.5350896120071411,attack,yes
277,1,1,0.8807970858005139,-0.18197791278362274,-2.1819779872894287,attack,yes
278,1,1,0.904650527388829,-0.17892512679100037,-2.428925037384033,attack,yes
279,1,1,0.8807970779778823,-0.2389078140258789,-2.238907814025879,attack,yes
280,1,1,0.9465966754730989,-0.18170370161533356,-3.056703805923462,attack,yes
281,1,1,0.893309401793762,-0.16102032363414764,-2.286020278930664,attack,yes
282,1,1,0.914900950352329,-0.12748795747756958,-2.502487897872925,attack,yes
283,1,1,0.9324533022906132,-0.14878545701503754,-2.773785352706909,attack,yes
284,1,1,0.9399133515091156,-0.17551657557487488,-2.9255166053771973,attack,yes
285,1,1,0.9324533144915912,-0.1491784155368805,-2.7741785049438477,attack,yes
286,1,1,0.9890130568836484,-0.09032492339611053,-4.590324878692627,attack,yes
287,1,1,0.9149009480320036,-0.1787644326686859,-2.5537643432617188,attack,yes
288,1,1,0.9465966754730989,-0.12564171850681305,-3.0006418228149414,attack,yes
289,1,1,0.9525741288419872,-0.12813659012317657,-3.12813663482666,attack,yes
290,1,1,0.9241418116217418,-0.15792334079742432,-2.6579232215881348,attack,yes
291,1,1,0.9399133447766225,-0.11751946806907654,-2.8675193786621094,attack,yes
292,1,1,0.880797068590724,-0.1973799169063568,-2.1973798274993896,attack,yes
293,1,1,0.9626731129235966,-0.1178581640124321,-3.3678581714630127,attack,yes
294,1,1,0.9399133481428692,-0.11728838086128235,-2.86728835105896,attack,yes
295,1,1,0.9770226285846242,-0.07847125083208084,-3.8284711837768555,attack,yes
296,1,1,0.9149009468718409,-0.1781364530324936,-2.5531363487243652,attack,yes
297,1,1,0.8519528057272543,-0.22884616255760193,-1.9788461923599243,attack,yes
298,1,1,0.9149009631141181,-0.14448274672031403,-2.5194828510284424,attack,yes
299,1,1,0.9399133473013074,-0.189472958445549,-2.9394729137420654,attack,yes
300,1,1,0.8807970858005139,-0.20584456622600555,-2.2058446407318115,attack,yes
301,1,1,0.8670357512127872,-0.18098337948322296,-2.055983304977417,attack,yes
302,1,1,0.9626731083722525,-0.15145838260650635,-3.401458263397217,attack,yes
303,1,1,0.9626731110495138,-0.18156175315380096,-3.4315617084503174,attack,yes
304,1,1,0.984093612020241,-0.1295640468597412,-4.25456428527832,attack,yes
305,1,1,0.9046505338155469,-0.15553666651248932,-2.405536651611328,attack,yes
306,1,1,0.9525741227833249,-0.1487952172756195,-3.1487951278686523,attack,yes
307,1,1,0.9706877715805505,-0.10939375311136246,-3.609393835067749,attack,yes
308,1,1,0.6791787121629466,-0.4149326682090759,-1.1649327278137207,attack,yes
309,1,1,0.5621765008857981,-0.5925805568695068,-0.8425805568695068,attack,yes
310,1,1,0.9626731142622272,-0.11821527779102325,-3.368215322494507,attack,yes
311,1,1,0.979667648883457,-0.08304417878389359,-3.9580442905426025,attack,yes
312,1,1,0.8807970701552504,-0.1834300309419632,-2.1834299564361572,attack,yes
313,1,1,0.8807970779778823,-0.19693231582641602,-2.196932315826416,attack,yes
314,1,1,0.9241418220680101,-0.23840948939323425,-2.7384095191955566,attack,yes
315,1,1,0.9046505286741726,-0.22673995792865753,-2.4767398834228516,attack,yes
316,1,1,0.9241418252018903,-0.15932051837444305,-2.659320592880249,attack,yes
317,1,1,0.8519528076067262,-0.20869846642017365,-1.9586985111236572,attack,yes
318,1,1,0.94659667246,-0.1439482718706131,-3.0189483165740967,attack,yes
319,1,1,0.9465966747198243,-0.1564868986606598,-3.031486988067627,attack,yes
320,1,1,0.6791787121629466,-0.41924232244491577,-1.1692423820495605,attack,yes
321,1,1,0.9669140230414182,-0.0960809737443924,-3.471081018447876,attack,yes
322,1,1,0.932453304167687,-0.14966042339801788,-2.774660348892212,attack,yes
323,1,1,0.9525741285053948,-0.09219833463430405,-3.092198371887207,attack,yes
324,1,1,0.9706877671287282,-0.09204275906085968,-3.5920426845550537,attack,yes
325,1,1,0.817574471748733,-0.26281216740608215,-1.7628121376037598,attack,yes
326,1,1,0.966914024948248,-0.16143955290317535,-3.5364396572113037,attack,yes
327,1,1,0.9324533097989077,-0.13283108174800873,-2.75783109664917,attack,yes
328,1,1,0.6791787121629466,-0.4463199973106384,-1.1963200569152832,attack,yes
329,1,1,0.9465966686936261,-0.21567967534065247,-3.09067964553833,attack,yes
330,1,1,0.9706877713685592,-0.1305481642484665,-3.6305482387542725,attack,yes
331,1,1,0.9525741311981335,-0.1190277561545372,-3.119027853012085,attack,yes
332,1,1,0.8933093989533708,-0.17642004787921906,-2.301419973373413,attack,yes
333,1,1,0.9046505415276079,-0.14895884692668915,-2.398958921432495,attack,yes
334,1,1,0.893309411735131,-0.1616765856742859,-2.2866766452789307,attack,yes
335,1,1,0.9525741315347259,-0.17599095404148102,-3.1759910583496094,attack,yes
336,1,1,0.9399133435142799,-0.12449204176664352,-2.8744919300079346,attack,yes
337,1,1,0.9399133468805266,-0.11103778332471848,-2.8610377311706543,attack,yes
338,1,1,0.9525741278322103,-0.10393164306879044,-3.1039316654205322,attack,yes
339,1,1,0.9241418137109955,-0.15782174468040466,-2.6578216552734375,attack,yes
340,1,1,0.9324533135530545,-0.21332232654094696,-2.838322401046753,attack,yes
341,1,1,0.9859363730600632,-0.10351371020078659,-4.353513717651367,attack,yes
342,1,1,0.9669140230414182,-0.14743180572986603,-3.5224318504333496,attack,yes
343,1,1,0.9149009491921662,-0.17810232937335968,-2.5531022548675537,attack,yes
344,1,1,0.9525741308615412,-0.12820401787757874,-3.128204107284546,attack,yes
345,1,1,0.9149009631141181,-0.15076841413974762,-2.525768518447876,attack,yes
346,1,1,0.7057850216484838,-0.42990246415138245,-1.30490243434906,attack,yes
347,1,1,0.9241418199787566,-0.1791074275970459,-2.679107427597046,attack,yes
348,1,1,0.9669140216112958,-0.13466525077819824,-3.5096652507781982,attack,yes
349,1,1,0.9706877696726267,-0.15848468244075775,-3.658484697341919,attack,yes
350,1,1,0.9626731147976793,-0.12841981649398804,-3.378419876098633,attack,yes
351,1,1,0.9626731131913229,-0.10858987271785736,-3.3585898876190186,attack,yes
352,1,1,0.9820137931962463,-0.13209658861160278,-4.132096767425537,attack,yes
353,1,1,0.880797076413356,-0.20724250376224518,-2.207242488861084,attack,yes
354,1,1,0.9465966668104392,-0.0889633372426033,-2.963963270187378,attack,yes
355,1,1,0.6791787056691698,-0.41872867941856384,-1.1687287092208862,attack,yes
356,1,1,0.6513548646660542,-0.46291685104370117,-1.0879168510437012,attack,yes
357,1,1,0.6791786926816161,-0.4084748327732086,-1.1584748029708862,attack,yes
358,1,1,0.7772998663336157,-0.3057198226451874,-1.5557198524475098,attack,yes
359,1,1,0.8519528000888387,-0.19884277880191803,-1.9488427639007568,attack,yes
360,1,1,0.7310585903489892,-0.38032692670822144,-1.3803269863128662,attack,yes
361,1,1,0.8519527963298947,-0.190141960978508,-1.9401419162750244,attack,yes
362,1,1,0.9626731105140616,-0.1658979058265686,-3.415897846221924,attack,yes
363,1,1,0.9046505402422645,-0.16199415922164917,-2.411994218826294,attack,yes
364,1,1,0.7310585669110203,-0.4962542653083801,-1.4962542057037354,attack,yes
365,1,1,0.7549149813536518,-0.3880482017993927,-1.5130481719970703,attack,yes
366,1,1,0.6513548714339145,-0.4677523076534271,-1.0927523374557495,attack,yes
367,1,1,0.9706877722165251,-0.1193019300699234,-3.6193020343780518,attack,yes
368,1,1,0.9046505261034853,-0.20142756402492523,-2.451427459716797,attack,yes
369,1,1,0.6513548782017746,-0.481017529964447,-1.1060175895690918,attack,yes
370,1,1,0.8933094032139576,-0.15109828114509583,-2.2760982513427734,attack,yes
371,1,1,0.893309411735131,-0.16228264570236206,-2.287282705307007,attack,yes
372,1,1,0.8354835371034369,-0.22829735279083252,-1.8532973527908325,attack,yes
373,1,1,0.8519528019683106,-0.22913050651550293,-1.979130506515503,attack,yes
374,1,1,0.9465966671870767,-0.12533551454544067,-3.000335454940796,attack,yes
375,1,1,0.9579122750881832,-0.12236277759075165,-3.2473628520965576,attack,yes
376,1,1,0.7772998560157665,-0.34763267636299133,-1.597632646560669,attack,yes
377,1,1,0.9324533144915912,-0.15883246064186096,-2.783832550048828,attack,yes
378,1,1,0.8933093989533708,-0.18212349712848663,-2.3071234226226807,attack,yes
379,1,1,0.9770226324316302,-0.09370674192905426,-3.8437068462371826,attack,yes
380,1,1,0.89330940889474,-0.16866251826286316,-2.2936625480651855,attack,yes
381,1,1,0.8670357701094303,-0.30168047547340393,-2.176680564880371,attack,yes
382,1,1,0.6513548511303336,-0.49094158411026,-1.1159415245056152,attack,yes
383,1,1,0.9149009584734678,-0.16002269089221954,-2.535022735595703,attack,yes
384,1,1,0.9046505261034853,-0.16973911225795746,-2.419739007949829,attack,yes
385,1,1,0.9324533093296393,-0.11895441263914108,-2.7439544200897217,attack,yes
386,1,1,0.8354835330070839,-0.257661372423172,-1.8826613426208496,attack,yes
387,1,1,0.97068777009661,-0.13037249445915222,-3.6303725242614746,attack,yes
388,1,1,0.9149009619539553,-0.1384686529636383,-2.5134687423706055,attack,yes
389,1,1,0.5312093733737563,-0.6851233839988708,-0.8101233839988708,attack,yes
390,1,1,0.9324533032291502,-0.13226422667503357,-2.7572641372680664,attack,yes
391,1,1,0.9241418262465169,-0.16799703240394592,-2.667997121810913,attack,yes
392,1,1,0.8519527982093668,-0.21501842141151428,-1.965018391609192,attack,yes
393,1,1,0.8519527982093668,-0.21530643105506897,-1.9653064012527466,attack,yes
394,1,1,0.8175744695262777,-0.2399335354566574,-1.7399334907531738,attack,yes
395,1,1,0.9770226325988914,-0.10299409180879593,-3.852994203567505,attack,yes
396,1,1,0.9706877696726267,-0.11918924748897552,-3.6191892623901367,attack,yes
397,1,1,0.8807970889295664,-0.17732419073581696,-2.1773242950439453,attack,yes
398,1,1,0.8933093975331751,-0.21375879645347595,-2.338758707046509,attack,yes
399,1,1,0.9149009538328171,-0.15087606012821198,-2.525876045227051,attack,yes
400,1,1,0.9579122732859019,-0.17100736498832703,-3.2960073947906494,attack,yes
401,1,1,0.9875683509762452,-0.15612158179283142,-4.531121730804443,attack,yes
402,1,1,0.8933094145755219,-0.17459788918495178,-2.299597978591919,attack,yes
403,1,1,0.9626731153331315,-0.10026352107524872,-3.3502635955810547,attack,yes
404,1,1,0.9669140194661121,-0.10405809432268143,-3.479058027267456,attack,yes
405,1,1,0.9399133473013074,-0.1636512726545334,-2.91365122795105,attack,yes
406,1,1,0.679178699175393,-0.4137321710586548,-1.1637321710586548,attack,yes
407,1,1,0.9465966649272521,-0.1445826143026352,-3.019582509994507,attack,yes
408,1,1,0.9626731137267751,-0.1391119658946991,-3.3891119956970215,attack,yes
409,1,1,0.9706877671287282,-0.10038073360919952,-3.6003806591033936,attack,yes
410,1,1,0.6513548646660542,-0.5406912565231323,-1.1656912565231323,attack,yes
411,1,1,0.9796676476961953,-0.07601136714220047,-3.9510114192962646,attack,yes
412,1,1,0.8670357649558007,-0.20454593002796173,-2.0795459747314453,attack,yes
413,1,1,0.966914023279772,-0.11323661357164383,-3.488236665725708,attack,yes
414,1,1,0.962673116404036,-0.12768281996250153,-3.37768292427063,attack,yes
415,1,1,0.924141817889503,-0.19151976704597473,-2.6915197372436523,attack,yes
416,1,1,0.9465966649272521,-0.16830192506313324,-3.043301820755005,attack,yes
417,1,1,0.6791786861878392,-0.5066342949867249,-1.25663423538208,attack,yes
418,1,1,0.8807970873650403,-0.1886068880558014,-2.1886069774627686,attack,yes
419,1,1,0.7772998663336157,-0.2896207273006439,-1.5396207571029663,attack,yes
420,1,1,0.5312093733737563,-0.7068042755126953,-0.8318042755126953,attack,yes
421,1,1,0.9525741288419872,-0.16177769005298615,-3.1617777347564697,attack,yes
422,1,1,0.8933094046341532,-0.20177270472049713,-2.326772689819336,attack,yes
423,1,1,0.9770226320971079,-0.18475547432899475,-3.934755563735962,attack,yes
424,1,1,0.932453315430128,-0.14946497976779938,-2.7744650840759277,attack,yes
425,1,1,0.6513548646660542,-0.4530162811279297,-1.0780162811279297,attack,yes
426,1,1,0.8807970873650403,-0.22505298256874084,-2.225053071975708,attack,yes
427,1,1,0.914900950352329,-0.1381550431251526,-2.513154983520508,attack,yes
428,1,1,0.9241418147556224,-0.16857631504535675,-2.668576240539551,attack,yes
429,1,1,0.9669140180359896,-0.08287488669157028,-3.4578747749328613,attack,yes
430,1,1,0.8519528132451416,-0.2707439959049225,-2.0207440853118896,attack,yes
431,1,1,0.9241418199787566,-0.17985320091247559,-2.6798532009124756,attack,yes
432,1,1,0.9525741308615412,-0.11900320649147034,-3.1190032958984375,attack,yes
433,1,0,0.4378234991142019,-0.9553720355033875,-0.7053720355033875,attack,no
434,1,1,0.5926665999540697,-0.5926234126091003,-0.9676234126091003,attack,yes
435,1,1,0.9626731156008578,-0.1006876602768898,-3.3506877422332764,attack,yes
436,1,1,0.924141816844876,-0.1790056675672531,-2.6790056228637695,attack,yes
437,1,1,0.9324533144915912,-0.13212886452674866,-2.757128953933716,attack,yes
438,1,1,0.8670357563664174,-0.18085792660713196,-2.0558578968048096,attack,yes
439,1,1,0.9149009584734678,-0.13266082108020782,-2.5076608657836914,attack,yes
440,1,1,0.9399133447766225,-0.14097008109092712,-2.89096999168396,attack,yes
441,1,1,0.9399133447766225,-0.16297706961631775,-2.9129769802093506,attack,yes
442,1,1,0.9669140213729421,-0.12337518483400345,-3.498375177383423,attack,yes
443,1,1,0.7772998560157665,-0.2893712818622589,-1.5393712520599365,attack,yes
444,1,1,0.9579122720843811,-0.2037820816040039,-3.328782081604004,attack,yes
445,1,1,0.9525741217735477,-0.11122690886259079,-3.111226797103882,attack,yes
446,1,1,0.8175744761936437,-0.23484516143798828,-1.7348451614379883,attack,yes
447,1,1,0.9626731147976793,-0.12793511152267456,-3.3779351711273193,attack,yes
448,1,1,0.8670357546485407,-0.18610291182994843,-2.061102867126465,attack,yes
449,1,1,0.9324533051062237,-0.14891868829727173,-2.773918628692627,attack,yes
450,1,1,0.8519528019683106,-0.21588826179504395,-1.965888261795044,attack,yes
451,1,1,0.9706877679766944,-0.07325486838817596,-3.5732548236846924,attack,yes
452,1,1,0.932453304167687,-0.13184292614459991,-2.756842851638794,attack,yes
453,1,1,0.952574123793102,-0.09781987220048904,-3.0978198051452637,attack,yes
454,1,1,0.9820137901695059,-0.06718587130308151,-4.067185878753662,attack,yes
455,1,1,0.8519527963298947,-0.2043999880552292,-1.9543999433517456,attack,yes
456,1,1,0.9626731169394882,-0.13923633098602295,-3.3892364501953125,attack,yes
457,1,1,0.9399133531922388,-0.14113634824752808,-2.891136407852173,attack,yes
458,1,1,0.8807970826714613,-0.20508404076099396,-2.2050840854644775,attack,yes
459,1,1,0.9525741248028792,-0.09223704040050507,-3.0922369956970215,attack,yes
460,1,1,0.8933093975331751,-0.1615982949733734,-2.2865982055664062,attack,yes
461,1,1,0.9046505376715775,-0.1492306888103485,-2.399230718612671,attack,yes
462,1,1,0.867035771827307,-0.2314394861459732,-2.1064395904541016,attack,yes
463,1,1,0.9149009584734678,-0.15138573944568634,-2.52638578414917,attack,yes
464,1,1,0.8519527963298947,-0.2153490036725998,-1.9653489589691162,attack,yes
465,1,1,0.8519527963298947,-0.22196535766124725,-1.9719653129577637,attack,yes
466,1,1,0.9669140180359896,-0.09617506712675095,-3.471174955368042,attack,yes
467,1,0,0.16451646494473965,-1.8098617792129517,-0.18486179411411285,attack,no
468,1,0,0.5,-0.7097022533416748,-0.7097022533416748,attack,no
469,1,1,0.9241418231126367,-0.1339830905199051,-2.6339831352233887,attack,yes
470,1,1,0.8175744761936437,-0.30236005783081055,-1.8023600578308105,attack,yes
471,1,1,0.6791786861878392,-0.45269542932510376,-1.202695369720459,attack,yes
472,1,1,0.7549149923816048,-0.35602471232414246,-1.4810247421264648,attack,yes
473,1,1,0.9241418189341297,-0.14117194712162018,-2.641171932220459,attack,yes
474,1,1,0.7057850216484838,-0.37375596165657043,-1.248755931854248,attack,yes
475,1,1,0.974042644685976,-0.15389220416545868,-3.7788922786712646,attack,yes
476,1,1,0.9579122699817195,-0.12237649410963058,-3.2473764419555664,attack,yes
477,1,1,0.8354835350552604,-0.20981110632419586,-1.8348110914230347,attack,yes
478,1,1,0.8933094032139576,-0.19251206517219543,-2.317512035369873,attack,yes
479,1,1,0.5312093733737563,-0.6658857464790344,-0.7908857464790344,attack,yes
480,1,1,0.5621765008857981,-0.5893304347991943,-0.8393304347991943,attack,yes
481,1,1,0.6224593312018546,-0.5241187810897827,-1.0241187810897827,attack,yes
482,1,1,0.7549149868676283,-0.37433362007141113,-1.4993336200714111,attack,yes
483,1,1,0.9241418272911436,-0.14167894423007965,-2.641679048538208,attack,yes
484,1,1,0.9525741288419872,-0.1493048220872879,-3.1493048667907715,attack,yes
485,1,1,0.9740426416719393,-0.11625747382640839,-3.741257429122925,attack,yes
486,1,1,0.893309401793762,-0.22558312118053436,-2.350583076477051,attack,yes
487,1,1,0.9241418199787566,-0.1684117317199707,-2.6684117317199707,attack,yes
488,1,1,0.932453304167687,-0.14025242626667023,-2.7652523517608643,attack,yes
489,1,1,0.962673116404036,-0.1086062341928482,-3.3586063385009766,attack,yes
490,1,1,0.8354835432479661,-0.23531360924243927,-1.8603136539459229,attack,yes
491,1,1,0.8933094159957173,-0.15669025480747223,-2.2816903591156006,attack,yes
492,1,1,0.7772998714925403,-0.29434436559677124,-1.544344425201416,attack,yes
493,1,1,0.9525741268224334,-0.09776949882507324,-3.0977694988250732,attack,yes
494,1,1,0.9740426412951848,-0.17066580057144165,-3.795665740966797,attack,yes
495,1,1,0.7549149923816048,-0.35725709795951843,-1.4822571277618408,attack,yes
496,1,1,0.9324533107374443,-0.17035338282585144,-2.795353412628174,attack,yes
497,1,1,0.9399133531922388,-0.11118072271347046,-2.8611807823181152,attack,yes
498,1,1,0.9241418246795767,-0.11319797486066818,-2.6131980419158936,attack,yes
499,1,1,0.7057850216484838,-0.3997932970523834,-1.274793267250061,attack,yes
500,0,0,0.04208773031866069,-3.460155487060547,-0.33515554666519165,attack,no
501,0,0,0.020332351858581475,-3.9471404552459717,-0.07214038074016571,attack,no
502,0,1,0.5312093733737563,-0.73728346824646,-0.86228346824646,attack,yes
503,0,1,0.7981867777396212,-0.33853793144226074,-1.7135379314422607,attack,yes
504,0,0,0.004609571769146091,-5.4292893409729,-0.05428925156593323,attack,no
505,0,0,0.007577241660050344,-4.96336555480957,-0.08836560696363449,attack,no
506,0,0,0.009708478522973046,-4.674149513244629,-0.04914972558617592,attack,no
507,0,0,0.008577485920584663,-5.148632526397705,-0.39863258600234985,attack,no
508,0,0,0.006692849537392301,-5.063030242919922,-0.06303003430366516,attack,no
509,0,0,0.010986940201801838,-4.62701416015625,-0.1270139366388321,attack,no
510,0,1,0.8519528170040853,-0.3395165205001831,-2.0895166397094727,attack,yes
511,0,0,0.0031726823240919213,-5.787564754486084,-0.03756459057331085,attack,no
512,0,0,0.014063628592874095,-4.337151050567627,-0.08715116232633591,attack,no
513,0,0,0.0035936022612815957,-5.742805480957031,-0.11780539155006409,attack,no
514,0,0,0.1329642384799526,-2.123044013977051,-0.2480439990758896,attack,no
515,0,0,0.02931223202330563,-3.595878839492798,-0.09587888419628143,attack,no
516,0,0,0.0031726835022585624,-5.833150386810303,-0.08315059542655945,attack,no
517,0,1,0.5312093733737563,-0.7694004774093628,-0.8944004774093628,attack,yes
518,0,0,0.11920292358664389,-2.2022509574890137,-0.20225097239017487,attack,no
519,0,0,0.0019267342406623464,-6.3010334968566895,-0.051033277064561844,attack,no
520,0,0,0.2689414213699951,-1.5610461235046387,-0.5610461235046387,attack,no
521,0,0,0.029312230327373224,-3.5664753913879395,-0.06647537648677826,attack,no
522,0,0,0.01098694125427802,-4.613757133483887,-0.11375700682401657,attack,no
523,0,0,0.004070137655493202,-5.706700325012207,-0.20670031011104584,attack,no
524,0,0,0.4378234991142019,-0.9735211133956909,-0.7235211133956909,attack,no
525,0,0,0.0040701384709327625,-5.574798107147217,-0.07479829341173172,attack,no
526,0,0,0.11920293297380237,-2.23636531829834,-0.2363654226064682,attack,no
527,0,0,0.02931223202330563,-3.662654399871826,-0.16265444457530975,attack,no
528,0,0,0.009708475335369565,-4.669973373413086,-0.04497325420379639,attack,no
529,0,0,0.01406362570023414,-4.336908340454102,-0.0869082435965538,attack,no
530,0,1,0.5312093733737563,-0.7562763690948486,-0.8812763690948486,attack,yes
531,0,0,0.05340333243628599,-2.9849746227264404,-0.10997467488050461,attack,no
532,0,0,0.015906391478561197,-4.191772937774658,-0.06677292287349701,attack,no
533,0,0,0.0159063894375931,-4.1725544929504395,-0.04755434766411781,attack,no
534,0,0,0.009708474762317362,-4.797637462615967,-0.17263728380203247,attack,no
535,0,0,0.08509903920620716,-2.5661280155181885,-0.1911279410123825,attack,no
536,0,0,0.06754668926255561,-2.8521106243133545,-0.2271105945110321,attack,no
537,0,0,0.006692852212113911,-5.087301731109619,-0.08730192482471466,attack,no
538,0,0,0.007577240875671297,-4.973606586456299,-0.09860653430223465,attack,no
539,0,0,0.02931223159932252,-3.5970678329467773,-0.09706786274909973,attack,no
540,0,0,0.04208772521219692,-3.214991331100464,-0.0899912640452385,attack,no
541,0,0,0.02033235423310517,-4.01309871673584,-0.13809876143932343,attack,no
542,0,0,0.008577484399966718,-4.822320938110352,-0.07232081890106201,attack,no
543,0,0,0.24508501313237172,-1.4930081367492676,-0.3680081367492676,attack,no
544,0,0,0.015906394510857135,-4.192023277282715,-0.06702345609664917,attack,no
545,0,0,0.004070138138716626,-5.632408142089844,-0.1324082463979721,attack,no
546,0,0,0.009708475890513914,-4.653986930847168,-0.028986869379878044,attack,no
547,0,0,0.020332355123551627,-3.969416618347168,-0.09441670775413513,attack,no
548,0,0,0.03308597505175204,-3.4929733276367188,-0.1179732233285904,attack,no
549,0,0,0.005220126680151985,-5.294187068939209,-0.044187258929014206,attack,no
550,0,0,0.029312227783474795,-3.562690496444702,-0.06269039213657379,attack,no
551,0,0,0.01590639124530769,-4.346986293792725,-0.22198626399040222,attack,no
552,0,0,0.04208773272170267,-3.7436251640319824,-0.618625283241272,attack,no
553,0,0,0.005911069666184324,-5.187119960784912,-0.06212009862065315,attack,no
554,0,0,0.004070138395429092,-5.553366184234619,-0.05336635187268257,attack,no
555,0,0,0.02033235304584329,-3.988705635070801,-0.11370562016963959,attack,no
556,0,0,0.01798620575097472,-4.083357810974121,-0.08335757255554199,attack,no
557,0,0,0.017986213910014467,-4.134509563446045,-0.13450978696346283,attack,no
558,0,0,0.005911069184598052,-5.186918258666992,-0.061918314546346664,attack,no
559,0,0,0.04742587317756679,-3.1349823474884033,-0.13498234748840332,attack,no
560,0,0,0.0035936018611085183,-5.691549301147461,-0.06654909998178482,attack,no
561,0,0,0.10669058400428263,-2.369917392730713,-0.24491728842258453,attack,no
562,0,0,0.00669285154343341,-5.041535377502441,-0.04153547063469887,attack,no
563,0,0,0.015906392644828796,-4.2873921394348145,-0.16239219903945923,attack,no
564,0,0,0.007577241267860811,-5.086217403411865,-0.21121740341186523,attack,no
565,0,0,0.0015011824354232285,-6.53549337387085,-0.03549349308013916,attack,no
566,0,0,0.007577242332375306,-4.9173054695129395,-0.042305611073970795,attack,no
567,0,0,0.0035936018344303144,-5.667421340942383,-0.0424211323261261,attack,no
568,0,0,0.3208213138121609,-1.247107982635498,-0.4971080422401428,attack,no
569,0,0,0.0035936024747072553,-5.756826877593994,-0.13182684779167175,attack,no
570,0,0,0.033085981248949035,-3.4688587188720703,-0.09385880827903748,attack,no
571,0,0,0.020332352749027827,-4.125397682189941,-0.250397652387619,attack,no
572,0,0,0.020332357201260174,-4.027677059173584,-0.1526772528886795,attack,no
573,0,0,0.0059110674990464,-5.202242851257324,-0.07724262028932571,attack,no
574,0,0,0.004070138599289005,-5.527911186218262,-0.02791140414774418,attack,no
575,0,0,0.16451645470385742,-1.904921293258667,-0.2799212336540222,attack,no
576,0,0,0.04742587452393617,-3.157114028930664,-0.15711405873298645,attack,no
577,0,0,0.004070138387878727,-5.5206708908081055,-0.02067105658352375,attack,no
578,0,0,0.004609572487045321,-5.481274604797363,-0.10627467185258865,attack,no
579,0,0,0.06008664933244599,-2.902395009994507,-0.15239499509334564,attack,no
580,0,0,0.002800926384438769,-6.104450702667236,-0.22945049405097961,attack,no
581,0,1,0.7310585727705126,-0.3947606384754181,-1.3947606086730957,attack,yes
582,0,0,0.00359360332841002,-5.742571830749512,-0.11757203936576843,attack,no
583,0,0,0.004609572940005605,-5.400774955749512,-0.02577512152493,attack,no
584,0,1,0.7772998508568416,-0.5239654183387756,-1.7739653587341309,attack,yes
585,0,0,0.004609571256360996,-5.44279670715332,-0.0677965059876442,attack,no
586,0,0,0.01243165103612894,-4.50407600402832,-0.1290760189294815,attack,no
587,0,0,0.017986212133449052,-4.058845043182373,-0.058845166116952896,attack,no
588,0,0,0.16451646699291617,-1.89351487159729,-0.2685149013996124,attack,no
589,0,0,0.04208772431105632,-3.228329658508301,-0.10332956910133362,attack,no
590,0,0,0.32082130082460697,-1.2675837278366089,-0.5175837278366089,attack,no
591,0,0,0.010986941780516148,-4.550806999206543,-0.0508069209754467,attack,no
592,0,0,0.004070138410529827,-5.618122100830078,-0.11812227219343185,attack,no
593,0,0,0.0534033328129234,-2.9906930923461914,-0.11569315195083618,attack,no
594,0,0,0.07585818211049715,-2.7514615058898926,-0.25146153569221497,attack,no
595,0,0,0.0953494648991095,-2.5908210277557373,-0.3408210277557373,attack,no
596,0,0,0.2018132174596823,-1.790237545967102,-0.41523751616477966,attack,no
597,0,1,0.679178699175393,-0.5166225433349609,-1.266622543334961,attack,yes
598,0,1,0.8807970654616711,-0.270088791847229,-2.2700886726379395,attack,yes
599,0,0,0.005911069863196903,-5.175164222717285,-0.050164394080638885,attack,no
600,0,1,0.8933094060543487,-0.25425076484680176,-2.3792507648468018,attack,yes
601,0,0,0.003593601994499539,-5.7900567054748535,-0.16505654156208038,attack,no
602,0,0,0.014063627456479755,-4.379884719848633,-0.1298847496509552,attack,no
603,0,0,0.04208773061904093,-3.2219526767730713,-0.09695274382829666,attack,no
604,0,0,0.03308598172565655,-3.5586676597595215,-0.18366776406764984,attack,no
605,0,0,0.004609572521231,-5.451009750366211,-0.0760098248720169,attack,no
606,0,0,0.007577239587048752,-5.027738571166992,-0.15273834764957428,attack,no
607,0,0,0.0052201249197596335,-5.311208248138428,-0.061208099126815796,attack,no
608,0,0,0.5,-0.7970108985900879,-0.7970108985900879,attack,no
609,0,0,0.0031726824890352242,-5.823917388916016,-0.07391727715730667,attack,no
610,0,0,0.014063627146554044,-4.321529388427734,-0.07152939587831497,attack,no
611,0,0,0.007577243004700326,-4.9218831062316895,-0.04688333719968796,attack,no
612,0,0,0.008577483449580639,-4.849734783172607,-0.09973455220460892,attack,no
613,0,0,0.01243164829198241,-4.40947151184082,-0.0344713032245636,attack,no
614,0,0,0.0035936023679944244,-5.742563724517822,-0.11756366491317749,attack,no
615,0,1,0.9465966686936261,-0.25645187497138977,-3.1314518451690674,attack,yes
616,0,0,0.0035936027681675578,-5.71880578994751,-0.09380584210157394,attack,no
617,0,0,0.00132502237777674,-6.8791890144348145,-0.25418898463249207,attack,no
618,0,1,0.8354835371034369,-0.2914673089981079,-1.916467308998108,attack,yes
619,0,0,0.00522012579028325,-5.285902976989746,-0.035902995616197586,attack,no
620,0,0,0.008577485793866491,-4.80312442779541,-0.05312447249889374,attack,no
621,0,0,0.008577487251125584,-4.808654308319092,-0.05865452438592911,attack,no
622,0,0,0.003593603408444664,-5.672359943389893,-0.04736017435789108,attack,no
623,0,0,0.002182716137032044,-6.197826385498047,-0.07282624393701553,attack,no
624,0,0,0.014063628282948357,-4.345458030700684,-0.09545812010765076,attack,no
625,0,0,0.017986213910014467,-4.1106486320495605,-0.11064885556697845,attack,no
626,0,0,0.2942149845400438,-1.3532967567443848,-0.47829681634902954,attack,no
627,0,0,0.007577241604023266,-4.963202953338623,-0.08820299804210663,attack,no
628,0,0,0.0010322311385516849,-6.902593612670898,-0.027593711391091347,attack,no
629,0,0,0.009708476768000214,-4.698639869689941,-0.0736398994922638,attack,no
630,0,0,0.0028009264260589225,-5.957460880279541,-0.0824606865644455,attack,no
631,0,0,0.00317268257150688,-5.791920185089111,-0.041920099407434464,attack,no
632,0,0,0.001700722360836013,-6.490139484405518,-0.11513945460319519,attack,no
633,0,0,0.004609572623788044,-5.450846195220947,-0.07584629207849503,attack,no
634,0,1,0.6791787056691698,-0.47054538130760193,-1.2205454111099243,attack,yes
635,0,0,0.003593602714811137,-5.662844657897949,-0.0378446951508522,attack,no
636,0,0,0.0015011822120654355,-6.703646659851074,-0.20364663004875183,attack,no
637,0,0,0.004609571222175325,-5.403592109680176,-0.028591901063919067,attack,no
638,0,0,0.0046095730340162365,-5.493691921234131,-0.11869210749864578,attack,no
639,0,0,0.005911068856243796,-5.414280414581299,-0.28928041458129883,attack,no
640,0,0,0.0019267342334985317,-6.39548921585083,-0.14548899233341217,attack,no
641,0,0,0.007577242724564895,-5.045137405395508,-0.17013759911060333,attack,no
642,0,0,0.003172682371218578,-5.86704158782959,-0.1170414388179779,attack,no
643,0,0,0.0066928520635182375,-5.062801837921143,-0.06280200928449631,attack,no
644,0,0,0.01406362497707424,-4.292502403259277,-0.042502254247665405,attack,no
645,0,0,0.0028009274665629583,-5.991523742675781,-0.11652392148971558,attack,no
646,0,0,0.053403329046549465,-2.979022979736328,-0.10402296483516693,attack,no
647,0,0,0.003172683243061864,-5.816032886505127,-0.0660330131649971,attack,no
648,0,0,0.24508501864634827,-1.518269658088684,-0.39326968789100647,attack,no
649,0,0,0.009708477770841793,-4.71584939956665,-0.09084953367710114,attack,no
650,0,0,0.004609572247745565,-5.442769527435303,-0.06776954233646393,attack,no
651,0,0,0.008577483449580639,-4.780137062072754,-0.0301368311047554,attack,no
652,0,0,0.00857748528699382,-4.780261993408203,-0.03026197850704193,attack,no
653,0,1,0.6224593312018546,-0.674017071723938,-1.174017071723938,attack,yes
654,0,0,0.0675466845698721,-2.7945358753204346,-0.1695357710123062,attack,no
655,0,0,0.0031726833137518703,-5.8432087898254395,-0.09320893883705139,attack,no
656,0,0,0.006692851122412387,-5.151153087615967,-0.15115311741828918,attack,no
657,0,0,0.007577240763617155,-4.954174995422363,-0.07917492836713791,attack,no
658,0,0,0.006692852459773374,-5.050683975219727,-0.05068420618772507,attack,no
659,0,0,0.005220125442073787,-5.299284934997559,-0.049284886568784714,attack,no
660,0,0,0.005911070038319199,-5.194319248199463,-0.06931944936513901,attack,no
661,0,0,0.007577240707590084,-5.045820236206055,-0.17082016170024872,attack,no
662,0,0,0.0021827164453451808,-6.353895664215088,-0.2288956642150879,attack,no
663,0,0,0.06754668738548215,-2.809140920639038,-0.1841408610343933,attack,no
664,0,0,0.004070137564888817,-5.566969871520996,-0.06696983426809311,attack,no
665,0,0,0.13296424019782924,-2.09468412399292,-0.21968412399291992,attack,no
666,0,0,0.005911069731855184,-5.221382141113281,-0.09638229012489319,attack,no
667,0,0,0.03308598172565655,-3.461017608642578,-0.08601771295070648,attack,no
668,0,0,0.10669060246682488,-2.2765896320343018,-0.15158972144126892,attack,no
669,0,0,0.0009110511401472368,-7.161703109741211,-0.16170305013656616,attack,no
670,0,0,0.00857748528699382,-4.963016033172607,-0.21301601827144623,attack,no
671,0,0,0.003593603048288778,-5.652408599853516,-0.02740873023867607,attack,no
672,0,0,0.0021827164777991977,-6.19779109954834,-0.07279111444950104,attack,no
673,0,0,0.012431649755527152,-4.451941967010498,-0.07694187760353088,attack,no
674,0,0,0.0015011820780507757,-6.783394813537598,-0.2833946943283081,attack,no
675,0,0,0.02033235408469743,-3.988933563232422,-0.11393360048532486,attack,no
676,0,0,0.09534945975773548,-2.5065252780914307,-0.2565252184867859,attack,no
677,0,0,0.005220124900414666,-5.294187068939209,-0.04418691620230675,attack,no
678,0,0,0.006692851196710213,-5.025596618652344,-0.025596659630537033,attack,no
679,0,0,0.008577487124407394,-4.8222527503967285,-0.07225295156240463,attack,no
680,0,0,0.007577242556483638,-4.90684700012207,-0.03184717148542404,attack,no
681,0,0,0.003593603088306097,-5.708407878875732,-0.08340802043676376,attack,no
682,0,0,0.004609571811878185,-5.398525714874268,-0.02352563478052616,attack,no
683,0,0,0.04742587654349034,-3.2372848987579346,-0.23728497326374054,attack,no
684,0,0,0.0015011824354232285,-6.591004848480225,-0.09100496768951416,attack,no
685,0,0,0.0017007224810092934,-6.425770282745361,-0.05077032372355461,attack,no
686,0,0,0.0011695100126586841,-6.813622951507568,-0.06362273544073105,attack,no
687,0,0,0.04208772641371775,-3.21533465385437,-0.09033461660146713,attack,no
688,0,0,0.03308598172565655,-3.5446126461029053,-0.16961275041103363,attack,no
689,0,0,0.09534947004048376,-2.492555856704712,-0.2425559163093567,attack,no
690,0,0,0.002800927008741136,-5.99165153503418,-0.11665154993534088,attack,no
691,0,0,0.06754669301670263,-2.912975549697876,-0.28797557950019836,attack,no
692,0,0,0.02033235601399812,-4.013174533843994,-0.13817466795444489,attack,no
693,0,0,0.042087725512577126,-3.320435047149658,-0.19543498754501343,attack,no
694,0,0,0.0011695103694955987,-6.800142765045166,-0.05014285445213318,attack,no
695,0,0,0.0017007226138324027,-6.537732124328613,-0.16273224353790283,attack,no
696,0,0,0.002182716502139711,-6.157464504241943,-0.03246453031897545,attack,no
697,0,0,0.00218271607212402,-6.18982458114624,-0.0648244097828865,attack,no
698,0,0,0.04742587385075148,-3.220397472381592,-0.220397487282753,attack,no
699,0,0,0.04208772791561884,-3.254485607147217,-0.1294856071472168,attack,no
700,0,0,0.13296422989056964,-2.203275680541992,-0.328275591135025,attack,no
701,0,0,0.0040701377460975905,-5.567195892333984,-0.06719589978456497,attack,no
702,0,0,0.02033235401049356,-3.931810140609741,-0.0568101741373539,attack,no
703,0,0,0.0019267346633274755,-6.301076889038086,-0.05107688903808594,attack,no
704,0,0,0.18242552825126704,-1.7770849466323853,-0.27708497643470764,attack,no
705,0,0,0.00317268257150688,-5.787478446960449,-0.037478361278772354,attack,no
706,0,0,0.11920292202211755,-2.1904265880584717,-0.19042658805847168,attack,no
707,0,0,0.007577242388402388,-5.045169830322266,-0.17016997933387756,attack,no
708,0,0,0.006692851667263128,-5.086984634399414,-0.08698474615812302,attack,no
709,0,1,0.7310585786300049,-0.46488940715789795,-1.464889407157898,attack,yes
710,0,0,0.0028009270503612984,-5.9485039710998535,-0.0735040009021759,attack,no
711,0,0,0.2689414272294874,-1.419047474861145,-0.4190475046634674,attack,no
712,0,1,0.7057850154599563,-0.4217906594276428,-1.296790599822998,attack,yes
713,0,0,0.4378234991142019,-0.8937041163444519,-0.6437041163444519,attack,no
714,0,0,0.025957357386174145,-3.7038376331329346,-0.07883764058351517,attack,no
715,0,0,0.0203323526006201,-3.96026873588562,-0.08526869863271713,attack,no
716,0,0,0.02297736857193652,-3.819161891937256,-0.06916183233261108,attack,no
717,0,0,0.0035936024213508388,-5.742661952972412,-0.11766190826892853,attack,no
718,0,0,0.002800927518588171,-5.9214396476745605,-0.046439845114946365,attack,no
719,0,0,0.005220125887008106,-5.345513343811035,-0.09551338106393814,attack,no
720,0,0,0.0031726822769652645,-5.956002712249756,-0.20600253343582153,attack,no
721,0,0,0.003172683219498529,-5.815849304199219,-0.0658494234085083,attack,no
722,0,0,0.022977370913592487,-3.9225828647613525,-0.17258290946483612,attack,no
723,0,0,0.46879062662624377,-0.9368927478790283,-0.8118927478790283,attack,no
724,0,1,0.8933094003735664,-0.5894413590431213,-2.7144412994384766,attack,yes
725,0,0,0.02033235445571678,-3.931797504425049,-0.056797560304403305,attack,no
726,0,0,0.007577241043752515,-5.0652265548706055,-0.19022652506828308,attack,no
727,0,0,0.07585817584273653,-2.7208783626556396,-0.22087830305099487,attack,no
728,0,0,0.006692851716795015,-5.289587497711182,-0.2895876169204712,attack,no
729,0,0,0.005911070257222078,-5.193937301635742,-0.06893754005432129,attack,no
730,0,0,0.004609571170896819,-5.398496627807617,-0.023496408015489578,attack,no
731,0,0,0.002182716761771867,-6.165681838989258,-0.04068198427557945,attack,no
732,0,0,0.029312231175339414,-3.560009241104126,-0.06000925600528717,attack,no
733,0,0,0.3208212878370535,-1.2846565246582031,-0.5346564650535583,attack,no
734,0,0,0.025957358893192575,-3.683926582336426,-0.058926649391651154,attack,no
735,0,0,0.010986943480670275,-4.546112537384033,-0.04611261561512947,attack,no
736,0,1,0.6791786926816161,-0.4517684280872345,-1.201768398284912,attack,yes
737,0,0,0.005911069775635757,-5.161602973937988,-0.03660313040018082,attack,no
738,0,0,0.002472622959082825,-6.026183128356934,-0.026183048263192177,attack,no
739,0,0,0.005911069906977476,-5.333837985992432,-0.20883816480636597,attack,no
740,0,1,0.7981867825403176,-0.42229756712913513,-1.7972975969314575,attack,yes
741,0,0,0.0015011824800947912,-6.662455081939697,-0.1624552309513092,attack,no
742,0,0,0.022977369408242194,-3.8468611240386963,-0.0968611016869545,attack,no
743,0,0,0.003172682206275281,-5.867120742797852,-0.11712054163217545,attack,no
744,0,0,0.0017007220825400275,-6.537593841552734,-0.16259364783763885,attack,no
745,0,1,0.731058584489497,-0.41792699694633484,-1.4179270267486572,attack,yes
746,0,0,0.0052201246876200265,-5.437066078186035,-0.18706588447093964,attack,no
747,0,1,0.5926665999540697,-0.644322395324707,-1.019322395324707,attack,yes
748,0,0,0.010986945059385054,-4.592047214508057,-0.09204743802547455,attack,no
749,0,0,0.01243165103612894,-4.459619998931885,-0.08462001383304596,attack,no
750,0,0,0.004070136840053805,-5.605494022369385,-0.10549380630254745,attack,no
751,0,0,0.002472623266896334,-6.130264759063721,-0.13026480376720428,attack,no
752,0,0,0.005220125964387991,-5.285836696624756,-0.03583674877882004,attack,no
753,0,1,0.7549149868676283,-0.5846456289291382,-1.7096456289291382,attack,yes
754,0,0,0.04208772401067611,-3.2455081939697266,-0.1205080971121788,attack,no
755,0,1,0.9241418283357702,-0.25752484798431396,-2.7575249671936035,attack,yes
756,0,0,0.20181322226037882,-1.6464694738388062,-0.27146947383880615,attack,no
757,0,0,0.004070137051464004,-5.54817008972168,-0.048169925808906555,attack,no
758,0,0,0.005220125558143605,-5.289853572845459,-0.039853546768426895,attack,no
759,0,0,0.0031726830899001883,-5.796851634979248,-0.046851713210344315,attack,no
760,0,0,0.09534946618445303,-2.4438657760620117,-0.1938657909631729,attack,no
761,0,0,0.004070137504485895,-5.54794979095459,-0.047949738800525665,attack,no
762,0,0,0.2689414213699951,-1.3879386186599731,-0.38793861865997314,attack,no
763,0,0,0.0066928520139863485,-5.041485786437988,-0.041485950350761414,attack,no
764,0,0,0.009708475263738038,-4.691402435302734,-0.06640230864286423,attack,no
765,0,0,0.006692852113050128,-5.037321090698242,-0.037321269512176514,attack,no
766,0,0,0.0019267347636209094,-6.314469337463379,-0.06446938961744308,attack,no
767,0,0,0.11920292358664389,-2.221529960632324,-0.2215299755334854,attack,no
768,0,1,0.5621765008857981,-0.687139093875885,-0.937139093875885,attack,yes
769,0,0,0.26894141551050293,-1.3923128843307495,-0.3923128545284271,attack,no
770,0,0,0.4073333856566001,-1.0612406730651855,-0.6862406134605408,attack,no
771,0,0,0.24508502416032488,-1.543393611907959,-0.41839367151260376,attack,no
772,0,0,0.029312231175339414,-3.6034741401672363,-0.10347415506839752,attack,no
773,0,0,0.005911068943804928,-5.202346324920654,-0.07734633982181549,attack,no
774,0,0,0.010986941659076578,-4.7162065505981445,-0.21620646119117737,attack,no
775,0,0,0.22270013366638422,-1.6160811185836792,-0.3660810887813568,attack,no
776,0,0,0.01243164829198241,-4.415304183959961,-0.040303975343704224,attack,no
777,0,0,0.03732688895048618,-3.355769634246826,-0.10576967895030975,attack,no
778,0,0,0.06754668926255561,-2.759570360183716,-0.13457033038139343,attack,no
779,0,0,0.003593603368427342,-5.658993244171143,-0.03399346396327019,attack,no
780,0,0,0.20181321265898594,-1.7045221328735352,-0.3295220732688904,attack,no
781,0,0,0.01243164938964095,-4.460356712341309,-0.08535659313201904,attack,no
782,0,0,0.10669059678604234,-2.382356643676758,-0.2573566734790802,attack,no
783,0,0,0.020332353342658753,-4.33000373840332,-0.4550037384033203,attack,no
784,0,1,0.5926665999540697,-0.6354459524154663,-1.0104459524154663,attack,yes
785,0,0,0.004070138576637903,-5.548058032989502,-0.048058245331048965,attack,no
786,0,0,0.0024726230463732192,-6.065080165863037,-0.06508012115955353,attack,no
787,0,0,0.029312228843432455,-3.56276535987854,-0.06276529282331467,attack,no
788,0,0,0.0035936017677348064,-5.677915096282959,-0.05291486904025078,attack,no
789,0,0,0.0035936031950189497,-5.74231481552124,-0.11731498688459396,attack,no
790,0,0,0.0013250226735499273,-6.753885746002197,-0.12888593971729279,attack,no
791,0,0,0.003172682748231862,-5.842965126037598,-0.09296509623527527,attack,no
792,0,0,0.4073334000459302,-0.9858781099319458,-0.6108781099319458,attack,no
793,0,0,0.24508501313237172,-1.4373359680175781,-0.3123359680175781,attack,no
794,0,1,0.7057850278370112,-0.49143218994140625,-1.3664321899414062,attack,yes
795,0,0,0.06008664428307651,-2.8514323234558105,-0.10143221914768219,attack,no
796,0,0,0.04742587452393617,-3.1258034706115723,-0.12580350041389465,attack,no
797,0,0,0.005220126467357275,-5.538504600524902,-0.2885047495365143,attack,no
798,0,0,0.1192029188930649,-2.286302089691162,-0.2863020598888397,attack,no
799,0,0,0.07585817688736327,-2.651460886001587,-0.15146084129810333,attack,no
800,0,0,0.009708476911263291,-4.737307071685791,-0.1123071163892746,attack,no
801,0,0,0.0019267350645012428,-6.379534721374512,-0.12953492999076843,attack,no
802,0,0,0.05340332377362639,-3.0093507766723633,-0.13435065746307373,attack,no
803,0,0,0.005220124610240159,-5.383947849273682,-0.13394764065742493,attack,no
804,0,0,0.004070137625291741,-5.594439506530762,-0.09443948417901993,attack,no
805,0,0,0.03308597672022805,-3.4382636547088623,-0.06326360255479813,attack,no
806,0,0,0.010986943116351513,-4.546257019042969,-0.04625706374645233,attack,no
807,0,0,0.0013250222101719629,-6.696782112121582,-0.0717819556593895,attack,no
808,0,0,0.01590639474411069,-4.2141499519348145,-0.08915014564990997,attack,no
809,0,0,0.020332353936289693,-4.1525702476501465,-0.27757027745246887,attack,no
810,0,0,0.2018132174596823,-1.6928610801696777,-0.31786105036735535,attack,no
811,0,0,0.0013250223087630053,-6.696773052215576,-0.0717729702591896,attack,no
812,0,0,0.01590639299470909,-4.205522537231445,-0.08052261918783188,attack,no
813,0,0,0.46879062662624377,-0.8681761026382446,-0.7431761026382446,attack,no
814,0,0,0.11920292828022305,-2.4716238975524902,-0.471623957157135,attack,no
815,0,1,0.8519528076067262,-0.23029299080371857,-1.9802930355072021,attack,yes
816,0,0,0.007577242388402388,-5.233658790588379,-0.35865893959999084,attack,no
817,0,0,0.37754066879814546,-1.043509840965271,-0.543509840965271,attack,no
818,0,0,0.00970847504884346,-5.067159175872803,-0.4421590268611908,attack,no
819,0,0,0.0046095730340162365,-5.414254188537598,-0.03925437480211258,attack,no
820,0,0,0.012431653597332908,-4.570592403411865,-0.19559262692928314,attack,no
821,0,0,0.010986944735546109,-4.640764236450195,-0.14076443016529083,attack,no
822,0,0,0.0040701384709327625,-5.584042072296143,-0.0840422585606575,attack,no
823,0,0,0.037326884666868405,-3.4380252361297607,-0.18802516162395477,attack,no
824,0,0,0.00669285072615733,-5.1212239265441895,-0.12122389674186707,attack,no
825,0,0,0.0028009264676790765,-5.97911262512207,-0.10411244630813599,attack,no
826,0,0,0.02033235067131973,-4.01322078704834,-0.1382206529378891,attack,no
827,0,1,0.9324533116759811,-0.1707598716020584,-2.795759916305542,attack,yes
828,0,0,0.00522012577093828,-5.399986743927002,-0.14998675882816315,attack,no
829,0,0,0.00460957306820192,-5.606663227081299,-0.23166342079639435,attack,no
830,0,0,0.0031726828424851893,-6.141269683837891,-0.3912696838378906,attack,no
831,0,0,0.0019267346919827415,-6.395340442657471,-0.1453404575586319,attack,no
832,0,0,0.0059110694472814685,-5.158095359802246,-0.03309546038508415,attack,no
833,0,0,0.008577486269059648,-4.803395748138428,-0.05339584872126579,attack,no
834,0,0,0.01590639515230442,-4.18095588684082,-0.05595610663294792,attack,no
835,0,0,0.14804719427274565,-2.0655784606933594,-0.315578430891037,attack,no
836,0,0,0.005220125654868455,-5.318315029144287,-0.06831502169370651,attack,no
837,0,0,0.2942149783515162,-1.3143970966339111,-0.4393971264362335,attack,no
838,0,0,0.004609572965644868,-5.459657192230225,-0.08465736359357834,attack,no
839,0,0,0.01798621154126062,-4.248854637145996,-0.24885472655296326,attack,no
840,0,0,0.008577485920584663,-4.987215518951416,-0.2372155785560608,attack,no
841,0,1,0.9324533097989077,-0.23174427449703217,-2.8567442893981934,attack,yes
842,0,0,0.2942149845400438,-1.3207077980041504,-0.44570785760879517,attack,no
843,0,1,0.7549149813536518,-0.3541549742221832,-1.4791549444198608,attack,yes
844,0,0,0.010986941497157156,-4.626446723937988,-0.12644661962985992,attack,no
845,0,0,0.4073333856566001,-1.0927908420562744,-0.7177907824516296,attack,no
846,0,0,0.0040701384709327625,-5.59417200088501,-0.09417218714952469,attack,no
847,0,0,0.02595735945832451,-3.7348079681396484,-0.1098080575466156,attack,no
848,0,0,0.10669058826486906,-2.464247465133667,-0.3392474055290222,attack,no
849,0,1,0.7981867873410141,-0.3021981120109558,-1.6771981716156006,attack,yes
850,0,0,0.11920291732853862,-2.1760284900665283,-0.17602844536304474,attack,no
851,0,0,0.1329642281726931,-2.0878114700317383,-0.21281136572360992,attack,no
852,0,0,0.004070137202471295,-5.547844409942627,-0.047844283282756805,attack,no
853,0,0,0.004070138017910765,-5.584264755249023,-0.0842648297548294,attack,no
854,0,0,0.0031726822887469283,-5.808820724487305,-0.05882054939866066,attack,no
855,0,1,0.5621765008857981,-0.6517303586006165,-0.9017303586006165,attack,yes
856,0,0,0.015906394510857135,-4.243912220001221,-0.11891239881515503,attack,no
857,0,1,0.8933094046341532,-0.22629286348819733,-2.351292848587036,attack,yes
858,0,0,0.0124316492981694,-4.45127010345459,-0.0762699767947197,attack,no
859,0,0,0.04208772671409796,-3.1925880908966064,-0.06758806109428406,attack,no
860,0,0,0.007577242836619065,-4.939024925231934,-0.06402513384819031,attack,no
861,0,0,0.3208212878370535,-1.2343769073486328,-0.48437684774398804,attack,no
862,0,0,0.34864513533394575,-1.2620803117752075,-0.6370803117752075,attack,no
863,0,0,0.10669059678604234,-2.3212780952453613,-0.19627812504768372,attack,no
864,0,0,0.012431648840811669,-4.534115314483643,-0.15911515057086945,attack,no
865,0,0,0.09534947004048376,-2.5290138721466064,-0.2790139317512512,attack,no
866,0,0,0.0052201259256980485,-5.335628509521484,-0.08562855422496796,attack,no
867,0,0,0.04208772401067611,-3.2361669540405273,-0.11116685718297958,attack,no
868,0,0,0.005911069337830043,-5.202122688293457,-0.0771227702498436,attack,no
869,0,0,0.003593602928236824,-5.718749523162842,-0.09374962002038956,attack,no
870,0,0,0.07585818628900447,-2.721550226211548,-0.22155031561851501,attack,no
871,0,0,0.005911068637340969,-5.211350440979004,-0.08635040372610092,attack,no
872,0,0,0.0040701380481122295,-5.54295015335083,-0.042950235307216644,attack,no
873,0,0,0.006692852360709588,-5.07823371887207,-0.07823393493890762,attack,no
874,0,0,0.11920293453832885,-2.188412666320801,-0.18841278553009033,attack,no
875,0,0,0.00407013711186692,-5.8187947273254395,-0.3187945783138275,attack,no
876,0,0,0.16451645880021026,-1.9470064640045166,-0.3220064342021942,attack,no
877,0,0,0.18242552825126704,-1.7305448055267334,-0.2305448353290558,attack,no
878,0,0,0.04742587587030561,-3.238996744155884,-0.23899680376052856,attack,no
879,0,0,0.010986942225794586,-4.60235071182251,-0.10235067456960678,attack,no
880,0,0,0.06754669207816587,-2.8357458114624023,-0.21074582636356354,attack,no
881,0,0,0.0017007224873342032,-6.504417896270752,-0.12941794097423553,attack,no
882,0,0,0.0031726824949260568,-5.774285793304443,-0.024285683408379555,attack,no
883,0,1,0.7981867777396212,-0.3104734420776367,-1.6854734420776367,attack,yes
884,0,0,0.004609571427289355,-5.418546676635742,-0.043546512722969055,attack,no
885,0,0,0.11920293297380237,-2.1883788108825684,-0.18837891519069672,attack,no
886,0,0,0.001325022698197696,-6.675339221954346,-0.050339434295892715,attack,no
887,0,0,0.004070137655493202,-5.632289409637451,-0.13228939473628998,attack,no
888,0,0,0.009708477770841793,-4.715575695037842,-0.09057582914829254,attack,no
889,0,0,0.007577239923211134,-5.045054912567139,-0.17005473375320435,attack,no
890,0,1,0.5312093733737563,-0.7379689812660217,-0.8629689812660217,attack,yes
891,0,1,0.817574471748733,-0.37466004490852356,-1.8746600151062012,attack,yes
892,0,0,0.005220126041767878,-5.318521022796631,-0.06852108985185623,attack,no
893,0,0,0.001169510456529009,-6.840600490570068,-0.09060065448284149,attack,no
894,0,1,0.8933093946927838,-0.29301607608795166,-2.418015956878662,attack,yes
895,0,0,0.006692849834583539,-5.1353230476379395,-0.13532288372516632,attack,no
896,0,0,0.00970847855878882,-4.691318988800049,-0.06631920486688614,attack,no
897,0,0,0.05340332603345051,-3.1032962799072266,-0.2282962054014206,attack,no
898,0,0,0.009708474869764647,-4.679149627685547,-0.054149460047483444,attack,no
899,0,0,0.10669059678604234,-2.418882131576538,-0.2938821613788605,attack,no
900,0,0,0.004070138078313694,-5.6481523513793945,-0.1481524407863617,attack,no
901,0,0,0.006692851023348621,-5.135890483856201,-0.13589049875736237,attack,no
902,0,0,0.006692849685987919,-5.078500747680664,-0.07850056141614914,attack,no
903,0,0,0.18242551936144574,-1.8694486618041992,-0.36944863200187683,attack,no
904,0,0,0.005220124784344862,-5.31133508682251,-0.06133491173386574,attack,no
905,0,0,0.06754668644694548,-2.731276035308838,-0.10627596080303192,attack,no
906,0,0,0.042087731520181665,-3.2297348976135254,-0.10473498702049255,attack,no
907,0,0,0.053403324150263734,-2.998504161834717,-0.12350405007600784,attack,no
908,0,0,0.037326890021390696,-3.4229133129119873,-0.17291338741779327,attack,no
909,0,0,0.0019267348997334354,-6.300981044769287,-0.05098116770386696,attack,no
910,0,0,0.020332353120047154,-3.932136297225952,-0.05713628605008125,attack,no
911,0,0,0.01406362817963978,-4.2997565269470215,-0.04975660890340805,attack,no
912,0,0,0.10669060388702058,-2.3014895915985107,-0.1764896959066391,attack,no
913,0,0,0.015906388038072268,-4.151937484741211,-0.026937250047922134,attack,no
914,0,0,0.005911067893071419,-5.312291145324707,-0.1872909814119339,attack,no
915,0,0,0.04742587587030561,-3.4899091720581055,-0.48990923166275024,attack,no
916,0,0,0.0066928515681993535,-5.070201873779297,-0.07020197063684464,attack,no
917,0,0,0.1645164628965632,-1.945528507232666,-0.320528507232666,attack,no
918,0,0,0.4073334000459302,-1.0628116130828857,-0.6878116130828857,attack,no
919,0,0,0.00857748452668487,-4.888020992279053,-0.13802088797092438,attack,no
920,0,0,0.012431650075677586,-4.427404880523682,-0.05240481719374657,attack,no
921,0,0,0.01798620772493562,-4.075835704803467,-0.07583557814359665,attack,no
922,0,0,0.025957357951306048,-3.692436933517456,-0.06743696331977844,attack,no
923,0,0,0.005220124697292511,-5.274138450622559,-0.024138258770108223,attack,no
924,0,0,0.007577240413447968,-4.899594306945801,-0.024594193324446678,attack,no
925,0,0,0.13296425222296632,-2.081848621368408,-0.20684872567653656,attack,no
926,0,0,0.0019267344125939133,-6.295473575592041,-0.04547344520688057,attack,no
927,0,0,0.24508501313237172,-1.5528465509414673,-0.4278465509414673,attack,no
928,0,0,0.5,-0.9572622776031494,-0.9572622776031494,attack,no
929,0,1,0.8354835248143776,-0.3802212178707123,-2.005221128463745,attack,yes
930,0,0,0.003593603088306097,-5.699489593505859,-0.07448973506689072,attack,no
931,0,0,0.020332350077688886,-4.026188850402832,-0.1511886864900589,attack,no
932,0,0,0.060086656906500974,-2.966005325317383,-0.21600544452667236,attack,no
933,0,0,0.012431650578771143,-4.4905781745910645,-0.11557815223932266,attack,no
934,0,0,0.0015011824354232285,-6.889043807983398,-0.389043927192688,attack,no
935,0,0,0.32082129433083023,-1.2111573219299316,-0.46115729212760925,attack,no
936,0,0,0.004609572111002853,-5.414175987243652,-0.03917597234249115,attack,no
937,0,0,0.0028009270503612984,-6.0218024253845215,-0.14680245518684387,attack,no
938,0,0,0.34864513533394575,-1.1483954191207886,-0.5233954191207886,attack,no
939,0,1,0.6791787121629466,-0.5163511633872986,-1.2663512229919434,attack,yes
940,0,1,0.9399133515091156,-0.17630931735038757,-2.92630934715271,attack,yes
941,0,0,0.006692851221476155,-5.209643363952637,-0.2096434086561203,attack,no
942,0,0,0.0046095725383238405,-5.435619831085205,-0.060619909316301346,attack,no
943,0,0,0.0007096703515472524,-7.351268768310547,-0.1012687012553215,attack,no
944,0,0,0.006692851865390681,-5.02556037902832,-0.025560520589351654,attack,no
945,0,0,0.0031726822298386082,-5.914651870727539,-0.16465167701244354,attack,no
946,0,0,0.03308597457504463,-3.527742862701416,-0.15274274349212646,attack,no
947,0,0,0.008577485825546034,-4.798020362854004,-0.048020411282777786,attack,no
948,0,0,0.0013250222200310669,-6.769610404968262,-0.14461025595664978,attack,no
949,0,0,0.06008664428307651,-2.889253854751587,-0.13925375044345856,attack,no
950,0,0,0.033085976005166884,-3.557539701461792,-0.18253962695598602,attack,no
951,0,0,0.07585817688736327,-2.7186169624328613,-0.21861691772937775,attack,no
952,0,0,0.0019267344412491757,-6.295478343963623,-0.045478228479623795,attack,no
953,0,0,0.3486451488696663,-1.2033474445343018,-0.5783475041389465,attack,no
954,0,0,0.00857748478012118,-4.887698173522949,-0.13769809901714325,attack,no
955,0,0,0.05340332603345051,-2.979530096054077,-0.10453002154827118,attack,no
956,0,0,0.002182716380437148,-6.353541374206543,-0.22854134440422058,attack,no
957,0,0,0.009708474404159754,-4.698799133300781,-0.07379891723394394,attack,no
958,0,0,0.06754668738548215,-2.7511940002441406,-0.12619394063949585,attack,no
959,0,0,0.08509905312815914,-2.537686347961426,-0.16268645226955414,attack,no
960,0,0,0.008577486427457372,-4.887630462646484,-0.13763058185577393,attack,no
961,0,0,0.00970847841552572,-4.706620693206787,-0.08162089437246323,attack,no
962,0,1,0.7057850402140659,-0.5842244029045105,-1.4592244625091553,attack,yes
963,0,0,0.01243165304850344,-4.643500328063965,-0.26850050687789917,attack,no
964,0,0,0.02595735813968335,-3.704012870788574,-0.0790129080414772,attack,no
965,0,0,0.022977371917159397,-3.8908920288085938,-0.1408921182155609,attack,no
966,0,0,0.003172683243061864,-5.843179702758789,-0.09317982941865921,attack,no
967,0,0,0.014063625390308462,-4.550244331359863,-0.30024421215057373,attack,no
968,0,0,0.09534947132582737,-2.422736406326294,-0.17273648083209991,attack,no
969,0,0,0.014063627663096904,-4.411170959472656,-0.16117100417613983,attack,no
970,0,0,0.20181323186177208,-1.7468385696411133,-0.37183862924575806,attack,no
971,0,0,0.0046095724528596406,-5.459798812866211,-0.08479887247085571,attack,no
972,0,0,0.34864513533394575,-1.195602297782898,-0.570602297782898,attack,no
973,0,0,0.005220124610240159,-5.335622310638428,-0.08562210202217102,attack,no
974,0,0,0.0040701369910610885,-5.594195365905762,-0.09419518709182739,attack,no
975,0,0,0.34864513533394575,-1.1805392503738403,-0.5555392503738403,attack,no
976,0,0,0.005220126892946706,-5.33552885055542,-0.08552908152341843,attack,no
977,0,0,0.004070138501134231,-5.706995964050293,-0.2069961577653885,attack,no
978,0,0,0.015906392528202036,-4.18615198135376,-0.061152033507823944,attack,no
979,0,0,0.3775406547908327,-1.1039299964904785,-0.6039299368858337,attack,no
980,0,0,0.0052201246876200265,-5.2940850257873535,-0.044084832072257996,attack,no
981,0,0,0.017986210488481234,-4.183171272277832,-0.18317130208015442,attack,no
982,0,0,0.033085978388704126,-3.4279611110687256,-0.052961111068725586,attack,no
983,0,0,0.0373268852023206,-3.868049144744873,-0.6180490851402283,attack,no
984,0,0,0.1329642384799526,-2.0669920444488525,-0.19199202954769135,attack,no
985,0,0,0.008577483639657844,-4.793652057647705,-0.043651849031448364,attack,no
986,0,0,0.005911069644294039,-5.202203750610352,-0.07720388472080231,attack,no
987,0,0,0.003172682194493617,-5.791889667510986,-0.04188946262001991,attack,no
988,0,0,0.20181322226037882,-1.7261848449707031,-0.3511848449707031,attack,no
989,0,0,0.010986941982915435,-4.865069389343262,-0.36506932973861694,attack,no
990,0,0,0.000709670393816884,-7.312970161437988,-0.06297015398740768,attack,no
991,0,0,0.053403325280175794,-2.991828680038452,-0.11682859063148499,attack,no
992,0,0,0.022977370746331334,-3.81494402885437,-0.0649440661072731,attack,no
993,0,0,0.002800926967120973,-6.02149772644043,-0.1464977264404297,attack,no
994,0,0,0.022977370077286757,-3.855729341506958,-0.1057293489575386,attack,no
995,0,0,0.008577484431646257,-4.80900239944458,-0.059002283960580826,attack,no
996,0,0,0.0024726234506656126,-6.284706115722656,-0.2847062349319458,attack,no
997,0,0,0.004609571529846373,-5.459709644317627,-0.08470950275659561,attack,no
998,0,0,0.008577486379938054,-4.777690887451172,-0.027691001072525978,attack,no
999,0,0,0.007577242612510723,-5.064297199249268,-0.1892973780632019,attack,no
